0 0 1 0 0 1 0 0 1 0 0 1 0 0 1 0 0 1 0
0 0 1 0 0 1 0 0 1 0 0 1 0 0 1 0 0 1 0
0 0 1 0 0 1 0 0 1 0 0 1 0 0 1 0 0 1 0
1 0 0 1 0 0 1 0 0 1 0 0 1 0 0 1 0 0 1
1 0 0 1 0 0 1 0 0 1 0 0 1 0 0 1 0 0 1
1 0 0 1 0 0 1 0 0 1 0 0 1 0 0 1 0 0 1
0 1 0 0 1 0 0 1 0 0 1 0 0 1 0 0 1 0 0
0 1 0 0 1 0 0 1 0 0 1 0 0 1 0 0 1 0 0
0 1 0 0 1 0 0 1 0 0 1 0 0 1 0 0 1 0 0
0 0 1 0 0 1 0 0 1 0 0 1 0 0 1 0 0 1 0
0 0 1 0 0 1 0 0 1 0 0 1 0 0 1 0 0 1 0
0 0 1 0 0 1 0 0 1 0 0 1 0 0 1 0 0 1 0
1 0 0 1 0 0 1 0 0 1 0 0 1 0 0 1 0 0 1
1 0 0 1 0 0 1 0 0 1 0 0 1 0 0 1 0 0 1
1 0 0 1 0 0 1 0 0 1 0 0 1 0 0 1 0 0 1
0 1 0 0 1 0 0 1 0 0 1 0 0 1 0 0 1 0 0
0 1 0 0 1 0 0 1 0 0 1 0 0 1 0 0 1 0 0
0 1 0 0 1 0 0 1 0 0 1 0 0 1 0 0 1 0 0
0 0 1 0 0 1 0 0 1 0 0 1 0 0 1 0 0 1 0
0 0 1 0 0 1 0 0 1 0 0 1 0 0 1 0 0 1 0
0 0 0 0 0 0 0 0 0 0 0 0 0 0 0 0 0 0 0 0
0 0 0 0 0 0 0 0 0 0 0 0 0 0 0 0 0 0 0 0
1 1 1 1 1 1 1 1 1 1 1 1 1 1 1 1 1 1 1 1
0 0 0 0 0 0 0 0 0 0 0 0 0 0 0 0 0 0 0 0
0 0 0 0 0 0 0 0 0 0 0 0 0 0 0 0 0 0 0 0
1 1 1 1 1 1 1 1 1 1 1 1 1 1 1 1 1 1 1 1
0 0 0 0 0 0 0 0 0 0 0 0 0 0 0 0 0 0 0 0
0 0 0 0 0 0 0 0 0 0 0 0 0 0 0 0 0 0 0 0
1 1 1 1 1 1 1 1 1 1 1 1 1 1 1 1 1 1 1 1
0 0 0 0 0 0 0 0 0 0 0 0 0 0 0 0 0 0 0 0
0 0 0 0 0 0 0 0 0 0 0 0 0 0 0 0 0 0 0 0
1 1 1 1 1 1 1 1 1 1 1 1 1 1 1 1 1 1 1 1
0 0 0 0 0 0 0 0 0 0 0 0 0 0 0 0 0 0 0 0
0 0 0 0 0 0 0 0 0 0 0 0 0 0 0 0 0 0 0 0
1 1 1 1 1 1 1 1 1 1 1 1 1 1 1 1 1 1 1 1
0 0 0 0 0 0 0 0 0 0 0 0 0 0 0 0 0 0 0 0
0 0 0 0 0 0 0 0 0 0 0 0 0 0 0 0 0 0 0 0
1 1 1 1 1 1 1 1 1 1 1 1 1 1 1 1 1 1 1 1
0 0 0 0 0 0 0 0 0 0 0 0 0 0 0 0 0 0 0 0
1 0 0 0
1 3 0 1
1 6 0 2
1 9 0 3
1 12 0 0
1 15 0 1
1 0 3 2
1 3 3 3
1 6 3 0
1 9 3 1
1 12 3 2
1 15 3 3
1 0 6 0
1 3 6 1
1 6 6 2
1 9 6 3
1 12 6 0
1 15 6 1
1 0 9 2
1 3 9 3
1 6 9 0
1 9 9 1
1 12 9 2
1 15 9 3
1 0 12 0
1 3 12 1
1 6 12 2
1 9 12 3
1 12 12 0
1 15 12 1
1 0 15 2
1 3 15 3
1 6 15 0
1 9 15 1
1 12 15 2
1 15 15 3
4 2 0 3 0
1 0 0 3
2 0 0
1 6 0 3
2 6 0
1 6 0 1
2 6 0
4 0 2 0 3
1 0 0 0
2 0 0
4 14 0 15 0
1 12 0 1
2 12 0
4 14 3 15 3
1 12 3 0
2 12 3
4 12 2 12 3
1 12 0 1
2 12 0
2 6 0
4 9 2 9 3
1 9 0 2
2 9 0
1 12 0 2
2 12 0
4 2 6 3 6
1 0 6 0
2 0 6
1 12 0 0
2 12 0
1 0 0 0
2 0 0
1 3 3 2
2 3 3
1 3 3 0
2 3 3
4 8 6 9 6
1 6 6 3
2 6 6
1 9 0 3
2 9 0
4 11 0 12 0
1 9 0 2
2 9 0
1 3 3 1
2 3 3
4 12 8 12 9
1 12 6 0
2 12 6
4 0 8 0 9
1 0 6 1
2 0 6
4 14 6 15 6
1 12 6 2
2 12 6
4 5 3 6 3
1 3 3 3
2 3 3
1 3 9 2
2 3 9
1 3 9 0
2 3 9
4 6 8 6 9
1 6 6 2
2 6 6
4 3 11 3 12
1 3 9 3
2 3 9
1 3 9 3
2 3 9
1 9 0 2
2 9 0
4 14 12 15 12
1 12 12 0
2 12 12
4 11 12 12 12
1 9 12 1
2 9 12
1 0 6 2
2 0 6
4 8 12 9 12
1 6 12 1
2 6 12
1 0 0 2
2 0 0
4 8 15 9 15
1 6 15 1
2 6 15
1 3 9 0
2 3 9
1 3 9 1
2 3 9
1 3 3 3
2 3 3
1 0 6 1
2 0 6
1 9 0 3
2 9 0
1 0 0 3
2 0 0
1 0 6 1
2 0 6
1 6 6 2
2 6 6
1 9 0 3
2 9 0
1 3 3 1
2 3 3
1 6 15 1
2 6 15
1 0 0 2
2 0 0
1 3 3 2
2 3 3
1 6 15 3
2 6 15
1 3 3 1
2 3 3
4 0 14 0 15
1 0 12 1
2 0 12
1 9 9 0
2 9 9
1 0 0 3
2 0 0
1 12 6 2
2 12 6
1 3 9 1
2 3 9
1 9 0 2
2 9 0
1 0 6 0
2 0 6
1 9 9 1
2 9 9
2 15 9
4 14 15 15 15
1 12 15 3
2 12 15
1 0 6 0
2 0 6
1 0 0 3
2 0 0
1 0 6 1
2 0 6
1 6 6 3
2 6 6
1 6 12 2
2 6 12
4 6 14 6 15
1 6 12 1
2 6 12
1 0 12 0
2 0 12
1 6 12 1
2 6 12
1 9 9 0
2 9 9
1 6 6 1
2 6 6
1 0 12 0
2 0 12
1 3 3 2
2 3 3
1 12 15 1
2 12 15
1 3 3 0
2 3 3
1 9 9 3
2 9 9
1 12 15 1
2 12 15
1 0 0 3
2 0 0
1 9 9 0
2 9 9
1 9 0 3
2 9 0
1 3 9 0
2 3 9
1 3 3 2
2 3 3
1 6 6 0
2 6 6
1 6 6 2
2 6 6
1 6 12 2
2 6 12
1 6 12 0
2 6 12
1 0 12 0
2 0 12
1 3 3 2
2 3 3
1 3 9 0
2 3 9
2 3 15
1 3 9 1
2 3 9
1 3 9 3
2 3 9
1 3 3 2
2 3 3
1 6 6 0
2 6 6
1 0 12 1
2 0 12
1 12 6 3
2 12 6
1 12 15 1
2 12 15
1 9 9 0
2 9 9
1 0 0 2
2 0 0
1 0 6 3
2 0 6
1 0 12 2
2 0 12
1 0 0 1
2 0 0
1 9 0 3
2 9 0
1 0 6 1
2 0 6
1 3 9 0
2 3 9
1 0 6 3
2 0 6
1 0 12 2
2 0 12
1 9 9 2
2 9 9
1 0 0 0
2 0 0
1 0 0 2
2 0 0
1 3 9 0
2 3 9
1 0 12 2
2 0 12
1 9 9 3
2 9 9
1 0 0 0
2 0 0
1 9 0 2
2 9 0
1 0 0 2
2 0 0
1 9 9 2
2 9 9
1 0 6 2
2 0 6
1 9 9 2
2 9 9
1 6 12 1
2 6 12
1 0 12 0
2 0 12
1 3 3 0
2 3 3
1 12 15 2
2 12 15
1 12 6 3
2 12 6
1 6 12 1
2 6 12
1 12 6 3
2 12 6
1 3 9 1
2 3 9
1 3 9 0
2 3 9
1 6 6 2
2 6 6
1 12 15 3
2 12 15
1 12 6 3
2 12 6
1 9 9 3
2 9 9
1 9 9 3
2 9 9
1 9 0 1
2 9 0
1 3 3 1
2 3 3
1 9 9 0
2 9 9
1 3 3 3
2 3 3
1 12 6 1
2 12 6
1 12 15 2
2 12 15
1 3 3 0
2 3 3
1 6 12 0
2 6 12
1 6 12 0
2 6 12
1 12 15 3
2 12 15
1 0 0 0
2 0 0
1 0 0 3
2 0 0
1 12 15 3
2 12 15
1 0 6 0
2 0 6
1 6 12 1
2 6 12
1 3 9 2
2 3 9
1 12 15 2
2 12 15
1 12 15 1
2 12 15
1 12 6 2
2 12 6
1 0 6 0
2 0 6
1 6 6 1
2 6 6
1 9 0 3
2 9 0
1 6 6 3
2 6 6
1 9 9 3
2 9 9
1 12 15 1
2 12 15
1 0 12 1
2 0 12
1 0 6 3
2 0 6
1 12 6 3
2 12 6
1 0 6 1
2 0 6
1 9 0 3
2 9 0
1 0 12 2
2 0 12
1 12 15 1
2 12 15
1 0 12 2
2 0 12
1 0 12 0
2 0 12
1 6 12 1
2 6 12
1 6 12 2
2 6 12
1 12 6 0
2 12 6
1 6 12 1
2 6 12
1 0 12 1
2 0 12
1 9 0 3
2 9 0
1 6 12 1
2 6 12
1 12 6 3
2 12 6
1 12 6 0
2 12 6
1 12 15 1
2 12 15
1 0 0 1
2 0 0
1 0 0 1
2 0 0
1 3 3 3
2 3 3
1 0 12 0
2 0 12
1 12 6 3
2 12 6
1 3 3 1
2 3 3
1 0 12 2
2 0 12
1 3 3 3
2 3 3
1 3 9 0
2 3 9
1 9 0 0
2 9 0
1 12 15 0
2 12 15
1 3 9 1
2 3 9
1 0 12 1
2 0 12
1 9 9 1
2 9 9
1 6 12 1
2 6 12
1 0 12 0
2 0 12
1 3 9 0
2 3 9
1 9 0 0
2 9 0
1 0 6 1
2 0 6
1 0 6 2
2 0 6
1 6 6 3
2 6 6
1 0 0 1
2 0 0
1 0 6 0
2 0 6
1 6 12 0
2 6 12
1 6 6 1
2 6 6
1 3 9 0
2 3 9
1 0 0 1
2 0 0
1 6 6 3
2 6 6
1 6 12 3
2 6 12
1 0 12 1
2 0 12
1 9 0 3
2 9 0
1 0 0 3
2 0 0
1 0 12 0
2 0 12
1 0 12 0
2 0 12
1 12 6 2
2 12 6
1 6 12 2
2 6 12
1 6 12 3
2 6 12
1 3 9 1
2 3 9
1 12 15 2
2 12 15
1 0 12 1
2 0 12
1 9 9 2
2 9 9
1 9 0 1
2 9 0
1 6 12 2
2 6 12
1 0 6 1
2 0 6
1 0 6 0
2 0 6
1 12 6 2
2 12 6
1 0 0 2
2 0 0
1 12 15 0
2 12 15
1 0 6 2
2 0 6
1 0 0 1
2 0 0
1 9 0 3
2 9 0
1 0 6 2
2 0 6
1 9 9 2
2 9 9
1 0 6 3
2 0 6
1 0 6 0
2 0 6
1 12 15 1
2 12 15
1 0 12 0
2 0 12
1 3 9 0
2 3 9
1 9 0 2
2 9 0
1 6 12 0
2 6 12
1 12 6 0
2 12 6
1 12 6 2
2 12 6
1 0 6 1
2 0 6
1 3 3 3
2 3 3
1 0 6 0
2 0 6
1 6 12 3
2 6 12
1 6 12 2
2 6 12
1 3 3 1
2 3 3
1 0 0 1
2 0 0
1 6 12 2
2 6 12
1 12 15 3
2 12 15
1 0 6 0
2 0 6
1 0 12 2
2 0 12
1 0 0 0
2 0 0
1 6 12 1
2 6 12
1 3 9 1
2 3 9
1 6 12 1
2 6 12
1 12 6 0
2 12 6
1 12 15 0
2 12 15
1 0 6 1
2 0 6
1 3 9 0
2 3 9
1 12 15 1
2 12 15
1 9 0 3
2 9 0
1 9 9 0
2 9 9
1 6 6 1
2 6 6
1 0 6 1
2 0 6
1 6 12 0
2 6 12
1 12 15 0
2 12 15
1 6 6 1
2 6 6
1 6 6 1
2 6 6
1 3 3 1
2 3 3
1 9 0 1
2 9 0
1 9 9 1
2 9 9
1 12 6 3
2 12 6
1 12 6 0
2 12 6
1 3 3 1
2 3 3
1 6 6 0
2 6 6
1 0 6 1
2 0 6
1 0 12 1
2 0 12
1 3 9 3
2 3 9
1 12 15 0
2 12 15
1 0 12 1
2 0 12
1 6 6 1
2 6 6
1 6 6 1
2 6 6
1 6 6 0
2 6 6
1 6 12 2
2 6 12
1 9 9 0
2 9 9
1 12 15 2
2 12 15
1 3 3 2
2 3 3
1 9 0 3
2 9 0
1 6 12 3
2 6 12
1 9 9 0
2 9 9
1 12 6 2
2 12 6
1 9 0 0
2 9 0
1 6 12 1
2 6 12
1 6 6 0
2 6 6
1 6 12 1
2 6 12
1 6 12 1
2 6 12
1 9 0 3
2 9 0
1 6 6 0
2 6 6
1 12 6 2
2 12 6
1 9 0 0
2 9 0
1 9 0 1
2 9 0
1 9 0 3
2 9 0
1 3 9 1
2 3 9
1 6 6 2
2 6 6
1 0 12 3
2 0 12
1 0 0 3
2 0 0
1 9 0 0
2 9 0
1 9 0 2
2 9 0
1 3 3 0
2 3 3
1 9 0 1
2 9 0
1 3 9 2
2 3 9
1 12 15 0
2 12 15
1 9 0 1
2 9 0
1 0 0 3
2 0 0
1 3 3 2
2 3 3
1 12 6 2
2 12 6
1 12 6 1
2 12 6
1 0 12 3
2 0 12
1 0 12 1
2 0 12
1 9 9 1
2 9 9
1 9 0 2
2 9 0
1 0 6 3
2 0 6
1 0 6 1
2 0 6
1 3 3 3
2 3 3
1 3 3 3
2 3 3
1 0 12 2
2 0 12
1 12 15 0
2 12 15
1 9 9 3
2 9 9
1 6 6 1
2 6 6
1 9 9 0
2 9 9
1 6 12 0
2 6 12
1 0 6 1
2 0 6
1 0 6 1
2 0 6
1 12 15 2
2 12 15
1 3 9 3
2 3 9
1 12 15 3
2 12 15
1 9 9 2
2 9 9
1 0 12 1
2 0 12
1 12 15 3
2 12 15
1 9 0 2
2 9 0
1 6 6 0
2 6 6
1 9 9 0
2 9 9
1 12 15 1
2 12 15
1 6 6 0
2 6 6
1 0 6 2
2 0 6
1 3 3 0
2 3 3
1 12 6 0
2 12 6
1 0 0 3
2 0 0
1 3 3 1
2 3 3
1 0 0 2
2 0 0
1 9 9 2
2 9 9
1 9 9 3
2 9 9
1 0 0 1
2 0 0
1 6 12 1
2 6 12
1 6 6 0
2 6 6
1 12 15 0
2 12 15
1 12 6 0
2 12 6
1 0 0 1
2 0 0
1 3 9 0
2 3 9
1 0 6 1
2 0 6
1 9 9 3
2 9 9
1 3 3 3
2 3 3
1 9 9 2
2 9 9
1 0 6 3
2 0 6
1 9 0 0
2 9 0
1 0 0 1
2 0 0
1 3 9 3
2 3 9
1 3 3 0
2 3 3
1 3 9 2
2 3 9
1 12 6 1
2 12 6
1 3 9 0
2 3 9
1 12 15 3
2 12 15
1 0 12 2
2 0 12
1 0 0 2
2 0 0
1 12 6 0
2 12 6
1 6 12 2
2 6 12
1 6 6 1
2 6 6
1 9 9 3
2 9 9
1 0 12 1
2 0 12
1 12 6 2
2 12 6
1 0 0 0
2 0 0
1 6 6 2
2 6 6
1 3 9 2
2 3 9
1 9 9 2
2 9 9
1 9 9 2
2 9 9
1 9 9 3
2 9 9
1 12 15 1
2 12 15
1 3 9 0
2 3 9
1 0 12 1
2 0 12
1 12 15 2
2 12 15
1 9 9 1
2 9 9
1 9 9 3
2 9 9
1 6 6 0
2 6 6
1 6 12 2
2 6 12
1 12 6 3
2 12 6
1 0 0 2
2 0 0
1 0 0 0
2 0 0
1 3 3 3
2 3 3
1 9 0 2
2 9 0
1 9 9 2
2 9 9
1 3 9 0
2 3 9
1 12 15 3
2 12 15
1 3 9 3
2 3 9
1 6 6 1
2 6 6
1 6 6 2
2 6 6
1 0 0 0
2 0 0
1 6 6 0
2 6 6
1 9 9 1
2 9 9
1 0 0 2
2 0 0
1 6 12 2
2 6 12
1 0 0 0
2 0 0
1 9 9 3
2 9 9
1 6 6 3
2 6 6
1 3 3 3
2 3 3
1 6 6 3
2 6 6
1 12 6 2
2 12 6
1 0 12 0
2 0 12
1 0 12 0
2 0 12
1 0 6 3
2 0 6
1 6 6 3
2 6 6
1 12 15 3
2 12 15
1 9 0 2
2 9 0
1 6 12 1
2 6 12
1 12 6 0
2 12 6
1 0 12 1
2 0 12
1 12 6 0
2 12 6
1 9 0 2
2 9 0
1 6 12 0
2 6 12
1 6 6 2
2 6 6
1 3 9 1
2 3 9
1 6 6 2
2 6 6
1 0 0 3
2 0 0
1 9 0 2
2 9 0
1 6 12 1
2 6 12
1 3 9 1
2 3 9
1 12 15 3
2 12 15
1 0 12 3
2 0 12
1 0 0 0
2 0 0
1 3 9 3
2 3 9
1 9 0 1
2 9 0
1 12 15 2
2 12 15
1 12 6 1
2 12 6
1 9 0 3
2 9 0
1 3 3 2
2 3 3
1 0 6 0
2 0 6
1 6 12 1
2 6 12
1 0 0 1
2 0 0
1 6 6 3
2 6 6
1 6 6 1
2 6 6
1 6 6 3
2 6 6
1 0 12 1
2 0 12
1 6 6 1
2 6 6
1 6 12 1
2 6 12
1 6 12 1
2 6 12
1 12 15 2
2 12 15
1 3 9 0
2 3 9
1 12 6 0
2 12 6
1 0 0 3
2 0 0
1 9 0 2
2 9 0
1 12 6 0
2 12 6
1 12 6 1
2 12 6
1 12 15 2
2 12 15
1 0 12 1
2 0 12
1 9 0 2
2 9 0
1 3 3 3
2 3 3
1 0 12 2
2 0 12
1 9 0 1
2 9 0
1 12 6 0
2 12 6
1 12 15 2
2 12 15
1 12 6 0
2 12 6
1 0 12 1
2 0 12
1 3 9 3
2 3 9
1 9 0 1
2 9 0
1 9 9 0
2 9 9
1 9 0 0
2 9 0
1 12 15 2
2 12 15
1 0 12 0
2 0 12
1 12 6 3
2 12 6
1 6 6 0
2 6 6
1 6 12 3
2 6 12
1 9 0 0
2 9 0
1 9 0 1
2 9 0
1 6 6 3
2 6 6
1 9 9 0
2 9 9
1 0 6 3
2 0 6
1 9 0 3
2 9 0
1 0 0 1
2 0 0
1 6 12 2
2 6 12
1 9 9 2
2 9 9
1 9 0 2
2 9 0
1 0 12 2
2 0 12
1 3 3 3
2 3 3
1 9 9 3
2 9 9
1 3 3 1
2 3 3
1 0 0 0
2 0 0
1 3 3 2
2 3 3
1 9 9 1
2 9 9
1 0 12 2
2 0 12
1 6 12 2
2 6 12
1 3 3 1
2 3 3
1 0 6 0
2 0 6
1 6 6 3
2 6 6
1 12 6 2
2 12 6
1 3 9 3
2 3 9
1 12 6 3
2 12 6
1 9 9 2
2 9 9
1 9 9 1
2 9 9
1 0 0 0
2 0 0
1 12 15 2
2 12 15
1 12 15 0
2 12 15
1 12 15 3
2 12 15
1 12 15 0
2 12 15
1 12 6 3
2 12 6
1 0 12 2
2 0 12
1 9 9 0
2 9 9
1 0 0 2
2 0 0
1 0 6 0
2 0 6
1 9 9 2
2 9 9
1 9 0 3
2 9 0
1 12 6 2
2 12 6
1 0 6 2
2 0 6
1 6 12 0
2 6 12
1 3 9 2
2 3 9
1 6 12 2
2 6 12
1 9 0 1
2 9 0
1 0 0 1
2 0 0
1 0 0 0
2 0 0
1 3 3 1
2 3 3
1 6 6 1
2 6 6
1 0 6 0
2 0 6
1 0 0 2
2 0 0
1 9 0 1
2 9 0
1 6 6 3
2 6 6
1 0 12 3
2 0 12
1 3 9 2
2 3 9
1 6 6 2
2 6 6
1 9 0 2
2 9 0
1 0 12 0
2 0 12
1 12 6 3
2 12 6
1 0 6 1
2 0 6
1 0 12 2
2 0 12
1 9 0 3
2 9 0
1 3 3 3
2 3 3
1 0 6 2
2 0 6
1 0 6 0
2 0 6
1 3 3 0
2 3 3
1 9 0 1
2 9 0
1 6 12 2
2 6 12
1 12 15 1
2 12 15
1 6 6 0
2 6 6
1 0 6 1
2 0 6
1 9 9 1
2 9 9
1 0 0 2
2 0 0
1 3 3 0
2 3 3
1 3 3 2
2 3 3
1 0 0 1
2 0 0
1 3 3 0
2 3 3
1 9 0 1
2 9 0
1 3 3 1
2 3 3
1 6 6 1
2 6 6
1 6 6 2
2 6 6
1 12 6 1
2 12 6
1 0 12 3
2 0 12
1 3 3 0
2 3 3
1 3 3 1
2 3 3
1 3 9 0
2 3 9
1 12 6 3
2 12 6
1 0 12 2
2 0 12
1 0 6 0
2 0 6
1 6 6 1
2 6 6
1 3 9 2
2 3 9
1 12 6 2
2 12 6
1 9 9 3
2 9 9
1 9 9 3
2 9 9
1 6 6 3
2 6 6
1 12 15 3
2 12 15
1 3 9 2
2 3 9
1 3 9 1
2 3 9
1 12 15 3
2 12 15
1 12 6 1
2 12 6
1 12 6 0
2 12 6
1 12 6 0
2 12 6
1 0 6 0
2 0 6
1 3 3 3
2 3 3
1 0 0 3
2 0 0
1 3 9 1
2 3 9
1 0 0 0
2 0 0
1 0 6 2
2 0 6
1 12 15 1
2 12 15
1 0 12 1
2 0 12
1 0 12 3
2 0 12
1 3 3 1
2 3 3
1 6 6 1
2 6 6
1 9 0 2
2 9 0
1 12 6 1
2 12 6
1 6 12 0
2 6 12
1 12 6 3
2 12 6
1 12 6 3
2 12 6
1 0 6 0
2 0 6
1 0 6 2
2 0 6
1 6 12 2
2 6 12
1 0 0 1
2 0 0
1 9 9 2
2 9 9
1 0 0 3
2 0 0
1 0 0 3
2 0 0
1 0 12 2
2 0 12
1 0 0 2
2 0 0
1 12 6 3
2 12 6
1 6 12 2
2 6 12
1 12 6 3
2 12 6
1 12 6 2
2 12 6
1 9 0 0
2 9 0
1 12 15 1
2 12 15
1 9 0 2
2 9 0
1 9 9 3
2 9 9
1 3 3 2
2 3 3
1 12 15 1
2 12 15
1 3 3 1
2 3 3
1 0 6 0
2 0 6
1 0 12 1
2 0 12
1 3 3 2
2 3 3
1 6 12 0
2 6 12
1 0 6 3
2 0 6
1 0 6 1
2 0 6
1 6 12 1
2 6 12
1 12 6 3
2 12 6
1 0 6 0
2 0 6
1 12 15 0
2 12 15
1 12 6 3
2 12 6
1 0 0 1
2 0 0
1 9 0 3
2 9 0
1 12 6 2
2 12 6
1 9 0 1
2 9 0
1 0 6 3
2 0 6
1 6 12 0
2 6 12
1 9 0 2
2 9 0
1 0 6 0
2 0 6
1 0 6 0
2 0 6
1 3 3 0
2 3 3
1 0 6 0
2 0 6
1 12 6 3
2 12 6
1 3 3 3
2 3 3
1 0 6 2
2 0 6
1 12 6 2
2 12 6
1 3 9 0
2 3 9
1 9 0 2
2 9 0
1 6 12 3
2 6 12
1 9 9 0
2 9 9
1 0 6 1
2 0 6
1 6 6 2
2 6 6
1 12 6 0
2 12 6
1 12 6 3
2 12 6
1 0 0 3
2 0 0
1 9 0 3
2 9 0
1 3 9 0
2 3 9
1 12 15 3
2 12 15
1 0 12 2
2 0 12
1 0 6 2
2 0 6
1 6 6 1
2 6 6
1 12 6 1
2 12 6
1 0 12 2
2 0 12
1 6 6 1
2 6 6
1 3 3 3
2 3 3
1 3 9 3
2 3 9
1 9 0 0
2 9 0
1 12 15 2
2 12 15
1 12 6 0
2 12 6
1 9 0 2
2 9 0
1 6 6 2
2 6 6
1 6 6 3
2 6 6
1 0 12 1
2 0 12
1 6 6 3
2 6 6
1 0 12 1
2 0 12
1 12 15 1
2 12 15
1 12 15 1
2 12 15
1 0 6 3
2 0 6
1 9 0 3
2 9 0
1 3 9 0
2 3 9
1 3 9 3
2 3 9
1 6 6 1
2 6 6
1 3 9 1
2 3 9
1 0 6 0
2 0 6
1 12 15 2
2 12 15
1 12 6 0
2 12 6
1 0 12 0
2 0 12
1 6 12 1
2 6 12
1 6 12 1
2 6 12
1 9 0 2
2 9 0
1 0 0 0
2 0 0
1 0 0 2
2 0 0
1 3 9 0
2 3 9
1 0 12 3
2 0 12
1 6 12 2
2 6 12
1 3 9 2
2 3 9
1 0 0 3
2 0 0
1 6 12 3
2 6 12
1 0 12 3
2 0 12
1 3 9 0
2 3 9
1 3 3 0
2 3 3
1 3 9 0
2 3 9
1 0 0 3
2 0 0
1 12 15 2
2 12 15
1 3 9 1
2 3 9
1 3 3 2
2 3 3
1 6 6 1
2 6 6
1 3 3 3
2 3 3
1 9 9 2
2 9 9
1 12 6 0
2 12 6
1 3 9 2
2 3 9
1 0 12 3
2 0 12
1 9 9 3
2 9 9
1 3 3 0
2 3 3
1 6 12 0
2 6 12
1 12 15 3
2 12 15
1 0 6 3
2 0 6
1 0 0 0
2 0 0
1 3 9 1
2 3 9
1 12 15 3
2 12 15
1 6 12 2
2 6 12
1 6 12 1
2 6 12
1 3 9 1
2 3 9
1 0 0 3
2 0 0
1 12 6 3
2 12 6
1 6 12 2
2 6 12
1 0 12 2
2 0 12
1 12 6 3
2 12 6
1 6 12 0
2 6 12
1 3 9 0
2 3 9
1 3 9 1
2 3 9
1 6 12 1
2 6 12
1 0 0 1
2 0 0
1 6 12 0
2 6 12
1 3 9 2
2 3 9
1 3 9 0
2 3 9
1 3 9 0
2 3 9
1 9 0 2
2 9 0
1 3 9 1
2 3 9
1 3 9 0
2 3 9
1 0 0 1
2 0 0
1 3 9 0
2 3 9
1 9 0 3
2 9 0
1 0 0 2
2 0 0
1 0 6 3
2 0 6
1 3 9 2
2 3 9
1 0 0 1
2 0 0
1 0 0 2
2 0 0
1 3 9 1
2 3 9
1 6 6 0
2 6 6
1 12 15 0
2 12 15
1 6 12 0
2 6 12
1 3 9 0
2 3 9
1 12 6 2
2 12 6
1 12 6 3
2 12 6
1 3 3 1
2 3 3
1 3 9 2
2 3 9
1 0 0 1
2 0 0
1 3 3 3
2 3 3
1 3 9 2
2 3 9
1 12 6 0
2 12 6
1 9 9 0
2 9 9
1 6 6 1
2 6 6
1 9 9 1
2 9 9
1 0 0 0
2 0 0
1 12 15 3
2 12 15
1 6 12 3
2 6 12
1 3 9 1
2 3 9
1 12 6 3
2 12 6
1 3 9 2
2 3 9
1 0 6 2
2 0 6
1 0 0 2
2 0 0
1 0 0 3
2 0 0
1 3 9 1
2 3 9
1 6 12 2
2 6 12
1 6 12 2
2 6 12
1 12 6 2
2 12 6
1 9 9 0
2 9 9
1 0 0 3
2 0 0
1 6 12 0
2 6 12
1 3 3 1
2 3 3
1 6 12 1
2 6 12
1 9 0 0
2 9 0
1 6 12 1
2 6 12
1 0 12 0
2 0 12
1 0 0 2
2 0 0
1 3 9 1
2 3 9
1 0 12 2
2 0 12
1 6 6 1
2 6 6
1 12 6 1
2 12 6
1 6 6 1
2 6 6
1 3 9 0
2 3 9
1 0 6 3
2 0 6
1 0 0 1
2 0 0
1 12 6 3
2 12 6
1 3 9 2
2 3 9
1 12 15 0
2 12 15
1 6 12 3
2 6 12
1 9 9 3
2 9 9
1 0 12 2
2 0 12
1 0 6 3
2 0 6
1 6 12 1
2 6 12
1 0 0 0
2 0 0
1 0 12 2
2 0 12
1 3 3 3
2 3 3
1 12 15 1
2 12 15
1 0 0 0
2 0 0
1 3 9 2
2 3 9
1 0 6 0
2 0 6
1 12 6 1
2 12 6
1 12 6 3
2 12 6
1 0 0 2
2 0 0
1 9 9 0
2 9 9
1 0 0 2
2 0 0
1 12 6 0
2 12 6
1 0 0 3
2 0 0
1 9 9 2
2 9 9
1 12 15 2
2 12 15
1 6 12 1
2 6 12
1 3 3 3
2 3 3
1 3 3 2
2 3 3
1 0 0 1
2 0 0
1 0 12 1
2 0 12
1 9 9 0
2 9 9
1 12 15 3
2 12 15
1 0 12 0
2 0 12
1 6 6 3
2 6 6
1 9 9 0
2 9 9
1 9 9 3
2 9 9
1 6 12 2
2 6 12
1 9 9 0
2 9 9
1 0 12 2
2 0 12
1 12 15 0
2 12 15
1 0 12 2
2 0 12
1 0 6 3
2 0 6
1 6 12 2
2 6 12
1 12 6 0
2 12 6
1 0 12 2
2 0 12
1 12 15 0
2 12 15
1 0 0 2
2 0 0
1 0 6 1
2 0 6
1 12 6 3
2 12 6
1 6 6 1
2 6 6
1 12 15 0
2 12 15
1 6 6 2
2 6 6
1 6 6 0
2 6 6
1 0 0 2
2 0 0
1 12 6 1
2 12 6
1 12 6 3
2 12 6
1 12 6 0
2 12 6
1 9 0 3
2 9 0
1 6 6 0
2 6 6
1 12 6 1
2 12 6
1 9 9 2
2 9 9
1 12 15 0
2 12 15
1 0 6 3
2 0 6
1 6 6 1
2 6 6
1 12 15 1
2 12 15
1 9 9 0
2 9 9
1 9 0 3
2 9 0
1 6 6 0
2 6 6
1 3 3 1
2 3 3
1 6 6 0
2 6 6
1 3 3 1
2 3 3
1 3 3 1
2 3 3
1 6 6 3
2 6 6
1 6 6 3
2 6 6
1 3 3 0
2 3 3
1 12 15 1
2 12 15
1 6 6 0
2 6 6
1 6 12 3
2 6 12
1 3 9 3
2 3 9
1 12 6 3
2 12 6
1 12 6 0
2 12 6
1 3 9 3
2 3 9
1 12 6 2
2 12 6
1 3 9 0
2 3 9
1 6 12 3
2 6 12
1 3 9 0
2 3 9
1 0 6 3
2 0 6
1 3 3 2
2 3 3
1 6 12 0
2 6 12
1 6 6 0
2 6 6
1 0 6 2
2 0 6
1 12 15 1
2 12 15
1 12 6 3
2 12 6
1 3 3 1
2 3 3
1 0 0 0
2 0 0
1 3 9 1
2 3 9
1 12 15 2
2 12 15
1 0 12 0
2 0 12
1 3 3 2
2 3 3
1 3 9 0
2 3 9
1 9 9 0
2 9 9
1 9 0 3
2 9 0
1 6 12 1
2 6 12
1 9 0 2
2 9 0
1 3 9 2
2 3 9
1 0 6 1
2 0 6
1 0 12 1
2 0 12
1 0 12 0
2 0 12
1 3 9 3
2 3 9
1 9 0 2
2 9 0
1 12 6 3
2 12 6
1 0 0 0
2 0 0
1 0 12 3
2 0 12
1 9 9 2
2 9 9
1 3 3 3
2 3 3
1 3 9 3
2 3 9
1 12 15 0
2 12 15
1 6 6 2
2 6 6
1 12 15 3
2 12 15
1 0 0 1
2 0 0
1 3 3 0
2 3 3
1 0 12 0
2 0 12
1 6 6 1
2 6 6
1 12 15 3
2 12 15
1 6 6 0
2 6 6
1 0 0 2
2 0 0
1 0 6 3
2 0 6
1 6 6 1
2 6 6
1 12 15 2
2 12 15
1 0 6 3
2 0 6
1 0 6 1
2 0 6
1 6 12 3
2 6 12
1 0 6 1
2 0 6
1 0 12 2
2 0 12
1 6 6 3
2 6 6
1 6 6 0
2 6 6
1 0 12 2
2 0 12
1 6 6 2
2 6 6
1 6 6 2
2 6 6
1 12 6 3
2 12 6
1 0 0 2
2 0 0
1 9 0 0
2 9 0
1 0 12 1
2 0 12
1 6 6 1
2 6 6
1 3 9 1
2 3 9
1 0 12 1
2 0 12
1 3 3 3
2 3 3
1 12 15 0
2 12 15
1 6 12 3
2 6 12
1 6 12 0
2 6 12
1 9 9 0
2 9 9
1 12 6 2
2 12 6
1 0 6 1
2 0 6
1 12 15 1
2 12 15
1 9 9 3
2 9 9
1 0 0 1
2 0 0
1 6 6 1
2 6 6
1 12 15 1
2 12 15
1 9 9 0
2 9 9
1 9 0 3
2 9 0
1 9 9 2
2 9 9
1 3 9 3
2 3 9
1 3 3 0
2 3 3
1 6 12 2
2 6 12
1 12 6 0
2 12 6
1 6 6 1
2 6 6
1 9 0 1
2 9 0
1 3 3 2
2 3 3
1 0 0 1
2 0 0
1 3 9 3
2 3 9
1 9 0 2
2 9 0
1 9 9 1
2 9 9
1 3 9 0
2 3 9
1 3 3 3
2 3 3
1 3 3 0
2 3 3
1 9 9 3
2 9 9
1 3 3 2
2 3 3
1 12 15 3
2 12 15
1 12 6 1
2 12 6
1 3 9 3
2 3 9
1 6 12 1
2 6 12
1 9 0 2
2 9 0
1 6 6 3
2 6 6
1 3 3 2
2 3 3
1 3 3 2
2 3 3
1 0 12 0
2 0 12
1 9 9 0
2 9 9
1 0 0 3
2 0 0
1 3 9 3
2 3 9
1 9 9 3
2 9 9
1 0 12 0
2 0 12
1 0 6 1
2 0 6
1 3 9 0
2 3 9
1 9 0 0
2 9 0
1 0 12 0
2 0 12
1 3 3 3
2 3 3
1 12 15 2
2 12 15
1 9 9 0
2 9 9
1 0 12 3
2 0 12
1 12 6 1
2 12 6
1 6 6 1
2 6 6
1 0 12 3
2 0 12
1 3 3 3
2 3 3
1 3 3 3
2 3 3
1 12 15 0
2 12 15
1 9 0 2
2 9 0
1 12 15 3
2 12 15
1 3 3 2
2 3 3
1 3 3 0
2 3 3
1 9 0 1
2 9 0
1 3 9 1
2 3 9
