20 9 1000 5873 159
0.79392 0.93630 0.50133
0.67411 0.24848 0.85590
0.97168 0.74481 0.73362
0.22677 0.90779 0.94041
0.46342 0.17707 0.10260
0.76760 0.24417 0.88331
0.65590 0.05121 0.20469
0.25779 0.86011 0.32693
0.84762 0.39548 0.49842
0.68122 0.60671 0.69381
0.61417 0.45819 0.56198
0.57668 0.48092 0.42820
0.58158 0.56767 0.53445
0.64986 0.46091 0.68775
0.61413 0.44157 0.44261
0.72734 0.41826 0.56502
0.42905 0.70661 0.65749
0.64489 0.49972 0.62481
0.65005 0.64461 0.62824
0.65600 0.46459 0.50919
0.54236 0.63337 0.67312
0.72135 0.48776 0.59337
0.68313 0.56870 0.54989
0.67242 0.39598 0.60102
0.62988 0.44600 0.57721
0.62381 0.49353 0.52752
0.50032 0.55802 0.68584
0.62077 0.29525 0.57331
0.68316 0.60578 0.61879
0.54556 0.39436 0.50147
0.71845 0.42258 0.65019
0.67457 0.67817 0.52591
0.52297 0.61561 0.54077
0.68633 0.44468 0.53436
0.76070 0.40611 0.65803
0.65783 0.38976 0.40874
0.65783 0.51647 0.65407
0.74917 0.42534 0.57941
0.60720 0.39405 0.52430
0.62617 0.43791 0.51109
0.69279 0.41082 0.51337
0.61805 0.59478 0.66799
0.64881 0.47208 0.63795
0.62927 0.47361 0.56414
0.69805 0.58019 0.67321
0.60749 0.68815 0.53463
0.67091 0.45164 0.47374
0.64460 0.29990 0.53925
0.68101 0.52476 0.48560
0.71794 0.34474 0.73196
0.68228 0.37629 0.74741
0.76348 0.68680 0.65365
0.52217 0.39201 0.50190
0.68640 0.37133 0.62873
0.66349 0.53605 0.58062
0.57614 0.62072 0.58913
0.48235 0.59504 0.75603
0.61164 0.34422 0.40612
0.52298 0.47111 0.45345
0.48028 0.69008 0.51875
0.64137 0.35876 0.56601
0.59655 0.50659 0.65710
0.49685 0.48865 0.48485
0.48838 0.68330 0.67674
0.64488 0.35947 0.52340
0.50303 0.60449 0.70794
0.73762 0.40551 0.73193
0.65206 0.23675 0.40646
0.60146 0.54436 0.55981
0.55692 0.59270 0.56819
0.79725 0.41478 0.66549
0.57526 0.49717 0.37769
0.68477 0.62520 0.73189
0.55847 0.64633 0.70185
0.70558 0.60476 0.48448
0.65444 0.32392 0.65054
0.74947 0.41207 0.67332
0.76131 0.68404 0.52940
0.69852 0.32619 0.61001
0.46828 0.52992 0.46374
0.64827 0.56525 0.48791
0.55084 0.64072 0.57003
0.63744 0.50736 0.51492
0.60520 0.22782 0.34693
0.68815 0.52880 0.64155
0.75737 0.39446 0.77273
0.52753 0.44981 0.48582
0.72218 0.38439 0.51779
0.54259 0.60628 0.41431
0.40190 0.77582 0.69270
0.60053 0.41997 0.54911
0.57126 0.59750 0.50515
0.59700 0.41648 0.47108
0.59859 0.59868 0.51010
0.72372 0.43850 0.52355
0.52530 0.43614 0.37942
0.72756 0.43593 0.70655
0.59385 0.36458 0.36140
0.71998 0.28519 0.43270
0.72736 0.29582 0.54250
0.68288 0.42769 0.45008
0.62508 0.64853 0.53701
0.59514 0.50349 0.57023
0.57266 0.57596 0.41698
0.61984 0.48772 0.41597
0.68467 0.55050 0.65237
0.70224 0.48171 0.63448
0.51842 0.58955 0.67256
0.55986 0.65715 0.43622
0.67301 0.51414 0.48201
0.68585 0.47691 0.74348
0.67306 0.50064 0.54450
0.59980 0.58594 0.49128
0.61383 0.55492 0.71126
0.74775 0.45201 0.58154
0.56084 0.74778 0.57364
0.75971 0.60230 0.72470
0.56115 0.47480 0.57580
0.40726 0.67660 0.47299
0.54536 0.43889 0.47931
0.61902 0.42255 0.43489
0.64642 0.57422 0.68998
0.58079 0.36172 0.46899
0.70293 0.58912 0.65899
0.53343 0.69236 0.60415
0.69216 0.52382 0.72961
0.64433 0.61256 0.62445
0.63322 0.40871 0.73879
0.70137 0.39236 0.51464
0.65617 0.47959 0.63054
0.66673 0.33363 0.45153
0.64152 0.36857 0.48960
0.74138 0.53682 0.51265
0.76219 0.52447 0.56092
0.62655 0.46691 0.60742
0.63207 0.41886 0.54767
0.67195 0.61023 0.64355
0.59570 0.45408 0.54164
0.61166 0.63730 0.65870
0.80482 0.50179 0.75679
0.60175 0.42862 0.51796
0.64597 0.49773 0.52111
0.74948 0.37589 0.51043
0.71885 0.46778 0.65597
0.76457 0.56181 0.55710
0.63104 0.49671 0.65437
0.62397 0.51077 0.55734
0.69549 0.44190 0.58046
0.74716 0.52981 0.66832
0.57283 0.35641 0.48808
0.75245 0.51664 0.51618
0.66880 0.64350 0.57483
0.60172 0.67757 0.66078
0.74949 0.47049 0.73085
0.57550 0.37429 0.53315
0.56073 0.45673 0.47182
0.63055 0.49228 0.47721
0.54485 0.55023 0.48376
0.64613 0.44781 0.67830
0.60171 0.47337 0.64809
0.58048 0.54904 0.44451
0.55365 0.36120 0.37819
0.55605 0.56906 0.44901
0.62023 0.42417 0.67760
0.49878 0.68557 0.47535
0.74166 0.51153 0.54484
0.68630 0.52708 0.72614
0.70600 0.41514 0.59403
0.67464 0.51330 0.51723
0.67278 0.30364 0.55751
0.65936 0.56384 0.50323
0.76738 0.65500 0.65343
0.55420 0.48185 0.63205
0.68082 0.42022 0.57192
0.68463 0.54164 0.55891
0.66737 0.39347 0.51555
0.71692 0.54335 0.58358
0.64230 0.55689 0.57322
0.65706 0.49287 0.58605
0.62069 0.46087 0.34562
0.59432 0.55026 0.55339
0.48670 0.40311 0.35056
0.72527 0.40507 0.59505
0.64120 0.29973 0.40005
0.67094 0.49088 0.62032
0.67379 0.57325 0.63534
0.64631 0.74738 0.62238
0.60205 0.50627 0.59586
0.59215 0.53351 0.44721
0.55917 0.54325 0.66737
0.78432 0.54045 0.56885
0.63220 0.55455 0.44197
0.63636 0.41229 0.44850
0.46582 0.66127 0.46597
0.63443 0.41476 0.54481
0.67513 0.49460 0.66031
0.67193 0.51439 0.41796
0.62873 0.48389 0.70489
0.58462 0.55802 0.55938
0.59130 0.64194 0.56448
0.54468 0.63053 0.61794
0.70778 0.56219 0.55703
0.65733 0.53447 0.53168
0.58105 0.41308 0.46229
0.72884 0.59557 0.51459
0.67521 0.53955 0.57147
0.44590 0.62941 0.54822
0.48878 0.58316 0.66506
0.48571 0.57193 0.65407
0.56516 0.48162 0.55776
0.68813 0.34215 0.37978
0.70128 0.58656 0.49121
0.66400 0.39676 0.50177
0.60950 0.35488 0.49754
0.67781 0.37757 0.51633
0.65046 0.43072 0.59229
0.57049 0.72449 0.73997
0.58898 0.46585 0.60194
0.54880 0.60705 0.58700
0.70768 0.59799 0.58908
0.63604 0.47293 0.53978
0.54968 0.47494 0.58649
0.49119 0.45722 0.54970
0.66368 0.42399 0.60309
0.64106 0.48837 0.68403
0.62525 0.59345 0.65837
0.64729 0.42482 0.41150
0.68554 0.32323 0.62024
0.57995 0.46068 0.47192
0.65032 0.52133 0.56680
0.58473 0.32751 0.43091
0.68133 0.57293 0.63813
0.80048 0.53356 0.53389
0.63297 0.48740 0.56404
0.59174 0.42473 0.54067
0.65445 0.46034 0.50130
0.64617 0.40439 0.54499
0.64680 0.50056 0.52137
0.77948 0.40905 0.49410
0.71969 0.44301 0.56573
0.60672 0.56094 0.77071
0.60144 0.32893 0.38674
0.44201 0.51667 0.47304
0.61780 0.38996 0.61470
0.60542 0.48705 0.49672
0.65464 0.51530 0.47103
0.68177 0.39143 0.65731
0.57327 0.67344 0.54916
0.71299 0.46859 0.71205
0.63829 0.64659 0.54098
0.63855 0.44462 0.55861
0.64961 0.51510 0.51503
0.55743 0.42837 0.46955
0.56032 0.30851 0.38132
0.44514 0.50962 0.47293
0.63311 0.55602 0.59909
0.56096 0.41247 0.42682
0.58592 0.71056 0.58314
0.51571 0.63132 0.49185
0.47782 0.54076 0.59590
0.65140 0.35753 0.63817
0.60412 0.38908 0.51069
0.67554 0.39721 0.65289
0.54095 0.51337 0.42565
0.72882 0.38327 0.51609
0.59478 0.46248 0.50224
0.71005 0.46807 0.53885
0.65089 0.38304 0.48841
0.64224 0.50350 0.50615
0.75817 0.55824 0.57215
0.67389 0.48678 0.51291
0.53761 0.58551 0.50142
0.71559 0.42176 0.44711
0.66361 0.39994 0.72750
0.50089 0.60499 0.49298
0.64271 0.42488 0.42649
0.57256 0.56036 0.57539
0.67855 0.46872 0.56642
0.73702 0.36322 0.59984
0.64180 0.76672 0.51166
0.70971 0.53240 0.72913
0.68997 0.47189 0.63602
0.61666 0.57751 0.53034
0.44825 0.56997 0.44982
0.61108 0.59714 0.47291
0.66117 0.61808 0.65492
0.65726 0.41400 0.41524
0.57400 0.54488 0.45905
0.69788 0.47233 0.57859
0.65070 0.50208 0.51897
0.66295 0.51018 0.46636
0.64560 0.36497 0.53250
0.62397 0.40805 0.64755
0.56055 0.39340 0.54887
0.56683 0.68389 0.52100
0.42714 0.72116 0.76283
0.53075 0.36655 0.49806
0.71658 0.40647 0.57063
0.66027 0.63280 0.49011
0.62413 0.29070 0.42943
0.50251 0.48654 0.50891
0.54430 0.64104 0.50905
0.65512 0.39561 0.67162
0.54037 0.63661 0.54501
0.54039 0.30281 0.29190
0.54914 0.66681 0.54353
0.72266 0.37856 0.50882
0.56253 0.56930 0.53078
0.67153 0.43499 0.52260
0.73837 0.63238 0.60126
0.68204 0.67657 0.69653
0.57143 0.51503 0.53194
0.60688 0.63156 0.54201
0.69265 0.60210 0.56402
0.56930 0.50934 0.68486
0.64990 0.49757 0.57283
0.70262 0.45142 0.51166
0.61383 0.54016 0.60051
0.71729 0.39535 0.57737
0.67768 0.63869 0.55903
0.63473 0.48586 0.49345
0.63068 0.46730 0.41769
0.65990 0.43013 0.51825
0.46159 0.70602 0.51255
0.57125 0.51309 0.44570
0.67048 0.30272 0.44152
0.56580 0.60505 0.47335
0.62457 0.48563 0.49496
0.73366 0.35078 0.69350
0.59206 0.71091 0.56365
0.58617 0.38692 0.36850
0.69484 0.39682 0.44955
0.57336 0.40022 0.53252
0.73632 0.53981 0.67950
0.65090 0.36540 0.62296
0.53840 0.65739 0.57635
0.73743 0.40883 0.72559
0.66796 0.40210 0.49352
0.58235 0.52209 0.45163
0.77155 0.54657 0.70271
0.61697 0.66243 0.62000
0.65819 0.46980 0.52423
0.67846 0.63008 0.60232
0.47939 0.67529 0.51488
0.66608 0.40909 0.63164
0.58050 0.49427 0.63668
0.67246 0.54247 0.45197
0.67622 0.40856 0.56705
0.59079 0.35334 0.45057
0.48474 0.60251 0.79618
0.56544 0.73285 0.61763
0.67833 0.43976 0.66955
0.67354 0.51396 0.50054
0.62776 0.62324 0.66163
0.53661 0.51257 0.42581
0.68717 0.31588 0.70945
0.57515 0.49225 0.44654
0.71842 0.36614 0.55170
0.72062 0.39863 0.51117
0.77349 0.64195 0.59451
0.56331 0.60440 0.58684
0.67271 0.54280 0.59919
0.62642 0.27493 0.57840
0.61889 0.48658 0.43288
0.64799 0.58791 0.61341
0.61833 0.54924 0.62593
0.60932 0.35980 0.39231
0.72263 0.39903 0.54267
0.60751 0.48797 0.52865
0.64538 0.43725 0.71158
0.77829 0.54880 0.63108
0.63472 0.44608 0.73799
0.52489 0.52692 0.48053
0.62963 0.50937 0.64621
0.50546 0.64964 0.68698
0.59570 0.60805 0.44778
0.61041 0.59035 0.55601
0.62236 0.49384 0.54006
0.61221 0.53475 0.67154
0.68146 0.49935 0.51636
0.75126 0.53025 0.58928
0.60859 0.54914 0.54871
0.71260 0.50114 0.51792
0.63576 0.45129 0.45513
0.51453 0.48067 0.54145
0.76777 0.45190 0.57788
0.66129 0.45618 0.69282
0.52068 0.55442 0.55215
0.69420 0.66788 0.61698
0.70416 0.59890 0.64235
0.61255 0.40404 0.57238
0.62111 0.40472 0.40149
0.53559 0.60740 0.42391
0.56733 0.45735 0.71182
0.78172 0.52979 0.51170
0.56726 0.41910 0.42793
0.77048 0.49483 0.58675
0.62698 0.37459 0.66226
0.66653 0.31911 0.69491
0.67344 0.43922 0.55725
0.78567 0.36885 0.54260
0.72277 0.45442 0.63548
0.72763 0.47436 0.74255
0.67927 0.42042 0.40700
0.56703 0.58570 0.56044
0.66723 0.50035 0.56737
0.58246 0.61349 0.54386
0.62948 0.69288 0.51304
0.66973 0.62810 0.77466
0.56008 0.57714 0.60886
0.59333 0.57810 0.63008
0.62833 0.50162 0.57336
0.57363 0.51400 0.57861
0.58346 0.50182 0.50695
0.57980 0.48293 0.45275
0.56964 0.43884 0.59673
0.60638 0.57408 0.49061
0.55507 0.64325 0.75808
0.61078 0.35003 0.44486
0.60667 0.51353 0.52730
0.66130 0.45089 0.50950
0.69467 0.44930 0.45820
0.55499 0.64828 0.45724
0.67875 0.47317 0.64107
0.77481 0.51371 0.57932
0.72357 0.43505 0.65308
0.68728 0.42557 0.47235
0.65924 0.52991 0.49160
0.66313 0.50210 0.54705
0.48221 0.57013 0.68214
0.57519 0.58841 0.57198
0.66488 0.42670 0.55534
0.66190 0.38367 0.45699
0.51564 0.38492 0.54365
0.64881 0.39002 0.63423
0.63023 0.49582 0.58251
0.71385 0.39951 0.55389
0.64531 0.52814 0.57525
0.51141 0.67592 0.45025
0.72602 0.58525 0.62995
0.58402 0.71222 0.54592
0.57989 0.41858 0.52578
0.65574 0.45112 0.53197
0.54948 0.51915 0.43708
0.50028 0.28857 0.30024
0.60239 0.52979 0.51647
0.53158 0.51078 0.57207
0.71696 0.50983 0.64504
0.69992 0.36407 0.56906
0.62384 0.54072 0.57864
0.45875 0.67743 0.56402
0.53331 0.46702 0.59984
0.65338 0.57932 0.64153
0.63153 0.46286 0.54916
0.50745 0.57848 0.71610
0.67479 0.48959 0.51911
0.72675 0.52176 0.55650
0.57888 0.61565 0.45807
0.56998 0.48928 0.68858
0.47310 0.66082 0.73773
0.55190 0.51789 0.56379
0.68071 0.41654 0.66720
0.65105 0.37822 0.46841
0.56750 0.41212 0.50056
0.75118 0.55373 0.56097
0.58403 0.45416 0.47257
0.65193 0.52965 0.57861
0.77680 0.52766 0.65981
0.69020 0.42840 0.50212
0.48101 0.62277 0.71637
0.69932 0.43803 0.51931
0.50583 0.59041 0.52960
0.53398 0.61654 0.66170
0.51952 0.70691 0.57511
0.75058 0.47006 0.56201
0.58243 0.36785 0.34440
0.78914 0.50545 0.62295
0.56047 0.51560 0.56852
0.58770 0.50743 0.65789
0.64092 0.54183 0.49824
0.58585 0.54048 0.34997
0.60684 0.43030 0.62408
0.65266 0.50249 0.53071
0.60286 0.55279 0.55899
0.64469 0.51300 0.69372
0.67334 0.51175 0.57120
0.56688 0.56865 0.63697
0.68888 0.38470 0.39552
0.72579 0.38265 0.50377
0.53061 0.53729 0.66887
0.61830 0.64911 0.70774
0.71213 0.52409 0.54650
0.64428 0.56021 0.60557
0.58046 0.68124 0.74663
0.57778 0.48633 0.58758
0.74902 0.53098 0.63044
0.62363 0.36078 0.44286
0.56461 0.45502 0.56020
0.59974 0.62516 0.67112
0.65679 0.47929 0.54339
0.56227 0.46548 0.50570
0.56282 0.59351 0.75544
0.49252 0.62850 0.63516
0.61749 0.48805 0.47529
0.58450 0.56822 0.69077
0.55402 0.55377 0.48587
0.64370 0.63398 0.64267
0.64714 0.31446 0.64600
0.70997 0.34575 0.60405
0.58971 0.52342 0.57268
0.58520 0.59636 0.55607
0.62446 0.49549 0.59238
0.76130 0.49751 0.74987
0.62368 0.27321 0.34627
0.72230 0.63145 0.55118
0.66755 0.39392 0.49452
0.56088 0.50080 0.50150
0.58988 0.23245 0.27957
0.54092 0.42295 0.56444
0.63106 0.53947 0.59307
0.65598 0.66638 0.66496
0.62799 0.59842 0.56144
0.51638 0.61712 0.59183
0.56774 0.44501 0.44887
0.74931 0.47478 0.64112
0.53835 0.47054 0.66516
0.64401 0.56281 0.52049
0.53720 0.58713 0.55900
0.64749 0.48950 0.68102
0.68545 0.37646 0.53532
0.47189 0.61156 0.50127
0.70243 0.26480 0.46292
0.63005 0.39308 0.50887
0.55532 0.39133 0.38643
0.73739 0.40440 0.51359
0.78078 0.46807 0.53688
0.58092 0.58564 0.61261
0.57272 0.52724 0.45389
0.71191 0.49992 0.66246
0.69089 0.32754 0.58570
0.68375 0.46381 0.56508
0.71278 0.46459 0.55327
0.72809 0.52705 0.56290
0.54434 0.43134 0.38422
0.54513 0.48880 0.52343
0.50268 0.69081 0.73745
0.74227 0.62144 0.57632
0.64645 0.35573 0.55891
0.62931 0.37395 0.56076
0.75909 0.72105 0.50775
0.53943 0.43906 0.38735
0.61809 0.39291 0.59211
0.72279 0.52637 0.59947
0.50843 0.53872 0.52926
0.66916 0.43230 0.57045
0.59229 0.64370 0.74407
0.63174 0.40721 0.54397
0.73079 0.42934 0.65224
0.53563 0.41658 0.52083
0.58657 0.44510 0.59942
0.63922 0.50011 0.63501
0.61056 0.35154 0.38343
0.67488 0.53773 0.70560
0.66872 0.42173 0.71085
0.69882 0.58980 0.49470
0.62569 0.46464 0.46104
0.65246 0.55652 0.52502
0.67460 0.50817 0.64219
0.59848 0.48954 0.79822
0.66039 0.73463 0.51687
0.53032 0.52326 0.55520
0.55019 0.59954 0.64055
0.60730 0.53900 0.55102
0.65398 0.76085 0.72790
0.61143 0.74767 0.59586
0.63744 0.60193 0.62394
0.60851 0.70726 0.52922
0.56790 0.69484 0.52676
0.52029 0.65302 0.59694
0.63293 0.47720 0.61086
0.51840 0.38944 0.29787
0.70566 0.48596 0.48663
0.73712 0.53514 0.60680
0.59244 0.61404 0.68056
0.55575 0.43495 0.48413
0.60150 0.64771 0.60710
0.55117 0.57336 0.54795
0.66283 0.53817 0.50978
0.70594 0.40757 0.53999
0.75662 0.42547 0.59552
0.65430 0.53659 0.59961
0.56307 0.58192 0.54028
0.72922 0.43945 0.55193
0.67831 0.48062 0.69622
0.51723 0.57646 0.56553
0.76637 0.52523 0.50292
0.64580 0.41139 0.47098
0.55662 0.46874 0.33903
0.66036 0.69393 0.54133
0.67321 0.39235 0.53395
0.63241 0.23480 0.44589
0.60243 0.62086 0.50302
0.51669 0.67075 0.63327
0.54534 0.61449 0.52148
0.63545 0.74852 0.74184
0.55601 0.62293 0.70773
0.60067 0.41100 0.70078
0.68405 0.26612 0.44856
0.47630 0.49359 0.38424
0.72002 0.42930 0.56972
0.68493 0.41157 0.64249
0.49790 0.59470 0.61438
0.66931 0.63435 0.67408
0.56701 0.37779 0.45882
0.72382 0.55020 0.59703
0.69058 0.39339 0.52968
0.58034 0.48332 0.60699
0.68112 0.57994 0.51995
0.61083 0.62052 0.61233
0.62088 0.52207 0.49587
0.75681 0.61017 0.60010
0.74958 0.42789 0.65607
0.64010 0.35287 0.54694
0.54697 0.57459 0.55105
0.82852 0.65124 0.70885
0.74469 0.46773 0.50399
0.75130 0.46919 0.69171
0.70525 0.42426 0.53066
0.74752 0.58752 0.51771
0.68052 0.52798 0.53722
0.56888 0.54895 0.60503
0.62053 0.61876 0.63486
0.64502 0.53922 0.57895
0.66949 0.49190 0.70390
0.52775 0.52987 0.37696
0.55323 0.41855 0.49331
0.59873 0.25974 0.42537
0.59530 0.48968 0.54407
0.56341 0.58861 0.58538
0.60102 0.45265 0.60336
0.61622 0.45819 0.40553
0.54956 0.46312 0.59880
0.65724 0.45847 0.46160
0.71278 0.47430 0.60559
0.68996 0.46834 0.56167
0.52525 0.57706 0.62245
0.63625 0.49122 0.60361
0.52719 0.55102 0.59194
0.61096 0.53510 0.59446
0.45419 0.65565 0.64894
0.69474 0.39620 0.59382
0.64260 0.35663 0.63926
0.68076 0.46397 0.57871
0.67841 0.37862 0.60844
0.79978 0.41615 0.73753
0.76161 0.46755 0.60161
0.52778 0.53475 0.41060
0.69190 0.40168 0.55282
0.61546 0.40843 0.58819
0.66745 0.38557 0.42373
0.59983 0.48741 0.44521
0.61325 0.28115 0.41022
0.57225 0.37957 0.31149
0.64669 0.49101 0.70147
0.67184 0.39260 0.50813
0.59524 0.67816 0.53123
0.66149 0.39338 0.43387
0.63181 0.24264 0.52424
0.69109 0.48464 0.51683
0.52897 0.61301 0.60629
0.74937 0.57150 0.67364
0.56591 0.62406 0.48270
0.54759 0.47385 0.61737
0.70740 0.53616 0.55657
0.57259 0.57304 0.55760
0.60070 0.39082 0.34028
0.75336 0.52928 0.75368
0.57657 0.59232 0.57345
0.66569 0.42445 0.55855
0.49092 0.38705 0.33605
0.50049 0.45912 0.45774
0.53129 0.45679 0.51420
0.73949 0.38126 0.63486
0.66770 0.54317 0.58321
0.66040 0.36636 0.51019
0.61823 0.50598 0.53754
0.60324 0.50442 0.68932
0.63896 0.41585 0.56841
0.64610 0.43087 0.58935
0.59255 0.55350 0.62176
0.63798 0.51755 0.59766
0.68788 0.56888 0.63788
0.66526 0.35631 0.46353
0.54428 0.45892 0.63884
0.68744 0.61422 0.62377
0.67878 0.45548 0.63624
0.61693 0.46442 0.45891
0.37115 0.69408 0.37145
0.49462 0.63787 0.43480
0.60082 0.45560 0.52740
0.53498 0.55075 0.53990
0.71678 0.52377 0.64209
0.65488 0.63004 0.57482
0.52069 0.59434 0.50164
0.59476 0.48759 0.57932
0.62086 0.39774 0.48373
0.55989 0.65737 0.71303
0.66932 0.52302 0.41773
0.69688 0.37105 0.46617
0.49838 0.41750 0.35100
0.64952 0.53965 0.72060
0.66245 0.60262 0.51124
0.64798 0.42758 0.55391
0.65645 0.65843 0.66709
0.64677 0.44999 0.62766
0.58481 0.58248 0.46917
0.78989 0.55215 0.68975
0.37909 0.64638 0.53736
0.63562 0.48578 0.55624
0.71342 0.52235 0.71330
0.56261 0.56724 0.61242
0.70869 0.47834 0.57065
0.65586 0.54188 0.55511
0.60693 0.54874 0.55929
0.56736 0.39371 0.39839
0.74839 0.57009 0.54227
0.60796 0.44107 0.46265
0.42341 0.62889 0.40878
0.58029 0.48201 0.44948
0.56791 0.29615 0.36590
0.58367 0.63483 0.50532
0.59465 0.52471 0.66634
0.77916 0.57966 0.68902
0.77352 0.41750 0.55240
0.75239 0.30177 0.56137
0.55721 0.47885 0.56676
0.54817 0.46316 0.46030
0.59398 0.33556 0.30415
0.65881 0.42939 0.50905
0.55841 0.62726 0.44878
0.52920 0.76780 0.65633
0.71760 0.30338 0.52055
0.54917 0.60984 0.45509
0.58737 0.45726 0.47307
0.59011 0.32473 0.58195
0.46773 0.60274 0.39574
0.72936 0.64551 0.70579
0.63054 0.51186 0.61222
0.68868 0.41640 0.59633
0.63203 0.43062 0.53240
0.59770 0.60598 0.48328
0.63391 0.41032 0.58400
0.65253 0.62519 0.63331
0.51671 0.42787 0.46319
0.56809 0.48138 0.36553
0.57511 0.57932 0.54405
0.61784 0.43417 0.48218
0.67387 0.55246 0.66903
0.70925 0.42514 0.62842
0.63485 0.48249 0.65994
0.43182 0.65131 0.67926
0.44164 0.63795 0.54413
0.46303 0.63708 0.67573
0.52591 0.52444 0.55626
0.58872 0.59721 0.66509
0.78822 0.59429 0.66889
0.68716 0.56863 0.64147
0.46900 0.55885 0.44412
0.78400 0.44182 0.62685
0.68785 0.33446 0.62896
0.58591 0.49643 0.67621
0.72297 0.47306 0.55624
0.72077 0.59040 0.58788
0.69652 0.44258 0.49956
0.62822 0.49587 0.65594
0.62618 0.40193 0.55831
0.69631 0.63162 0.57831
0.55718 0.60416 0.56408
0.51448 0.60830 0.61303
0.53602 0.48312 0.46237
0.68769 0.47206 0.50873
0.61264 0.55179 0.60385
0.75547 0.40248 0.53042
0.69253 0.65950 0.48278
0.70873 0.47984 0.57627
0.56313 0.52233 0.59484
0.62267 0.47602 0.73053
0.53789 0.65380 0.54600
0.57067 0.63028 0.68706
0.67008 0.37872 0.57448
0.64979 0.49691 0.55585
0.70826 0.47062 0.68860
0.69203 0.55091 0.67147
0.58099 0.55958 0.50300
0.63783 0.54864 0.52655
0.66910 0.46887 0.49974
0.56331 0.69409 0.52099
0.64118 0.48680 0.59704
0.64620 0.70797 0.71521
0.55470 0.51628 0.68524
0.69016 0.56469 0.69012
0.61829 0.53037 0.65040
0.71241 0.50276 0.75445
0.65502 0.32572 0.51425
0.56899 0.69264 0.64828
0.54913 0.59687 0.51998
0.59767 0.72918 0.66259
0.66347 0.49833 0.59659
0.72460 0.43309 0.62179
0.55068 0.46488 0.39324
0.74263 0.45687 0.61281
0.65327 0.62137 0.56476
0.56109 0.48475 0.40741
0.51275 0.56669 0.60934
0.71522 0.42707 0.68684
0.69054 0.40855 0.50924
0.55411 0.53717 0.37181
0.68419 0.57803 0.53279
0.54472 0.67028 0.59860
0.57248 0.35289 0.45495
0.68625 0.66495 0.52108
0.74735 0.55122 0.64496
0.64574 0.58512 0.60981
0.67367 0.45438 0.71659
0.67279 0.41890 0.48313
0.75681 0.43180 0.67004
0.62763 0.54780 0.49170
0.66221 0.49922 0.65160
0.63569 0.39340 0.47344
0.63386 0.42736 0.55695
0.64952 0.56802 0.71957
0.71907 0.51928 0.55010
0.71452 0.59599 0.57140
0.62695 0.67943 0.65240
0.64842 0.33582 0.66307
0.76323 0.59614 0.60245
0.65040 0.34373 0.56965
0.69736 0.49058 0.65711
0.65346 0.60394 0.49047
0.70776 0.41697 0.66237
0.48597 0.70658 0.73875
0.59022 0.55532 0.51450
0.77997 0.65613 0.66831
0.65970 0.58021 0.57293
0.49011 0.56701 0.57397
0.71380 0.64906 0.61598
0.58024 0.36021 0.36010
0.58762 0.65686 0.44143
0.51926 0.48015 0.51988
0.60402 0.48656 0.39845
0.63083 0.47868 0.55946
0.77571 0.55792 0.66915
0.56724 0.51820 0.39809
0.72212 0.52216 0.56569
0.63452 0.56689 0.50984
0.64400 0.33774 0.59618
0.67031 0.66811 0.56728
0.65315 0.51205 0.63361
0.69889 0.43060 0.52757
0.58391 0.56137 0.48075
0.57480 0.63470 0.57100
0.58924 0.48561 0.66017
0.73055 0.44598 0.44065
0.60742 0.51384 0.51270
0.62068 0.47113 0.63497
0.65726 0.46192 0.49090
0.55514 0.68924 0.43867
0.62029 0.48180 0.58187
0.63576 0.46311 0.53489
0.56665 0.54106 0.63089
0.54199 0.40973 0.51001
0.78177 0.55932 0.74911
0.54017 0.50369 0.54836
0.63684 0.35241 0.58436
0.49660 0.40057 0.53499
0.56178 0.54607 0.58067
0.51945 0.50343 0.48499
0.64064 0.49613 0.61919
0.66979 0.47637 0.56809
0.65232 0.55743 0.50874
0.75711 0.59638 0.55485
0.54947 0.48683 0.51874
0.61199 0.54088 0.38387
0.73980 0.47310 0.54181
0.65897 0.40748 0.58967
0.58801 0.72495 0.64224
0.77781 0.36953 0.45387
0.60477 0.56785 0.55805
0.48048 0.57176 0.46987
0.54071 0.42935 0.43394
0.65161 0.54045 0.56579
0.61535 0.47820 0.54451
0.60295 0.43471 0.70803
0.64815 0.53404 0.56758
0.67142 0.57928 0.52110
0.58033 0.38436 0.67930
0.67853 0.43969 0.45342
0.66062 0.36355 0.52097
0.61235 0.62389 0.58956
0.60333 0.27964 0.48498
0.56130 0.59857 0.52286
0.58753 0.43571 0.43048
0.72693 0.41764 0.51180
0.49044 0.72967 0.50855
0.40611 0.65596 0.40707
0.73387 0.49184 0.55305
0.76178 0.48658 0.64948
0.69057 0.49867 0.65972
0.64263 0.48653 0.50595
0.63822 0.57796 0.47386
0.54073 0.50800 0.44916
0.68676 0.48055 0.68790
0.57270 0.59208 0.55269
0.72617 0.46432 0.59351
0.62521 0.45603 0.57383
0.69694 0.58659 0.52256
0.63034 0.52819 0.64445
0.76305 0.47154 0.63907
0.59992 0.60497 0.54505
0.57462 0.57692 0.45187
0.52144 0.61201 0.69286
0.72794 0.72590 0.51313
0.65429 0.43034 0.50998
0.45333 0.66032 0.64270
0.64101 0.48012 0.59352
0.79060 0.40960 0.48332
0.64501 0.35249 0.46903
0.71303 0.47232 0.45849
0.74896 0.55876 0.61818
0.53598 0.49200 0.48295
0.76310 0.53597 0.65964
0.64617 0.46290 0.59612
0.69077 0.42379 0.67608
0.62982 0.38605 0.51290
0.55424 0.39010 0.56891
0.59582 0.32548 0.56488
0.54051 0.64460 0.48127
0.79318 0.64854 0.52848
0.63752 0.64524 0.51260
0.71345 0.46722 0.55868
0.72571 0.54042 0.55332
0.58778 0.49719 0.57326
0.71816 0.52226 0.66994
0.68171 0.32858 0.61635
0.62218 0.46633 0.52649
0.66202 0.48803 0.70496
0.61611 0.72219 0.64222
0.79651 0.47403 0.60132
0.61024 0.64411 0.59820
0.57353 0.51645 0.55701
0.74197 0.42449 0.51060
0.59603 0.36094 0.42243
0.52178 0.71516 0.55169
0.69686 0.55401 0.47390
0.65093 0.45271 0.52889
0.67905 0.58250 0.52215
0.46258 0.56758 0.58498
0.52091 0.72442 0.60823
0.61117 0.58871 0.51616
0.56300 0.50974 0.60188
0.68935 0.53086 0.74917
0.65420 0.43917 0.48714
0.74500 0.50897 0.63485
0.57598 0.51210 0.38292
0.58975 0.57306 0.52116
0.70013 0.37524 0.53949
0.65345 0.44270 0.42762
0.57942 0.53434 0.63196
0.47649 0.59965 0.65536
0.72662 0.53755 0.66722
0.68430 0.66130 0.62301
0.67933 0.57236 0.65368
0.61052 0.65500 0.55943
0.62592 0.37360 0.44222
0.47671 0.50018 0.48217
0.57797 0.65256 0.58412
0.61699 0.53111 0.55037
0.51077 0.38079 0.36663
0.61367 0.40223 0.38459
0.60001 0.48491 0.51791
0.69105 0.51472 0.46244
0.70923 0.39418 0.55094
0.58684 0.53069 0.46523
0.64905 0.54491 0.58443
0.57771 0.59365 0.48529
0.74781 0.47240 0.58985
0.58863 0.60783 0.60261
0.65289 0.61675 0.62128
0.70795 0.61412 0.49381
0.65334 0.46834 0.52244
0.52981 0.59568 0.71846
0.66646 0.38965 0.55120
0.65625 0.43130 0.53291
0.62509 0.49025 0.51972
0.67529 0.48771 0.61374
0.63307 0.65722 0.60257
0.46809 0.62783 0.54781
0.63544 0.28200 0.46866
0.44735 0.69968 0.54888
0.66001 0.38642 0.51348
0.72993 0.35591 0.63990
0.62325 0.40516 0.42274
0.70955 0.41025 0.52413
0.74528 0.51432 0.48127
0.64781 0.56617 0.59747
0.63909 0.41737 0.43590
0.61302 0.66751 0.64599
0.70572 0.32826 0.58846
0.58765 0.49248 0.43183
