20 4 1000 30024 140
0.46219 0.01977 0.21516
0.28380 0.91359 0.10638
0.28954 0.36560 0.65501
0.27453 0.74081 0.36808
0.34469 0.32416 0.44349
0.37853 0.34302 0.27932
0.40854 0.27845 0.19372
0.32296 0.43398 0.43555
0.37462 0.28150 0.35158
0.33875 0.31361 0.48166
0.30191 0.63663 0.33193
0.40365 0.22724 0.27304
0.28363 0.67588 0.38733
0.29970 0.43700 0.53515
0.32670 0.43603 0.40944
0.33397 0.47358 0.35355
0.42678 0.16300 0.23212
0.28500 0.63990 0.39974
0.34596 0.54548 0.21311
0.32269 0.45352 0.41943
0.30176 0.42573 0.53824
0.33559 0.57312 0.22560
0.31578 0.53009 0.37960
0.35334 0.31332 0.41716
0.31171 0.51066 0.41997
0.34605 0.46438 0.29862
0.30830 0.53633 0.40515
0.29115 0.58721 0.43867
0.36839 0.28778 0.37837
0.40480 0.23860 0.25324
0.39953 0.31253 0.20033
0.30216 0.58558 0.38050
0.28453 0.64405 0.40764
0.29877 0.66591 0.31740
0.34029 0.43434 0.35187
0.29596 0.72538 0.26221
0.33057 0.45178 0.39160
0.28351 0.71382 0.33447
0.35481 0.49582 0.22212
0.33556 0.41840 0.39064
0.41934 0.13551 0.29517
0.29235 0.75172 0.24078
0.30580 0.51611 0.42443
0.36178 0.38937 0.31102
0.32713 0.42544 0.41892
0.28742 0.65827 0.35895
0.33669 0.41490 0.38925
0.36915 0.35592 0.30960
0.32603 0.56608 0.28541
0.29260 0.78606 0.20054
0.34061 0.45081 0.34595
0.35978 0.50145 0.18796
0.30091 0.69019 0.28233
0.30069 0.52696 0.44968
0.29838 0.57875 0.41348
0.29487 0.53437 0.46131
0.28149 0.59390 0.47256
0.36859 0.39451 0.26827
0.30641 0.50058 0.44306
0.31563 0.51312 0.38890
0.38772 0.22802 0.34578
0.28846 0.81332 0.19537
0.30343 0.56580 0.38207
0.33783 0.48363 0.31956
0.28102 0.76799 0.28814
0.32588 0.45516 0.40430
0.31449 0.64291 0.26028
0.29879 0.40697 0.57189
0.32079 0.54024 0.33580
0.28210 0.75893 0.29181
0.30400 0.51390 0.43481
0.30649 0.69211 0.23844
0.29253 0.73217 0.26067
0.35488 0.39627 0.32512
0.30427 0.55862 0.39934
0.31926 0.35369 0.52973
0.33508 0.52197 0.29806
0.33399 0.42235 0.39282
0.30502 0.53355 0.41985
0.36372 0.43600 0.23702
0.28719 0.80012 0.22300
0.36285 0.41530 0.27079
0.29261 0.53278 0.47168
0.31813 0.53688 0.34863
0.38164 0.33317 0.27460
0.41936 0.20242 0.22569
0.37451 0.33930 0.29751
0.38892 0.28669 0.28822
0.30077 0.60709 0.35944
0.30275 0.40645 0.55667
0.29113 0.63851 0.38098
0.32840 0.45300 0.39726
0.32024 0.68487 0.18174
0.28231 0.66209 0.39147
0.30853 0.58316 0.34558
0.32114 0.40023 0.48006
0.28618 0.66020 0.37261
0.31094 0.60370 0.33038
0.38040 0.28484 0.32458
0.33068 0.48784 0.35527
0.31812 0.54930 0.33687
0.29471 0.50468 0.49800
0.34023 0.42730 0.36309
0.31700 0.65823 0.23400
0.34711 0.34768 0.40902
0.32761 0.48440 0.36922
0.30119 0.61035 0.35577
0.33663 0.53304 0.27092
0.28827 0.61928 0.40803
0.30346 0.47205 0.47967
0.40566 0.24301 0.25319
0.35363 0.48522 0.23447
0.29293 0.68047 0.32432
0.30218 0.59126 0.36565
0.38212 0.38818 0.20248
0.30346 0.55914 0.40036
0.34538 0.46844 0.29228
0.35092 0.45516 0.29293
0.33188 0.53001 0.29375
0.38362 0.30920 0.27979
0.32362 0.49083 0.38164
0.39253 0.29272 0.25568
0.31438 0.52522 0.37634
0.31505 0.41955 0.48286
0.31584 0.46200 0.44469
0.35324 0.46850 0.25076
0.34021 0.49290 0.30764
0.33766 0.44890 0.35822
0.38429 0.30879 0.27911
0.31797 0.55134 0.35096
0.29898 0.47679 0.50547
0.33882 0.43107 0.35728
0.32904 0.48602 0.35956
0.39102 0.32512 0.22801
0.29231 0.55625 0.45632
0.37146 0.34772 0.30232
0.29906 0.67723 0.29445
0.31846 0.34786 0.54136
0.38520 0.27318 0.31551
0.28624 0.82316 0.19023
0.32906 0.46756 0.36754
0.29109 0.58826 0.43662
0.32934 0.46042 0.37579
0.28332 0.62070 0.43964
0.29239 0.62052 0.39401
0.29366 0.60079 0.39015
0.36220 0.35724 0.33252
0.33027 0.54679 0.29042
0.28400 0.73626 0.30523
0.28440 0.81086 0.22392
0.32179 0.67715 0.17852
0.38422 0.27774 0.31419
0.31729 0.38665 0.50945
0.38721 0.26317 0.31658
0.29891 0.45216 0.52248
0.35611 0.36541 0.35875
0.32855 0.48512 0.35664
0.30744 0.61967 0.32580
0.29339 0.55094 0.45958
0.30154 0.60790 0.36193
0.28880 0.68070 0.35283
0.29302 0.61574 0.39167
0.33302 0.57810 0.23793
0.32253 0.59817 0.26108
0.35839 0.35139 0.36160
0.31342 0.55657 0.35553
0.30871 0.53377 0.40093
0.29024 0.75400 0.24477
0.33559 0.54280 0.26813
0.31652 0.66411 0.22433
0.30499 0.71644 0.22104
0.37447 0.37184 0.26129
0.30546 0.72665 0.20197
0.30234 0.38606 0.57786
0.29041 0.82032 0.18363
0.29960 0.56146 0.41191
0.34364 0.37989 0.39888
0.36287 0.36502 0.32958
0.31052 0.70967 0.20619
0.33984 0.54829 0.23074
0.28432 0.67690 0.37407
0.35239 0.43184 0.29384
0.36231 0.44231 0.24361
0.31993 0.45842 0.42380
0.34315 0.35156 0.42158
0.28778 0.59689 0.43353
0.39167 0.32074 0.23050
0.30922 0.62197 0.30073
0.30335 0.51971 0.43065
0.34250 0.49791 0.28904
0.31463 0.51941 0.39440
0.40234 0.28450 0.21657
0.37453 0.36250 0.26960
0.33138 0.53780 0.29762
0.31416 0.47175 0.43126
0.39774 0.29120 0.23802
0.33628 0.47212 0.34402
0.34178 0.48050 0.31236
0.30667 0.48871 0.44778
0.35028 0.35679 0.38330
0.34809 0.47077 0.29139
0.30764 0.61156 0.32380
0.29844 0.52910 0.45204
0.35790 0.27325 0.43575
0.40577 0.15747 0.33489
0.28423 0.58538 0.46366
0.32513 0.56675 0.28006
0.31665 0.52405 0.38493
0.32938 0.36805 0.46958
0.29341 0.50891 0.48815
0.30042 0.54055 0.42606
0.32526 0.53878 0.30924
0.31320 0.52560 0.37896
0.32789 0.43137 0.41917
0.30374 0.66526 0.28089
0.30772 0.66461 0.27089
0.29442 0.68964 0.30343
0.31520 0.52349 0.37652
0.32923 0.62798 0.19669
0.29426 0.62088 0.36937
0.29124 0.71885 0.27942
0.32004 0.38373 0.50058
0.29336 0.79591 0.19038
0.29878 0.51281 0.45778
0.33471 0.45836 0.35381
0.39858 0.18579 0.33781
0.32055 0.52447 0.35637
0.28766 0.57341 0.46602
0.28615 0.60296 0.42525
0.30753 0.55103 0.38369
0.33619 0.41452 0.39272
0.36079 0.41430 0.28592
0.39423 0.20237 0.34336
0.31939 0.52072 0.35976
0.30210 0.68900 0.27317
0.30537 0.60380 0.34325
0.34670 0.39986 0.35999
0.35332 0.50858 0.20923
0.40308 0.19290 0.31287
0.33341 0.37373 0.44681
0.31565 0.40199 0.49735
0.30212 0.65009 0.30305
0.34236 0.49635 0.27720
0.34092 0.45118 0.33678
0.36301 0.30223 0.38124
0.28934 0.59237 0.43551
0.41620 0.14958 0.29492
0.34884 0.41142 0.33947
0.35761 0.40682 0.30187
0.29730 0.70295 0.26681
0.33006 0.50564 0.34191
0.30137 0.46104 0.50627
0.30674 0.67961 0.26090
0.32170 0.53223 0.34733
0.31153 0.43706 0.48652
0.36838 0.41226 0.24632
0.32260 0.53027 0.34510
0.28686 0.49030 0.54732
0.29898 0.47049 0.51361
0.32603 0.63334 0.21127
0.31804 0.47836 0.40486
0.31031 0.59897 0.33353
0.31484 0.38789 0.51729
0.30876 0.68512 0.24326
0.37454 0.38360 0.25270
0.29787 0.51308 0.46518
0.30338 0.70448 0.23820
0.29275 0.42676 0.57816
0.28689 0.78587 0.23019
0.33011 0.55617 0.27008
0.29760 0.69205 0.27972
0.34307 0.36050 0.41409
0.31659 0.51267 0.37622
0.34588 0.37470 0.38458
0.33259 0.32498 0.50081
0.31450 0.55130 0.35191
0.30074 0.44491 0.52995
0.33129 0.37352 0.45497
0.36171 0.28095 0.41017
0.32233 0.69661 0.15510
0.28979 0.65779 0.37340
0.30432 0.41776 0.53278
0.38208 0.35627 0.23776
0.34136 0.56011 0.20997
0.31972 0.38172 0.50086
0.28912 0.57522 0.45125
0.29594 0.59512 0.40171
0.30732 0.54838 0.39492
0.30525 0.61421 0.33109
0.39634 0.23362 0.30097
0.28537 0.72376 0.32320
0.28396 0.59488 0.45660
0.39377 0.22663 0.32340
0.32931 0.64907 0.17444
0.32891 0.35977 0.48309
0.36387 0.46264 0.20829
0.29411 0.57687 0.43255
0.29759 0.36866 0.61450
0.34139 0.36133 0.42893
0.30119 0.58761 0.38161
0.36270 0.29149 0.39291
0.32662 0.50550 0.35400
0.31281 0.58943 0.33506
0.28656 0.54230 0.49162
0.28743 0.67683 0.35730
0.30924 0.37238 0.55640
0.40505 0.21947 0.27699
0.41742 0.18931 0.25190
0.32606 0.55275 0.30117
0.40818 0.20685 0.27757
0.34662 0.41849 0.34378
0.28262 0.63805 0.41874
0.31424 0.69135 0.19970
0.35082 0.47805 0.26847
0.42741 0.16264 0.23212
0.35743 0.35345 0.36115
0.32533 0.54691 0.31296
0.38472 0.22618 0.35998
0.35521 0.38970 0.33714
0.29286 0.55981 0.44256
0.28923 0.44138 0.57777
0.29213 0.70076 0.30528
0.31780 0.57342 0.33330
0.28879 0.77109 0.25085
0.35099 0.46984 0.27201
0.43240 0.11347 0.25858
0.33107 0.51532 0.31248
0.36199 0.46531 0.21551
0.28647 0.57488 0.45470
0.29245 0.67070 0.33288
0.29589 0.67860 0.32637
0.36505 0.28218 0.39360
0.33571 0.47690 0.32553
0.30626 0.66364 0.27875
0.36568 0.34330 0.33246
0.30781 0.74009 0.17812
0.30310 0.63234 0.33942
0.28376 0.67187 0.39066
0.28778 0.83721 0.16887
0.35044 0.48836 0.24488
0.29473 0.61465 0.37301
0.30475 0.72652 0.21248
0.38267 0.37609 0.21572
0.38393 0.34067 0.24483
0.33070 0.60866 0.21002
0.29907 0.60024 0.36838
0.32542 0.56406 0.30229
0.36329 0.40117 0.27901
0.41507 0.19895 0.24687
0.28956 0.49310 0.53094
0.33723 0.48953 0.31554
0.32883 0.60927 0.22501
0.34676 0.39662 0.36914
0.28563 0.86128 0.15926
0.35379 0.45354 0.28147
0.31621 0.66847 0.21551
0.29951 0.51798 0.46586
0.30128 0.46820 0.49897
0.27771 0.72299 0.37028
0.30403 0.58148 0.36269
0.33695 0.29498 0.50897
0.30715 0.62798 0.31450
0.28025 0.71943 0.35301
0.29945 0.65804 0.32148
0.36331 0.49574 0.17574
0.30674 0.53755 0.40361
0.35454 0.49635 0.21951
0.33494 0.40843 0.40131
0.29408 0.62295 0.36890
0.34155 0.47606 0.30687
0.38226 0.28572 0.30933
0.31279 0.73829 0.15960
0.33481 0.35874 0.45339
0.28548 0.74772 0.27407
0.29526 0.65657 0.35228
0.28877 0.44369 0.57708
0.32243 0.34890 0.52108
0.35407 0.32732 0.40097
0.33711 0.49051 0.32503
0.31788 0.54248 0.35738
0.31261 0.41842 0.49743
0.35066 0.35782 0.38682
0.34081 0.34782 0.43666
0.29917 0.54421 0.44136
0.30887 0.57018 0.37615
0.28822 0.76327 0.26125
0.28982 0.61524 0.39851
0.34557 0.37391 0.39375
0.39303 0.27100 0.28347
0.31715 0.57030 0.32370
0.31394 0.58927 0.32093
0.30952 0.53752 0.40121
0.32958 0.36670 0.46927
0.30606 0.49723 0.45539
0.34330 0.35077 0.42723
0.30576 0.47063 0.48092
0.37851 0.34337 0.27986
0.29352 0.55592 0.45425
0.35385 0.43449 0.30296
0.30745 0.64044 0.28898
0.43297 0.14793 0.21902
0.36616 0.35875 0.31640
0.33039 0.57035 0.25605
0.35258 0.43447 0.28995
0.39437 0.26784 0.28064
0.33211 0.52543 0.29318
0.30559 0.37708 0.56899
0.35365 0.32571 0.40106
0.31249 0.64238 0.26414
0.28875 0.73869 0.27673
0.28759 0.52882 0.49645
0.34743 0.40205 0.35315
0.32828 0.61253 0.22580
0.28762 0.65473 0.38394
0.38045 0.26138 0.34317
0.34103 0.54174 0.23374
0.29679 0.66918 0.31203
0.33159 0.49574 0.33453
0.31532 0.52477 0.38864
0.28890 0.79599 0.21047
0.41125 0.15443 0.31172
0.32985 0.51958 0.31361
0.29610 0.58361 0.41675
0.29670 0.48458 0.50979
0.34834 0.40155 0.35203
0.41808 0.15266 0.28500
0.29938 0.59945 0.39096
0.30770 0.54548 0.40399
0.31366 0.49830 0.40767
0.31915 0.59142 0.29812
0.37176 0.24793 0.39977
0.29502 0.45557 0.54255
0.28877 0.65443 0.37701
0.30527 0.76716 0.16264
0.31158 0.59629 0.33007
0.42445 0.19106 0.21115
0.33243 0.62106 0.19450
0.30940 0.56459 0.37037
0.36507 0.45151 0.21362
0.35000 0.31739 0.42861
0.28994 0.54062 0.47565
0.31725 0.57289 0.32361
0.36093 0.29700 0.39776
0.28771 0.69697 0.34140
0.28573 0.81704 0.21037
0.37972 0.21409 0.39533
0.36121 0.45796 0.22725
0.30336 0.60325 0.36964
0.28894 0.47799 0.54565
0.34036 0.40555 0.38028
0.28910 0.60790 0.42857
0.32006 0.57386 0.30311
0.32330 0.46485 0.39805
0.35985 0.44463 0.25739
0.33805 0.59147 0.19366
0.38023 0.31154 0.29903
0.35674 0.51929 0.18337
0.32435 0.42308 0.43640
0.31676 0.66873 0.21596
0.38635 0.35957 0.21166
0.31453 0.40873 0.50101
0.36906 0.38008 0.27186
0.38427 0.35706 0.22997
0.35175 0.49350 0.24287
0.29333 0.70086 0.30693
0.28342 0.80013 0.23452
0.32572 0.50343 0.35312
0.31931 0.54667 0.33212
0.28620 0.75080 0.26722
0.29334 0.51200 0.49581
0.36561 0.39541 0.28809
0.29079 0.59996 0.40553
0.29191 0.60528 0.39439
0.34142 0.43253 0.36106
0.34729 0.43644 0.32998
0.34021 0.50828 0.28770
0.29316 0.48486 0.52360
0.30824 0.42426 0.51669
0.31053 0.65600 0.25610
0.36145 0.27238 0.42145
0.29951 0.75972 0.20435
0.31569 0.55555 0.35420
0.34825 0.29996 0.45266
0.28249 0.69946 0.35530
0.29953 0.61396 0.35210
0.30215 0.73466 0.20996
0.28803 0.70020 0.31947
0.29780 0.53658 0.44998
0.27893 0.75160 0.32147
0.30789 0.60825 0.31771
0.28454 0.69816 0.35464
0.35576 0.36994 0.34585
0.31309 0.55500 0.35898
0.37032 0.34931 0.30831
0.31677 0.59899 0.29264
0.36153 0.40589 0.28697
0.36365 0.34134 0.34169
0.29069 0.53592 0.47742
0.36395 0.37894 0.30140
0.39536 0.19901 0.34188
0.33650 0.34527 0.45984
0.29505 0.62742 0.37509
0.28945 0.58918 0.44045
0.29572 0.53138 0.46001
0.30425 0.56134 0.39986
0.30983 0.45094 0.47783
0.41776 0.23014 0.20204
0.33761 0.40724 0.39807
0.35556 0.50414 0.20792
0.34095 0.54231 0.23085
0.28701 0.82451 0.19464
0.28959 0.50525 0.50887
0.34678 0.44109 0.31754
0.42149 0.16600 0.25603
0.37632 0.39132 0.23159
0.30353 0.64474 0.32323
0.29826 0.59672 0.38976
0.30938 0.67251 0.25345
0.37720 0.37432 0.24268
0.31552 0.61657 0.28567
0.32996 0.52123 0.31114
0.29962 0.62873 0.36165
0.33737 0.36682 0.43890
0.32880 0.47726 0.35992
0.35763 0.44299 0.26623
0.30206 0.61541 0.36391
0.39955 0.23197 0.29183
0.29658 0.55983 0.42271
0.30698 0.68095 0.25887
0.36298 0.24687 0.44081
0.32940 0.50813 0.33714
0.30893 0.56628 0.37867
0.29231 0.64593 0.34788
0.28836 0.59716 0.42555
0.34836 0.50554 0.23653
0.29428 0.50566 0.48671
0.31587 0.69206 0.19606
0.30777 0.38128 0.55931
0.27909 0.77540 0.29829
0.31473 0.49717 0.41911
0.31571 0.64646 0.25521
0.31800 0.64717 0.23570
0.30779 0.54323 0.39381
0.28568 0.48012 0.56304
0.28950 0.72616 0.30185
0.31931 0.53589 0.35011
0.33280 0.52858 0.28522
0.35246 0.52602 0.19697
0.32405 0.68318 0.16242
0.34816 0.38107 0.37545
0.33062 0.50222 0.34154
0.30659 0.57487 0.36997
0.32413 0.55042 0.30820
0.28603 0.56245 0.47061
0.30979 0.61497 0.30603
0.32577 0.53413 0.31693
0.28770 0.60425 0.42540
0.32181 0.58027 0.28334
0.30703 0.57309 0.37060
0.36674 0.34277 0.33204
0.39382 0.25416 0.28746
0.38329 0.22248 0.37334
0.39709 0.23027 0.29790
0.28780 0.73306 0.29246
0.33452 0.54427 0.27402
0.35710 0.48459 0.22562
0.31240 0.48531 0.42424
0.32700 0.58784 0.26522
0.29576 0.43301 0.56159
0.31602 0.55970 0.34055
0.31876 0.52489 0.36057
0.33308 0.38037 0.44006
0.36615 0.47966 0.18072
0.34775 0.44582 0.31995
0.31596 0.46846 0.43743
0.28782 0.74327 0.28347
0.28927 0.59365 0.43169
0.35586 0.40447 0.32209
0.31883 0.64059 0.23898
0.32682 0.57301 0.27640
0.29074 0.69631 0.32953
0.29135 0.75197 0.24630
0.37754 0.26472 0.35754
0.32376 0.58533 0.27096
0.37566 0.29563 0.32926
0.32119 0.65323 0.21661
0.28426 0.84453 0.17878
0.31076 0.57536 0.34962
0.28556 0.76858 0.25745
0.32835 0.62622 0.20989
0.29231 0.65833 0.35589
0.29978 0.57838 0.38921
0.29756 0.73693 0.23377
0.37643 0.34572 0.28691
0.31393 0.59316 0.33080
0.28207 0.74459 0.30874
0.31067 0.55197 0.37094
0.31794 0.57644 0.30802
0.30920 0.50433 0.41973
0.30395 0.77153 0.16722
0.28968 0.81482 0.18709
0.30636 0.43519 0.51376
0.31428 0.67018 0.22471
0.39058 0.27375 0.29309
0.31834 0.60101 0.27450
0.37489 0.22404 0.40811
0.28159 0.75503 0.30677
0.29102 0.66545 0.33377
0.29323 0.62927 0.37753
0.38551 0.17478 0.40906
0.31534 0.59155 0.31442
0.30509 0.75515 0.17654
0.33737 0.48102 0.32065
0.35907 0.41333 0.28661
0.30975 0.48196 0.44168
0.31614 0.56774 0.34222
0.34376 0.44936 0.32428
0.32607 0.47439 0.38624
0.28241 0.72490 0.33809
0.36682 0.30956 0.36399
0.30620 0.57130 0.37929
0.33315 0.57160 0.24564
0.35965 0.43573 0.26155
0.29173 0.69309 0.30944
0.37726 0.24965 0.37127
0.39130 0.31280 0.24187
0.29390 0.62651 0.36308
0.30138 0.76336 0.18865
0.32929 0.35341 0.48837
0.29644 0.62186 0.37702
0.28946 0.63514 0.37587
0.35474 0.34711 0.37170
0.31686 0.66343 0.21860
0.34688 0.54555 0.20211
0.36355 0.45470 0.22096
0.31134 0.46924 0.45874
0.27858 0.80974 0.26134
0.33628 0.50406 0.31634
0.31874 0.50857 0.37568
0.39583 0.30753 0.22419
0.30413 0.64411 0.30870
0.34752 0.38119 0.37419
0.30964 0.61932 0.30380
0.32652 0.32913 0.52319
0.33729 0.45657 0.35226
0.33370 0.51346 0.31280
0.30770 0.57434 0.35465
0.29695 0.64598 0.32673
0.33761 0.38105 0.41902
0.28818 0.75255 0.25900
0.28488 0.67398 0.37742
0.34555 0.35250 0.41773
0.35758 0.45972 0.24030
0.39143 0.22878 0.33071
0.32314 0.59790 0.27030
0.38944 0.25450 0.31405
0.30341 0.62928 0.32890
0.35154 0.44991 0.29220
0.36405 0.28074 0.40057
0.31250 0.60918 0.31090
0.34903 0.49912 0.24488
0.31457 0.44708 0.45560
0.31452 0.54768 0.35734
0.30474 0.71888 0.22332
0.35148 0.28956 0.45065
0.30771 0.59882 0.33355
0.39532 0.32588 0.20733
0.28476 0.62194 0.42603
0.36499 0.27036 0.40843
0.29736 0.72817 0.23917
0.41544 0.18722 0.25908
0.29431 0.63228 0.36031
0.39841 0.27575 0.24751
0.35189 0.54351 0.17877
0.31636 0.35576 0.54472
0.30764 0.48844 0.45481
0.31001 0.68667 0.22763
0.29399 0.84978 0.12794
0.29974 0.66107 0.32269
0.32865 0.40850 0.43381
0.29152 0.73928 0.27194
0.29889 0.43656 0.53968
0.34322 0.54182 0.22860
0.29710 0.48158 0.49862
0.29864 0.65478 0.31991
0.32570 0.30543 0.55117
0.29565 0.49623 0.49576
0.30737 0.75664 0.16257
0.28789 0.71311 0.32520
0.28970 0.64570 0.37753
0.37649 0.39997 0.22108
0.32721 0.68241 0.14731
0.34919 0.43037 0.31571
0.33816 0.61453 0.16831
0.32349 0.67167 0.17930
0.30191 0.59337 0.37129
0.43438 0.10101 0.26171
0.35108 0.47562 0.26516
0.32691 0.52001 0.33601
0.31898 0.48021 0.40227
0.31808 0.40370 0.48261
0.30776 0.75323 0.16763
0.31083 0.58898 0.34846
0.31459 0.60398 0.30281
0.39251 0.24305 0.30920
0.32457 0.62422 0.22078
0.32204 0.66489 0.19690
0.32337 0.65923 0.19039
0.30644 0.67405 0.27023
0.33770 0.54840 0.24657
0.29327 0.65112 0.34433
0.28695 0.74781 0.28906
0.36560 0.44852 0.21556
0.35615 0.40598 0.31073
0.32114 0.65614 0.20725
0.29235 0.68139 0.33111
0.30703 0.58702 0.35501
0.32728 0.52418 0.31364
0.32002 0.47786 0.40424
0.30227 0.60820 0.35256
0.35287 0.36663 0.37248
0.33883 0.45957 0.34196
0.30739 0.58736 0.35432
0.32431 0.59139 0.25968
0.33041 0.61366 0.21515
0.28670 0.66776 0.36509
0.30650 0.69993 0.23180
0.28394 0.73095 0.31650
0.31035 0.49034 0.43594
0.32715 0.52775 0.32961
0.31471 0.62220 0.28235
0.39168 0.27357 0.28527
0.30775 0.49529 0.43593
0.32312 0.46039 0.40262
0.38233 0.21439 0.38540
0.29012 0.66688 0.35330
0.36361 0.35918 0.33005
0.41377 0.20344 0.25331
0.34094 0.48549 0.29264
0.33457 0.33173 0.48218
0.31198 0.47733 0.44766
0.38776 0.28653 0.29087
0.32165 0.54198 0.32512
0.39049 0.29216 0.26445
0.30827 0.43913 0.49210
0.32265 0.50911 0.35277
0.43154 0.15373 0.22029
0.30302 0.57380 0.37987
0.28508 0.85155 0.17330
0.41478 0.18207 0.27221
0.28501 0.62648 0.42769
0.34455 0.41197 0.35296
0.38645 0.38567 0.18351
0.39218 0.26667 0.28267
0.31088 0.46861 0.45768
0.27622 0.75655 0.33851
0.40487 0.22026 0.27942
0.32806 0.56202 0.28705
0.30717 0.61545 0.32315
0.28407 0.71078 0.35208
0.30378 0.51137 0.45261
0.28736 0.80645 0.21106
0.40266 0.19766 0.30584
0.31551 0.67671 0.21499
0.30902 0.66688 0.26182
0.30638 0.70650 0.23437
0.31927 0.60174 0.28497
0.41768 0.19451 0.24564
0.30768 0.40624 0.52951
0.28576 0.70590 0.32671
0.28278 0.77906 0.26639
0.34320 0.55595 0.20994
0.32006 0.47310 0.41467
0.28927 0.64561 0.36462
0.39862 0.20388 0.32011
0.31226 0.55829 0.35392
0.32024 0.49607 0.38259
0.29946 0.39305 0.58126
0.35572 0.43747 0.28353
0.35656 0.30827 0.40679
0.33738 0.48382 0.32244
0.38314 0.32808 0.26309
0.32384 0.43922 0.43175
0.33945 0.41702 0.37416
0.37488 0.37094 0.25853
0.31977 0.49519 0.39250
0.30634 0.72027 0.21679
0.30852 0.66280 0.26695
0.29248 0.70200 0.30688
0.35624 0.44127 0.27011
0.32046 0.50551 0.37504
0.29253 0.49024 0.51177
0.34355 0.43300 0.34049
0.34074 0.30744 0.47837
0.29468 0.47109 0.52250
0.36787 0.42888 0.23379
0.31039 0.61523 0.31459
0.30657 0.45874 0.48938
0.32339 0.63659 0.21938
0.34288 0.51006 0.26676
0.30311 0.42717 0.53542
0.28046 0.65063 0.41933
0.32285 0.49408 0.36873
0.32924 0.43001 0.40648
0.36650 0.47398 0.18603
0.33512 0.47180 0.35066
0.29665 0.68430 0.28822
0.29216 0.59671 0.42108
0.32050 0.65104 0.21398
0.31202 0.56748 0.34747
0.33443 0.57641 0.23646
0.28996 0.58444 0.44463
0.29364 0.51470 0.48382
0.29642 0.61442 0.36638
0.39102 0.31437 0.23934
0.29733 0.68532 0.29321
0.28388 0.65917 0.39380
0.28752 0.77205 0.24229
0.30069 0.61722 0.36476
0.28719 0.63840 0.39339
0.30763 0.48660 0.45437
0.29398 0.72371 0.28171
0.33200 0.49925 0.33760
0.35261 0.43078 0.29859
0.28923 0.60067 0.42066
0.31813 0.66578 0.21812
0.31604 0.47279 0.43488
0.37774 0.27369 0.34814
0.31719 0.42821 0.47031
0.34594 0.42211 0.33789
0.29838 0.77734 0.18503
0.40212 0.21386 0.29865
0.40376 0.21550 0.28165
0.33043 0.62150 0.20469
0.29576 0.54509 0.45307
0.28201 0.83809 0.20778
0.33650 0.60073 0.19677
0.30945 0.69399 0.22998
0.28255 0.77975 0.27456
0.29458 0.62269 0.38768
0.28212 0.66129 0.40704
0.34017 0.33820 0.45223
0.34125 0.53204 0.25514
0.31929 0.60979 0.27529
0.30466 0.49066 0.45343
0.39021 0.17958 0.38355
0.30718 0.66664 0.26542
0.37606 0.33212 0.28811
0.35093 0.27353 0.46735
0.31190 0.68352 0.22560
0.28810 0.76937 0.24928
0.31934 0.48600 0.40317
0.31516 0.62207 0.28702
0.34431 0.42370 0.34975
0.29004 0.50996 0.50880
0.32920 0.50667 0.32519
0.31517 0.62342 0.27284
0.35036 0.44604 0.29257
0.31998 0.57080 0.30938
0.36916 0.23127 0.42820
0.30633 0.52451 0.42400
0.32481 0.63277 0.21917
0.40004 0.24018 0.27682
0.30307 0.58815 0.37878
0.31686 0.54555 0.34743
0.31258 0.49953 0.41310
0.36032 0.34458 0.35295
0.33645 0.49380 0.31019
0.38780 0.27868 0.29493
0.31637 0.68062 0.20893
0.29905 0.50432 0.47170
0.39406 0.29997 0.24612
0.31198 0.56013 0.36400
0.28422 0.73737 0.30097
0.36606 0.22236 0.44978
0.30623 0.54570 0.40902
0.32686 0.49660 0.34618
0.31742 0.66853 0.21713
0.29411 0.79109 0.19524
0.30618 0.64315 0.29965
0.37702 0.34220 0.28323
0.35943 0.26843 0.43477
0.32374 0.53862 0.31563
0.33878 0.44270 0.36007
0.31161 0.63356 0.28743
0.33563 0.49167 0.31575
0.30158 0.73454 0.21395
0.37003 0.35772 0.29279
0.33581 0.46159 0.34445
0.33296 0.48035 0.34035
0.34603 0.48044 0.29136
0.35765 0.42522 0.29461
0.29768 0.66821 0.30829
0.32353 0.37886 0.48570
0.34211 0.32768 0.45593
0.37134 0.38490 0.26418
0.37025 0.33635 0.31103
0.29725 0.65782 0.34128
0.35701 0.43207 0.28825
0.28411 0.81997 0.20906
0.32456 0.55751 0.30727
0.29359 0.80200 0.18363
0.38945 0.23476 0.33049
0.30704 0.56992 0.36300
0.35509 0.40618 0.30932
0.30662 0.63332 0.29882
0.32045 0.56854 0.30461
0.33457 0.48264 0.32922
0.38572 0.32920 0.24885
0.31441 0.40765 0.49948
0.34786 0.42365 0.33384
0.32426 0.41910 0.44929
0.30586 0.48029 0.46188
0.36803 0.45798 0.19363
0.30089 0.63921 0.32725
0.32609 0.63470 0.20940
0.28374 0.72989 0.32972
0.28640 0.57783 0.46170
0.30689 0.67696 0.25282
0.29101 0.45688 0.55933
0.33136 0.54103 0.29476
0.29407 0.51001 0.49681
0.29426 0.56749 0.42511
0.33449 0.49173 0.31740
0.38769 0.33304 0.23314
0.36868 0.33135 0.33439
0.30864 0.65312 0.27358
0.32499 0.52328 0.34685
0.45004 0.05152 0.23908
0.30372 0.65293 0.29748
0.32661 0.53004 0.31793
0.29529 0.70571 0.28500
0.34665 0.35070 0.41220
0.32740 0.49732 0.34601
0.31645 0.49427 0.40995
0.30972 0.56154 0.36941
0.36256 0.41166 0.28434
0.30613 0.62203 0.30872
0.29560 0.58652 0.40066
0.38595 0.31690 0.27184
0.33912 0.31663 0.47755
0.33331 0.42979 0.38706
0.28826 0.71225 0.30507
0.37148 0.44121 0.19525
0.35601 0.42646 0.29775
0.35802 0.34175 0.36451
0.28925 0.75887 0.25097
0.29249 0.46223 0.54854
0.38292 0.36667 0.22031
0.29028 0.67185 0.33804
0.33113 0.39959 0.43393
0.31606 0.60155 0.30191
0.29495 0.76172 0.22043
0.35935 0.30126 0.40212
0.30639 0.77544 0.14824
0.33307 0.42010 0.39847
0.29027 0.78537 0.21442
0.31532 0.44400 0.46416
0.29345 0.53174 0.47671
0.35618 0.38787 0.32643
0.28849 0.65917 0.37007
0.28449 0.77245 0.25920
0.32839 0.49211 0.35780
0.34677 0.26579 0.49442
0.30239 0.56972 0.40340
0.30645 0.53354 0.42170
0.29903 0.44110 0.53990
0.31987 0.55972 0.32311
0.29439 0.79640 0.18642
0.30632 0.52468 0.42213
0.29125 0.60860 0.40822
0.34119 0.55126 0.23249
0.30300 0.49663 0.46817
0.29756 0.67262 0.31681
0.29103 0.55270 0.46249
0.34033 0.48549 0.31066
0.33756 0.49834 0.31318
0.36085 0.37019 0.31990
0.39115 0.19472 0.36310
0.30502 0.59983 0.34676
0.29288 0.76052 0.24189
0.28931 0.73043 0.28858
0.28800 0.69192 0.34896
0.29428 0.54001 0.46263
0.32736 0.39058 0.45901
0.32984 0.54452 0.28813
0.37210 0.23401 0.41063
0.31460 0.50434 0.39657
0.31162 0.63650 0.27315
0.32527 0.49384 0.37057
0.34213 0.56724 0.20095
0.29134 0.57671 0.42672
0.39989 0.27122 0.24915
0.29143 0.52101 0.49434
0.32489 0.39086 0.47096
0.34786 0.47236 0.28467
0.34559 0.36419 0.40695
0.30401 0.56013 0.39766
0.42442 0.16669 0.24243
0.32646 0.56621 0.27625
0.35075 0.53663 0.19411
0.33709 0.34933 0.45237
0.30707 0.45873 0.48058
0.34680 0.29491 0.46510
