20 19 1000 5901 48
0.51618 0.14030 0.51927
0.01993 0.57298 0.23464
0.96575 0.06106 0.00920
0.72273 0.29689 0.10131
0.85655 0.16892 0.45435
0.52233 0.55475 0.78902
0.39933 0.45575 0.75063
0.89938 0.78270 0.23817
0.57151 0.40374 0.30530
0.04529 0.70530 0.99383
0.66044 0.62846 0.01607
0.40578 0.61537 0.13382
0.70105 0.26625 0.49801
0.32863 0.90514 0.39885
0.58914 0.70106 0.41246
0.45186 0.18960 0.02161
0.74272 0.10264 0.27850
0.93171 0.21605 0.32938
0.65999 0.11986 0.84264
0.43103 0.44944 0.48304
0.60792 0.50331 0.38070
0.66648 0.42156 0.36561
0.52798 0.35761 0.49771
0.64980 0.34046 0.30430
0.60515 0.32915 0.40552
0.53531 0.43185 0.46668
0.48703 0.40387 0.43912
0.58599 0.35433 0.36495
0.62584 0.39569 0.26458
0.59869 0.33698 0.40235
0.56361 0.49972 0.37561
0.63136 0.40415 0.35017
0.58117 0.45161 0.35318
0.60352 0.50562 0.42710
0.62118 0.39444 0.36517
0.47559 0.46766 0.60226
0.56920 0.44055 0.33578
0.50651 0.49081 0.45581
0.58121 0.46520 0.37164
0.51360 0.45038 0.35946
0.44986 0.44434 0.47841
0.60305 0.44987 0.36761
0.62123 0.46732 0.39060
0.59232 0.42264 0.42433
0.58512 0.49010 0.32112
0.64480 0.43897 0.37690
0.56932 0.41955 0.45136
0.57797 0.42706 0.44870
0.56315 0.37417 0.37672
0.50949 0.48159 0.35066
0.58465 0.38181 0.33174
0.53655 0.43200 0.27174
0.59678 0.42017 0.45078
0.60998 0.44901 0.29600
0.66376 0.28494 0.46771
0.58846 0.34469 0.34099
0.46196 0.45230 0.56495
0.53924 0.40297 0.32649
0.61776 0.37879 0.37574
0.56877 0.40307 0.34048
0.46297 0.49356 0.28955
0.62914 0.37260 0.30217
0.62911 0.32209 0.38879
0.53231 0.51366 0.42120
0.54241 0.65293 0.34558
0.60135 0.34850 0.38099
0.69923 0.29027 0.30995
0.54619 0.45621 0.39177
0.66730 0.38741 0.36280
0.62423 0.36404 0.30562
0.55966 0.41812 0.34401
0.55525 0.44922 0.36328
0.58117 0.42516 0.34529
0.47496 0.55011 0.45542
0.62168 0.49831 0.40427
0.57860 0.38761 0.39083
0.61199 0.46521 0.32864
0.42523 0.42259 0.54693
0.58988 0.46836 0.35215
0.58103 0.36046 0.45167
0.62275 0.37935 0.31169
0.43344 0.46364 0.40290
0.56602 0.42783 0.37332
0.64937 0.42871 0.35320
0.45971 0.56621 0.33412
0.49387 0.42191 0.50451
0.63929 0.36142 0.40043
0.52465 0.46436 0.22728
0.62071 0.40480 0.37779
0.50681 0.45115 0.58395
0.57812 0.42528 0.44485
0.51521 0.39384 0.53311
0.43171 0.50674 0.39258
0.58041 0.43754 0.42434
0.64541 0.42346 0.41501
0.63407 0.27805 0.23879
0.56554 0.52641 0.27426
0.51653 0.46261 0.31556
0.62777 0.41480 0.40694
0.66281 0.32504 0.39051
0.70468 0.39324 0.38263
0.61076 0.38112 0.51214
0.64002 0.37876 0.37168
0.62518 0.35257 0.42335
0.62072 0.37292 0.43442
0.61622 0.31302 0.35786
0.68555 0.29745 0.34751
0.61974 0.47237 0.39357
0.66049 0.40074 0.39081
0.56698 0.32263 0.35301
0.70498 0.32347 0.32312
0.46890 0.40939 0.49288
0.56468 0.33118 0.26618
0.47850 0.40601 0.43285
0.61573 0.42392 0.26694
0.61564 0.39104 0.21645
0.54502 0.43619 0.40888
0.51951 0.43979 0.45359
0.53570 0.37690 0.38454
0.66494 0.48266 0.32889
0.46693 0.48916 0.50502
0.63400 0.35928 0.35024
0.51076 0.45522 0.47929
0.59702 0.29733 0.39906
0.49878 0.51735 0.32528
0.50779 0.41960 0.53843
0.60518 0.42165 0.39135
0.65726 0.44168 0.35007
0.59796 0.37521 0.48666
0.60665 0.34411 0.44797
0.56033 0.43419 0.36494
0.69801 0.42292 0.32270
0.62098 0.32430 0.29144
0.48016 0.44770 0.57077
0.61176 0.30842 0.36986
0.56475 0.40653 0.44177
0.56963 0.45951 0.36098
0.61189 0.49740 0.43107
0.45723 0.48241 0.36405
0.60635 0.54243 0.30786
0.46890 0.54952 0.39211
0.65871 0.38228 0.38589
0.56127 0.37218 0.48962
0.57206 0.37393 0.42875
0.49605 0.43661 0.36881
0.63977 0.45073 0.38858
0.63264 0.48449 0.39434
0.58934 0.39464 0.29090
0.47789 0.42954 0.50944
0.59453 0.38350 0.25721
0.57670 0.43569 0.41235
0.57227 0.53667 0.35042
0.56789 0.38530 0.51194
0.51869 0.40690 0.50509
0.52594 0.42724 0.39488
0.61505 0.33093 0.38147
0.63107 0.33326 0.35919
0.62878 0.44180 0.41960
0.59682 0.44563 0.31237
0.59081 0.35084 0.34763
0.53058 0.40024 0.30145
0.58541 0.42237 0.39622
0.66418 0.34984 0.44031
0.57049 0.47177 0.46445
0.60213 0.34643 0.36612
0.53823 0.38839 0.37744
0.58305 0.34652 0.25380
0.58709 0.38650 0.25437
0.62998 0.38264 0.38403
0.56615 0.38311 0.35467
0.61986 0.35517 0.43249
0.63773 0.30574 0.42530
0.53123 0.43603 0.41946
0.58418 0.39254 0.42541
0.52001 0.38960 0.51793
0.54514 0.40892 0.36021
0.66049 0.33967 0.28760
0.65748 0.36346 0.39632
0.52179 0.42997 0.42869
0.64489 0.42512 0.33256
0.57441 0.32509 0.32235
0.68221 0.34227 0.36173
0.53739 0.36576 0.25441
0.60489 0.44174 0.32835
0.58797 0.44790 0.32970
0.67275 0.36223 0.35749
0.52174 0.48998 0.46332
0.60338 0.40310 0.31498
0.62458 0.48626 0.34337
0.62913 0.36116 0.40755
0.59322 0.42160 0.24922
0.58993 0.44604 0.37492
0.60958 0.33661 0.28457
0.47131 0.53350 0.33723
0.53056 0.44146 0.32661
0.60495 0.37350 0.34576
0.53778 0.37797 0.46360
0.64756 0.30633 0.41038
0.60758 0.45886 0.38184
0.50206 0.52336 0.46153
0.54492 0.47804 0.33661
0.39307 0.49751 0.58790
0.63958 0.43454 0.44088
0.55242 0.43570 0.42431
0.57824 0.39102 0.26986
0.59264 0.43891 0.47933
0.66213 0.40512 0.30729
0.62294 0.36267 0.32322
0.59578 0.42742 0.37364
0.61985 0.39934 0.28331
0.64054 0.52788 0.34308
0.65486 0.32097 0.41137
0.66830 0.40299 0.35985
0.56705 0.44005 0.36476
0.52125 0.44259 0.41259
0.62713 0.36123 0.36274
0.67437 0.39487 0.35299
0.60620 0.47176 0.43414
0.59277 0.36950 0.39567
0.54465 0.41718 0.43616
0.53481 0.48524 0.43952
0.73242 0.33835 0.24617
0.57563 0.39863 0.28609
0.54257 0.57729 0.33722
0.56251 0.45174 0.36223
0.53220 0.42481 0.39813
0.66937 0.39495 0.35430
0.62429 0.41051 0.39245
0.65554 0.36414 0.41625
0.57504 0.43514 0.36377
0.58940 0.34649 0.23485
0.64228 0.38770 0.29627
0.58828 0.40876 0.39586
0.54992 0.43183 0.31316
0.59653 0.32960 0.36919
0.56211 0.40773 0.40819
0.53541 0.46238 0.32473
0.64316 0.46915 0.29596
0.57759 0.41952 0.43000
0.56951 0.38502 0.36134
0.54453 0.43163 0.33812
0.54732 0.35038 0.37566
0.73842 0.36890 0.29241
0.54966 0.32196 0.43039
0.60894 0.37737 0.42899
0.59101 0.41207 0.36046
0.49460 0.49037 0.54451
0.55745 0.40790 0.49119
0.61642 0.45620 0.36873
0.56786 0.43819 0.40269
0.53163 0.45654 0.37634
0.64730 0.32667 0.40793
0.66700 0.43617 0.30841
0.63204 0.35724 0.33618
0.59231 0.33859 0.34540
0.55272 0.42065 0.36723
0.65082 0.49641 0.33926
0.64293 0.32926 0.36471
0.54117 0.51805 0.40384
0.64149 0.33197 0.42583
0.61398 0.38276 0.40177
0.53645 0.49296 0.33511
0.61785 0.36218 0.41318
0.57970 0.37218 0.37240
0.50800 0.36614 0.37354
0.51664 0.40986 0.41451
0.61060 0.46600 0.34488
0.57665 0.39923 0.48926
0.64843 0.33268 0.42389
0.57769 0.38869 0.46386
0.61071 0.38095 0.38245
0.55908 0.40182 0.34719
0.53088 0.49873 0.41601
0.66803 0.36324 0.42109
0.62279 0.44817 0.42690
0.53329 0.40101 0.43290
0.65146 0.34935 0.42784
0.52810 0.42438 0.27556
0.62481 0.47094 0.25989
0.51288 0.45799 0.45139
0.56914 0.39618 0.31118
0.58974 0.39022 0.38398
0.65213 0.44188 0.33859
0.59305 0.37394 0.32442
0.54762 0.46805 0.44604
0.47608 0.45404 0.38546
0.63419 0.41558 0.40358
0.57934 0.44866 0.38745
0.49508 0.38072 0.46719
0.62398 0.33789 0.28991
0.57785 0.35455 0.33005
0.61370 0.43794 0.30426
0.51701 0.47358 0.41614
0.58957 0.42050 0.24234
0.51769 0.56942 0.35543
0.53200 0.32184 0.51828
0.55751 0.32881 0.38446
0.57508 0.43635 0.28075
0.46746 0.50087 0.40043
0.50640 0.45492 0.38511
0.58591 0.38331 0.41421
0.58720 0.32590 0.40159
0.62914 0.33431 0.40077
0.55730 0.44573 0.42692
0.62867 0.37117 0.29621
0.54574 0.43366 0.53735
0.58536 0.37206 0.47416
0.60162 0.40089 0.35920
0.58671 0.40005 0.43601
0.70440 0.31873 0.41807
0.54055 0.40739 0.47356
0.67502 0.36812 0.34797
0.59001 0.34221 0.49563
0.50566 0.45303 0.35414
0.58530 0.37601 0.36500
0.59627 0.45531 0.42936
0.64169 0.41092 0.41065
0.56406 0.39787 0.38262
0.52066 0.43150 0.48529
0.58289 0.42155 0.35652
0.64294 0.34718 0.40658
0.57743 0.36126 0.38280
0.56034 0.41883 0.44167
0.64514 0.38759 0.42552
0.57352 0.49845 0.30953
0.54302 0.46051 0.45159
0.55918 0.53988 0.35241
0.55462 0.48003 0.36549
0.58822 0.43861 0.32116
0.64230 0.32183 0.39596
0.61832 0.44538 0.39125
0.66441 0.46452 0.40487
0.51530 0.47217 0.32792
0.50641 0.46587 0.36838
0.56482 0.47599 0.35927
0.54079 0.37143 0.38131
0.59504 0.38371 0.26852
0.67530 0.42708 0.30211
0.61031 0.40467 0.38110
0.55614 0.43807 0.49198
0.52829 0.44640 0.46251
0.60019 0.48690 0.29753
0.48592 0.46824 0.39418
0.61026 0.35259 0.36300
0.65978 0.33716 0.29576
0.49040 0.43746 0.41400
0.52028 0.38503 0.44154
0.61902 0.37714 0.33121
0.54184 0.42687 0.40120
0.53178 0.39076 0.26450
0.60231 0.28293 0.45729
0.53271 0.40246 0.38571
0.50454 0.37069 0.36832
0.57695 0.43154 0.34799
0.60199 0.39489 0.43343
0.49400 0.40796 0.36913
0.63819 0.30706 0.31788
0.57389 0.43744 0.29449
0.54414 0.45870 0.34059
0.56901 0.37652 0.37857
0.64926 0.43532 0.36518
0.69298 0.31059 0.29961
0.56886 0.28843 0.43715
0.56557 0.42253 0.45807
0.58326 0.43482 0.39174
0.63443 0.35483 0.32117
0.54322 0.49075 0.40453
0.64200 0.41651 0.34993
0.64050 0.37698 0.33265
0.56876 0.33641 0.35153
0.56187 0.37821 0.36538
0.69143 0.31591 0.39511
0.59424 0.46097 0.39827
0.52460 0.44160 0.42322
0.54379 0.39168 0.39515
0.55603 0.47027 0.41778
0.60596 0.47695 0.37991
0.62998 0.37223 0.29208
0.59220 0.38284 0.48624
0.55138 0.39445 0.47190
0.63952 0.34811 0.32861
0.56793 0.56614 0.39781
0.63482 0.47573 0.28428
0.51281 0.38171 0.52599
0.58208 0.41402 0.41099
0.61553 0.37561 0.26583
0.52559 0.52515 0.39074
0.58994 0.47935 0.40299
0.52772 0.49058 0.34793
0.62041 0.37757 0.32247
0.59970 0.36040 0.37554
0.53578 0.51840 0.43547
0.58905 0.36005 0.35625
0.60264 0.44528 0.38546
0.57117 0.41600 0.37770
0.52340 0.44507 0.44119
0.60190 0.39167 0.32233
0.63961 0.36043 0.34888
0.56151 0.47356 0.34727
0.55929 0.48409 0.35488
0.54598 0.42974 0.40374
0.63737 0.41553 0.38958
0.49809 0.46425 0.52808
0.65504 0.38421 0.44535
0.53583 0.42600 0.33409
0.57770 0.36304 0.37294
0.61121 0.32214 0.40256
0.65240 0.38664 0.33507
0.53804 0.47295 0.32535
0.53461 0.52666 0.29153
0.61712 0.32627 0.39814
0.58851 0.38712 0.32411
0.61149 0.41295 0.41888
0.62515 0.45672 0.32964
0.54409 0.37454 0.34345
0.53059 0.43767 0.39149
0.66172 0.27399 0.48402
0.55824 0.40802 0.40509
0.54073 0.40332 0.41989
0.65728 0.36448 0.35103
0.60452 0.41363 0.44099
0.60975 0.31841 0.37155
0.53033 0.42495 0.36911
0.59236 0.40347 0.39740
0.57785 0.42863 0.36556
0.50418 0.52915 0.44985
0.57735 0.42437 0.43735
0.61613 0.37639 0.33271
0.61135 0.37157 0.49142
0.64293 0.39505 0.37370
0.52734 0.43587 0.47232
0.57735 0.37540 0.47063
0.64427 0.30202 0.34667
0.67065 0.46148 0.25070
0.67202 0.37770 0.30407
0.61608 0.45776 0.39622
0.54716 0.46003 0.37126
0.56659 0.52472 0.37025
0.44362 0.44331 0.36343
0.53748 0.49632 0.38329
0.51579 0.44742 0.35223
0.50339 0.44028 0.48528
0.56373 0.42824 0.45447
0.51596 0.38213 0.32946
0.44447 0.47218 0.34826
0.61480 0.40220 0.29345
0.58924 0.38271 0.31286
0.53102 0.48022 0.53070
0.61255 0.45342 0.44020
0.60503 0.43786 0.35105
0.67338 0.32014 0.35431
0.61171 0.38305 0.44708
0.59279 0.40430 0.36329
0.64772 0.36213 0.30125
0.64906 0.39078 0.37665
0.64449 0.32004 0.27493
0.59506 0.37612 0.44907
0.52682 0.45167 0.26269
0.59478 0.30071 0.44426
0.52349 0.44130 0.35051
0.65811 0.31417 0.33203
0.60415 0.42381 0.38216
0.58970 0.48103 0.38742
0.58976 0.38154 0.43987
0.56565 0.38890 0.52100
0.53587 0.48769 0.44023
0.63280 0.38465 0.32316
0.56041 0.35964 0.37429
0.55867 0.53319 0.35730
0.51301 0.35813 0.47334
0.58734 0.38931 0.34033
0.55782 0.40806 0.40998
0.55111 0.36965 0.38874
0.60261 0.44293 0.34457
0.48155 0.43804 0.31296
0.51312 0.44140 0.40964
0.60201 0.39412 0.36639
0.61518 0.43549 0.32954
0.52040 0.45263 0.34930
0.67494 0.33647 0.31405
0.54544 0.35839 0.43140
0.57330 0.36133 0.39090
0.57418 0.39582 0.49336
0.70759 0.35374 0.32962
0.60089 0.38356 0.26699
0.49103 0.52368 0.38763
0.56463 0.43912 0.35207
0.60221 0.35922 0.41475
0.59865 0.41208 0.44113
0.57502 0.41096 0.49369
0.64701 0.46992 0.38562
0.48255 0.50876 0.53992
0.54446 0.40234 0.32931
0.64416 0.44033 0.36307
0.41764 0.51799 0.50108
0.49058 0.47710 0.49736
0.63585 0.40896 0.40359
0.55189 0.46799 0.48718
0.56657 0.42092 0.32417
0.62332 0.38194 0.34298
0.64252 0.40553 0.36521
0.52014 0.37118 0.36542
0.55594 0.35395 0.43617
0.59345 0.48813 0.31683
0.53894 0.44800 0.39131
0.51226 0.56765 0.35233
0.70797 0.41910 0.34675
0.57605 0.41002 0.40234
0.58908 0.32943 0.35724
0.43314 0.45112 0.40891
0.60109 0.38254 0.31507
0.60676 0.43327 0.38852
0.52273 0.44406 0.55077
0.54230 0.43866 0.32201
0.62815 0.39114 0.43681
0.63766 0.36498 0.32866
0.73486 0.29415 0.25532
0.53476 0.43314 0.46417
0.62110 0.35149 0.33463
0.51331 0.45720 0.42096
0.66094 0.35959 0.35159
0.58053 0.36970 0.41116
0.56104 0.39311 0.42604
0.63856 0.31201 0.31487
0.60230 0.38058 0.37778
0.60507 0.44284 0.35188
0.52745 0.36894 0.42426
0.46037 0.51261 0.38634
0.60938 0.38078 0.41225
0.68229 0.34195 0.35064
0.57997 0.44143 0.45425
0.58185 0.48679 0.37252
0.56072 0.36166 0.52806
0.60391 0.35733 0.40152
0.53321 0.39903 0.36289
0.53723 0.47531 0.37198
0.54939 0.44529 0.42472
0.54303 0.42427 0.40291
0.44314 0.47247 0.52340
0.55615 0.43040 0.32181
0.63857 0.37292 0.40350
0.50709 0.47743 0.28782
0.62298 0.38083 0.35216
0.48661 0.41252 0.46986
0.53257 0.52757 0.49151
0.52726 0.33532 0.31708
0.56485 0.42145 0.35134
0.61925 0.40895 0.46095
0.54296 0.40240 0.39080
0.61758 0.40263 0.33074
0.53490 0.42886 0.36223
0.59318 0.45994 0.39826
0.53139 0.48001 0.32807
0.58381 0.33166 0.25405
0.64244 0.45105 0.33873
0.56902 0.35706 0.49070
0.53806 0.52394 0.41524
0.61573 0.37977 0.42601
0.58655 0.31569 0.40187
0.56383 0.42373 0.45843
0.67418 0.38010 0.34911
0.56319 0.50103 0.36925
0.60111 0.43669 0.39820
0.51334 0.47684 0.40319
0.59613 0.43240 0.33319
0.73711 0.33798 0.31866
0.48760 0.38945 0.39671
0.43483 0.48847 0.49046
0.62112 0.36221 0.43941
0.55233 0.48460 0.44147
0.64474 0.38012 0.32320
0.56790 0.45809 0.30297
0.56335 0.44512 0.37302
0.66541 0.32108 0.36748
0.53276 0.51783 0.38836
0.56764 0.44214 0.37124
0.60290 0.43105 0.45122
0.60708 0.36007 0.30970
0.55382 0.47232 0.38944
0.64919 0.35572 0.32930
0.68037 0.36653 0.44793
0.63019 0.34730 0.33014
0.50210 0.38215 0.39747
0.57523 0.38446 0.39566
0.54221 0.51635 0.31231
0.57138 0.45315 0.42163
0.55328 0.40569 0.43410
0.62899 0.37446 0.34106
0.52894 0.39935 0.45740
0.64487 0.40270 0.28845
0.52159 0.37831 0.42102
0.55785 0.41834 0.25720
0.52703 0.46568 0.42159
0.53352 0.53538 0.33551
0.58204 0.39960 0.39159
0.43020 0.53368 0.38327
0.54656 0.49360 0.38654
0.53995 0.49323 0.38974
0.60826 0.44852 0.42523
0.58892 0.30951 0.39796
0.50782 0.42266 0.45425
0.64636 0.43128 0.38972
0.60370 0.31972 0.25939
0.56055 0.44194 0.47540
0.55601 0.39540 0.37057
0.59092 0.40892 0.43984
0.59835 0.57339 0.25741
0.55692 0.47751 0.46545
0.55762 0.45581 0.30276
0.46071 0.49586 0.59941
0.63094 0.44422 0.34479
0.52135 0.39385 0.39541
0.52765 0.50406 0.38595
0.65371 0.37149 0.28562
0.58529 0.37396 0.39516
0.63198 0.38100 0.31862
0.46505 0.53340 0.56753
0.56432 0.48984 0.32645
0.65030 0.38934 0.32348
0.60704 0.33188 0.45674
0.43094 0.44135 0.52925
0.51761 0.34719 0.43222
0.58735 0.35439 0.34136
0.62087 0.34037 0.40584
0.66557 0.31113 0.25532
0.64821 0.38038 0.32173
0.53332 0.43682 0.36639
0.64621 0.38384 0.27795
0.65652 0.34824 0.36883
0.58126 0.46793 0.32047
0.56665 0.38442 0.36490
0.63964 0.34566 0.32882
0.54001 0.44134 0.34297
0.65036 0.33628 0.38715
0.66561 0.42448 0.25070
0.61532 0.37468 0.27733
0.75694 0.29420 0.32594
0.55229 0.40970 0.27532
0.55136 0.49959 0.36874
0.55880 0.47804 0.44077
0.60820 0.46064 0.36865
0.57247 0.42222 0.37009
0.56921 0.44936 0.39338
0.56292 0.38963 0.37802
0.55709 0.48915 0.34799
0.59110 0.43551 0.44831
0.52671 0.43874 0.35262
0.60967 0.41661 0.37240
0.52806 0.34351 0.38852
0.54904 0.41594 0.31298
0.53858 0.40291 0.38046
0.54203 0.52917 0.34189
0.57252 0.53708 0.39101
0.57858 0.38549 0.39030
0.45428 0.51482 0.42333
0.60919 0.42480 0.34861
0.53230 0.38137 0.42512
0.60799 0.38152 0.33039
0.56003 0.46030 0.42535
0.66389 0.30241 0.42760
0.52488 0.45553 0.41010
0.54779 0.36124 0.37990
0.61296 0.46737 0.38494
0.61271 0.38243 0.41840
0.59038 0.31223 0.30960
0.61307 0.43738 0.45213
0.33066 0.54769 0.67612
0.59622 0.47775 0.37109
0.63685 0.32591 0.38403
0.70566 0.32792 0.41719
0.53275 0.44797 0.47170
0.55893 0.42704 0.40991
0.57461 0.51491 0.38989
0.57812 0.49472 0.33945
0.58186 0.35337 0.37516
0.54834 0.41220 0.49058
0.58923 0.31496 0.38725
0.69360 0.38676 0.34882
0.58146 0.46990 0.37586
0.56248 0.40484 0.44563
0.65382 0.44694 0.27465
0.55045 0.35244 0.46212
0.69595 0.25069 0.39160
0.60884 0.47413 0.33650
0.58158 0.45391 0.37713
0.48496 0.43170 0.39407
0.69162 0.43131 0.32174
0.56508 0.37139 0.26287
0.48423 0.45137 0.52944
0.61694 0.36686 0.43315
0.49617 0.41299 0.35734
0.52912 0.45415 0.38188
0.57244 0.49270 0.33926
0.55192 0.38037 0.42990
0.59834 0.34440 0.39445
0.55167 0.47813 0.35363
0.53585 0.41671 0.43990
0.53616 0.40935 0.44395
0.65176 0.31181 0.32634
0.55985 0.37851 0.28850
0.66792 0.36916 0.34149
0.53458 0.45420 0.43768
0.54377 0.45755 0.42605
0.66432 0.48210 0.30457
0.54910 0.43120 0.40647
0.52948 0.44279 0.36418
0.55508 0.40880 0.40514
0.56114 0.42654 0.37913
0.56683 0.47275 0.43373
0.72042 0.34949 0.31149
0.69856 0.41979 0.29463
0.55428 0.44632 0.33845
0.59292 0.35403 0.46119
0.62156 0.46821 0.36917
0.60168 0.39832 0.36900
0.64471 0.43043 0.41383
0.50571 0.42462 0.32950
0.42853 0.40953 0.49329
0.61668 0.40783 0.41800
0.50800 0.41462 0.46097
0.69818 0.37730 0.37188
0.51290 0.45816 0.47622
0.59141 0.46082 0.38335
0.46203 0.46361 0.29575
0.61755 0.35897 0.36322
0.49064 0.40091 0.52649
0.59951 0.41567 0.31107
0.51733 0.49315 0.50321
0.44908 0.53239 0.50677
0.68523 0.32514 0.33931
0.54678 0.39409 0.45386
0.52499 0.35004 0.41131
0.56572 0.36392 0.32602
0.60934 0.35679 0.40234
0.65937 0.34496 0.35986
0.59250 0.40055 0.31885
0.54067 0.48321 0.32652
0.65103 0.29968 0.39709
0.61030 0.44430 0.32531
0.55363 0.42376 0.40227
0.63412 0.39980 0.38832
0.62897 0.43212 0.38580
0.62457 0.39932 0.22917
0.66972 0.34076 0.36344
0.61712 0.43177 0.34230
0.58445 0.47674 0.44291
0.62940 0.38956 0.34078
0.58387 0.44158 0.45980
0.48573 0.48510 0.34943
0.59542 0.44131 0.47268
0.56093 0.50604 0.39652
0.67952 0.34021 0.37893
0.56507 0.43265 0.39108
0.63355 0.36230 0.36474
0.76990 0.37733 0.26226
0.58214 0.42177 0.44219
0.65064 0.42777 0.35827
0.60949 0.35644 0.34026
0.60156 0.46508 0.36370
0.55288 0.34597 0.49744
0.56919 0.46943 0.46303
0.61647 0.45502 0.42362
0.56600 0.29395 0.46956
0.55403 0.47043 0.47613
0.52596 0.43350 0.38670
0.56009 0.38274 0.41751
0.58280 0.44833 0.36260
0.52795 0.49724 0.37985
0.50930 0.44971 0.47055
0.57185 0.44616 0.38649
0.66352 0.30783 0.30465
0.55259 0.42514 0.44811
0.51466 0.47571 0.56268
0.61470 0.29624 0.22981
0.62856 0.39837 0.34853
0.58646 0.35825 0.31141
0.64984 0.31960 0.37342
0.66281 0.37817 0.38000
0.52092 0.47648 0.38481
0.57738 0.50755 0.50595
0.53931 0.40061 0.52363
0.60640 0.39394 0.30458
0.61853 0.45790 0.40392
0.64825 0.35846 0.40745
0.61474 0.38131 0.51009
0.51567 0.46516 0.33863
0.59070 0.41793 0.37640
0.51580 0.38004 0.37012
0.53196 0.38270 0.39117
0.70318 0.37674 0.28550
0.63932 0.48140 0.45336
0.65364 0.45784 0.41773
0.52320 0.47978 0.47209
0.62079 0.38092 0.40000
0.47649 0.40249 0.35195
0.61386 0.37355 0.38762
0.51255 0.42757 0.53734
0.62296 0.36960 0.40945
0.53004 0.39546 0.48452
0.59543 0.37576 0.35618
0.68178 0.25770 0.35870
0.53143 0.40924 0.50225
0.59940 0.37356 0.31538
0.59222 0.37086 0.40014
0.57308 0.46074 0.36457
0.57104 0.33942 0.34985
0.62570 0.39245 0.28854
0.59544 0.38247 0.34087
0.64118 0.32249 0.40815
0.60034 0.40591 0.34844
0.61497 0.35085 0.33157
0.59367 0.38775 0.47235
0.60411 0.43877 0.29643
0.52790 0.45517 0.36727
0.60787 0.41894 0.38980
0.55789 0.43945 0.40195
0.64308 0.34306 0.35902
0.55450 0.42080 0.33444
0.67541 0.33395 0.40193
0.65409 0.36995 0.35383
0.41009 0.50147 0.53858
0.46141 0.46500 0.50865
0.60208 0.46360 0.30120
0.62376 0.46999 0.37708
0.58401 0.45863 0.29749
0.50249 0.43269 0.32644
0.63800 0.45889 0.35965
0.66342 0.39530 0.37608
0.59472 0.39519 0.39506
0.66694 0.32941 0.42993
0.61489 0.37081 0.42073
0.52740 0.33150 0.41779
0.51872 0.38070 0.42198
0.54664 0.44762 0.37528
0.63871 0.37040 0.27512
0.51715 0.39250 0.57599
0.54724 0.44199 0.43535
0.52699 0.44681 0.38665
0.50044 0.44531 0.49964
0.57875 0.44638 0.32889
0.55224 0.46857 0.37731
0.57928 0.34687 0.40799
0.52131 0.49467 0.28648
0.61620 0.40984 0.28137
0.55092 0.45494 0.35133
0.34026 0.52746 0.46838
0.41741 0.54624 0.43180
0.55086 0.42866 0.39828
0.62042 0.49963 0.34784
0.64735 0.34366 0.39894
0.49806 0.45029 0.48390
0.60745 0.33404 0.43963
0.64635 0.35923 0.40073
0.63071 0.28683 0.46469
0.66252 0.26875 0.36650
0.62598 0.50658 0.31918
0.61363 0.41422 0.38236
0.50948 0.39556 0.36903
0.57895 0.44113 0.40080
0.62269 0.42280 0.32484
0.49887 0.49709 0.47296
0.58558 0.40227 0.38052
0.53660 0.50131 0.44753
0.58085 0.38770 0.30934
0.52929 0.46098 0.42640
0.58097 0.45764 0.38667
0.63059 0.40308 0.40282
0.56453 0.34516 0.42811
0.60516 0.37351 0.49662
0.53010 0.50149 0.39334
0.59916 0.31959 0.37778
0.59845 0.46017 0.44848
0.57803 0.41803 0.40972
0.50598 0.49564 0.42438
0.50556 0.43517 0.45531
0.47887 0.45891 0.40305
0.51504 0.45811 0.41790
0.58003 0.43606 0.47819
0.64914 0.40742 0.30782
0.62418 0.34554 0.45277
0.56990 0.39717 0.34829
0.65434 0.43683 0.36052
0.55852 0.37419 0.42035
0.53199 0.32756 0.39888
0.62255 0.43065 0.37381
0.56690 0.40420 0.49635
0.59485 0.46547 0.32388
0.50485 0.54667 0.45215
0.49226 0.46512 0.44594
0.53778 0.37924 0.43921
0.61981 0.44229 0.31680
0.46712 0.50254 0.51350
0.57506 0.48506 0.44276
0.54927 0.50732 0.36880
0.68259 0.44446 0.32632
0.52205 0.50858 0.37803
0.53320 0.37942 0.35009
0.61038 0.36649 0.42708
0.57955 0.33564 0.38940
0.70570 0.33390 0.40931
0.65379 0.40640 0.33128
0.54886 0.46747 0.39240
0.53950 0.48044 0.32089
0.58486 0.48740 0.33413
0.64672 0.45070 0.31101
0.49420 0.48313 0.36931
0.52066 0.39363 0.43000
0.55406 0.39856 0.37282
0.61127 0.44786 0.36993
0.61879 0.35970 0.35103
0.50784 0.45082 0.37730
0.56241 0.52822 0.35067
0.61865 0.38198 0.41776
0.62175 0.41668 0.33561
0.59393 0.42760 0.43078
0.53168 0.51897 0.40566
0.56904 0.37424 0.33717
0.64428 0.35888 0.32648
0.54756 0.49609 0.38977
0.52454 0.41248 0.58599
0.66841 0.33562 0.31966
0.62841 0.51823 0.37685
0.57260 0.50331 0.41925
0.53288 0.37985 0.41360
0.51809 0.52943 0.44569
0.63024 0.41595 0.31292
0.54470 0.41193 0.41806
0.67669 0.32137 0.41856
0.63174 0.45405 0.35294
0.61680 0.38366 0.37139
0.63565 0.36895 0.35439
0.57250 0.36305 0.38640
0.61330 0.38622 0.34821
0.62242 0.43655 0.40084
0.47765 0.53846 0.42273
0.53252 0.42446 0.34594
0.57132 0.37467 0.41019
0.61520 0.39608 0.42190
0.67812 0.37907 0.33398
0.63131 0.40296 0.33938
0.58771 0.42380 0.38208
0.56910 0.32633 0.40760
0.59395 0.44153 0.24964
0.59033 0.37987 0.36489
0.59305 0.42577 0.39814
0.54702 0.40299 0.36423
0.55201 0.47781 0.38669
0.64843 0.31685 0.34558
0.60638 0.36338 0.35421
0.56058 0.39301 0.27185
0.49631 0.38040 0.46725
0.57803 0.41481 0.28656
0.59791 0.37328 0.38609
0.61594 0.32632 0.38696
0.56837 0.43640 0.34629
0.53833 0.39472 0.36661
0.60888 0.45832 0.43030
0.62388 0.42954 0.28565
0.61210 0.37720 0.27004
0.62003 0.38077 0.40372
0.56718 0.36098 0.35027
0.65110 0.39187 0.34589
0.67746 0.38940 0.27604
0.48521 0.44076 0.58248
0.55669 0.45649 0.41597
0.57665 0.36393 0.38702
0.62818 0.46059 0.47069
0.63751 0.31968 0.31584
0.62257 0.43071 0.36210
0.56413 0.51700 0.41271
0.60756 0.35742 0.35412
0.48857 0.37329 0.34530
0.59398 0.40578 0.32305
0.52320 0.44696 0.44619
0.54523 0.51350 0.46853
0.43450 0.41389 0.42058
0.63137 0.35478 0.37996
0.57132 0.37385 0.32215
0.62451 0.43464 0.37148
0.64651 0.37162 0.41248
0.53131 0.45667 0.44870
0.56662 0.41699 0.44020
0.40713 0.46432 0.36658
0.45123 0.43784 0.40574
0.53241 0.49424 0.45843
0.59116 0.29621 0.33088
0.50595 0.50771 0.36843
0.54902 0.47865 0.40232
0.61403 0.33454 0.34964
0.57595 0.41234 0.37584
0.62171 0.32346 0.41502
0.60619 0.46991 0.33920
0.53921 0.44785 0.40034
0.55826 0.35062 0.50365
0.56477 0.47721 0.44171
0.58338 0.39433 0.38964
0.53997 0.41357 0.45583
0.54816 0.45339 0.39994
0.55874 0.39886 0.36256
0.56061 0.40304 0.42351
0.56885 0.39094 0.25859
0.57590 0.45893 0.37348
0.59822 0.44463 0.36422
0.59259 0.35880 0.34120
0.59082 0.47484 0.41886
0.58752 0.39340 0.53265
0.43891 0.38674 0.49429
0.57102 0.44836 0.38051
0.65678 0.43757 0.34116
0.58479 0.41109 0.49194
0.51470 0.47188 0.29269
0.62800 0.46541 0.29656
0.64380 0.34247 0.35900
0.45351 0.49833 0.50269
0.48303 0.44360 0.29353
0.62320 0.34330 0.27709
0.62266 0.35231 0.36444
0.62090 0.45734 0.26151
0.58448 0.38502 0.32177
