20 8 1000 8240 94
0.39225 0.57910 0.79882
0.29696 0.67621 0.73873
0.65607 0.01368 0.60189
0.00594 0.78894 0.26530
0.24384 0.03650 0.65376
0.26226 0.39913 0.86351
0.11548 0.58467 0.82492
0.74799 0.37291 0.88956
0.30222 0.52583 0.74401
0.43739 0.24071 0.59485
0.34813 0.49040 0.72089
0.43427 0.30519 0.64900
0.26827 0.55847 0.71089
0.31200 0.38012 0.77216
0.35648 0.45189 0.71154
0.29061 0.40937 0.73390
0.37385 0.30884 0.71647
0.29374 0.45571 0.80651
0.26904 0.53415 0.60861
0.33871 0.49914 0.78949
0.41468 0.42212 0.80002
0.50412 0.42208 0.76805
0.45495 0.42029 0.78236
0.23889 0.55509 0.63156
0.32325 0.54021 0.70255
0.39485 0.47802 0.70870
0.24263 0.43092 0.78516
0.33564 0.36117 0.66541
0.40303 0.48880 0.71568
0.26890 0.35054 0.69938
0.29654 0.35909 0.79123
0.36105 0.36878 0.70453
0.38380 0.50465 0.73425
0.41020 0.25499 0.66251
0.30745 0.33421 0.69775
0.38879 0.48433 0.73531
0.31871 0.50463 0.69470
0.30241 0.29805 0.76268
0.25539 0.53885 0.63982
0.26445 0.52596 0.63783
0.33876 0.35296 0.62636
0.44510 0.39899 0.71624
0.31128 0.46372 0.76078
0.39697 0.42289 0.71309
0.30767 0.56646 0.70264
0.35118 0.42594 0.69646
0.37320 0.51581 0.67286
0.41687 0.29411 0.69179
0.49443 0.42252 0.77395
0.32535 0.52806 0.73713
0.35458 0.32549 0.75587
0.39579 0.45978 0.77898
0.37695 0.46893 0.72099
0.49826 0.38198 0.76697
0.32499 0.48743 0.65531
0.40201 0.50116 0.70262
0.32771 0.45943 0.52713
0.22349 0.43218 0.57469
0.41590 0.37818 0.73337
0.32456 0.57272 0.60339
0.24570 0.35044 0.69390
0.34226 0.34352 0.61329
0.29053 0.44242 0.76798
0.25866 0.36657 0.64683
0.43875 0.46245 0.81258
0.36851 0.55839 0.75565
0.35283 0.35093 0.73187
0.30175 0.35327 0.63864
0.38796 0.41127 0.76633
0.28199 0.51770 0.71213
0.29729 0.30490 0.60474
0.36445 0.41033 0.79887
0.43213 0.32259 0.61817
0.23089 0.43567 0.60299
0.39749 0.45208 0.60605
0.28875 0.53837 0.68973
0.28268 0.41805 0.75480
0.29961 0.41732 0.61698
0.40694 0.32694 0.63983
0.64228 0.39269 0.82625
0.27320 0.56200 0.66701
0.32003 0.48814 0.70624
0.39044 0.46285 0.74883
0.42005 0.44393 0.77498
0.27818 0.60012 0.59204
0.36453 0.32765 0.65980
0.34558 0.43359 0.68118
0.26991 0.49346 0.60622
0.31290 0.52464 0.70441
0.25716 0.38937 0.71774
0.40562 0.37812 0.73500
0.25970 0.58143 0.61931
0.29497 0.33429 0.62210
0.22525 0.57189 0.63056
0.51967 0.34293 0.78038
0.32488 0.46296 0.72755
0.48245 0.39437 0.77694
0.31628 0.42197 0.75169
0.25824 0.34851 0.64708
0.33650 0.41884 0.65067
0.39723 0.36569 0.70455
0.33656 0.56506 0.69280
0.23002 0.41539 0.72077
0.23829 0.50619 0.61891
0.34376 0.49393 0.72076
0.29941 0.23530 0.68360
0.31139 0.49220 0.72585
0.43673 0.26854 0.68317
0.35034 0.37098 0.70753
0.26204 0.54990 0.70709
0.19114 0.53858 0.68743
0.19285 0.54764 0.64589
0.25397 0.58267 0.69649
0.38896 0.36641 0.77798
0.29092 0.40673 0.72812
0.20733 0.44663 0.68401
0.15062 0.56473 0.42768
0.39477 0.27504 0.60773
0.32531 0.47419 0.71445
0.32866 0.37681 0.72522
0.19199 0.60332 0.65620
0.41329 0.37162 0.74680
0.30357 0.49331 0.66643
0.50228 0.46590 0.76059
0.33522 0.31766 0.74371
0.44558 0.30923 0.69754
0.32340 0.28849 0.69708
0.40465 0.28004 0.66554
0.27891 0.41792 0.60316
0.41297 0.38616 0.78716
0.26593 0.58189 0.64217
0.36160 0.28797 0.63085
0.34959 0.43426 0.68258
0.43856 0.36190 0.68138
0.27469 0.36108 0.63186
0.28650 0.50829 0.73866
0.34532 0.44136 0.68174
0.40547 0.40971 0.78521
0.34135 0.46839 0.78704
0.36145 0.44315 0.73285
0.44056 0.21140 0.65469
0.44569 0.47738 0.70004
0.32634 0.44962 0.71658
0.42039 0.22763 0.69992
0.27695 0.35038 0.65101
0.27471 0.47146 0.68829
0.41571 0.45129 0.72036
0.37919 0.39287 0.75255
0.36783 0.41391 0.76438
0.30185 0.46803 0.70145
0.29159 0.36055 0.72149
0.17416 0.50173 0.60597
0.33883 0.49499 0.74199
0.34098 0.46561 0.66156
0.33872 0.51299 0.76819
0.36877 0.43020 0.73594
0.42716 0.50910 0.69641
0.56921 0.38425 0.82276
0.27998 0.50225 0.68730
0.38489 0.31346 0.75740
0.28026 0.30066 0.72847
0.34075 0.43798 0.65171
0.35682 0.51463 0.75487
0.50088 0.29791 0.69419
0.32456 0.46580 0.57424
0.36591 0.38872 0.69813
0.39330 0.43046 0.71005
0.35307 0.31973 0.64277
0.42177 0.49220 0.76608
0.38213 0.33886 0.69263
0.25519 0.55071 0.50676
0.30517 0.45643 0.72729
0.31259 0.48235 0.70846
0.43676 0.40920 0.73691
0.27796 0.46382 0.63920
0.40203 0.31381 0.67993
0.32024 0.52106 0.72407
0.44313 0.50635 0.73540
0.25015 0.48997 0.75760
0.37608 0.41871 0.66728
0.25572 0.43534 0.68280
0.28380 0.47366 0.63290
0.24874 0.58675 0.66427
0.36607 0.43357 0.67733
0.40083 0.48888 0.73954
0.28490 0.50160 0.63894
0.30965 0.36332 0.77413
0.33856 0.51284 0.75574
0.32615 0.55064 0.77095
0.48479 0.38589 0.77770
0.47864 0.41665 0.82807
0.38450 0.38705 0.74924
0.22763 0.47421 0.68039
0.21458 0.53808 0.81228
0.37028 0.56018 0.69016
0.28869 0.50277 0.70463
0.45476 0.32980 0.74541
0.38339 0.38845 0.74452
0.28545 0.34605 0.63406
0.29782 0.49876 0.59882
0.39558 0.31634 0.75842
0.34490 0.20027 0.71503
0.30539 0.41453 0.63099
0.35164 0.39783 0.65355
0.35146 0.34459 0.72931
0.37520 0.26252 0.69742
0.27209 0.60349 0.72762
0.28087 0.44351 0.61715
0.50511 0.32946 0.71435
0.33173 0.42069 0.74207
0.33893 0.47143 0.75993
0.20851 0.44402 0.62858
0.37384 0.46074 0.78831
0.28202 0.48567 0.70747
0.35233 0.24716 0.70749
0.32190 0.36660 0.62719
0.19668 0.50436 0.56097
0.38818 0.32303 0.58458
0.25412 0.39508 0.75986
0.30036 0.47679 0.73037
0.14939 0.66626 0.51687
0.36501 0.34991 0.74641
0.41395 0.46559 0.75783
0.38543 0.22458 0.68933
0.29010 0.40988 0.74146
0.33325 0.41413 0.69826
0.42919 0.39346 0.70106
0.28642 0.37497 0.59338
0.19762 0.47606 0.74161
0.27047 0.47781 0.61868
0.26614 0.39005 0.74409
0.28010 0.36193 0.72599
0.28508 0.58345 0.63516
0.34778 0.49848 0.71881
0.39659 0.33413 0.68946
0.34916 0.48975 0.72472
0.32814 0.34941 0.57913
0.25291 0.57102 0.67200
0.29800 0.46110 0.56181
0.29543 0.41235 0.73861
0.18863 0.58432 0.56435
0.36773 0.49653 0.74349
0.41851 0.40916 0.68432
0.39823 0.24293 0.70023
0.34613 0.50618 0.78576
0.43918 0.50575 0.78500
0.28953 0.44688 0.77863
0.36572 0.34305 0.70189
0.36191 0.49331 0.68591
0.36811 0.44409 0.73238
0.24666 0.52785 0.63450
0.27326 0.39661 0.64052
0.40829 0.40477 0.75713
0.23234 0.56274 0.51828
0.35594 0.43082 0.75658
0.36320 0.48666 0.71440
0.13572 0.62627 0.42916
0.30319 0.51096 0.73032
0.38779 0.37907 0.74297
0.27682 0.59689 0.70581
0.26557 0.43674 0.77635
0.37927 0.30409 0.73072
0.32694 0.40606 0.63659
0.45020 0.38096 0.73680
0.44040 0.43042 0.80506
0.48457 0.25744 0.70287
0.38900 0.39521 0.75020
0.41500 0.31471 0.65334
0.28424 0.35038 0.76201
0.37074 0.39576 0.79708
0.27718 0.25168 0.70607
0.50339 0.40474 0.76299
0.30248 0.48989 0.70164
0.48175 0.43635 0.73288
0.22555 0.52504 0.57918
0.28406 0.47058 0.76379
0.35966 0.36347 0.72449
0.29372 0.45832 0.80915
0.27083 0.44202 0.71826
0.15288 0.56975 0.54194
0.51509 0.41451 0.79088
0.39815 0.32652 0.75211
0.31681 0.47232 0.67266
0.24703 0.56071 0.56365
0.33928 0.48365 0.77822
0.36174 0.41559 0.70264
0.28549 0.41610 0.61789
0.42470 0.42231 0.77788
0.49072 0.18609 0.67831
0.26404 0.42455 0.75612
0.22731 0.51558 0.74759
0.28683 0.42509 0.72075
0.40205 0.49596 0.71390
0.29658 0.56358 0.72591
0.41060 0.33170 0.69758
0.44799 0.43167 0.78918
0.38971 0.34981 0.61511
0.40072 0.38928 0.74070
0.41042 0.31137 0.63694
0.54747 0.41688 0.81261
0.27978 0.36920 0.65825
0.33147 0.49511 0.75571
0.31113 0.43127 0.77138
0.30905 0.48220 0.68387
0.43864 0.39360 0.81000
0.39328 0.42880 0.71366
0.27711 0.51635 0.77518
0.24254 0.60602 0.69193
0.34639 0.48017 0.74975
0.32082 0.40495 0.53252
0.34440 0.46073 0.76444
0.35334 0.41222 0.70066
0.34528 0.43037 0.74121
0.26278 0.53917 0.58428
0.33069 0.46264 0.79726
0.36393 0.46776 0.73307
0.23879 0.54473 0.58279
0.31734 0.36121 0.65024
0.23844 0.42316 0.70256
0.30150 0.38149 0.67462
0.23429 0.55533 0.62084
0.43441 0.38658 0.77430
0.26617 0.51704 0.61585
0.51773 0.33703 0.73247
0.41191 0.38044 0.66871
0.31897 0.43724 0.71906
0.21920 0.53999 0.54051
0.30066 0.50399 0.70497
0.23059 0.49961 0.65459
0.56644 0.25984 0.71541
0.31055 0.48014 0.72084
0.46392 0.43613 0.78337
0.36013 0.41335 0.71911
0.41580 0.32362 0.65662
0.42182 0.37230 0.64894
0.37769 0.43209 0.69651
0.32937 0.38347 0.73734
0.22404 0.53111 0.49483
0.38555 0.43835 0.76193
0.30027 0.39418 0.68945
0.20571 0.61331 0.50783
0.31420 0.44503 0.71925
0.31798 0.53624 0.77588
0.40276 0.32605 0.65224
0.25529 0.34781 0.71146
0.30531 0.49784 0.67151
0.45784 0.35902 0.70054
0.57153 0.35312 0.76674
0.24353 0.51804 0.76029
0.45998 0.34453 0.68305
0.36666 0.44502 0.74033
0.40065 0.32304 0.72299
0.41415 0.39105 0.66970
0.29311 0.48192 0.56716
0.32287 0.45057 0.77187
0.44586 0.32881 0.69817
0.28463 0.49222 0.76034
0.39655 0.31672 0.72606
0.31428 0.44449 0.79023
0.45250 0.45914 0.72868
0.43739 0.45522 0.79138
0.23750 0.45058 0.72181
0.30135 0.36936 0.68835
0.27867 0.42585 0.74827
0.36218 0.32914 0.66407
0.35601 0.51531 0.78481
0.38516 0.33045 0.69253
0.45033 0.47712 0.72868
0.24167 0.56185 0.65790
0.45483 0.36307 0.81606
0.27692 0.49039 0.65819
0.31697 0.43193 0.76170
0.47040 0.33366 0.72029
0.41287 0.54449 0.72382
0.45796 0.34265 0.75913
0.31658 0.47767 0.56683
0.30430 0.46687 0.69622
0.23724 0.54716 0.78622
0.53452 0.37190 0.75940
0.49883 0.50142 0.79825
0.25042 0.54235 0.67831
0.32677 0.43289 0.72151
0.27110 0.42536 0.73218
0.31883 0.42435 0.73018
0.37035 0.52403 0.72673
0.23532 0.39585 0.70111
0.43281 0.29806 0.66888
0.18652 0.49787 0.58358
0.42260 0.41339 0.73522
0.27790 0.42953 0.72480
0.24771 0.48837 0.62098
0.31680 0.38028 0.78427
0.15976 0.55202 0.58206
0.30758 0.59041 0.68399
0.26645 0.43369 0.69395
0.24857 0.47178 0.67905
0.46008 0.37329 0.78873
0.33907 0.45125 0.65875
0.46107 0.45715 0.70162
0.37300 0.33584 0.78488
0.31534 0.49061 0.69535
0.37111 0.48305 0.79725
0.23786 0.51531 0.67540
0.29535 0.39562 0.74940
0.30915 0.43383 0.68936
0.28317 0.55165 0.67006
0.28239 0.51538 0.66342
0.29391 0.40335 0.76432
0.32394 0.42687 0.76250
0.28505 0.45836 0.76658
0.38721 0.37723 0.74666
0.31990 0.35140 0.77018
0.47378 0.37070 0.73740
0.41589 0.41960 0.79388
0.35835 0.42581 0.65941
0.33403 0.45065 0.73057
0.34914 0.38491 0.67060
0.36321 0.39123 0.73129
0.36855 0.45056 0.76179
0.34791 0.50078 0.71451
0.45054 0.43283 0.82920
0.54321 0.33043 0.80951
0.38141 0.42569 0.73200
0.45011 0.35852 0.64508
0.29335 0.26711 0.73958
0.39353 0.39947 0.65453
0.34579 0.49739 0.68553
0.31329 0.23932 0.73017
0.43179 0.25374 0.70256
0.27134 0.59094 0.71047
0.30171 0.47063 0.71124
0.26451 0.51560 0.76168
0.28578 0.48497 0.76628
0.29244 0.28902 0.62901
0.47909 0.43738 0.81668
0.45730 0.40093 0.70777
0.21176 0.43063 0.58225
0.19216 0.56513 0.54616
0.21882 0.49983 0.62379
0.51688 0.22866 0.69784
0.29738 0.35533 0.66184
0.34258 0.40621 0.71251
0.26378 0.55896 0.66951
0.30840 0.42004 0.74327
0.32764 0.43511 0.71044
0.40353 0.49407 0.76917
0.46150 0.24615 0.58520
0.35941 0.46691 0.76169
0.32466 0.37583 0.77982
0.26921 0.39035 0.60902
0.30289 0.28624 0.71395
0.27749 0.55364 0.69989
0.29456 0.52580 0.63805
0.29458 0.53511 0.77175
0.31492 0.40755 0.64634
0.36592 0.44455 0.72214
0.43101 0.26945 0.70430
0.43304 0.44027 0.74341
0.41747 0.43527 0.76032
0.34497 0.30301 0.74999
0.31505 0.48826 0.69459
0.24493 0.52797 0.58980
0.20804 0.53831 0.63802
0.41949 0.41864 0.78815
0.43014 0.42231 0.70681
0.21605 0.54876 0.73285
0.32874 0.42786 0.66025
0.30140 0.44233 0.66946
0.32600 0.50700 0.73547
0.37512 0.34924 0.68015
0.41014 0.44465 0.81464
0.43806 0.41955 0.75708
0.27792 0.43811 0.70229
0.26986 0.54461 0.62689
0.38809 0.47980 0.81715
0.32492 0.36835 0.60308
0.27061 0.52717 0.71112
0.29668 0.51320 0.72111
0.30386 0.36365 0.77179
0.32322 0.50856 0.66316
0.37343 0.46591 0.77097
0.17708 0.59040 0.56298
0.33813 0.35312 0.69331
0.44608 0.28587 0.64980
0.35520 0.48543 0.75641
0.41203 0.39321 0.76928
0.28115 0.41985 0.76946
0.40050 0.40546 0.65016
0.38584 0.47774 0.80387
0.40906 0.47419 0.73105
0.31891 0.38770 0.73416
0.28454 0.41449 0.73112
0.31898 0.54310 0.62313
0.34241 0.43961 0.78865
0.25743 0.48254 0.63577
0.31178 0.24426 0.68624
0.37713 0.36742 0.74411
0.22799 0.57970 0.64693
0.16733 0.58176 0.53113
0.33252 0.33683 0.68733
0.39963 0.43701 0.72908
0.23168 0.47769 0.62444
0.24311 0.48496 0.69444
0.18511 0.56555 0.55725
0.33804 0.45247 0.67287
0.33015 0.49594 0.65003
0.27329 0.51670 0.68877
0.33009 0.46934 0.75572
0.53382 0.32974 0.73796
0.38747 0.49578 0.73823
0.22286 0.48530 0.75208
0.21336 0.58431 0.47904
0.28794 0.45473 0.69928
0.41980 0.43737 0.76738
0.21200 0.56615 0.65243
0.31240 0.51919 0.79827
0.37871 0.35807 0.71993
0.23845 0.55778 0.68549
0.39524 0.47914 0.72094
0.24146 0.45745 0.71139
0.34816 0.45914 0.71140
0.36475 0.45509 0.66535
0.27940 0.47618 0.61555
0.41010 0.43879 0.70217
0.45762 0.39686 0.70238
0.39084 0.43026 0.81632
0.32927 0.49575 0.72137
0.27157 0.47120 0.76535
0.44635 0.39544 0.73292
0.33642 0.34063 0.69514
0.23495 0.49990 0.61669
0.35270 0.43734 0.73577
0.35540 0.48127 0.77779
0.27135 0.27601 0.65943
0.43758 0.41818 0.77403
0.29358 0.47511 0.75856
0.29857 0.26369 0.70066
0.37661 0.31473 0.75516
0.32232 0.48479 0.73969
0.29164 0.47138 0.73065
0.33819 0.45103 0.76631
0.41467 0.32623 0.71806
0.25761 0.39961 0.68846
0.43012 0.27119 0.72858
0.38879 0.40662 0.77587
0.30179 0.41622 0.73650
0.35353 0.37004 0.73761
0.27901 0.48216 0.65010
0.38890 0.42682 0.79790
0.38491 0.46758 0.74509
0.23200 0.59745 0.64858
0.35739 0.53672 0.73271
0.35665 0.33809 0.66608
0.30029 0.43867 0.75147
0.26082 0.51979 0.64629
0.43645 0.26730 0.66797
0.38078 0.43518 0.77580
0.40493 0.34328 0.75209
0.35279 0.36617 0.69679
0.26229 0.43883 0.74072
0.30975 0.39184 0.66803
0.28128 0.57163 0.67284
0.33415 0.46873 0.69603
0.44357 0.34872 0.66410
0.28356 0.50808 0.68960
0.48029 0.45982 0.78963
0.22008 0.42974 0.58789
0.28144 0.43620 0.74877
0.33868 0.27413 0.72573
0.30032 0.45913 0.57531
0.25065 0.52200 0.69017
0.39718 0.39995 0.74776
0.37187 0.52399 0.76618
0.44060 0.26059 0.65273
0.30917 0.34147 0.73580
0.39110 0.21068 0.67886
0.55652 0.32377 0.74765
0.36553 0.53088 0.74371
0.33671 0.43148 0.76086
0.34029 0.35553 0.71965
0.36067 0.46114 0.69368
0.29450 0.50445 0.67682
0.26582 0.45548 0.60811
0.35174 0.45221 0.70206
0.40884 0.47162 0.77514
0.31635 0.43739 0.73131
0.32795 0.34489 0.75500
0.27168 0.43987 0.77081
0.38433 0.41478 0.70451
0.33319 0.55492 0.71982
0.39002 0.38941 0.69675
0.30496 0.34525 0.65601
0.41661 0.30699 0.76473
0.32003 0.50808 0.71986
0.35617 0.39830 0.71805
0.15854 0.61628 0.43562
0.37103 0.20516 0.67978
0.40724 0.49630 0.73561
0.20552 0.47334 0.73383
0.28359 0.49365 0.76717
0.24576 0.53142 0.69487
0.30556 0.23160 0.68761
0.30997 0.47780 0.77306
0.35723 0.49961 0.75440
0.32928 0.37324 0.79642
0.31330 0.46026 0.74008
0.35680 0.43514 0.63491
0.43832 0.39343 0.76209
0.32369 0.50644 0.73957
0.40648 0.37024 0.64671
0.40771 0.33045 0.70849
0.40399 0.26924 0.66705
0.46614 0.41018 0.75784
0.29582 0.42619 0.67764
0.33658 0.31197 0.58601
0.36634 0.46847 0.74223
0.25003 0.52603 0.61622
0.37705 0.43813 0.65895
0.21663 0.58086 0.74437
0.32120 0.44833 0.67446
0.29680 0.45121 0.63116
0.37554 0.26627 0.72884
0.31180 0.43530 0.64125
0.30584 0.51875 0.73213
0.23983 0.47628 0.75709
0.43608 0.32090 0.74663
0.34848 0.49625 0.74889
0.35386 0.50774 0.76192
0.32760 0.37888 0.65464
0.18642 0.65361 0.51773
0.44263 0.46787 0.75709
0.44158 0.34500 0.67707
0.36089 0.40395 0.72692
0.35945 0.47297 0.70673
0.38964 0.33280 0.71221
0.34827 0.48730 0.76178
0.36326 0.40352 0.73760
0.40374 0.36864 0.65380
0.43099 0.44354 0.75438
0.41970 0.38484 0.72493
0.36222 0.44679 0.75767
0.36649 0.31084 0.68552
0.45848 0.36209 0.75810
0.37582 0.32404 0.73560
0.28693 0.52630 0.67282
0.33501 0.43744 0.75605
0.39279 0.34130 0.69583
0.29617 0.44104 0.74131
0.24653 0.45590 0.73991
0.29165 0.52961 0.65248
0.44498 0.21679 0.69924
0.27527 0.48814 0.76364
0.45336 0.42235 0.68376
0.37579 0.48538 0.66629
0.35948 0.42190 0.70162
0.31115 0.51302 0.76385
0.30240 0.44225 0.77356
0.29190 0.22150 0.71528
0.40960 0.49904 0.81532
0.28671 0.32586 0.77348
0.29096 0.33654 0.70010
0.48138 0.49219 0.73423
0.16844 0.58394 0.52274
0.52957 0.42563 0.75775
0.49507 0.31210 0.70027
0.44219 0.45323 0.79230
0.31554 0.41443 0.72954
0.45502 0.41709 0.76202
0.28992 0.51614 0.68052
0.26306 0.47576 0.52909
0.27545 0.44072 0.72430
0.26401 0.35478 0.73013
0.32517 0.58870 0.73648
0.32470 0.45763 0.65773
0.28762 0.38098 0.76178
0.35242 0.51833 0.69102
0.39649 0.49411 0.75204
0.19812 0.47741 0.54637
0.29410 0.50652 0.71446
0.32740 0.49612 0.69565
0.33191 0.44295 0.60019
0.28829 0.58916 0.74275
0.29860 0.43033 0.72817
0.53872 0.33308 0.73496
0.26155 0.26831 0.74452
0.41661 0.32955 0.73471
0.40055 0.33690 0.75019
0.27211 0.47053 0.75625
0.27044 0.53198 0.66343
0.15629 0.60638 0.61965
0.19938 0.55659 0.55448
0.32460 0.45939 0.79070
0.37861 0.29178 0.69215
0.33253 0.44017 0.66344
0.39102 0.46566 0.73100
0.32501 0.49632 0.68841
0.33066 0.44866 0.75066
0.26934 0.46797 0.58597
0.45518 0.40983 0.77570
0.32998 0.37580 0.75974
0.27575 0.52401 0.66122
0.28411 0.50238 0.69275
0.25862 0.22225 0.66489
0.31706 0.33604 0.71650
0.43756 0.35362 0.69473
0.42510 0.38553 0.74132
0.35008 0.39584 0.66896
0.16293 0.65836 0.54413
0.33409 0.38114 0.79461
0.36318 0.33716 0.70819
0.42151 0.24692 0.67177
0.26534 0.58756 0.65577
0.38396 0.37168 0.77770
0.35571 0.43982 0.78062
0.13452 0.65247 0.51156
0.52820 0.37686 0.78633
0.28713 0.45067 0.75409
0.24356 0.53593 0.64745
0.44765 0.49039 0.76520
0.18236 0.56447 0.55097
0.22272 0.52253 0.71419
0.39468 0.45229 0.64933
0.46869 0.32053 0.70639
0.25267 0.38855 0.66011
0.32904 0.47668 0.64432
0.17077 0.54073 0.53181
0.43886 0.37066 0.79344
0.41034 0.32352 0.75901
0.42638 0.47567 0.74256
0.41432 0.28171 0.68176
0.36318 0.48613 0.67044
0.23044 0.57846 0.60977
0.41178 0.31648 0.75121
0.25247 0.32645 0.75227
0.17834 0.60620 0.57325
0.23143 0.57898 0.51421
0.55120 0.31276 0.75153
0.29160 0.34392 0.72382
0.37160 0.35636 0.69108
0.36142 0.40030 0.75450
0.41388 0.35147 0.76055
0.32107 0.38190 0.68422
0.24964 0.54698 0.64812
0.29056 0.51328 0.81138
0.24617 0.42724 0.78260
0.32874 0.51397 0.70695
0.36482 0.36589 0.65412
0.23260 0.43134 0.74278
0.42472 0.39222 0.72689
0.49270 0.42695 0.77257
0.27640 0.55997 0.61582
0.52847 0.37726 0.80346
0.27307 0.35610 0.72548
0.36393 0.43340 0.81423
0.31941 0.50749 0.77503
0.32370 0.39979 0.68917
0.41323 0.36449 0.72169
0.39481 0.43898 0.67723
0.28564 0.50909 0.78453
0.35508 0.38919 0.73204
0.36014 0.50015 0.75684
0.51204 0.28776 0.69477
0.23573 0.47990 0.72439
0.34363 0.46767 0.80900
0.34953 0.43180 0.69000
0.32356 0.57480 0.71131
0.22628 0.49777 0.62259
0.51404 0.27333 0.69931
0.35519 0.46661 0.66941
0.33658 0.40013 0.77479
0.14016 0.55108 0.62425
0.26205 0.32804 0.68345
0.40061 0.42710 0.73913
0.21671 0.43299 0.66679
0.28810 0.42314 0.64693
0.21944 0.52094 0.65453
0.30943 0.35790 0.72504
0.33579 0.34930 0.66778
0.25018 0.45054 0.77322
0.42503 0.45853 0.79813
0.28979 0.46992 0.81058
0.32738 0.48975 0.69017
0.41519 0.43048 0.78489
0.42664 0.48453 0.78925
0.31980 0.48300 0.70760
0.25011 0.47730 0.55475
0.33301 0.33122 0.71009
0.40532 0.33998 0.67963
0.36951 0.47033 0.81049
0.34471 0.41809 0.67358
0.23182 0.55667 0.53936
0.28264 0.52037 0.55531
0.23048 0.59614 0.70136
0.32684 0.34584 0.65600
0.36295 0.50404 0.74609
0.26897 0.29292 0.69140
0.28898 0.49423 0.71943
0.41169 0.39505 0.77048
0.35552 0.50997 0.74684
0.34146 0.41581 0.80950
0.23336 0.50871 0.73762
0.20418 0.50030 0.75513
0.25279 0.56521 0.58343
0.38674 0.43274 0.78606
0.55745 0.21257 0.71656
0.42289 0.33352 0.68888
0.43820 0.42679 0.77160
0.26392 0.41300 0.68838
0.32846 0.35010 0.72875
0.41479 0.36821 0.66355
0.25864 0.51169 0.60544
0.33816 0.34746 0.75546
0.30037 0.49384 0.74345
0.25314 0.54716 0.58179
0.36233 0.49966 0.78408
0.41027 0.32586 0.70670
0.49870 0.29262 0.76162
0.28798 0.52322 0.67218
0.41671 0.25994 0.57868
0.27152 0.56597 0.63436
0.41735 0.35437 0.63871
0.42537 0.41213 0.82981
0.28384 0.42185 0.66700
0.44268 0.36781 0.74013
0.30713 0.37330 0.66392
0.32257 0.49952 0.64533
0.33165 0.44178 0.65199
0.41344 0.36133 0.69434
0.36381 0.47599 0.73221
0.31226 0.45824 0.78310
0.34930 0.39407 0.71388
0.20944 0.44144 0.71518
0.25575 0.43507 0.72405
0.39011 0.46300 0.82513
0.22504 0.41498 0.58621
0.32475 0.54439 0.66857
0.36835 0.32844 0.65577
0.29187 0.32919 0.67512
0.23637 0.33806 0.62974
0.49169 0.35801 0.75746
0.32944 0.45069 0.61160
0.25512 0.54749 0.74958
0.43561 0.31327 0.66666
0.27099 0.51290 0.69208
0.33336 0.33215 0.66448
0.27076 0.51827 0.56444
0.36630 0.45190 0.69158
0.33306 0.46593 0.69107
0.18426 0.44013 0.73730
0.34857 0.46895 0.73369
0.27847 0.45635 0.74491
0.42920 0.46210 0.70190
0.24496 0.53272 0.76644
0.31123 0.36146 0.67125
0.17456 0.56458 0.65705
0.21961 0.38844 0.67526
0.28337 0.35792 0.70359
0.60565 0.29685 0.74562
0.29896 0.29974 0.72883
0.41740 0.33820 0.61564
0.29744 0.42793 0.71346
0.46892 0.41965 0.78153
0.38237 0.46311 0.67758
0.31845 0.43053 0.74133
0.40441 0.48111 0.81459
0.37392 0.41395 0.80287
0.20089 0.56358 0.57059
0.26680 0.52801 0.70090
0.41118 0.32702 0.68349
0.33471 0.44947 0.74025
0.42915 0.48532 0.81936
0.27482 0.46373 0.69044
0.41203 0.29817 0.72819
0.22059 0.41582 0.57045
0.49987 0.18437 0.68684
0.29351 0.39248 0.67063
0.24919 0.47618 0.74370
0.15384 0.62398 0.50805
0.38853 0.25825 0.71222
0.29232 0.52106 0.63158
0.30875 0.48079 0.67296
0.41589 0.36549 0.69591
0.31771 0.48714 0.80541
0.38145 0.40370 0.73062
0.30820 0.48829 0.64530
0.41271 0.51338 0.72750
0.32793 0.49530 0.66762
0.34871 0.45881 0.74831
0.31029 0.50527 0.70269
0.39055 0.52086 0.70838
0.20442 0.48567 0.77106
0.29502 0.51149 0.75860
0.38558 0.37906 0.74409
0.15039 0.55617 0.53855
0.44640 0.46701 0.78507
0.27356 0.44686 0.75272
0.27228 0.53658 0.51842
0.25881 0.53337 0.61604
0.27654 0.56237 0.64171
0.30458 0.49473 0.68355
0.28592 0.44225 0.69158
0.31308 0.40864 0.66730
0.37473 0.43846 0.73970
0.28194 0.44940 0.69799
0.30999 0.47631 0.69413
0.42137 0.40963 0.66848
0.35431 0.40743 0.75342
0.28251 0.44696 0.64797
0.33414 0.54157 0.75244
0.37786 0.55250 0.74045
0.49755 0.19696 0.65441
0.35870 0.34884 0.70292
0.36289 0.34519 0.70241
0.23003 0.36954 0.63021
0.32600 0.38494 0.68714
0.25495 0.34550 0.60995
0.35302 0.53769 0.70457
0.22269 0.36433 0.65918
0.42822 0.45118 0.77123
0.28930 0.61693 0.58678
0.47479 0.35957 0.69235
0.28421 0.39837 0.60969
0.36502 0.41357 0.72632
0.35303 0.37837 0.69645
0.30944 0.52148 0.66782
0.34590 0.35869 0.77866
0.28667 0.53736 0.68685
0.40594 0.35058 0.76095
0.22604 0.52098 0.58613
0.35742 0.43608 0.80585
0.40075 0.40760 0.76853
0.31157 0.51014 0.60336
0.33342 0.47017 0.66336
0.32401 0.35768 0.65113
0.39663 0.40702 0.65079
0.29001 0.36818 0.69759
0.29414 0.50266 0.49065
0.24799 0.30563 0.65855
0.35546 0.43477 0.69468
0.35988 0.49873 0.68279
0.44334 0.45777 0.73043
0.30855 0.55520 0.66300
0.37937 0.39191 0.67556
0.37880 0.45479 0.77019
0.29476 0.42964 0.72660
0.28194 0.58198 0.63043
0.42661 0.47357 0.78866
0.35648 0.45928 0.72315
0.31940 0.49466 0.72581
0.37931 0.44535 0.76108
0.57362 0.36696 0.79052
0.11514 0.68325 0.44475
0.35233 0.49286 0.73117
0.34991 0.59272 0.72919
0.35519 0.44454 0.67250
0.20597 0.61698 0.56752
0.23184 0.54000 0.52979
0.33956 0.35562 0.62023
0.32565 0.51632 0.70498
0.30605 0.49617 0.60407
0.32068 0.42020 0.63650
0.30391 0.57165 0.67340
0.20074 0.49261 0.72032
0.37190 0.41065 0.73444
0.36477 0.36572 0.68868
0.45628 0.38988 0.69086
0.27249 0.44992 0.76105
0.39110 0.33175 0.73932
0.26438 0.48496 0.65850
0.27911 0.42449 0.69333
0.25096 0.54426 0.70609
0.17200 0.54074 0.52276
0.40408 0.26861 0.73911
0.49676 0.31396 0.72707
0.30838 0.44138 0.67541
0.43726 0.38441 0.74876
0.36215 0.36237 0.64351
0.32960 0.48876 0.72221
0.28481 0.41610 0.74138
0.39224 0.48783 0.72873
0.32279 0.50475 0.73323
0.21403 0.48031 0.71713
0.24835 0.60441 0.64073
0.46165 0.40003 0.71654
0.26347 0.50957 0.61988
0.40898 0.34945 0.76882
0.26684 0.48537 0.79167
0.19464 0.58370 0.56452
0.28745 0.53557 0.56153
0.39083 0.46789 0.75841
0.34535 0.38700 0.73953
0.33096 0.46217 0.59211
0.19778 0.62101 0.63887
0.46743 0.23455 0.69487
0.44001 0.35494 0.69857
0.26602 0.56580 0.58334
0.47637 0.40391 0.73438
0.34507 0.41023 0.79640
0.36127 0.33315 0.78916
0.37207 0.43748 0.80807
0.38552 0.54599 0.72942
0.39598 0.36573 0.77569
0.34009 0.46081 0.76831
0.49339 0.30861 0.68080
0.29018 0.42494 0.73473
0.26429 0.47200 0.68447
0.38451 0.49386 0.72364
0.33997 0.34236 0.72916
