20 5 1000 7787 3295
0.38148 0.86046 0.07491
0.33524 0.68868 0.66903
0.89233 0.72830 0.66104
0.86361 0.27055 0.63648
0.49446 0.64346 0.61681
0.80470 0.52347 0.63490
0.49967 0.68264 0.61441
0.67868 0.46766 0.60993
0.70509 0.67768 0.64255
0.80980 0.39401 0.63835
0.57869 0.65790 0.51384
0.68522 0.60766 0.54968
0.68506 0.71936 0.48698
0.67530 0.44781 0.61993
0.64517 0.54429 0.55006
0.58933 0.58282 0.45264
0.42206 0.70798 0.46764
0.70018 0.48408 0.55451
0.47637 0.63073 0.60627
0.61148 0.69174 0.50105
0.67401 0.70465 0.50667
0.69769 0.51390 0.60421
0.68462 0.58446 0.59547
0.53047 0.63575 0.59708
0.74396 0.65577 0.60916
0.45605 0.72459 0.36273
0.56125 0.71238 0.55273
0.50744 0.63933 0.47943
0.55626 0.61499 0.45788
0.56177 0.69659 0.53809
0.76932 0.67858 0.63989
0.59674 0.70605 0.59599
0.54829 0.69608 0.40398
0.79508 0.69208 0.61591
0.46317 0.64946 0.60478
0.50015 0.67301 0.49643
0.70408 0.71182 0.65884
0.52550 0.71564 0.49126
0.44696 0.68181 0.55598
0.63897 0.54556 0.60274
0.71109 0.62637 0.60838
0.62939 0.50254 0.61519
0.43711 0.75758 0.27933
0.63813 0.50514 0.58175
0.56628 0.56171 0.52919
0.62335 0.65289 0.60612
0.67702 0.52052 0.46362
0.75548 0.72097 0.51835
0.47207 0.74806 0.31958
0.60148 0.68519 0.64057
0.46235 0.72977 0.43959
0.72305 0.45241 0.50292
0.48180 0.70519 0.52892
0.81197 0.70907 0.62358
0.73562 0.60116 0.53153
0.70845 0.55872 0.53001
0.60404 0.63241 0.42948
0.68259 0.57417 0.62091
0.50635 0.66953 0.44613
0.66699 0.55094 0.59567
0.44805 0.69385 0.50401
0.74928 0.68551 0.63111
0.51533 0.71463 0.43053
0.49289 0.78881 0.32306
0.57987 0.53557 0.63508
0.48599 0.70470 0.36818
0.50591 0.64236 0.48195
0.50814 0.68069 0.37652
0.41909 0.78676 0.23911
0.68983 0.58812 0.62724
0.56021 0.60194 0.46775
0.55099 0.67043 0.56522
0.60061 0.56398 0.56312
0.79031 0.52768 0.60529
0.54634 0.73446 0.42185
0.62562 0.65765 0.57498
0.62846 0.48142 0.61930
0.59793 0.54061 0.58581
0.80275 0.35411 0.58919
0.55731 0.69392 0.38849
0.68875 0.62119 0.60155
0.53285 0.74989 0.34890
0.51491 0.65992 0.57513
0.76453 0.59736 0.60462
0.63425 0.54044 0.59356
0.50131 0.67414 0.63722
0.42800 0.80201 0.24608
0.62311 0.61288 0.53968
0.61837 0.59082 0.63530
0.70682 0.64483 0.63880
0.58201 0.58109 0.53774
0.47977 0.67385 0.62197
0.72210 0.43981 0.58098
0.72860 0.70415 0.63239
0.40886 0.73302 0.40459
0.75538 0.53033 0.62056
0.44324 0.72150 0.39614
0.70709 0.74045 0.53444
0.71991 0.53234 0.58003
0.43769 0.77750 0.28272
0.54867 0.62011 0.52449
0.70336 0.50046 0.56817
0.65592 0.70213 0.55545
0.53068 0.68710 0.39065
0.43133 0.64281 0.63818
0.60992 0.65251 0.45655
0.65519 0.54637 0.47609
0.61259 0.54798 0.61307
0.73701 0.54367 0.59860
0.66876 0.68038 0.61891
0.79709 0.62308 0.64225
0.57126 0.70324 0.49924
0.49375 0.64221 0.52574
0.52172 0.63375 0.52215
0.40897 0.77854 0.33281
0.48098 0.68652 0.52364
0.67524 0.47511 0.59696
0.45547 0.66579 0.53448
0.61308 0.63471 0.44064
0.50606 0.65042 0.61895
0.60659 0.71498 0.50935
0.42903 0.70262 0.49478
0.61489 0.59292 0.55220
0.74943 0.57170 0.57925
0.45333 0.78420 0.20518
0.50199 0.72963 0.42783
0.49880 0.66972 0.37981
0.51569 0.65020 0.54386
0.50206 0.68408 0.32388
0.57419 0.66850 0.55855
0.57901 0.65718 0.52394
0.58663 0.67751 0.60669
0.62266 0.67333 0.59872
0.59850 0.63242 0.39398
0.56923 0.57633 0.54039
0.63431 0.73203 0.51141
0.40732 0.79448 0.25062
0.51536 0.65076 0.58214
0.42709 0.68461 0.50133
0.65223 0.72480 0.53908
0.63620 0.55269 0.63519
0.64454 0.71006 0.55927
0.60705 0.73451 0.35284
0.70107 0.69409 0.64378
0.44304 0.72718 0.34499
0.81953 0.35709 0.63670
0.41389 0.78577 0.24850
0.44762 0.64213 0.62615
0.49560 0.67132 0.56968
0.64728 0.69270 0.57645
0.52023 0.68657 0.38585
0.58006 0.70004 0.36001
0.76248 0.48259 0.58791
0.67369 0.63892 0.60905
0.65867 0.57246 0.63366
0.53755 0.64722 0.50491
0.49207 0.67143 0.53251
0.55525 0.65128 0.59636
0.61863 0.66695 0.42903
0.57431 0.56923 0.61653
0.40928 0.73454 0.39268
0.66562 0.56602 0.60804
0.50830 0.62598 0.50204
0.45130 0.75302 0.36817
0.46120 0.68940 0.50430
0.56589 0.56154 0.57975
0.47461 0.69577 0.42068
0.58595 0.59576 0.56206
0.59571 0.67272 0.41374
0.77931 0.68198 0.57613
0.53844 0.65533 0.59127
0.51063 0.66482 0.56627
0.54651 0.66625 0.61964
0.49341 0.69087 0.54354
0.66655 0.61644 0.61488
0.61907 0.62664 0.45358
0.45329 0.73415 0.50841
0.47648 0.69291 0.48872
0.53628 0.75526 0.37388
0.46144 0.72189 0.57249
0.67642 0.70743 0.56966
0.67604 0.68949 0.52295
0.62325 0.64724 0.55687
0.36955 0.69840 0.61167
0.58656 0.69766 0.40593
0.77365 0.64543 0.61726
0.68418 0.67489 0.59611
0.62350 0.53075 0.60610
0.60872 0.66245 0.52172
0.65502 0.71350 0.53636
0.58101 0.62185 0.48319
0.41917 0.68071 0.61325
0.45001 0.67985 0.61609
0.60953 0.61941 0.57578
0.61660 0.54852 0.50403
0.69761 0.68211 0.55880
0.41563 0.68337 0.63327
0.71649 0.68157 0.57483
0.60728 0.62511 0.44078
0.67337 0.69174 0.49226
0.72195 0.62597 0.62610
0.69643 0.48253 0.55654
0.54952 0.60268 0.60343
0.45367 0.67577 0.63918
0.50873 0.74959 0.32398
0.77483 0.55342 0.61028
0.70230 0.63377 0.62247
0.57075 0.62843 0.62964
0.49558 0.65986 0.54582
0.62193 0.62345 0.44999
0.49917 0.62977 0.61588
0.52888 0.63279 0.49040
0.57073 0.61701 0.59397
0.62754 0.53250 0.60387
0.48452 0.72603 0.39603
0.63249 0.65816 0.60664
0.80367 0.37580 0.61052
0.69809 0.44977 0.63370
0.76156 0.61145 0.55625
0.54045 0.60848 0.57534
0.79228 0.55523 0.63884
0.57690 0.64391 0.62048
0.70915 0.48714 0.57052
0.61072 0.64016 0.55117
0.57808 0.68261 0.42962
0.44191 0.70754 0.53948
0.44386 0.62704 0.63242
0.46804 0.71334 0.44066
0.63136 0.61833 0.57882
0.57131 0.69400 0.51351
0.50743 0.64744 0.59519
0.59666 0.65336 0.61374
0.69492 0.54208 0.51374
0.73496 0.48813 0.54258
0.62658 0.73612 0.53864
0.81423 0.57958 0.61043
0.69413 0.61333 0.51790
0.52090 0.70923 0.51192
0.62246 0.58115 0.38566
0.47764 0.65704 0.61998
0.52905 0.67509 0.42661
0.55302 0.72739 0.43859
0.73280 0.68602 0.64300
0.69143 0.50129 0.56462
0.62829 0.68332 0.48436
0.66590 0.62046 0.46358
0.75639 0.66853 0.59166
0.52827 0.67124 0.55384
0.50412 0.73391 0.26107
0.76762 0.56697 0.61824
0.51356 0.72847 0.35648
0.79636 0.42854 0.57170
0.54113 0.61770 0.65730
0.56264 0.71411 0.55440
0.52055 0.61148 0.64832
0.77337 0.59740 0.60718
0.48652 0.68109 0.46259
0.66807 0.54930 0.59277
0.64206 0.51129 0.52682
0.54228 0.73209 0.54102
0.68310 0.44245 0.61271
0.71104 0.58140 0.56787
0.61384 0.57463 0.62057
0.57218 0.63230 0.58437
0.52992 0.72021 0.34066
0.57715 0.70283 0.43705
0.70075 0.54794 0.59488
0.57206 0.70259 0.35719
0.52476 0.62410 0.50715
0.70430 0.46120 0.62570
0.61629 0.57935 0.48206
0.53831 0.62625 0.46470
0.54080 0.68152 0.56725
0.60354 0.60386 0.51361
0.63868 0.64703 0.52622
0.54772 0.62889 0.45809
0.51796 0.69092 0.43631
0.53302 0.56990 0.62041
0.48361 0.69017 0.43360
0.72422 0.63557 0.54265
0.62781 0.56147 0.41490
0.63708 0.62659 0.55906
0.57545 0.66156 0.42551
0.78688 0.52280 0.58538
0.73039 0.68370 0.63768
0.73935 0.71252 0.64637
0.51281 0.73435 0.32548
0.69980 0.64965 0.60075
0.48482 0.68143 0.62565
0.59390 0.69707 0.54252
0.48494 0.66639 0.57210
0.49596 0.68490 0.48702
0.67996 0.73727 0.49713
0.70521 0.54249 0.52724
0.61619 0.67802 0.48836
0.63119 0.60641 0.51662
0.80354 0.59945 0.65032
0.73867 0.62093 0.62477
0.79049 0.47797 0.59808
0.73713 0.53794 0.56045
0.48218 0.66366 0.55783
0.64630 0.58809 0.63644
0.69148 0.63799 0.61569
0.72523 0.61079 0.57228
0.65870 0.69183 0.57017
0.67992 0.50195 0.48917
0.58315 0.59441 0.62512
0.61133 0.68329 0.65735
0.62135 0.76189 0.41263
0.56209 0.61889 0.56730
0.72792 0.54254 0.61467
0.70126 0.72848 0.54110
0.64547 0.64517 0.49922
0.62094 0.72222 0.52864
0.66032 0.58945 0.60937
0.59951 0.57979 0.62138
0.52153 0.69385 0.41332
0.69188 0.43375 0.58471
0.55475 0.67149 0.59042
0.72154 0.63314 0.51473
0.62485 0.68100 0.54968
0.59262 0.58855 0.54641
0.53696 0.65989 0.63153
0.62404 0.60518 0.52723
0.44173 0.71758 0.50083
0.50364 0.73551 0.41529
0.58908 0.67661 0.56463
0.71176 0.54103 0.63045
0.51806 0.68127 0.46605
0.58303 0.66726 0.42427
0.71321 0.58736 0.62777
0.63642 0.75362 0.44774
0.48732 0.66117 0.58155
0.83951 0.53708 0.64592
0.63146 0.69251 0.38780
0.53899 0.69649 0.50817
0.55806 0.73572 0.48357
0.58989 0.62887 0.55960
0.44848 0.76322 0.30492
0.52667 0.58328 0.58721
0.69134 0.62751 0.63051
0.52209 0.65301 0.42641
0.43015 0.67752 0.56358
0.46714 0.64369 0.63747
0.47352 0.64863 0.62754
0.58531 0.63841 0.60874
0.45580 0.65674 0.60408
0.63374 0.62082 0.50342
0.78317 0.45974 0.64790
0.47888 0.73687 0.39959
0.46253 0.71013 0.40016
0.48689 0.65684 0.58057
0.39236 0.68263 0.62033
0.70491 0.66973 0.63624
0.56693 0.69802 0.53419
0.71317 0.68949 0.56271
0.83568 0.39985 0.63804
0.50046 0.61825 0.51458
0.68642 0.68948 0.63246
0.68786 0.68884 0.63000
0.62359 0.62371 0.61836
0.58809 0.59950 0.54648
0.65195 0.54254 0.52801
0.68137 0.60528 0.54316
0.74258 0.61486 0.60872
0.65540 0.54233 0.50567
0.47192 0.68910 0.56536
0.60684 0.58322 0.62403
0.67142 0.70781 0.57995
0.42664 0.70009 0.58341
0.45931 0.71996 0.30725
0.77428 0.71326 0.62452
0.62709 0.63226 0.47489
0.53162 0.66932 0.59383
0.39419 0.73230 0.48928
0.60392 0.64380 0.57196
0.66480 0.46882 0.54981
0.59081 0.70721 0.45483
0.65125 0.77561 0.38718
0.56521 0.57263 0.57978
0.60919 0.76471 0.39404
0.54098 0.70088 0.55329
0.53728 0.69706 0.41068
0.50983 0.71529 0.35282
0.49467 0.63316 0.58642
0.46478 0.71480 0.38820
0.54319 0.57759 0.60959
0.56975 0.56396 0.56406
0.44507 0.69794 0.40804
0.64109 0.61811 0.47025
0.78335 0.52856 0.60261
0.67630 0.58312 0.60880
0.48120 0.64233 0.51908
0.55809 0.59609 0.57832
0.43606 0.72502 0.50959
0.59157 0.58936 0.61754
0.62294 0.57776 0.52636
0.42804 0.70112 0.62390
0.58094 0.71106 0.46998
0.54676 0.68412 0.62161
0.52819 0.62363 0.49264
0.51196 0.64815 0.62440
0.66445 0.67361 0.63701
0.68754 0.70640 0.60596
0.56964 0.55579 0.64543
0.69891 0.66865 0.63576
0.69948 0.51055 0.63629
0.64384 0.76238 0.41355
0.48987 0.68464 0.42818
0.59866 0.66010 0.50479
0.66701 0.63573 0.56862
0.58704 0.63553 0.62347
0.56740 0.65473 0.32700
0.41931 0.76178 0.34853
0.63415 0.64685 0.59313
0.76272 0.47099 0.62508
0.56946 0.63288 0.59409
0.69457 0.56867 0.57735
0.56653 0.53858 0.61816
0.76089 0.52289 0.63848
0.67626 0.69393 0.47455
0.54672 0.60314 0.60689
0.58561 0.69575 0.63126
0.57841 0.58850 0.45450
0.65633 0.68587 0.60472
0.67780 0.53794 0.51050
0.44684 0.78251 0.17361
0.80157 0.50465 0.63541
0.73125 0.45828 0.64578
0.73612 0.61003 0.58411
0.71712 0.53517 0.55302
0.52630 0.61899 0.57055
0.54067 0.62080 0.54108
0.44607 0.70910 0.44549
0.50621 0.65625 0.42770
0.51469 0.60533 0.54623
0.52718 0.67709 0.54105
0.63024 0.66155 0.40873
0.61401 0.54622 0.61565
0.51482 0.64935 0.42307
0.56306 0.62628 0.58380
0.73536 0.44049 0.57408
0.63811 0.48929 0.55485
0.72900 0.68650 0.57202
0.64225 0.66595 0.62113
0.51036 0.65672 0.63057
0.78468 0.65097 0.58021
0.51964 0.61740 0.61812
0.36818 0.72880 0.52367
0.79235 0.55884 0.62530
0.67377 0.49798 0.49714
0.50356 0.66774 0.47546
0.49570 0.64191 0.49213
0.77777 0.59412 0.64341
0.40798 0.68411 0.60837
0.68792 0.53972 0.61749
0.58880 0.67541 0.49247
0.49012 0.70773 0.40780
0.58155 0.70650 0.43875
0.55240 0.62951 0.60194
0.43013 0.66250 0.65655
0.48797 0.69017 0.51151
0.39211 0.70777 0.54246
0.59827 0.66693 0.55642
0.74223 0.65969 0.63406
0.56156 0.62700 0.61613
0.47062 0.70135 0.41140
0.43617 0.71677 0.53559
0.75709 0.45054 0.59423
0.46375 0.70116 0.61174
0.49192 0.67829 0.46071
0.57838 0.63603 0.51656
0.75926 0.41273 0.62117
0.60184 0.60153 0.53952
0.62372 0.73364 0.47309
0.46521 0.77390 0.30187
0.72484 0.54541 0.60880
0.61050 0.74164 0.49955
0.65162 0.66762 0.57727
0.54533 0.57253 0.57046
0.73876 0.42548 0.52839
0.54206 0.78425 0.34924
0.78096 0.39304 0.62670
0.45931 0.71540 0.55015
0.49443 0.63168 0.60972
0.75435 0.43499 0.57659
0.68069 0.51888 0.55694
0.68699 0.70912 0.50866
0.63229 0.65892 0.56909
0.73901 0.39447 0.60360
0.54495 0.61432 0.45865
0.53019 0.74201 0.43088
0.54362 0.62069 0.55755
0.62231 0.58523 0.57333
0.58393 0.67224 0.64815
0.45256 0.68959 0.58589
0.64989 0.65194 0.44421
0.57309 0.54239 0.58258
0.67146 0.58607 0.63539
0.60185 0.53934 0.55029
0.60929 0.68993 0.54590
0.46601 0.64476 0.62471
0.60249 0.52845 0.63924
0.55684 0.68410 0.56663
0.55085 0.69026 0.58092
0.55879 0.70623 0.32996
0.50386 0.78259 0.31764
0.56887 0.62441 0.56452
0.54684 0.68967 0.35039
0.50346 0.73653 0.39276
0.68735 0.59102 0.50711
0.52004 0.77192 0.34447
0.63669 0.66651 0.48849
0.52692 0.74647 0.41099
0.63675 0.65380 0.53434
0.51311 0.68131 0.35250
0.50938 0.78987 0.27582
0.41951 0.67017 0.62134
0.61761 0.61090 0.47266
0.49719 0.67728 0.39442
0.74891 0.53951 0.63327
0.70840 0.64890 0.57317
0.55657 0.67778 0.54889
0.65227 0.53583 0.54354
0.54506 0.70600 0.57374
0.65257 0.59252 0.57698
0.62256 0.51866 0.49414
0.75617 0.64983 0.62980
0.65877 0.73964 0.55017
0.69748 0.63531 0.59758
0.57007 0.60401 0.52231
0.59086 0.59932 0.51356
0.62475 0.58257 0.56655
0.61184 0.50488 0.64465
0.59545 0.68772 0.51410
0.55214 0.59344 0.57366
0.48401 0.65964 0.62562
0.61748 0.63674 0.55437
0.46142 0.75822 0.20518
0.64265 0.50920 0.58458
0.49409 0.71586 0.52053
0.61290 0.69397 0.47288
0.40535 0.70936 0.59907
0.75050 0.55678 0.55877
0.62672 0.71719 0.53720
0.78998 0.61358 0.61075
0.40950 0.75008 0.43755
0.61855 0.63031 0.63241
0.72656 0.44382 0.60666
0.42522 0.67897 0.55272
0.56342 0.73699 0.39991
0.41951 0.66648 0.59395
0.73838 0.70719 0.61124
0.73223 0.67108 0.57340
0.41368 0.71410 0.51673
0.80841 0.46951 0.61326
0.56345 0.67661 0.63274
0.51594 0.71738 0.46796
0.56547 0.55831 0.59934
0.50742 0.66945 0.55674
0.68777 0.48278 0.62990
0.54359 0.66583 0.45129
0.66338 0.57040 0.56952
0.41745 0.71287 0.58106
0.56798 0.70136 0.52615
0.78141 0.45097 0.64694
0.66594 0.58600 0.55663
0.57806 0.68093 0.47238
0.62734 0.68131 0.58655
0.49707 0.80536 0.28152
0.51394 0.77798 0.28637
0.75555 0.49497 0.63253
0.38307 0.74568 0.42001
0.39243 0.67210 0.64370
0.68038 0.52089 0.59375
0.72618 0.46650 0.61930
0.73668 0.54092 0.65072
0.49606 0.64126 0.65533
0.66046 0.54665 0.55795
0.60461 0.67596 0.50592
0.69654 0.48003 0.59227
0.74870 0.74487 0.50307
0.70600 0.59059 0.46878
0.61175 0.58440 0.54037
0.54164 0.57112 0.64360
0.55059 0.61277 0.59111
0.72006 0.71738 0.55493
0.44531 0.68581 0.55776
0.61387 0.67996 0.45362
0.57215 0.64416 0.62485
0.68384 0.55054 0.64411
0.51173 0.67734 0.65159
0.44868 0.74512 0.30618
0.52106 0.67898 0.41393
0.62724 0.58351 0.48519
0.71628 0.46683 0.54518
0.65450 0.62782 0.56522
0.66482 0.58733 0.61595
0.68947 0.48739 0.50060
0.62867 0.66089 0.42526
0.68226 0.70794 0.63409
0.59740 0.69722 0.46539
0.80770 0.55175 0.64590
0.62932 0.72851 0.46432
0.61131 0.69848 0.60605
0.50333 0.66343 0.47455
0.55196 0.72072 0.41828
0.76885 0.70723 0.59927
0.43004 0.69033 0.62165
0.70090 0.70959 0.62943
0.66222 0.51873 0.46584
0.58767 0.72346 0.38635
0.53885 0.69371 0.51121
0.57039 0.71129 0.36156
0.79496 0.57227 0.59401
0.48061 0.67926 0.46250
0.70121 0.50285 0.64671
0.67344 0.56040 0.56236
0.60026 0.58189 0.51077
0.58397 0.68427 0.46095
0.68870 0.50109 0.51408
0.66509 0.52799 0.60529
0.41996 0.74984 0.35399
0.55536 0.61865 0.51071
0.52708 0.68688 0.47431
0.71341 0.65146 0.62281
0.64140 0.48142 0.61680
0.64893 0.69751 0.42236
0.72098 0.53559 0.63567
0.51969 0.64327 0.42503
0.75537 0.47194 0.58710
0.66590 0.54950 0.64843
0.55996 0.62545 0.59708
0.63872 0.70398 0.56518
0.70231 0.65866 0.65140
0.67313 0.66878 0.59425
0.65383 0.56773 0.42452
0.54792 0.68276 0.61384
0.55240 0.68805 0.65487
0.55015 0.69398 0.54341
0.69551 0.45940 0.60020
0.75422 0.38291 0.60880
0.59826 0.68092 0.57967
0.65022 0.60481 0.41555
0.54538 0.66807 0.34917
0.47164 0.67627 0.48425
0.45495 0.75207 0.32592
0.48921 0.69518 0.54008
0.53390 0.74330 0.41633
0.61597 0.58666 0.54524
0.55942 0.64273 0.34293
0.56509 0.65030 0.35504
0.68099 0.68575 0.55446
0.64711 0.65650 0.58811
0.62225 0.67047 0.53845
0.58789 0.70885 0.53296
0.57070 0.57194 0.58974
0.64138 0.51834 0.53764
0.50394 0.76747 0.33877
0.61457 0.66264 0.61465
0.47092 0.78917 0.25982
0.52556 0.65694 0.43293
0.55389 0.68664 0.50064
0.76126 0.65345 0.65160
0.60292 0.63394 0.60981
0.64661 0.54233 0.46634
0.66415 0.56816 0.63028
0.51628 0.66373 0.55711
0.61406 0.56668 0.59018
0.61245 0.70006 0.59483
0.69388 0.52846 0.53399
0.58999 0.61722 0.39157
0.63410 0.55067 0.58120
0.67661 0.53981 0.64010
0.46921 0.65358 0.63596
0.70572 0.54367 0.63458
0.57938 0.55597 0.60538
0.61663 0.68191 0.62467
0.57096 0.63874 0.30860
0.73951 0.56911 0.61211
0.74888 0.70246 0.62140
0.71784 0.66159 0.56588
0.81123 0.69328 0.61437
0.47351 0.62874 0.52840
0.43054 0.79949 0.14252
0.71008 0.55499 0.58692
0.69606 0.43734 0.58808
0.54798 0.68279 0.58899
0.51924 0.76160 0.40580
0.54098 0.72620 0.47187
0.62194 0.65437 0.46483
0.60679 0.65697 0.49987
0.65841 0.54041 0.54401
0.61806 0.60867 0.38406
0.54145 0.63779 0.60569
0.64118 0.66901 0.41331
0.39584 0.71113 0.51741
0.78146 0.67782 0.63481
0.66937 0.48800 0.60554
0.51980 0.69478 0.47100
0.61339 0.76071 0.43697
0.65822 0.55846 0.55203
0.61793 0.63415 0.44962
0.57175 0.64409 0.59609
0.63232 0.58263 0.57801
0.79332 0.67678 0.64167
0.61805 0.70225 0.57763
0.47352 0.69572 0.43717
0.73853 0.47456 0.62134
0.60176 0.61502 0.62849
0.53147 0.62311 0.44753
0.64164 0.50625 0.59599
0.52188 0.66921 0.35217
0.72736 0.62783 0.65041
0.69058 0.65502 0.64902
0.60301 0.56610 0.55333
0.52906 0.64860 0.53481
0.44292 0.68068 0.57741
0.59213 0.54202 0.55215
0.67803 0.48252 0.60149
0.84910 0.60346 0.63580
0.52186 0.63440 0.52904
0.48115 0.66824 0.51679
0.57495 0.74889 0.45829
0.55888 0.58825 0.54345
0.60546 0.63423 0.55304
0.68099 0.58509 0.57132
0.66153 0.59484 0.56299
0.66688 0.50759 0.45769
0.60768 0.61626 0.61000
0.67592 0.47055 0.59781
0.55496 0.65096 0.61273
0.40366 0.77139 0.34761
0.59534 0.75715 0.36871
0.46223 0.74762 0.35007
0.55458 0.64976 0.45367
0.66241 0.73685 0.45435
0.63766 0.64467 0.57646
0.69712 0.73076 0.49388
0.51234 0.71412 0.48456
0.71212 0.61240 0.64297
0.70944 0.47915 0.63174
0.38415 0.69294 0.56642
0.64582 0.63326 0.62140
0.55996 0.68969 0.57427
0.79799 0.49534 0.63848
0.53878 0.63841 0.46102
0.60662 0.56712 0.64299
0.69435 0.64067 0.54199
0.39737 0.76232 0.34689
0.61768 0.61825 0.44915
0.71794 0.53488 0.56294
0.68284 0.51978 0.55915
0.54607 0.58177 0.62676
0.75476 0.65409 0.56830
0.51589 0.63991 0.59350
0.52290 0.70877 0.52647
0.51464 0.69401 0.46049
0.44269 0.79967 0.24761
0.46380 0.69472 0.53736
0.82289 0.38712 0.62686
0.67599 0.55069 0.45439
0.56411 0.65266 0.38353
0.69943 0.73129 0.52594
0.65600 0.64778 0.60565
0.58615 0.57886 0.53737
0.70126 0.67891 0.64568
0.71968 0.54340 0.49022
0.56511 0.59630 0.43517
0.59665 0.65140 0.63186
0.77905 0.65358 0.56334
0.52039 0.64346 0.56699
0.56625 0.63941 0.52090
0.56612 0.62690 0.42149
0.54638 0.68587 0.64949
0.63551 0.72702 0.49875
0.48693 0.66381 0.56754
0.71456 0.44450 0.56290
0.61090 0.51662 0.60730
0.62770 0.69952 0.51013
0.62401 0.59659 0.50455
0.49912 0.70923 0.46297
0.59075 0.68298 0.37778
0.64772 0.64089 0.62788
0.75203 0.44461 0.63925
0.72912 0.67580 0.54486
0.74197 0.58282 0.61502
0.50437 0.72221 0.52365
0.48843 0.67800 0.58133
0.43142 0.73860 0.37552
0.73356 0.64239 0.61136
0.63664 0.67716 0.63814
0.54064 0.59776 0.59813
0.45104 0.67891 0.62862
0.52951 0.68426 0.52868
0.73607 0.59187 0.63874
0.49829 0.75931 0.31347
0.77559 0.65498 0.61361
0.60700 0.73553 0.36691
0.61903 0.62089 0.52826
0.61223 0.73452 0.50950
0.59105 0.58046 0.54566
0.56747 0.72497 0.46527
0.63903 0.76511 0.39507
0.49252 0.71249 0.50061
0.56820 0.72752 0.54463
0.47943 0.63404 0.59712
0.71216 0.60066 0.62731
0.58832 0.62521 0.57859
0.69026 0.71173 0.59529
0.68481 0.73413 0.51756
0.63684 0.50203 0.51397
0.60386 0.66785 0.55535
0.60567 0.53539 0.61636
0.57726 0.60534 0.42434
0.70374 0.53467 0.58246
0.45998 0.65025 0.57293
0.54564 0.67211 0.55088
0.63335 0.68744 0.55431
0.46880 0.69416 0.44968
0.62011 0.63276 0.47613
0.44964 0.78594 0.28913
0.52622 0.69911 0.38210
0.64809 0.60701 0.57564
0.62376 0.62100 0.57269
0.62920 0.60842 0.58923
0.69193 0.65293 0.54266
0.71792 0.66833 0.54780
0.52067 0.68080 0.34498
0.52080 0.68172 0.55232
0.70732 0.64115 0.60881
0.55340 0.57839 0.58682
0.53139 0.65636 0.43677
0.58384 0.67348 0.36854
0.42105 0.77795 0.24445
0.55172 0.62681 0.47379
0.49142 0.64984 0.61356
0.54135 0.62432 0.52403
0.50253 0.70468 0.43552
0.43528 0.65603 0.57812
0.49470 0.69032 0.49404
0.54515 0.64618 0.58739
0.77367 0.62900 0.64216
0.80451 0.69476 0.63088
0.59785 0.64015 0.36537
0.73727 0.48603 0.58167
0.50719 0.73394 0.42321
0.60285 0.56987 0.58321
0.66825 0.59452 0.55444
0.52544 0.70732 0.54889
0.62625 0.61825 0.55738
0.68774 0.49462 0.59838
0.54631 0.66311 0.39754
0.56908 0.62775 0.45930
0.56689 0.66129 0.47902
0.67690 0.57077 0.54794
0.40992 0.75120 0.38796
0.48993 0.71038 0.42772
0.40180 0.70348 0.54429
0.68480 0.69055 0.57019
0.55740 0.63083 0.64155
0.77402 0.51596 0.60340
0.64848 0.69588 0.57044
0.53666 0.69253 0.53779
0.62820 0.62737 0.60806
0.75659 0.46398 0.64134
0.49711 0.66268 0.50506
0.64947 0.69870 0.55365
0.52031 0.66887 0.49972
0.62066 0.64885 0.54008
0.51428 0.71814 0.49514
0.42060 0.73251 0.44802
0.65860 0.68985 0.61593
0.47642 0.70434 0.48376
0.69836 0.54017 0.57658
0.70154 0.70660 0.57895
0.55242 0.64750 0.53272
0.63883 0.60087 0.42701
0.52903 0.73054 0.46261
0.50087 0.76184 0.38461
0.60674 0.61925 0.55857
0.42624 0.77328 0.29319
0.76670 0.49321 0.56693
0.44210 0.72693 0.44058
0.54233 0.58658 0.56632
0.58182 0.61409 0.55880
0.57167 0.62042 0.55713
0.71948 0.44097 0.56762
0.62981 0.71052 0.58857
0.58651 0.69712 0.61590
0.64855 0.60874 0.56024
0.50646 0.62281 0.53743
0.57235 0.58212 0.55523
0.44277 0.67732 0.53924
0.53190 0.72048 0.50397
0.68020 0.63433 0.61834
0.66053 0.53847 0.53156
0.76354 0.72930 0.56769
0.53362 0.60171 0.61718
0.81322 0.33252 0.60939
0.53150 0.74163 0.41814
0.56222 0.68230 0.48424
0.61258 0.61297 0.47101
0.63010 0.52617 0.61419
0.49010 0.67073 0.66275
0.53226 0.66035 0.59212
0.70796 0.54997 0.55800
0.50734 0.71199 0.47187
0.67037 0.56636 0.44874
0.81088 0.57205 0.63160
0.45306 0.67815 0.64411
0.63195 0.74971 0.49143
0.68289 0.50950 0.52126
0.71837 0.60729 0.62790
0.58491 0.69433 0.61569
0.51276 0.67762 0.43062
0.57008 0.65348 0.53744
0.63068 0.72742 0.39188
0.56698 0.68688 0.48183
0.74418 0.44853 0.61042
0.64573 0.78372 0.39247
0.71728 0.44516 0.57199
0.60211 0.62067 0.64430
0.75286 0.41914 0.64055
0.53515 0.69592 0.43722
0.46509 0.73613 0.29176
0.78897 0.45861 0.62196
0.59310 0.59969 0.53646
0.54829 0.63761 0.42425
0.55610 0.65006 0.38363
0.83597 0.40250 0.62604
0.60128 0.59515 0.61311
0.63795 0.58398 0.64348
0.62049 0.61238 0.45116
0.76172 0.45153 0.61113
0.61226 0.61849 0.63771
0.52085 0.70452 0.38681
0.66682 0.58123 0.58447
0.66293 0.52190 0.44143
0.59405 0.60691 0.60478
0.48788 0.73274 0.29457
0.45700 0.70352 0.47876
0.47134 0.71059 0.44472
0.51920 0.71135 0.39693
0.68203 0.60297 0.61872
0.51961 0.70091 0.47112
0.50781 0.69501 0.35132
0.62479 0.59909 0.53675
0.62614 0.56870 0.62812
0.68780 0.67587 0.56170
0.66135 0.55149 0.59302
0.68819 0.53805 0.51313
0.65521 0.64768 0.55577
0.73376 0.52728 0.56465
0.62603 0.50352 0.62530
0.62360 0.71013 0.59081
0.73261 0.46017 0.59454
0.52360 0.62547 0.53067
0.49581 0.64948 0.58228
0.65933 0.59569 0.47386
0.60078 0.70146 0.60798
0.41813 0.66516 0.64271
0.59615 0.55417 0.57424
0.65319 0.46810 0.61425
0.45233 0.68301 0.45453
0.44893 0.69812 0.45140
0.72805 0.68792 0.59424
0.45947 0.65741 0.52474
0.52780 0.58215 0.61676
0.58676 0.75382 0.38404
0.57294 0.58029 0.49596
0.63211 0.56811 0.58572
0.54686 0.68458 0.50453
0.54575 0.71550 0.40999
0.60148 0.68071 0.61660
0.73082 0.52443 0.57418
0.67849 0.67692 0.55613
0.73820 0.49734 0.56805
0.53196 0.60044 0.62542
0.67720 0.50436 0.58083
0.69921 0.61229 0.55008
0.47006 0.79506 0.28463
0.66952 0.61370 0.61423
0.62548 0.58224 0.59963
0.58019 0.73008 0.50377
0.42009 0.71210 0.46918
0.58587 0.61272 0.49847
0.70365 0.74683 0.47699
0.79034 0.47030 0.60899
0.64222 0.73402 0.49157
0.66954 0.56810 0.46538
0.52582 0.68504 0.43482
0.51929 0.61890 0.56030
0.52497 0.58362 0.63916
0.59341 0.57360 0.53830
0.55058 0.75015 0.39027
0.51760 0.59012 0.62112
0.72369 0.69787 0.61592
0.63503 0.67610 0.46343
0.59079 0.60372 0.60272
0.54425 0.67550 0.60948
0.48955 0.70947 0.50686
0.61495 0.70392 0.48671
0.59285 0.57300 0.53313
0.48169 0.72933 0.41660
