20 9 1000 45316 582
0.10108 0.99301 0.01939
0.25442 0.29124 0.54607
0.72827 0.56494 0.00683
0.67678 0.56927 0.83515
0.25242 0.50546 0.40233
0.25950 0.56390 0.23539
0.06506 0.84551 0.63459
0.70508 0.90566 0.17888
0.76964 0.84037 0.05447
0.43918 0.77503 0.36478
0.55279 0.78171 0.26304
0.41239 0.62496 0.34926
0.29904 0.60662 0.40184
0.34298 0.71797 0.23199
0.50029 0.67777 0.24911
0.43561 0.74307 0.27003
0.42887 0.64947 0.38532
0.33901 0.50725 0.39117
0.45869 0.77327 0.29839
0.56885 0.79843 0.15325
0.34178 0.75435 0.34416
0.46104 0.64759 0.42676
0.18348 0.65039 0.51385
0.59724 0.73890 0.26062
0.43719 0.57093 0.35087
0.45149 0.64046 0.28670
0.43731 0.46685 0.57702
0.57084 0.79209 0.22330
0.33757 0.69549 0.41019
0.50376 0.66740 0.31165
0.33676 0.71113 0.26578
0.40397 0.61605 0.31318
0.39483 0.82166 0.17391
0.42814 0.72889 0.30139
0.33327 0.62110 0.40708
0.56749 0.75094 0.19262
0.41696 0.56228 0.40733
0.34336 0.76595 0.32124
0.42664 0.55748 0.48822
0.40646 0.60020 0.33807
0.39270 0.61345 0.40966
0.40124 0.61365 0.29786
0.54399 0.70329 0.16589
0.52796 0.76616 0.17404
0.57254 0.75069 0.14075
0.51233 0.74301 0.30524
0.47585 0.70935 0.26976
0.38769 0.69039 0.36690
0.48383 0.63567 0.32398
0.45588 0.60632 0.42152
0.49164 0.78560 0.22084
0.37702 0.72897 0.39323
0.33530 0.72754 0.24907
0.49704 0.66001 0.40527
0.62167 0.70130 0.32402
0.37595 0.64609 0.34410
0.36925 0.69984 0.29208
0.54937 0.70253 0.26251
0.44687 0.70207 0.21283
0.54272 0.69683 0.18180
0.43033 0.79756 0.21628
0.42574 0.68285 0.48638
0.47289 0.58084 0.23605
0.45489 0.65625 0.37379
0.35235 0.61975 0.34791
0.38453 0.56752 0.38328
0.31645 0.62532 0.25594
0.45029 0.61037 0.28402
0.43190 0.70510 0.34745
0.42187 0.75194 0.31900
0.58061 0.69909 0.28347
0.44492 0.65368 0.29832
0.47641 0.56047 0.37347
0.40763 0.69747 0.19279
0.50594 0.80069 0.17526
0.41522 0.56963 0.30887
0.50186 0.60426 0.32748
0.50684 0.63568 0.29848
0.40268 0.76725 0.23467
0.54046 0.68183 0.27737
0.34621 0.70113 0.24694
0.60415 0.72540 0.27397
0.39070 0.69015 0.30425
0.48044 0.64669 0.34469
0.24751 0.72982 0.24218
0.34264 0.63459 0.30571
0.48261 0.69831 0.20768
0.27493 0.63273 0.36633
0.36280 0.67522 0.29317
0.31389 0.69030 0.36784
0.58676 0.72166 0.34310
0.37309 0.59778 0.26328
0.42829 0.71262 0.38381
0.33009 0.77843 0.45031
0.35688 0.53561 0.40915
0.41625 0.58305 0.26488
0.40981 0.55539 0.32635
0.30193 0.71398 0.39921
0.49428 0.79060 0.15511
0.47085 0.61706 0.37192
0.51092 0.62978 0.29688
0.60072 0.62921 0.38530
0.38694 0.71353 0.29089
0.40825 0.67751 0.29693
0.41871 0.72130 0.20725
0.59554 0.69326 0.20618
0.50154 0.80676 0.25761
0.38070 0.73790 0.21595
0.54036 0.80427 0.15923
0.44774 0.69757 0.42181
0.43347 0.58404 0.25128
0.43204 0.70243 0.46874
0.40126 0.72428 0.27248
0.48645 0.60431 0.36739
0.48652 0.72664 0.28850
0.50033 0.62389 0.35706
0.48971 0.65561 0.45347
0.40154 0.53615 0.37284
0.47552 0.61090 0.37666
0.43935 0.63850 0.32677
0.46476 0.65198 0.39549
0.51405 0.65623 0.25778
0.29144 0.78751 0.15161
0.41234 0.73150 0.36383
0.34670 0.76192 0.34469
0.30612 0.63365 0.32918
0.33310 0.56124 0.28922
0.47980 0.69001 0.27421
0.49204 0.65293 0.36372
0.51648 0.76605 0.25416
0.45146 0.66102 0.28891
0.35098 0.74026 0.31631
0.23641 0.79389 0.37429
0.59623 0.73730 0.22898
0.35600 0.64341 0.44988
0.47043 0.65085 0.42820
0.35663 0.69411 0.30679
0.34770 0.61788 0.40616
0.53922 0.78310 0.24410
0.38150 0.77400 0.25141
0.45317 0.66897 0.30196
0.41671 0.61704 0.36215
0.48458 0.64166 0.22282
0.37933 0.65718 0.40022
0.32285 0.77377 0.31208
0.33627 0.60670 0.41196
0.46291 0.61658 0.49077
0.30315 0.72303 0.23823
0.39201 0.61827 0.36078
0.43023 0.73453 0.30915
0.55489 0.64448 0.30477
0.35697 0.76507 0.38397
0.42872 0.68259 0.33855
0.49585 0.81694 0.27336
0.41592 0.64890 0.58870
0.43533 0.75358 0.18319
0.49630 0.64252 0.28931
0.37770 0.66261 0.41950
0.54199 0.72619 0.30083
0.44293 0.61880 0.36935
0.47845 0.65889 0.27859
0.45734 0.59249 0.25248
0.44437 0.67433 0.42041
0.50223 0.65697 0.18707
0.29009 0.60018 0.44173
0.43475 0.71860 0.26663
0.49268 0.67366 0.38791
0.48999 0.64555 0.40652
0.38209 0.70782 0.29903
0.36373 0.61001 0.41255
0.29068 0.75394 0.45400
0.45537 0.63250 0.26367
0.47149 0.70172 0.19638
0.32609 0.69854 0.24045
0.36720 0.73290 0.40468
0.38131 0.69929 0.23462
0.57732 0.64226 0.52787
0.43004 0.62886 0.33417
0.41092 0.66077 0.45277
0.35266 0.67632 0.25677
0.58267 0.63227 0.50951
0.40383 0.84913 0.15662
0.31863 0.64663 0.35204
0.46987 0.67698 0.28244
0.40154 0.78129 0.31862
0.47856 0.60146 0.29846
0.35276 0.60336 0.33185
0.46407 0.71414 0.29630
0.40562 0.55070 0.52915
0.33320 0.70098 0.20957
0.41976 0.73071 0.29878
0.35914 0.68670 0.32228
0.30412 0.63183 0.37178
0.47060 0.83136 0.15347
0.47433 0.69490 0.41894
0.44701 0.69337 0.34793
0.35953 0.68856 0.26694
0.36898 0.59614 0.39519
0.33295 0.68645 0.35939
0.31532 0.76812 0.24697
0.40055 0.63964 0.31862
0.42685 0.66379 0.31715
0.38271 0.67965 0.26607
0.37566 0.64656 0.37837
0.46214 0.73495 0.42118
0.50610 0.76230 0.22985
0.61052 0.74851 0.22813
0.52740 0.62831 0.37037
0.50974 0.67886 0.41972
0.49191 0.67522 0.26687
0.35925 0.57917 0.30421
0.46615 0.63662 0.31561
0.31400 0.74978 0.25598
0.38017 0.72692 0.24708
0.44173 0.59535 0.49040
0.24125 0.73367 0.19665
0.47284 0.75924 0.28258
0.42118 0.61026 0.22464
0.33923 0.75066 0.19512
0.54992 0.61752 0.15941
0.45886 0.68130 0.27634
0.43059 0.68950 0.29949
0.33663 0.67421 0.39221
0.46520 0.63883 0.40661
0.28781 0.72563 0.22895
0.39734 0.62077 0.30124
0.31330 0.70567 0.34784
0.42677 0.63806 0.42692
0.45818 0.56184 0.43958
0.49812 0.77738 0.24910
0.60246 0.73398 0.26830
0.28750 0.72194 0.26156
0.38908 0.66119 0.38155
0.40974 0.77803 0.19227
0.52941 0.70649 0.20273
0.43619 0.61064 0.21067
0.53016 0.77333 0.18795
0.45354 0.62224 0.27976
0.39055 0.67210 0.31655
0.44857 0.70163 0.46417
0.41525 0.61573 0.25592
0.38288 0.61657 0.27630
0.47280 0.73222 0.36497
0.37619 0.59860 0.27661
0.37257 0.75815 0.26173
0.37399 0.59837 0.44221
0.34529 0.72121 0.23633
0.37277 0.83980 0.18474
0.40351 0.60370 0.31601
0.28364 0.81034 0.21496
0.24829 0.56101 0.45603
0.33215 0.60185 0.33061
0.45882 0.66952 0.26156
0.49885 0.67147 0.21465
0.42121 0.72625 0.15615
0.44473 0.66240 0.39450
0.46833 0.61222 0.27128
0.36469 0.62115 0.28332
0.57467 0.76399 0.24576
0.32619 0.68889 0.33557
0.40758 0.63908 0.32866
0.35884 0.77743 0.37267
0.40100 0.67722 0.34225
0.50346 0.69216 0.22620
0.38617 0.65364 0.38843
0.47533 0.73953 0.33085
0.45856 0.64868 0.28541
0.47275 0.66952 0.21990
0.43991 0.75271 0.30256
0.49719 0.70950 0.37734
0.38444 0.75092 0.31181
0.36328 0.62699 0.38209
0.35614 0.60090 0.32517
0.52043 0.74973 0.22847
0.46368 0.61034 0.49025
0.28238 0.69996 0.39019
0.47030 0.61393 0.55566
0.47143 0.64664 0.26017
0.48339 0.62580 0.29928
0.30094 0.74016 0.42279
0.38734 0.64886 0.27645
0.58466 0.70295 0.38181
0.46197 0.74165 0.37600
0.48141 0.67509 0.24159
0.45931 0.64170 0.31979
0.26345 0.77243 0.25091
0.42040 0.64279 0.30025
0.18191 0.76553 0.40268
0.35887 0.76845 0.27424
0.41275 0.52164 0.41407
0.46691 0.70875 0.25401
0.25540 0.88647 0.19594
0.33898 0.77684 0.23409
0.47831 0.58362 0.40341
0.39538 0.70861 0.38092
0.33993 0.63855 0.35779
0.51521 0.70793 0.32533
0.38602 0.68312 0.48641
0.37286 0.61736 0.38216
0.37382 0.64087 0.49936
0.46843 0.64748 0.32974
0.58037 0.75724 0.43320
0.34296 0.80881 0.15207
0.30209 0.69171 0.35687
0.39450 0.84577 0.12459
0.36048 0.65461 0.34504
0.59421 0.69459 0.30744
0.32787 0.61579 0.39664
0.52149 0.76604 0.24785
0.38652 0.68375 0.40667
0.36938 0.62901 0.29375
0.40774 0.47172 0.37434
0.52914 0.72177 0.45878
0.36594 0.68537 0.28317
0.41514 0.50796 0.33940
0.36558 0.51326 0.41550
0.38424 0.64897 0.31910
0.49160 0.73410 0.28175
0.42680 0.72952 0.18196
0.39972 0.56014 0.36501
0.44230 0.65108 0.27807
0.37799 0.63112 0.50672
0.32110 0.71546 0.50070
0.38187 0.64445 0.27657
0.29122 0.62370 0.35405
0.49390 0.73816 0.31320
0.41890 0.71654 0.36093
0.40694 0.63325 0.32901
0.31419 0.57973 0.31855
0.42931 0.67434 0.19770
0.44721 0.65515 0.31346
0.52232 0.58914 0.51445
0.40977 0.81154 0.30976
0.34001 0.65157 0.34152
0.41324 0.61222 0.36457
0.42963 0.69644 0.24941
0.26801 0.82210 0.21672
0.43574 0.70280 0.22536
0.50498 0.61185 0.24465
0.35507 0.65515 0.30322
0.33807 0.76042 0.30473
0.48567 0.61907 0.40814
0.38064 0.62964 0.32482
0.37439 0.53657 0.35804
0.48860 0.65293 0.45169
0.29006 0.52258 0.39886
0.48595 0.56857 0.20713
0.38922 0.66554 0.38741
0.43881 0.64346 0.30452
0.34113 0.79272 0.39147
0.55177 0.66882 0.29132
0.55973 0.73712 0.29259
0.32202 0.74184 0.30385
0.44158 0.66188 0.29883
0.42149 0.66607 0.56006
0.34485 0.83128 0.18744
0.59869 0.67874 0.36264
0.54008 0.62860 0.37798
0.37813 0.77550 0.29869
0.49252 0.70925 0.49221
0.50034 0.61427 0.43847
0.43051 0.62904 0.32814
0.48173 0.70927 0.28641
0.48059 0.67538 0.27376
0.44344 0.58196 0.32706
0.40015 0.70725 0.34207
0.37222 0.58956 0.38204
0.35324 0.74949 0.16208
0.51876 0.64136 0.49049
0.42757 0.71235 0.28582
0.36039 0.67845 0.34443
0.52196 0.62848 0.17835
0.39223 0.63059 0.29015
0.38376 0.54568 0.46068
0.40545 0.70196 0.43019
0.39551 0.74282 0.30885
0.27778 0.76482 0.51996
0.31481 0.74454 0.31113
0.46750 0.68330 0.22015
0.41400 0.70439 0.34645
0.36114 0.66019 0.24826
0.33716 0.76755 0.35532
0.54571 0.75023 0.29353
0.40653 0.72794 0.27652
0.36556 0.62042 0.29677
0.49813 0.58295 0.52722
0.44201 0.72971 0.35654
0.52012 0.71237 0.28616
0.29792 0.77370 0.43746
0.44135 0.67664 0.20254
0.58167 0.72134 0.33331
0.40935 0.63399 0.30564
0.46498 0.60031 0.33107
0.51708 0.69671 0.46880
0.33743 0.71011 0.30979
0.34419 0.69530 0.39615
0.30031 0.77356 0.49786
0.49780 0.67219 0.43509
0.45821 0.66714 0.25578
0.53185 0.72552 0.29455
0.47379 0.66749 0.36489
0.44007 0.66564 0.34594
0.39858 0.74755 0.35853
0.52921 0.59606 0.29849
0.52271 0.72411 0.29698
0.34333 0.61380 0.43190
0.41684 0.62842 0.34435
0.46703 0.62624 0.49947
0.34461 0.76366 0.27070
0.48948 0.64042 0.25183
0.34903 0.53195 0.42831
0.24493 0.72644 0.39123
0.50803 0.68800 0.31984
0.53840 0.62025 0.31215
0.34663 0.54738 0.37018
0.44208 0.70494 0.20817
0.39952 0.71624 0.34282
0.48736 0.75551 0.18715
0.45303 0.74595 0.21823
0.32209 0.63265 0.28630
0.53170 0.73316 0.29607
0.46084 0.88109 0.14901
0.48248 0.67908 0.34714
0.42814 0.62647 0.37645
0.42114 0.69955 0.21611
0.45526 0.67415 0.39306
0.39835 0.71914 0.31258
0.37746 0.78164 0.16820
0.37854 0.64124 0.36033
0.56038 0.67645 0.26151
0.55732 0.67153 0.45981
0.35217 0.73783 0.36875
0.50336 0.76891 0.26268
0.41664 0.62894 0.33230
0.47593 0.58534 0.47353
0.47387 0.59394 0.21959
0.34867 0.62731 0.39708
0.33477 0.74210 0.27784
0.46249 0.68022 0.39977
0.33508 0.61853 0.29045
0.33605 0.78260 0.22848
0.54049 0.77248 0.12285
0.39770 0.57202 0.43017
0.41530 0.67782 0.25499
0.46729 0.59337 0.49035
0.29967 0.63592 0.29336
0.49848 0.72235 0.29869
0.39661 0.60444 0.28986
0.55736 0.74406 0.32716
0.31483 0.72310 0.40854
0.40545 0.66006 0.40956
0.38973 0.62057 0.43144
0.34394 0.70080 0.40741
0.52454 0.71645 0.32217
0.22837 0.63178 0.31943
0.65186 0.68973 0.37962
0.34276 0.71449 0.23130
0.52483 0.62774 0.46498
0.52393 0.77914 0.12514
0.42815 0.72610 0.29729
0.45969 0.67283 0.28779
0.54111 0.60829 0.17953
0.43432 0.59338 0.43540
0.44892 0.82693 0.22536
0.45367 0.75848 0.15823
0.37607 0.56413 0.42829
0.37993 0.63438 0.42420
0.45109 0.62188 0.30497
0.47750 0.79726 0.29386
0.37677 0.74148 0.35583
0.23923 0.59583 0.41308
0.42369 0.61015 0.35623
0.48938 0.72114 0.31380
0.44025 0.58012 0.42259
0.46540 0.70511 0.39804
0.40148 0.69080 0.38518
0.40763 0.72803 0.33578
0.43510 0.69754 0.34501
0.40091 0.76451 0.20065
0.39761 0.74678 0.34842
0.30110 0.81651 0.19458
0.44112 0.62096 0.44773
0.43616 0.66243 0.28262
0.52854 0.65026 0.48012
0.49974 0.73114 0.26603
0.47779 0.66763 0.26953
0.31855 0.70840 0.36343
0.46867 0.58381 0.19499
0.51463 0.61786 0.25763
0.51803 0.69395 0.23754
0.43788 0.59513 0.42135
0.38842 0.65857 0.30397
0.43379 0.69197 0.48363
0.44956 0.76729 0.17579
0.24687 0.71856 0.30523
0.32573 0.59415 0.35374
0.51440 0.74751 0.33498
0.37802 0.65454 0.34549
0.25174 0.74982 0.24973
0.35739 0.70069 0.27987
0.59193 0.62193 0.22318
0.42370 0.74534 0.31874
0.29012 0.80428 0.21537
0.51070 0.66033 0.35781
0.39739 0.55463 0.46891
0.51770 0.68873 0.24265
0.45663 0.74303 0.23841
0.41234 0.67279 0.39622
0.63009 0.79547 0.11488
0.32871 0.85379 0.24217
0.45372 0.62019 0.28902
0.48120 0.61046 0.54546
0.40241 0.60127 0.39911
0.58508 0.60452 0.49807
0.23424 0.82225 0.29100
0.51032 0.68339 0.16008
0.32016 0.62898 0.30443
0.40961 0.69076 0.49483
0.34690 0.54354 0.42144
0.30657 0.60089 0.42457
0.49759 0.67246 0.35049
0.36417 0.65639 0.31580
0.25498 0.68174 0.25384
0.37536 0.76413 0.17805
0.30423 0.69460 0.36660
0.54356 0.69940 0.23298
0.31572 0.66453 0.28166
0.30644 0.66646 0.35921
0.53656 0.67846 0.19924
0.52763 0.61806 0.23514
0.34543 0.52937 0.31339
0.40326 0.61050 0.37983
0.46457 0.68530 0.43147
0.39941 0.72366 0.23869
0.45839 0.55343 0.28919
0.33003 0.62274 0.34810
0.45654 0.72931 0.45934
0.42384 0.65914 0.31507
0.49454 0.67354 0.19544
0.29754 0.75795 0.33191
0.56044 0.68747 0.21793
0.36117 0.70748 0.38528
0.46794 0.71501 0.28082
0.51216 0.68319 0.51875
0.39826 0.54533 0.40949
0.50134 0.73711 0.13381
0.45761 0.59843 0.40085
0.42446 0.64767 0.40248
0.35050 0.56851 0.40489
0.49351 0.73425 0.23547
0.62038 0.74273 0.18780
0.45145 0.69792 0.23271
0.36625 0.77297 0.30671
0.34863 0.54689 0.37901
0.57536 0.59191 0.47699
0.31258 0.64109 0.36110
0.45299 0.73576 0.30198
0.47389 0.66876 0.42584
0.49486 0.66400 0.39410
0.64314 0.77160 0.25394
0.49892 0.69662 0.38246
0.33090 0.70949 0.22626
0.56635 0.65883 0.22431
0.36203 0.65326 0.55407
0.44519 0.76655 0.30723
0.35227 0.57997 0.41267
0.49151 0.59006 0.34287
0.46347 0.70764 0.30934
0.36863 0.79738 0.14836
0.52151 0.77337 0.32189
0.56505 0.63567 0.37965
0.60119 0.71949 0.17554
0.53143 0.71006 0.27264
0.50787 0.68374 0.19168
0.40299 0.56602 0.41711
0.49921 0.73486 0.20654
0.60080 0.73707 0.17729
0.28400 0.68497 0.37880
0.39813 0.58088 0.33365
0.50137 0.59193 0.23287
0.37592 0.59522 0.36512
0.50045 0.79453 0.19774
0.48812 0.65370 0.33778
0.40762 0.67958 0.28577
0.46685 0.66736 0.25447
0.51708 0.73911 0.25092
0.38841 0.61160 0.36334
0.26594 0.84529 0.17565
0.38254 0.55415 0.37488
0.42275 0.67640 0.36196
0.38639 0.64800 0.36826
0.41473 0.65934 0.48064
0.47399 0.54776 0.46382
0.32149 0.55474 0.31694
0.39113 0.55438 0.43796
0.35805 0.80408 0.20635
0.35249 0.61738 0.29517
0.35666 0.69233 0.25825
0.40829 0.71082 0.28821
0.47528 0.63995 0.38190
0.41771 0.63496 0.42362
0.59672 0.75191 0.21617
0.40529 0.61181 0.37153
0.41024 0.68847 0.32505
0.55298 0.67119 0.20418
0.39515 0.64549 0.24312
0.45696 0.71770 0.28066
0.43862 0.72650 0.36995
0.40373 0.62984 0.33276
0.33572 0.55560 0.31337
0.38463 0.62978 0.22754
0.52805 0.60624 0.26857
0.36115 0.58716 0.44051
0.43616 0.67005 0.27850
0.38641 0.74525 0.36883
0.45195 0.61938 0.34263
0.33051 0.71538 0.30610
0.41124 0.67086 0.25204
0.54066 0.68668 0.37649
0.44682 0.61732 0.29739
0.46175 0.68720 0.23507
0.45812 0.70243 0.31569
0.30521 0.78557 0.23655
0.47407 0.71651 0.31981
0.35558 0.53644 0.41765
0.33625 0.65009 0.47897
0.48610 0.70167 0.29343
0.32166 0.62739 0.37116
0.48456 0.69572 0.29779
0.47980 0.66742 0.27955
0.42957 0.62984 0.33043
0.48325 0.61412 0.41228
0.67987 0.72510 0.09601
0.29850 0.64728 0.34292
0.33350 0.63607 0.37422
0.48354 0.67756 0.32096
0.44469 0.52953 0.46558
0.40482 0.67769 0.39158
0.39977 0.66911 0.40787
0.41505 0.59115 0.37180
0.41426 0.74500 0.18529
0.32706 0.73276 0.24986
0.50427 0.78764 0.31501
0.50846 0.69773 0.36797
0.46901 0.66185 0.29720
0.44176 0.76773 0.31350
0.33043 0.69715 0.30678
0.50937 0.81248 0.23678
0.46162 0.68441 0.27755
0.41057 0.74332 0.22542
0.39639 0.68236 0.37743
0.38225 0.79867 0.30511
0.38490 0.70205 0.30505
0.39180 0.55376 0.36101
0.42997 0.73094 0.28848
0.48418 0.74059 0.29456
0.30680 0.78514 0.28518
0.45684 0.72169 0.27854
0.57828 0.73041 0.20031
0.39653 0.60101 0.40363
0.56491 0.70186 0.17946
0.55942 0.65406 0.26832
0.42688 0.72943 0.23881
0.34080 0.72400 0.47575
0.51190 0.62460 0.30613
0.60390 0.60140 0.30208
0.42685 0.54439 0.39894
0.51306 0.64202 0.32219
0.55186 0.63653 0.47959
0.46184 0.55369 0.48309
0.40533 0.64716 0.35351
0.36373 0.62626 0.29349
0.44177 0.77537 0.24397
0.38597 0.57351 0.34625
0.47008 0.62934 0.19850
0.26335 0.65943 0.37605
0.54741 0.71899 0.16526
0.44709 0.68020 0.28551
0.44841 0.61220 0.38642
0.44607 0.67305 0.34739
0.38329 0.54501 0.39680
0.30390 0.55736 0.39226
0.39607 0.63036 0.30361
0.38466 0.60690 0.33061
0.32482 0.60479 0.35254
0.60347 0.68071 0.24240
0.34449 0.60045 0.27154
0.29015 0.69916 0.27432
0.39167 0.55729 0.32862
0.53930 0.64395 0.27714
0.49681 0.65098 0.39195
0.57149 0.60034 0.13942
0.32490 0.70545 0.24635
0.63576 0.64973 0.32252
0.49985 0.64272 0.25481
0.54778 0.63026 0.28634
0.43323 0.58619 0.34489
0.53592 0.77408 0.22419
0.58867 0.78788 0.20202
0.44235 0.75491 0.28446
0.61104 0.72320 0.27062
0.34757 0.76837 0.29649
0.39672 0.64253 0.38419
0.42161 0.69366 0.33703
0.34459 0.64848 0.51693
0.49971 0.66385 0.22200
0.45413 0.75426 0.20757
0.48500 0.64928 0.23805
0.26476 0.65618 0.36036
0.43805 0.73705 0.28861
0.38272 0.79015 0.16430
0.36077 0.66897 0.38009
0.52145 0.77888 0.19643
0.46087 0.76348 0.17311
0.46431 0.64742 0.42131
0.28655 0.69785 0.20600
0.23922 0.68082 0.33253
0.43337 0.74403 0.30076
0.45827 0.62267 0.49493
0.54614 0.75187 0.22161
0.37040 0.75282 0.24189
0.38295 0.55556 0.50612
0.27565 0.69036 0.22104
0.57297 0.68957 0.11945
0.35993 0.69767 0.35617
0.51182 0.63138 0.46770
0.39853 0.71724 0.35000
0.31168 0.59613 0.44235
0.46097 0.68678 0.24652
0.44744 0.73084 0.40440
0.51558 0.70743 0.28646
0.43835 0.63627 0.43443
0.34161 0.66414 0.41202
0.40965 0.71063 0.29061
0.39035 0.65252 0.34311
0.32094 0.61547 0.40390
0.52419 0.66675 0.26709
0.34311 0.72600 0.43030
0.47975 0.60835 0.45444
0.40036 0.78161 0.32653
0.62131 0.70276 0.37529
0.31174 0.73037 0.35185
0.34491 0.58486 0.26472
0.31319 0.65404 0.20953
0.44148 0.67732 0.27298
0.41949 0.57934 0.38164
0.51695 0.61083 0.51458
0.52437 0.70092 0.26664
0.41819 0.62290 0.51531
0.47382 0.78995 0.30450
0.49098 0.69157 0.23974
0.37056 0.56362 0.36588
0.53645 0.60024 0.46478
0.41240 0.61790 0.38737
0.36329 0.60117 0.27496
0.49322 0.60281 0.47940
0.42498 0.58420 0.32056
0.49728 0.72535 0.25393
0.43019 0.56868 0.40507
0.57189 0.72828 0.20290
0.26177 0.70582 0.38945
0.36231 0.59375 0.30357
0.34622 0.54220 0.38524
0.46817 0.73571 0.29978
0.36093 0.66232 0.31847
0.41287 0.70946 0.23519
0.43521 0.76073 0.30783
0.20841 0.80380 0.23023
0.55161 0.70532 0.26330
0.46868 0.67711 0.29132
0.29885 0.68858 0.25494
0.44848 0.58172 0.40750
0.54345 0.68462 0.30191
0.41733 0.69632 0.27865
0.41096 0.61954 0.34820
0.48820 0.69501 0.23770
0.42199 0.72872 0.17145
0.35246 0.67943 0.37371
0.34727 0.53258 0.36932
0.27369 0.68120 0.50024
0.43182 0.67315 0.32155
0.65005 0.62533 0.19313
0.35762 0.62351 0.32620
0.34840 0.50030 0.42355
0.55334 0.72283 0.32962
0.31727 0.63891 0.35884
0.40062 0.63321 0.34400
0.38995 0.67193 0.34711
0.38249 0.61569 0.33177
0.26309 0.60905 0.39378
0.41284 0.59444 0.32060
0.35143 0.57771 0.33615
0.49027 0.68787 0.36460
0.50454 0.68177 0.21589
0.32402 0.69937 0.23912
0.47758 0.66103 0.41563
0.35682 0.76345 0.37666
0.39372 0.65043 0.35322
0.43574 0.68507 0.24695
0.43424 0.62742 0.47399
0.50108 0.75768 0.36362
0.45864 0.64283 0.34245
0.42229 0.68406 0.58302
0.53962 0.70044 0.27454
0.45818 0.82584 0.23401
0.55110 0.68579 0.12837
0.40845 0.68789 0.37999
0.34386 0.62549 0.28077
0.48075 0.75966 0.24772
0.42371 0.67849 0.36454
0.40525 0.72325 0.34047
0.48996 0.65617 0.27932
0.52304 0.68336 0.48510
0.57648 0.74514 0.41474
0.43018 0.65082 0.47213
0.40485 0.61102 0.43971
0.52687 0.81973 0.29420
0.42397 0.70652 0.20904
0.30468 0.72994 0.32165
0.33924 0.66924 0.45291
0.32027 0.61552 0.46536
0.44370 0.80143 0.14940
0.41346 0.63283 0.33492
0.52513 0.73940 0.31603
0.34678 0.70554 0.32645
0.48529 0.65021 0.15049
0.52407 0.70598 0.28982
0.30778 0.79058 0.22536
0.42232 0.63908 0.31207
0.41963 0.63498 0.25953
0.34330 0.64777 0.32218
0.47478 0.72728 0.25804
0.31169 0.66966 0.49963
0.46664 0.69826 0.27250
0.52243 0.67964 0.31447
0.26979 0.66725 0.46609
0.51622 0.66762 0.33864
0.35689 0.67119 0.27568
0.51521 0.68341 0.35169
0.44107 0.55085 0.48271
0.38218 0.70379 0.37247
0.45673 0.75619 0.21117
0.36887 0.76937 0.35669
0.33576 0.62866 0.25249
0.32191 0.61687 0.34387
0.35413 0.62868 0.45621
0.44954 0.62341 0.39644
0.58643 0.60716 0.31929
0.47247 0.55717 0.29731
0.49355 0.81344 0.25199
0.40017 0.69432 0.34604
0.38152 0.58691 0.42690
0.26367 0.76924 0.28474
0.48524 0.69472 0.40357
0.32919 0.71841 0.32904
0.54451 0.65287 0.18703
0.48078 0.70967 0.32574
0.32851 0.67233 0.31942
0.35080 0.53929 0.40273
0.37707 0.70369 0.24200
0.41683 0.70186 0.36686
0.50063 0.68257 0.29985
0.43711 0.69311 0.25631
0.53052 0.70893 0.24141
0.25028 0.61594 0.39169
0.43776 0.63495 0.36189
0.39995 0.63881 0.40379
0.40805 0.54669 0.55352
0.40535 0.66073 0.27310
0.54426 0.69180 0.26976
0.38045 0.74292 0.17556
0.37100 0.61429 0.31643
0.43726 0.69608 0.31513
0.42892 0.71835 0.19997
0.38500 0.67662 0.29746
0.57413 0.65552 0.28821
0.28889 0.61980 0.42523
0.50161 0.68169 0.32397
0.40122 0.58102 0.48263
0.46366 0.75990 0.28024
0.41104 0.72458 0.32581
0.31378 0.70110 0.23251
0.48227 0.65991 0.25666
0.34877 0.71460 0.41756
0.31529 0.72323 0.29857
0.55829 0.73270 0.26665
0.51505 0.68584 0.48290
0.26476 0.58834 0.46846
0.42850 0.69985 0.28471
0.49569 0.61092 0.26234
0.33987 0.76058 0.28051
0.33213 0.71893 0.35764
0.41296 0.72356 0.21604
0.45999 0.67758 0.38252
0.34384 0.75944 0.46685
0.47667 0.66810 0.32434
0.49696 0.66824 0.18626
0.39501 0.62153 0.28238
0.23533 0.79324 0.21189
0.49515 0.58128 0.57150
0.48143 0.63341 0.30617
0.27471 0.71123 0.33082
0.36863 0.60421 0.31669
0.35187 0.49461 0.53268
0.50386 0.68880 0.37073
0.53355 0.56347 0.49750
0.48806 0.65981 0.34079
0.31745 0.60622 0.35090
0.43744 0.63050 0.35340
0.49163 0.71311 0.42351
0.60336 0.66709 0.27357
0.43264 0.74473 0.30501
0.32603 0.56991 0.36582
0.40771 0.65409 0.32429
0.46067 0.69387 0.23361
0.21780 0.73812 0.37693
0.46530 0.70847 0.38082
0.51255 0.67635 0.24136
0.46568 0.78700 0.24170
0.43482 0.72970 0.32161
0.44621 0.67282 0.27690
0.34714 0.50973 0.39194
0.31966 0.62973 0.34988
0.44234 0.56474 0.33752
0.65890 0.64418 0.14745
0.48194 0.65345 0.31664
0.26351 0.72684 0.44064
0.32491 0.63001 0.33948
0.48395 0.59057 0.32432
0.50055 0.59835 0.38348
0.42920 0.64360 0.38085
0.41906 0.66324 0.24681
0.45709 0.62199 0.53860
0.43007 0.71894 0.29037
0.40847 0.69760 0.38704
0.44403 0.64703 0.23493
0.40124 0.75838 0.22630
0.31752 0.67465 0.31253
0.49554 0.65975 0.20522
0.49939 0.68477 0.23012
0.61522 0.66585 0.40057
0.33713 0.61519 0.35410
0.56430 0.72738 0.28856
0.51074 0.55859 0.34983
0.33022 0.65403 0.38120
0.47265 0.75136 0.31715
0.53848 0.60791 0.24055
0.51495 0.58255 0.17457
0.30260 0.68460 0.33554
0.47281 0.65308 0.34421
0.27741 0.64408 0.36808
0.35298 0.70135 0.41225
0.52415 0.62977 0.39720
0.66689 0.62954 0.16192
0.35578 0.57830 0.43299
0.38369 0.67164 0.60668
0.53637 0.68581 0.17437
0.39826 0.76228 0.43074
0.58815 0.71653 0.26753
0.42721 0.67755 0.36668
0.53314 0.66942 0.35324
0.42705 0.60820 0.36002
0.44504 0.57801 0.29890
0.24928 0.70617 0.36619
0.28335 0.74910 0.29077
0.40991 0.66975 0.38755
0.47094 0.63395 0.38046
0.44100 0.56226 0.29739
0.49102 0.69316 0.24320
0.36269 0.61944 0.34047
0.44216 0.72910 0.18314
0.51379 0.70913 0.18177
0.36123 0.66963 0.29494
0.38794 0.74335 0.43410
0.28798 0.63254 0.30706
0.45636 0.67027 0.28324
0.46661 0.74939 0.25005
0.50005 0.67345 0.27475
0.41223 0.67490 0.34354
0.47005 0.70421 0.22582
0.19225 0.78628 0.28775
0.52190 0.71053 0.35247
0.52260 0.62729 0.36464
0.21613 0.67611 0.43057
0.34282 0.59971 0.25119
0.53061 0.70188 0.20903
0.28068 0.70994 0.49510
0.36762 0.84511 0.26350
0.44207 0.69221 0.43114
0.40574 0.60321 0.28147
0.41247 0.70299 0.23519
0.43169 0.77086 0.30803
0.42176 0.59336 0.33140
0.46013 0.57167 0.28382
0.40351 0.64308 0.20544
0.39671 0.63838 0.40225
0.39568 0.68315 0.32861
0.34594 0.76454 0.32422
0.55010 0.57332 0.15569
0.54192 0.70347 0.27204
0.58089 0.63677 0.36399
0.50030 0.67232 0.25682
0.34290 0.73492 0.35172
0.50931 0.51280 0.52416
0.34912 0.82147 0.20945
0.40965 0.58180 0.36774
0.45328 0.71979 0.30114
0.48614 0.58809 0.32608
0.63207 0.69496 0.25892
