20 11 1000 10813 16
0.41875 0.50514 0.41613
0.51913 0.32688 0.99269
0.25900 0.02782 0.04028
0.97827 0.52759 0.96376
0.31504 0.65707 0.47290
0.41176 0.56652 0.34400
0.57134 0.31457 0.22628
0.56736 0.10767 0.43796
0.85055 0.96817 0.75851
0.65952 0.09901 0.73653
0.49228 0.94005 0.63935
0.58632 0.44292 0.68714
0.62699 0.56682 0.60413
0.46903 0.35214 0.37079
0.48899 0.46797 0.57314
0.63235 0.38486 0.58829
0.68371 0.44683 0.64758
0.50572 0.26702 0.43568
0.60492 0.51200 0.60374
0.59060 0.40057 0.60692
0.53851 0.38374 0.49702
0.50108 0.39693 0.53408
0.53816 0.51526 0.52679
0.54934 0.58532 0.50468
0.51182 0.55282 0.59142
0.54065 0.36324 0.42660
0.57669 0.53508 0.58084
0.54045 0.38074 0.56706
0.66246 0.48970 0.65771
0.54750 0.47387 0.60150
0.68002 0.64172 0.71478
0.48817 0.39810 0.47497
0.60990 0.40182 0.68730
0.52775 0.43207 0.65924
0.51057 0.32775 0.46818
0.44769 0.56494 0.55176
0.62601 0.51534 0.67021
0.63811 0.44279 0.63994
0.53093 0.47844 0.55467
0.55176 0.37211 0.68808
0.54125 0.37800 0.41923
0.59726 0.54380 0.65897
0.59165 0.34221 0.50940
0.64603 0.55365 0.60294
0.58449 0.38127 0.55329
0.48042 0.38721 0.53862
0.67450 0.58304 0.61041
0.48523 0.50588 0.45072
0.47950 0.38992 0.41364
0.55120 0.39007 0.59505
0.62742 0.40325 0.66752
0.47361 0.37339 0.50217
0.51795 0.35212 0.39624
0.61576 0.38425 0.52970
0.60573 0.36427 0.55226
0.47590 0.48490 0.46489
0.56616 0.61092 0.57261
0.53417 0.57286 0.54444
0.55929 0.56197 0.57628
0.67337 0.41042 0.65372
0.51625 0.43296 0.46578
0.55001 0.34455 0.54867
0.50604 0.34347 0.41559
0.72749 0.60723 0.78799
0.52073 0.50709 0.46713
0.52224 0.51957 0.62050
0.51048 0.42105 0.74822
0.55970 0.40514 0.59499
0.59754 0.54625 0.61050
0.56246 0.33514 0.58623
0.41526 0.40519 0.39870
0.44208 0.40700 0.34571
0.69406 0.46502 0.68961
0.50872 0.53184 0.46755
0.54229 0.31291 0.45575
0.47662 0.31739 0.48230
0.51295 0.42747 0.55104
0.50170 0.41889 0.50022
0.62635 0.43017 0.58919
0.60790 0.35185 0.46895
0.57300 0.33229 0.55045
0.54418 0.47815 0.53446
0.54640 0.44587 0.51642
0.55011 0.38392 0.55601
0.53750 0.52501 0.54859
0.61815 0.46451 0.58363
0.44311 0.38129 0.42731
0.53239 0.49055 0.65164
0.56923 0.50833 0.57846
0.64445 0.58947 0.64546
0.55933 0.40301 0.53738
0.54139 0.38865 0.57270
0.57671 0.34630 0.52870
0.61520 0.44249 0.70027
0.59937 0.49668 0.54313
0.47211 0.47992 0.47846
0.49139 0.46623 0.48079
0.53228 0.37729 0.46759
0.51611 0.47509 0.51855
0.54792 0.46046 0.48561
0.38794 0.42282 0.35665
0.55910 0.42230 0.57103
0.70091 0.50499 0.73165
0.48558 0.32590 0.41932
0.60116 0.53272 0.59685
0.52445 0.58887 0.53974
0.48676 0.40212 0.47371
0.60849 0.32390 0.65219
0.50850 0.53769 0.56995
0.53011 0.38348 0.57618
0.46905 0.48262 0.48145
0.49166 0.38649 0.43824
0.60622 0.39808 0.52189
0.50071 0.44210 0.42623
0.54340 0.46602 0.47368
0.59364 0.35693 0.61081
0.50167 0.55790 0.49209
0.49294 0.50420 0.48909
0.66413 0.44086 0.64534
0.60835 0.54620 0.57810
0.57281 0.31666 0.46615
0.57918 0.31491 0.68208
0.55356 0.33659 0.52994
0.49396 0.57439 0.61058
0.50869 0.41329 0.50939
0.58009 0.27009 0.55598
0.60296 0.42611 0.63654
0.49744 0.42687 0.48683
0.66428 0.36258 0.62328
0.52602 0.51160 0.58882
0.51846 0.49356 0.48156
0.48488 0.43520 0.53466
0.58850 0.59930 0.63361
0.45018 0.35932 0.50062
0.52379 0.50822 0.42524
0.48603 0.48521 0.45083
0.56997 0.46050 0.56950
0.56440 0.45747 0.56213
0.54231 0.36077 0.45614
0.55980 0.51447 0.53468
0.50074 0.39699 0.56168
0.52445 0.45227 0.52951
0.54969 0.46711 0.58071
0.62291 0.55029 0.62902
0.53280 0.43872 0.52892
0.65439 0.55519 0.57198
0.47594 0.42353 0.54124
0.53416 0.31656 0.58763
0.50853 0.54212 0.55660
0.55080 0.36874 0.56090
0.54577 0.41410 0.56289
0.56941 0.47137 0.65257
0.58348 0.39933 0.53619
0.52756 0.38064 0.47274
0.48800 0.44660 0.54037
0.60263 0.48383 0.59072
0.54856 0.36489 0.50300
0.55389 0.48945 0.58632
0.56216 0.55041 0.49812
0.58157 0.46794 0.56692
0.47055 0.54158 0.51579
0.53210 0.49808 0.51269
0.71868 0.51508 0.74553
0.62692 0.41956 0.51172
0.57234 0.35689 0.54723
0.50134 0.39248 0.50416
0.48982 0.52457 0.42106
0.52173 0.43268 0.54677
0.44985 0.41403 0.38080
0.45834 0.48057 0.47748
0.65802 0.51500 0.73566
0.44558 0.45940 0.49115
0.59352 0.43249 0.49250
0.44100 0.58059 0.51221
0.60740 0.54471 0.57090
0.69657 0.59474 0.67994
0.54809 0.53794 0.51244
0.56005 0.61643 0.51336
0.58015 0.29435 0.57303
0.49141 0.44637 0.45914
0.52314 0.45423 0.54075
0.51890 0.44568 0.42094
0.59473 0.44793 0.52268
0.46647 0.37689 0.39604
0.57802 0.54423 0.58345
0.56383 0.48068 0.63203
0.61788 0.49778 0.75953
0.45748 0.53641 0.44913
0.48708 0.44085 0.44089
0.52269 0.45052 0.45899
0.61558 0.58121 0.63877
0.60937 0.38418 0.71204
0.46702 0.46404 0.41619
0.59439 0.44452 0.46959
0.68796 0.48057 0.72463
0.56597 0.40572 0.49859
0.56361 0.42764 0.58694
0.57877 0.55853 0.53972
0.53014 0.49292 0.56949
0.49613 0.42223 0.51379
0.64249 0.34166 0.63685
0.55375 0.32167 0.43565
0.52892 0.41515 0.49579
0.45879 0.44573 0.44106
0.48047 0.60184 0.48311
0.48654 0.51207 0.43560
0.57125 0.35565 0.55817
0.51883 0.33672 0.48209
0.68272 0.69329 0.62211
0.53075 0.58093 0.54699
0.49965 0.28061 0.52079
0.63305 0.46674 0.61857
0.65379 0.53143 0.60237
0.59970 0.43044 0.54694
0.53252 0.55591 0.48411
0.51416 0.46877 0.55914
0.63102 0.46296 0.60981
0.58634 0.44453 0.55499
0.50513 0.44308 0.51405
0.57632 0.44199 0.57144
0.48487 0.27179 0.31742
0.47323 0.49666 0.48889
0.54023 0.54077 0.54475
0.54572 0.36664 0.40616
0.53397 0.45859 0.64222
0.53373 0.49937 0.47916
0.58098 0.57481 0.59628
0.57507 0.45756 0.70213
0.50054 0.34957 0.60618
0.45368 0.49013 0.43120
0.53456 0.42250 0.55341
0.46510 0.41790 0.49576
0.52269 0.45915 0.50280
0.58163 0.58748 0.56755
0.45091 0.40013 0.47602
0.50256 0.48953 0.54411
0.48327 0.50551 0.57110
0.61019 0.42194 0.55774
0.54787 0.41030 0.77827
0.49171 0.60722 0.55664
0.54622 0.47634 0.51668
0.54330 0.44066 0.49376
0.59971 0.41372 0.56915
0.49124 0.37467 0.45447
0.61198 0.32488 0.70332
0.62266 0.59777 0.57737
0.55378 0.59255 0.59427
0.50149 0.37624 0.76881
0.55752 0.44109 0.55154
0.51892 0.52249 0.64046
0.60491 0.52293 0.60312
0.48033 0.33749 0.48347
0.53360 0.55473 0.62805
0.52966 0.48034 0.66023
0.45856 0.45686 0.45370
0.56786 0.52001 0.48097
0.49348 0.49262 0.49196
0.49549 0.44131 0.61051
0.52901 0.39397 0.57956
0.49042 0.38883 0.54492
0.51685 0.47893 0.48906
0.55312 0.68933 0.58398
0.58039 0.59708 0.59099
0.58087 0.46721 0.55801
0.59210 0.43494 0.50167
0.57763 0.44173 0.50144
0.57922 0.55182 0.56345
0.57957 0.68505 0.59632
0.66862 0.41083 0.69897
0.46477 0.49764 0.51585
0.55994 0.38449 0.52089
0.62320 0.63240 0.62704
0.44071 0.42568 0.40064
0.44933 0.35710 0.40069
0.51730 0.40916 0.45687
0.66061 0.55267 0.68080
0.52381 0.48663 0.58184
0.67940 0.63211 0.63364
0.54086 0.41104 0.61694
0.52159 0.38585 0.44446
0.63657 0.42605 0.57966
0.47682 0.44095 0.46391
0.55809 0.49189 0.57605
0.50608 0.63228 0.50152
0.57167 0.47287 0.64610
0.47207 0.43333 0.51077
0.49227 0.50398 0.46726
0.62648 0.52717 0.70710
0.53463 0.55040 0.57557
0.54269 0.50111 0.64698
0.50702 0.29323 0.50742
0.43743 0.52921 0.47383
0.54958 0.20107 0.50218
0.55407 0.64477 0.58385
0.43176 0.36231 0.39633
0.52895 0.46569 0.59250
0.57756 0.53404 0.59403
0.60741 0.51540 0.58812
0.52159 0.57731 0.55015
0.56058 0.62457 0.58619
0.51784 0.37042 0.38295
0.53568 0.55168 0.63857
0.53186 0.49278 0.55982
0.46811 0.42385 0.48924
0.53963 0.47672 0.52202
0.47475 0.46373 0.38765
0.52962 0.58844 0.56646
0.68388 0.60521 0.70503
0.54371 0.34451 0.62933
0.59569 0.55276 0.78605
0.48983 0.47376 0.58307
0.64696 0.46785 0.57026
0.52855 0.43868 0.71813
0.53074 0.58808 0.59651
0.52100 0.29345 0.36011
0.45002 0.46184 0.52689
0.57456 0.43065 0.76471
0.53105 0.49116 0.61390
0.43637 0.36328 0.43238
0.48494 0.54685 0.46143
0.54492 0.62723 0.53554
0.55865 0.37665 0.59684
0.49679 0.51829 0.53499
0.57724 0.50410 0.55933
0.59875 0.46903 0.56953
0.54188 0.47545 0.57505
0.48377 0.50828 0.43783
0.58836 0.41983 0.55845
0.64980 0.39327 0.66650
0.55797 0.45715 0.57348
0.57079 0.58649 0.54441
0.62821 0.54057 0.64746
0.68951 0.39056 0.62602
0.60202 0.53324 0.63530
0.57973 0.48016 0.62898
0.56411 0.41117 0.46392
0.50527 0.43383 0.42745
0.52835 0.34304 0.58529
0.53562 0.45370 0.48284
0.55391 0.40432 0.73967
0.49407 0.27582 0.43835
0.58882 0.53704 0.53482
0.49047 0.50194 0.52968
0.50124 0.43817 0.43595
0.53721 0.56264 0.62011
0.50298 0.64904 0.57266
0.62168 0.30006 0.62948
0.52519 0.49103 0.53302
0.61063 0.50124 0.55721
0.51116 0.45842 0.45992
0.52403 0.37048 0.52956
0.56076 0.28640 0.51356
0.65137 0.72595 0.64968
0.52345 0.40967 0.44263
0.55021 0.41562 0.60305
0.50143 0.67064 0.59551
0.44394 0.50708 0.44101
0.52572 0.39006 0.65851
0.54481 0.44923 0.60218
0.46306 0.39432 0.36966
0.58469 0.54783 0.64863
0.44052 0.51916 0.40479
0.50670 0.49601 0.47249
0.50181 0.52173 0.52866
0.58017 0.42619 0.62698
0.57077 0.59210 0.61965
0.55197 0.39935 0.40687
0.54191 0.36201 0.46911
0.54603 0.58663 0.53402
0.49514 0.47869 0.51069
0.59378 0.52077 0.58302
0.50572 0.39375 0.48222
0.60464 0.44633 0.60276
0.49164 0.26752 0.48491
0.55483 0.63799 0.57739
0.48194 0.42560 0.47259
0.51150 0.37882 0.39719
0.50834 0.44688 0.52501
0.51067 0.39894 0.52736
0.47909 0.26827 0.42868
0.51069 0.34176 0.54346
0.52870 0.39860 0.49539
0.58676 0.50050 0.49038
0.46969 0.51925 0.44892
0.60929 0.51674 0.59131
0.69939 0.57412 0.70049
0.50834 0.48195 0.47536
0.62614 0.46134 0.64839
0.48874 0.45316 0.52894
0.46757 0.43434 0.52035
0.56546 0.35862 0.62013
0.52888 0.41290 0.46723
0.54862 0.51856 0.51272
0.55626 0.49251 0.50752
0.60410 0.54141 0.72276
0.49580 0.39130 0.46733
0.66478 0.54516 0.61603
0.60389 0.53633 0.59407
0.56314 0.43847 0.47144
0.65681 0.62712 0.62402
0.49821 0.45786 0.43703
0.52304 0.57010 0.59203
0.52213 0.49812 0.66052
0.49008 0.61240 0.47999
0.53426 0.41574 0.56812
0.50421 0.41143 0.52253
0.48654 0.49216 0.43499
0.56445 0.36908 0.62322
0.50735 0.48980 0.56147
0.59243 0.54282 0.55692
0.58783 0.47697 0.61328
0.61485 0.61140 0.58356
0.51327 0.52463 0.49832
0.71405 0.62728 0.67162
0.53361 0.28756 0.44391
0.48460 0.43535 0.48555
0.49837 0.41316 0.40015
0.55805 0.39333 0.45341
0.55194 0.38880 0.52185
0.60945 0.54742 0.59930
0.65075 0.53788 0.65435
0.53679 0.46195 0.46199
0.58044 0.41002 0.64097
0.58953 0.54666 0.53837
0.65634 0.54851 0.79421
0.66307 0.56504 0.65146
0.53669 0.46931 0.53588
0.48397 0.53283 0.48398
0.49854 0.56798 0.45584
0.50503 0.62279 0.54782
0.47870 0.42235 0.43522
0.52918 0.45616 0.51851
0.48036 0.42483 0.54121
0.55557 0.58844 0.61944
0.52039 0.52624 0.49709
0.63096 0.53037 0.63025
0.51337 0.59516 0.53897
0.55928 0.51228 0.59661
0.56956 0.44610 0.57157
0.51126 0.41203 0.74236
0.48063 0.44962 0.49607
0.53982 0.50073 0.48348
0.61274 0.47518 0.56538
0.54282 0.42987 0.59196
0.60880 0.52046 0.63264
0.60402 0.44684 0.52331
0.55923 0.38433 0.50278
0.71926 0.42624 0.67417
0.50561 0.29238 0.43976
0.47445 0.51841 0.49798
0.58041 0.38032 0.41325
0.50276 0.32768 0.39066
0.55455 0.36460 0.52514
0.59598 0.42850 0.55506
0.54789 0.54145 0.53027
0.48384 0.38740 0.49520
0.54506 0.43241 0.53735
0.65504 0.46920 0.64726
0.52423 0.38018 0.55560
0.58980 0.52210 0.55422
0.59979 0.47146 0.58765
0.57428 0.38228 0.71153
0.60910 0.31353 0.65455
0.54204 0.45007 0.53804
0.56301 0.36242 0.50550
0.63841 0.61645 0.65426
0.61599 0.48697 0.64206
0.51325 0.37912 0.44039
0.48648 0.52686 0.50535
0.52569 0.30496 0.57705
0.54540 0.55645 0.57128
0.56467 0.28751 0.47254
0.67968 0.33526 0.71132
0.46735 0.45957 0.47419
0.57029 0.58875 0.51518
0.51624 0.48323 0.46564
0.58716 0.47029 0.65832
0.57747 0.49495 0.54444
0.52681 0.51799 0.51412
0.50682 0.41169 0.43181
0.45581 0.45993 0.46113
0.69169 0.51288 0.65458
0.58891 0.39943 0.60730
0.46759 0.26041 0.31254
0.56770 0.58084 0.55493
0.54301 0.30708 0.49520
0.59494 0.64716 0.62834
0.57862 0.64138 0.58443
0.53898 0.52476 0.51723
0.50612 0.45340 0.50173
0.61100 0.48850 0.72039
0.54742 0.49800 0.53208
0.50310 0.44666 0.45872
0.53304 0.27402 0.38553
0.49985 0.32972 0.44693
0.64010 0.49693 0.61546
0.51472 0.46763 0.62837
0.72075 0.41738 0.73697
0.62379 0.40541 0.66528
0.51344 0.39165 0.45717
0.53379 0.41674 0.50682
0.64976 0.41620 0.63776
0.49545 0.56695 0.52137
0.47412 0.28237 0.40814
0.68697 0.46944 0.64695
0.59162 0.33437 0.53052
0.44404 0.37328 0.46254
0.59283 0.55121 0.67649
0.54980 0.45704 0.60684
0.53064 0.51520 0.47450
0.47519 0.54492 0.51591
0.46785 0.46245 0.63012
0.48288 0.47363 0.47696
0.56925 0.44321 0.54150
0.50433 0.32033 0.69101
0.48062 0.43040 0.57996
0.54283 0.46237 0.60359
0.61610 0.62884 0.64176
0.50953 0.35632 0.38799
0.54142 0.26727 0.47792
0.51560 0.40642 0.51509
0.52480 0.40940 0.48746
0.59659 0.44618 0.62076
0.54053 0.50035 0.51792
0.59600 0.33238 0.55500
0.50017 0.38409 0.51524
0.50425 0.49824 0.48410
0.48358 0.43440 0.43588
0.57014 0.68210 0.58283
0.52975 0.42063 0.53494
0.54158 0.51177 0.53570
0.55554 0.54265 0.55784
0.60879 0.40843 0.69455
0.57196 0.31890 0.55327
0.56054 0.41900 0.52020
0.41313 0.43524 0.35230
0.55682 0.37984 0.52039
0.56790 0.42639 0.58633
0.52193 0.60027 0.61377
0.53291 0.52174 0.53148
0.51186 0.53538 0.47890
0.61598 0.43810 0.56765
0.55489 0.39412 0.57896
0.51798 0.64382 0.49003
0.49451 0.39074 0.45492
0.54580 0.55806 0.49822
0.57526 0.46612 0.59791
0.62326 0.47789 0.63098
0.55463 0.39198 0.54524
0.46166 0.32327 0.40471
0.55071 0.53529 0.49109
0.59271 0.29493 0.61729
0.49070 0.41871 0.52233
0.53033 0.39399 0.57980
0.48448 0.44411 0.53995
0.55596 0.39153 0.61506
0.50856 0.43194 0.55611
0.45919 0.63889 0.53164
0.52160 0.41572 0.46916
0.62204 0.40188 0.54520
0.61338 0.43864 0.63886
0.50018 0.28828 0.47698
0.52879 0.35846 0.51852
0.58800 0.46144 0.63991
0.45294 0.35563 0.34953
0.65938 0.44845 0.59389
0.50241 0.57007 0.50822
0.47623 0.52863 0.46783
0.51081 0.58738 0.51246
0.64075 0.54996 0.69781
0.60162 0.42100 0.62462
0.52817 0.29300 0.46611
0.50336 0.52994 0.51255
0.53972 0.43287 0.60726
0.58416 0.42085 0.52112
0.58463 0.53325 0.56205
0.60772 0.29556 0.67709
0.50802 0.39375 0.49819
0.66766 0.59077 0.68673
0.70319 0.51924 0.71180
0.49034 0.45530 0.44310
0.54798 0.49206 0.52457
0.48190 0.34833 0.39740
0.62459 0.46228 0.63849
0.44996 0.43600 0.47452
0.54329 0.49325 0.40426
0.56168 0.49031 0.65201
0.49270 0.44995 0.48205
0.50063 0.30588 0.44500
0.46454 0.36587 0.53506
0.59384 0.42040 0.55346
0.63823 0.37340 0.57360
0.54923 0.47635 0.55098
0.48948 0.45087 0.50619
0.44129 0.46744 0.45260
0.53400 0.51934 0.53098
0.50626 0.40812 0.42207
0.54770 0.49805 0.53127
0.51779 0.38031 0.52432
0.65088 0.51612 0.66039
0.61373 0.42720 0.65647
0.51049 0.37205 0.39912
0.47485 0.51077 0.51947
0.51262 0.52932 0.54800
0.57334 0.35084 0.62087
0.51963 0.57436 0.67560
0.59534 0.51758 0.65222
0.46739 0.38672 0.45732
0.44235 0.40495 0.43110
0.48786 0.39696 0.39496
0.44936 0.48899 0.44412
0.47807 0.33550 0.59452
0.54936 0.45709 0.62732
0.54827 0.52127 0.71484
0.57587 0.49990 0.58599
0.57484 0.43230 0.54544
0.52961 0.47723 0.52501
0.61743 0.56974 0.61123
0.59989 0.41971 0.54809
0.60730 0.64953 0.58915
0.58901 0.38783 0.51714
0.66317 0.37375 0.73764
0.73196 0.59132 0.67967
0.52060 0.45476 0.53709
0.53789 0.59248 0.51788
0.52025 0.36834 0.62196
0.58345 0.47453 0.60476
0.56427 0.41527 0.53900
0.49976 0.52394 0.48354
0.51850 0.47133 0.56371
0.51668 0.53704 0.58296
0.58384 0.55781 0.61294
0.56242 0.44059 0.59722
0.63056 0.66172 0.58568
0.62182 0.49175 0.75690
0.58335 0.42863 0.53392
0.47740 0.57088 0.51451
0.54851 0.25242 0.52611
0.48093 0.47769 0.47489
0.59194 0.44154 0.48520
0.57391 0.54075 0.59466
0.51416 0.39808 0.46967
0.74021 0.52160 0.71853
0.54948 0.42558 0.48310
0.60730 0.54638 0.56336
0.55920 0.46262 0.57063
0.64282 0.45256 0.68995
0.55871 0.36658 0.60161
0.52739 0.39886 0.44718
0.55331 0.50754 0.48571
0.44711 0.41089 0.40189
0.53572 0.56058 0.52373
0.64434 0.41631 0.59142
0.48252 0.42797 0.49412
0.50730 0.44906 0.51368
0.50265 0.36630 0.41775
0.51056 0.44184 0.46886
0.46940 0.56450 0.55898
0.56268 0.43705 0.57131
0.54307 0.46901 0.50685
0.49879 0.47583 0.48535
0.63401 0.46233 0.68531
0.61868 0.51828 0.64608
0.59220 0.36795 0.46879
0.46954 0.35854 0.39300
0.54099 0.45115 0.47207
0.53355 0.41574 0.62218
0.50630 0.31052 0.47518
0.44901 0.51060 0.50147
0.52834 0.57448 0.56048
0.65761 0.53287 0.60453
0.65851 0.52643 0.69524
0.58191 0.56009 0.55383
0.53481 0.36994 0.49891
0.51812 0.45214 0.47199
0.57623 0.43812 0.53642
0.54690 0.44408 0.67215
0.64737 0.41600 0.57074
0.59740 0.36260 0.59305
0.58677 0.31213 0.61047
0.56270 0.45754 0.58977
0.55962 0.47425 0.57763
0.49522 0.47373 0.43712
0.55581 0.42124 0.53404
0.50196 0.50431 0.49248
0.51030 0.47895 0.48529
0.51774 0.35179 0.49616
0.52059 0.36930 0.51163
0.46380 0.43890 0.43757
0.46383 0.51384 0.45974
0.60635 0.39966 0.61001
0.60155 0.51090 0.60676
0.60347 0.34063 0.54218
0.68753 0.54846 0.77057
0.55943 0.28759 0.65673
0.64678 0.39845 0.58770
0.53581 0.46635 0.47294
0.61761 0.55103 0.63513
0.46995 0.31779 0.39086
0.55715 0.47622 0.43997
0.58694 0.52991 0.57280
0.60132 0.55278 0.65806
0.49849 0.47738 0.57482
0.67484 0.73622 0.64323
0.46169 0.40129 0.54958
0.47349 0.41061 0.43517
0.49028 0.57124 0.52444
0.65583 0.64750 0.61686
0.55992 0.34785 0.56919
0.61495 0.44665 0.64897
0.51699 0.54222 0.56522
0.49209 0.69388 0.54969
0.61471 0.55385 0.59900
0.55977 0.40537 0.51655
0.55421 0.46354 0.60728
0.52247 0.35728 0.54795
0.54368 0.52433 0.54093
0.45393 0.53162 0.51039
0.51874 0.50013 0.50339
0.47154 0.47062 0.46463
0.53162 0.43017 0.60085
0.53812 0.44324 0.47820
0.59108 0.50454 0.50458
0.49418 0.44722 0.49875
0.69132 0.40682 0.65827
0.51860 0.52527 0.54719
0.49163 0.46511 0.56798
0.51584 0.51000 0.49713
0.59136 0.52688 0.66464
0.57253 0.43905 0.57352
0.47058 0.50732 0.46254
0.59642 0.48702 0.66831
0.61232 0.47933 0.57202
0.55844 0.47048 0.65412
0.56529 0.43296 0.66392
0.58779 0.29883 0.58950
0.42613 0.44349 0.43806
0.54829 0.45781 0.49622
0.57904 0.47533 0.45227
0.54640 0.39462 0.64446
0.54245 0.41933 0.72336
0.55040 0.60790 0.54688
0.45832 0.42745 0.39616
0.50818 0.41156 0.52455
0.52683 0.43539 0.58062
0.52878 0.60650 0.55746
0.57670 0.47489 0.53398
0.67240 0.50982 0.62975
0.48108 0.46600 0.49249
0.46529 0.32559 0.48563
0.51248 0.64961 0.56785
0.52740 0.40317 0.49314
0.60769 0.45787 0.67331
0.60352 0.67238 0.59901
0.59568 0.55691 0.53164
0.61407 0.57457 0.60887
0.51338 0.48898 0.51554
0.49485 0.51887 0.51212
0.62821 0.42471 0.67415
0.52019 0.39051 0.46281
0.53001 0.45848 0.49016
0.51649 0.32820 0.64134
0.60354 0.43533 0.64811
0.47442 0.58521 0.48874
0.45770 0.39509 0.42371
0.51129 0.42679 0.47382
0.58983 0.56918 0.57515
0.49054 0.40125 0.47977
0.55192 0.45070 0.56928
0.59716 0.56399 0.52752
0.57209 0.51977 0.57078
0.57022 0.43771 0.56278
0.58723 0.52361 0.55745
0.45939 0.47485 0.47014
0.50132 0.34168 0.51051
0.57064 0.39282 0.63448
0.55678 0.29677 0.54863
0.51697 0.29524 0.46942
0.44426 0.54236 0.59238
0.46791 0.57750 0.51315
0.49348 0.54408 0.56187
0.50738 0.50857 0.53607
0.58643 0.44628 0.59115
0.58056 0.59042 0.60354
0.53454 0.45205 0.53080
0.56041 0.28475 0.50013
0.56744 0.49998 0.53100
0.50109 0.58367 0.55322
0.55969 0.55620 0.51537
0.56940 0.32025 0.57313
0.53483 0.41949 0.61959
0.62511 0.65743 0.62776
0.59503 0.28676 0.54494
0.50502 0.69697 0.53477
0.46914 0.61315 0.51663
0.50542 0.37785 0.46135
0.58813 0.40771 0.70798
0.51926 0.38845 0.65326
0.63422 0.30420 0.62715
0.52315 0.49769 0.49660
0.51028 0.27191 0.51127
0.56972 0.56946 0.56595
0.49571 0.53601 0.52158
0.56449 0.42942 0.55576
0.58112 0.47633 0.59895
0.59926 0.42258 0.59619
0.52030 0.43270 0.41516
0.53389 0.47302 0.49972
0.50054 0.35387 0.50718
0.50749 0.48831 0.50545
0.51306 0.46046 0.48162
0.59588 0.45535 0.56158
0.52696 0.50950 0.57627
0.51058 0.49727 0.48076
0.49868 0.27870 0.45580
0.48501 0.47896 0.53413
0.50113 0.43741 0.52734
0.54751 0.33628 0.55803
0.53040 0.54285 0.56838
0.56293 0.44476 0.50311
0.57284 0.41280 0.48848
0.48057 0.46171 0.61905
0.46253 0.32374 0.47456
0.60896 0.61398 0.67251
0.63449 0.49037 0.65151
0.49518 0.38910 0.45540
0.52669 0.27301 0.49868
0.49505 0.36340 0.43060
0.56601 0.53333 0.59849
0.52661 0.53095 0.60415
0.69867 0.40766 0.75653
0.56883 0.53277 0.74052
0.68629 0.55189 0.67449
0.54640 0.41597 0.59048
0.48631 0.45042 0.50759
0.55610 0.29477 0.63724
0.63357 0.47716 0.60516
0.63422 0.55596 0.60464
0.49096 0.43989 0.45906
0.50010 0.39782 0.47950
0.63034 0.46281 0.57031
0.54278 0.41987 0.52596
0.49874 0.42597 0.54526
0.60206 0.42743 0.57598
0.48614 0.51118 0.47746
0.61393 0.37860 0.64560
0.52474 0.57973 0.67205
0.57970 0.54764 0.57975
0.67711 0.54966 0.65874
0.51494 0.53270 0.64788
0.56809 0.53848 0.51837
0.54087 0.41333 0.54220
0.53789 0.49732 0.54103
0.58200 0.43079 0.58062
0.58666 0.53961 0.60423
0.50886 0.54078 0.52372
0.56381 0.56607 0.60447
0.59460 0.31328 0.55329
0.50522 0.42070 0.52696
0.66366 0.56715 0.65635
0.45960 0.46540 0.54398
0.60596 0.43425 0.54997
0.50262 0.39987 0.46013
0.52928 0.49053 0.52064
0.55880 0.47110 0.55086
0.46534 0.24541 0.37925
0.59726 0.41752 0.58910
0.53139 0.50707 0.51987
0.52421 0.52206 0.61196
0.59617 0.60976 0.60323
0.49325 0.39737 0.46545
0.53679 0.39444 0.57454
0.60115 0.60776 0.63641
0.48084 0.45474 0.55066
0.55444 0.36794 0.52785
0.58354 0.41978 0.63232
0.59668 0.51479 0.48722
0.49272 0.37528 0.57661
0.44603 0.36799 0.42609
0.54690 0.59104 0.57095
0.59402 0.29613 0.60006
0.48925 0.42341 0.40751
0.56288 0.49044 0.59620
0.54179 0.46223 0.53953
0.59710 0.35164 0.66100
0.57986 0.48421 0.58926
0.66602 0.57489 0.62326
0.48814 0.55613 0.53267
0.67939 0.60106 0.57833
0.60198 0.44646 0.50210
0.64873 0.48511 0.69415
0.43805 0.43481 0.34127
0.55668 0.30603 0.51335
0.62915 0.42776 0.72310
0.55547 0.49214 0.45047
0.52930 0.36524 0.59153
0.50850 0.64106 0.55549
0.58871 0.47945 0.58691
0.56821 0.41811 0.57952
0.65953 0.36249 0.68155
0.63802 0.44101 0.67653
0.51271 0.39144 0.45094
0.53029 0.41057 0.60414
0.61480 0.51201 0.68517
0.46674 0.58035 0.50619
0.53482 0.40019 0.58471
0.55720 0.41852 0.56068
0.49474 0.44416 0.43299
0.51802 0.52620 0.53861
0.58520 0.46667 0.47057
0.56763 0.51534 0.61701
0.59826 0.41092 0.56437
0.41816 0.40422 0.36791
0.56288 0.49699 0.59249
0.63491 0.43522 0.67365
0.61562 0.35269 0.64934
0.60706 0.55797 0.70587
0.59087 0.39029 0.50748
0.57058 0.39289 0.66713
0.52110 0.40089 0.54818
0.61183 0.34903 0.58548
0.55490 0.31893 0.57689
0.45929 0.26217 0.40685
0.65926 0.54626 0.58124
0.59422 0.29908 0.50994
0.61270 0.47778 0.63657
0.53044 0.47010 0.48360
0.69266 0.61657 0.63104
0.41446 0.37189 0.36433
0.49275 0.46159 0.43655
0.55603 0.60107 0.59883
0.53683 0.47499 0.48540
0.50739 0.46474 0.49361
0.57645 0.50739 0.55804
0.56413 0.51776 0.57700
0.56226 0.38985 0.66417
0.59137 0.50748 0.59247
0.63592 0.52049 0.65024
0.55853 0.30579 0.50352
0.58625 0.58150 0.63988
0.54748 0.33880 0.51018
0.57328 0.45779 0.51989
0.59441 0.58228 0.56324
0.53726 0.48698 0.59320
0.58362 0.57008 0.62988
0.56943 0.55088 0.68152
0.57339 0.52933 0.50698
0.48464 0.58642 0.53873
0.63749 0.54175 0.61791
0.48404 0.30407 0.46134
0.72303 0.50754 0.71236
0.71958 0.42919 0.73539
0.38027 0.29976 0.28293
0.49064 0.48328 0.54957
0.60788 0.44151 0.63536
0.57862 0.35921 0.46926
0.51760 0.49092 0.51215
0.60642 0.48526 0.68287
0.51476 0.51353 0.56317
0.61197 0.63196 0.61314
0.50898 0.39130 0.41457
0.45894 0.53571 0.60466
0.41188 0.48984 0.40670
0.53932 0.42265 0.50988
0.51177 0.35587 0.51228
0.50116 0.39330 0.53004
0.52091 0.57716 0.53586
0.52780 0.30250 0.43868
0.52813 0.55505 0.55214
0.58661 0.54124 0.54460
0.54187 0.54471 0.63687
0.57327 0.50757 0.54392
0.59292 0.46800 0.58899
0.62653 0.59539 0.56955
0.47917 0.42782 0.47828
0.52786 0.25231 0.46218
0.54288 0.48054 0.52939
0.53895 0.63928 0.54281
0.56999 0.37468 0.51710
0.52261 0.36741 0.53507
0.51797 0.55944 0.53746
0.54060 0.37809 0.54627
0.55372 0.34233 0.46359
0.57637 0.46842 0.50695
0.57202 0.47477 0.56507
0.51343 0.42403 0.51784
0.47832 0.33330 0.44001
0.62240 0.46163 0.61120
0.45513 0.38732 0.39401
0.55648 0.39730 0.47025
0.58271 0.45777 0.69353
0.53445 0.55118 0.55688
0.58820 0.53195 0.62144
0.55538 0.48860 0.59582
0.59587 0.43740 0.65169
0.51674 0.28272 0.42270
0.52942 0.55071 0.55386
0.49933 0.51106 0.54071
0.52392 0.31562 0.50050
0.58906 0.44724 0.65655
0.59265 0.64295 0.54437
0.58830 0.70848 0.62906
0.54981 0.48588 0.66443
0.58671 0.48632 0.59002
0.49320 0.48928 0.52674
0.67577 0.38328 0.76280
0.52717 0.63582 0.58578
0.55373 0.45595 0.52986
0.45070 0.63496 0.52152
0.57912 0.50876 0.53902
0.53898 0.41347 0.48898
