20 10 1000 11427 28
0.66325 0.39066 0.37767
0.18107 0.67747 0.43649
0.17483 0.80116 0.27526
0.71451 0.49742 0.34369
0.92471 0.07776 0.30585
0.23805 0.05512 0.03534
0.44744 0.98235 0.12982
0.28070 0.63081 0.73154
0.55745 0.17226 0.61344
0.76407 0.11100 0.49486
0.55143 0.46090 0.42407
0.42331 0.36213 0.30775
0.50663 0.35345 0.43980
0.51759 0.37869 0.41654
0.35555 0.45348 0.41695
0.61616 0.37174 0.46067
0.46441 0.51055 0.38844
0.46896 0.26920 0.29998
0.48731 0.47559 0.41518
0.51348 0.37173 0.42871
0.40908 0.55774 0.41482
0.43797 0.46517 0.46602
0.45134 0.45913 0.38693
0.59445 0.32642 0.36552
0.53970 0.43485 0.37006
0.45980 0.48812 0.29463
0.49261 0.41797 0.35996
0.60864 0.36995 0.42036
0.44425 0.44400 0.32366
0.47710 0.32970 0.32474
0.32522 0.57761 0.41741
0.62699 0.34425 0.35668
0.39240 0.52658 0.42699
0.51199 0.42631 0.52675
0.41531 0.38891 0.32110
0.52723 0.34648 0.41155
0.55328 0.51998 0.29329
0.55086 0.43226 0.43088
0.52058 0.57927 0.32088
0.38863 0.50418 0.37012
0.42555 0.51102 0.42470
0.46712 0.38416 0.46411
0.45182 0.35487 0.27759
0.52741 0.37086 0.45236
0.58693 0.33283 0.39557
0.56915 0.42330 0.47013
0.45292 0.36109 0.44416
0.52021 0.50719 0.34605
0.54999 0.41658 0.44370
0.55237 0.47904 0.37650
0.53823 0.28323 0.36970
0.67232 0.29504 0.44244
0.48855 0.38882 0.37474
0.47565 0.51937 0.34326
0.33594 0.50974 0.29971
0.40535 0.53744 0.37414
0.52988 0.43114 0.32027
0.55284 0.36841 0.45741
0.45669 0.37190 0.27926
0.44963 0.47708 0.38310
0.33042 0.75266 0.35273
0.43724 0.25527 0.32193
0.48862 0.48830 0.37269
0.41427 0.47694 0.36100
0.57423 0.24173 0.33253
0.48420 0.32197 0.29169
0.40550 0.61142 0.42225
0.46926 0.38927 0.37802
0.50015 0.37273 0.34137
0.56844 0.37689 0.30947
0.48625 0.35858 0.33827
0.54565 0.43948 0.36645
0.42688 0.37551 0.40798
0.62086 0.30797 0.38460
0.41971 0.48870 0.40749
0.51828 0.43002 0.31529
0.44970 0.49908 0.43581
0.51595 0.51347 0.36833
0.39794 0.62745 0.14316
0.52273 0.48677 0.48529
0.44955 0.32300 0.26370
0.48513 0.41371 0.31329
0.44208 0.38741 0.49078
0.37068 0.51311 0.37198
0.51108 0.31261 0.35027
0.66738 0.36338 0.37794
0.47229 0.43357 0.48939
0.52789 0.33802 0.42499
0.51112 0.43783 0.38430
0.41220 0.48407 0.37870
0.45456 0.43365 0.42438
0.54704 0.45758 0.41635
0.60439 0.42301 0.38309
0.60035 0.35814 0.36497
0.42751 0.60695 0.39553
0.43861 0.41180 0.32971
0.43160 0.40862 0.27413
0.49689 0.57811 0.39224
0.39613 0.46664 0.33916
0.59561 0.44047 0.35348
0.42790 0.59589 0.42912
0.47864 0.37649 0.46862
0.57176 0.29985 0.37584
0.55136 0.47846 0.32344
0.33774 0.41705 0.31639
0.58307 0.48435 0.39187
0.60568 0.33438 0.36022
0.52103 0.44133 0.42724
0.51513 0.45205 0.31416
0.42318 0.65064 0.42196
0.50373 0.39561 0.41853
0.46593 0.53295 0.36990
0.51134 0.40696 0.31718
0.51169 0.56704 0.31168
0.30288 0.61495 0.36888
0.53673 0.38344 0.38989
0.55751 0.39112 0.32341
0.41804 0.53874 0.50246
0.46208 0.45598 0.31720
0.52334 0.36550 0.40230
0.32396 0.56919 0.32020
0.56283 0.23261 0.37285
0.54361 0.46053 0.42026
0.37808 0.47152 0.45684
0.49893 0.37825 0.33473
0.57208 0.32924 0.42262
0.40066 0.61786 0.37795
0.32171 0.69333 0.32975
0.55850 0.40002 0.33494
0.54736 0.36438 0.31888
0.61481 0.28362 0.43449
0.47543 0.45628 0.30966
0.42634 0.49375 0.41034
0.55411 0.33411 0.36594
0.48994 0.34732 0.47426
0.52432 0.35886 0.40317
0.61170 0.31843 0.35923
0.43651 0.54791 0.35791
0.41991 0.49588 0.35090
0.39681 0.53505 0.35014
0.44371 0.70505 0.22329
0.43247 0.25753 0.26933
0.55607 0.35158 0.38984
0.55749 0.42475 0.39123
0.50400 0.38498 0.44422
0.42012 0.40652 0.29538
0.54149 0.38030 0.38613
0.49992 0.55426 0.38302
0.40495 0.37993 0.28074
0.44276 0.64230 0.32379
0.53704 0.39114 0.45133
0.54532 0.38726 0.44021
0.47771 0.46409 0.34137
0.55289 0.35355 0.34192
0.56554 0.39542 0.33547
0.30807 0.60266 0.39105
0.60683 0.36728 0.41100
0.40985 0.34426 0.32136
0.59925 0.37665 0.41550
0.54872 0.44493 0.35367
0.59713 0.38096 0.34896
0.53147 0.45759 0.32285
0.48761 0.54022 0.31038
0.47890 0.47811 0.42992
0.37410 0.45203 0.27543
0.48856 0.49232 0.34493
0.53857 0.51351 0.35296
0.51302 0.30624 0.28817
0.54801 0.37944 0.50043
0.47700 0.41060 0.38307
0.54527 0.35183 0.40866
0.55485 0.35132 0.36338
0.50142 0.43148 0.34471
0.44677 0.44031 0.40162
0.55105 0.47616 0.37176
0.43028 0.53161 0.36754
0.52858 0.42996 0.34620
0.61668 0.33140 0.36976
0.54166 0.39054 0.43361
0.41340 0.56821 0.35038
0.51208 0.50108 0.39709
0.34595 0.54769 0.39652
0.68569 0.41900 0.28775
0.61355 0.41199 0.32931
0.37914 0.46237 0.43358
0.57204 0.46095 0.38219
0.39993 0.47485 0.40947
0.58597 0.50059 0.35741
0.44607 0.47527 0.37673
0.61591 0.28623 0.47066
0.64609 0.38471 0.37282
0.55024 0.48425 0.41565
0.41912 0.48414 0.48763
0.53768 0.35880 0.31177
0.59966 0.41762 0.32855
0.44232 0.65860 0.32691
0.42533 0.49224 0.49025
0.51044 0.40210 0.34095
0.66425 0.28270 0.43425
0.43713 0.51779 0.45241
0.54862 0.30676 0.42636
0.51028 0.40466 0.32106
0.62767 0.31051 0.39008
0.46600 0.34386 0.39860
0.48652 0.44488 0.43934
0.48699 0.52367 0.33515
0.37996 0.52160 0.34306
0.41390 0.36169 0.40437
0.57485 0.35874 0.33956
0.44050 0.62630 0.31976
0.42454 0.60148 0.33943
0.41109 0.56638 0.38363
0.54143 0.32837 0.42459
0.38243 0.30474 0.23866
0.45745 0.38612 0.33709
0.52843 0.45871 0.46043
0.35843 0.55584 0.36894
0.54714 0.44403 0.33579
0.44868 0.33616 0.40476
0.60231 0.48647 0.31867
0.60242 0.35861 0.45005
0.53085 0.39364 0.46884
0.49914 0.50221 0.31472
0.53652 0.37216 0.39831
0.56158 0.29198 0.41821
0.41932 0.58712 0.49738
0.65983 0.22411 0.36972
0.44707 0.47856 0.48004
0.51718 0.37725 0.43538
0.43774 0.49096 0.43135
0.38316 0.60869 0.34140
0.44147 0.35688 0.35534
0.54905 0.36788 0.49544
0.57465 0.35920 0.40714
0.60710 0.30880 0.36999
0.59617 0.40771 0.35568
0.51756 0.49900 0.32554
0.52881 0.39747 0.33841
0.48508 0.46036 0.43536
0.49537 0.46337 0.36865
0.48495 0.48271 0.32822
0.52798 0.37666 0.44867
0.50725 0.41639 0.44518
0.48700 0.45247 0.44046
0.48851 0.29674 0.39669
0.58267 0.38805 0.41809
0.45980 0.49660 0.40478
0.45110 0.60541 0.26884
0.56443 0.43065 0.43269
0.49296 0.52228 0.38392
0.43404 0.51433 0.43253
0.43792 0.44246 0.29289
0.44019 0.51460 0.38568
0.31160 0.55031 0.33838
0.62162 0.37168 0.37456
0.34279 0.30758 0.24086
0.42777 0.42574 0.33432
0.52158 0.43656 0.41777
0.37713 0.59417 0.45700
0.42722 0.57894 0.34289
0.50700 0.39156 0.30598
0.50168 0.24457 0.26577
0.42739 0.57188 0.29107
0.49531 0.48589 0.37296
0.63678 0.37425 0.39866
0.54994 0.32892 0.40456
0.26877 0.73283 0.36599
0.54875 0.38362 0.37778
0.53845 0.39688 0.33341
0.46175 0.47180 0.45984
0.50057 0.41950 0.42112
0.42427 0.49309 0.32475
0.46666 0.27954 0.31225
0.47245 0.27343 0.33973
0.35180 0.45978 0.33620
0.48032 0.40693 0.38396
0.51123 0.37154 0.34479
0.40920 0.37038 0.46365
0.55216 0.41246 0.36433
0.37492 0.53764 0.36704
0.67579 0.35839 0.40027
0.49806 0.36962 0.42183
0.39417 0.36640 0.26459
0.50918 0.47974 0.34804
0.56209 0.45293 0.40481
0.51768 0.42260 0.37595
0.59207 0.44585 0.31504
0.45836 0.45793 0.29670
0.46359 0.47705 0.31775
0.47238 0.43447 0.46832
0.41434 0.40311 0.37520
0.47321 0.40821 0.32811
0.39863 0.52960 0.24885
0.45561 0.43600 0.46889
0.42626 0.56675 0.36376
0.44593 0.48626 0.43076
0.54489 0.28510 0.47113
0.55880 0.39885 0.41136
0.50549 0.36833 0.29433
0.52301 0.40044 0.36113
0.49300 0.36240 0.29955
0.54873 0.23403 0.29077
0.40902 0.40865 0.33397
0.51924 0.50019 0.40086
0.51328 0.43656 0.38585
0.40876 0.52285 0.24360
0.56562 0.39974 0.29695
0.49780 0.51715 0.45141
0.52315 0.30417 0.29055
0.32281 0.62855 0.30198
0.47814 0.44754 0.35159
0.52487 0.40274 0.39607
0.57991 0.36235 0.49365
0.50746 0.29439 0.34168
0.43287 0.54046 0.36146
0.36782 0.31752 0.32932
0.36710 0.67655 0.44983
0.41905 0.30900 0.19307
0.45403 0.43888 0.37726
0.49813 0.35059 0.40887
0.51864 0.38182 0.33031
0.51840 0.29800 0.47642
0.43002 0.55547 0.38193
0.42579 0.50105 0.36666
0.47979 0.48574 0.38773
0.47149 0.68486 0.29634
0.50047 0.54452 0.33277
0.36878 0.47920 0.46945
0.60153 0.47566 0.34119
0.42807 0.43955 0.31714
0.58987 0.47048 0.35635
0.49331 0.66383 0.30647
0.44062 0.42844 0.36365
0.54257 0.34521 0.39382
0.40129 0.53768 0.38441
0.31089 0.68420 0.34131
0.54194 0.34584 0.30647
0.38332 0.60508 0.33701
0.56528 0.47725 0.41037
0.51868 0.43269 0.44046
0.52338 0.33327 0.36995
0.41881 0.54208 0.49936
0.37363 0.33509 0.36473
0.54172 0.37559 0.42386
0.54214 0.32595 0.33927
0.54343 0.38890 0.44666
0.46058 0.48111 0.44313
0.41428 0.51099 0.39497
0.49725 0.47725 0.36263
0.48036 0.44209 0.45393
0.51301 0.38279 0.29490
0.51042 0.54196 0.34119
0.50987 0.28847 0.50475
0.65483 0.37858 0.35374
0.47997 0.48812 0.38312
0.46493 0.48306 0.31224
0.49691 0.56060 0.41027
0.39729 0.38427 0.29757
0.52988 0.27218 0.29283
0.45084 0.47932 0.35057
0.35333 0.53315 0.41749
0.60334 0.26593 0.46145
0.50957 0.41571 0.37643
0.62127 0.21743 0.33803
0.43449 0.53082 0.42488
0.49530 0.34423 0.37757
0.48152 0.29889 0.31842
0.43174 0.39246 0.41730
0.48457 0.32513 0.27632
0.50212 0.38486 0.33807
0.49471 0.51437 0.41709
0.47243 0.45941 0.45153
0.62440 0.46658 0.25764
0.63325 0.24946 0.46203
0.53271 0.46247 0.42505
0.31324 0.67088 0.44552
0.42362 0.41576 0.34701
0.58005 0.41816 0.41598
0.57959 0.45014 0.36776
0.59690 0.40609 0.40481
0.60070 0.36102 0.44438
0.55211 0.36459 0.42352
0.37434 0.46483 0.44083
0.54238 0.33181 0.46867
0.54336 0.47777 0.43538
0.59205 0.34869 0.40235
0.45095 0.39319 0.37481
0.41814 0.59274 0.47753
0.50769 0.38733 0.44167
0.44719 0.68587 0.28777
0.48801 0.56511 0.36172
0.38696 0.50746 0.43018
0.61269 0.38532 0.40683
0.50532 0.22226 0.38874
0.56313 0.40581 0.37168
0.50630 0.54929 0.36578
0.55028 0.34661 0.41149
0.54136 0.50018 0.40335
0.50986 0.45094 0.27892
0.56529 0.44329 0.32251
0.51352 0.39219 0.43157
0.62235 0.34268 0.43053
0.48477 0.31645 0.42956
0.45021 0.36410 0.40917
0.44422 0.41572 0.37392
0.43448 0.47370 0.31757
0.46776 0.36577 0.40919
0.46881 0.51976 0.36088
0.34106 0.62313 0.32987
0.37355 0.47204 0.44317
0.39689 0.52486 0.27893
0.36809 0.52078 0.41936
0.54053 0.37503 0.37722
0.39426 0.63667 0.33106
0.40678 0.57879 0.41426
0.40193 0.38156 0.39903
0.51172 0.30338 0.44869
0.70341 0.30737 0.35282
0.46696 0.44536 0.47941
0.49667 0.38072 0.38771
0.62460 0.32170 0.41932
0.55444 0.33951 0.42974
0.48437 0.48590 0.33206
0.50738 0.52529 0.36911
0.55092 0.42415 0.38516
0.62304 0.21191 0.36362
0.48111 0.47976 0.39441
0.59913 0.33837 0.43702
0.36853 0.49636 0.38274
0.62621 0.25196 0.36173
0.37238 0.33498 0.21709
0.35879 0.50997 0.25213
0.54580 0.34516 0.41770
0.46042 0.50625 0.38150
0.64742 0.36569 0.41187
0.50111 0.45536 0.39464
0.46222 0.43043 0.42503
0.38175 0.64859 0.36743
0.57523 0.45337 0.34485
0.54320 0.48799 0.33327
0.32940 0.55911 0.36812
0.42839 0.38666 0.33682
0.51549 0.37307 0.41473
0.56096 0.45972 0.42320
0.44748 0.57315 0.45815
0.42773 0.49439 0.48830
0.37885 0.55035 0.33025
0.53965 0.34993 0.35007
0.51590 0.50171 0.35780
0.58952 0.37072 0.48237
0.49045 0.30696 0.32881
0.45645 0.25418 0.42293
0.59666 0.43625 0.36572
0.47284 0.42155 0.36753
0.48159 0.36240 0.28312
0.47387 0.40310 0.48069
0.59697 0.46232 0.40284
0.50975 0.39833 0.36259
0.67694 0.31651 0.35287
0.34462 0.53038 0.43116
0.44175 0.54703 0.42244
0.39242 0.54907 0.36491
0.40590 0.56652 0.39256
0.47330 0.44995 0.46545
0.47021 0.38253 0.31316
0.37142 0.43752 0.47660
0.56014 0.36434 0.42216
0.51660 0.51454 0.30388
0.41127 0.63989 0.42201
0.71235 0.27827 0.35734
0.47857 0.32771 0.37815
0.41951 0.40959 0.26100
0.55346 0.45615 0.33573
0.44234 0.53778 0.38784
0.42423 0.41927 0.28954
0.42913 0.39470 0.40443
0.47703 0.36636 0.43448
0.45937 0.55711 0.43623
0.46166 0.51435 0.37136
0.50420 0.41467 0.52492
0.52679 0.37895 0.38738
0.54677 0.33891 0.34693
0.63701 0.29560 0.44165
0.43426 0.44727 0.46773
0.63993 0.25343 0.29568
0.55563 0.33371 0.43501
0.50200 0.33536 0.41070
0.45172 0.48012 0.51173
0.35571 0.53195 0.43952
0.51112 0.44028 0.45876
0.43938 0.54424 0.40982
0.54750 0.43947 0.43919
0.42763 0.40555 0.33774
0.43162 0.49514 0.42266
0.60360 0.36102 0.44017
0.43253 0.64971 0.37644
0.43664 0.50860 0.32282
0.51169 0.42332 0.38095
0.39574 0.43712 0.33350
0.50259 0.37273 0.49160
0.28903 0.48909 0.28346
0.45108 0.51280 0.36575
0.56368 0.44957 0.39926
0.46284 0.47490 0.29991
0.44413 0.45518 0.42291
0.56628 0.63311 0.26567
0.55797 0.20148 0.30852
0.37005 0.30656 0.24002
0.46952 0.60091 0.34166
0.55591 0.44708 0.37246
0.39379 0.52485 0.40397
0.55558 0.32122 0.35112
0.41803 0.45873 0.55078
0.65660 0.31377 0.41931
0.45287 0.35488 0.32286
0.64246 0.31177 0.34203
0.38048 0.53522 0.45418
0.56344 0.49961 0.30846
0.48469 0.35344 0.32290
0.56006 0.32083 0.40024
0.36421 0.51534 0.40160
0.60634 0.40690 0.42030
0.56312 0.46268 0.38840
0.40544 0.72265 0.27929
0.62131 0.40905 0.38772
0.45674 0.62000 0.30937
0.52885 0.39059 0.44407
0.52834 0.42324 0.43220
0.47887 0.34921 0.35760
0.43174 0.61502 0.29144
0.64128 0.36622 0.36285
0.49527 0.38376 0.40654
0.45103 0.58824 0.31949
0.36056 0.35481 0.25019
0.53003 0.28320 0.31389
0.43793 0.56135 0.39050
0.60544 0.46267 0.36772
0.48565 0.43628 0.41216
0.42937 0.44465 0.36325
0.41123 0.55152 0.38816
0.60869 0.43842 0.28670
0.52764 0.46979 0.37959
0.39524 0.53791 0.36697
0.46213 0.52320 0.36738
0.51870 0.46967 0.40242
0.42568 0.44358 0.33571
0.45724 0.45227 0.34062
0.34038 0.51871 0.36529
0.42524 0.54200 0.42835
0.49705 0.42519 0.43299
0.41658 0.33613 0.40194
0.45020 0.54403 0.37504
0.42147 0.39324 0.30616
0.55780 0.51800 0.37504
0.50445 0.41681 0.40633
0.39327 0.58062 0.32253
0.44798 0.47448 0.41364
0.55499 0.37440 0.38694
0.40830 0.48035 0.42152
0.43622 0.34286 0.27489
0.53146 0.44571 0.42812
0.51946 0.36577 0.35052
0.49812 0.47237 0.41093
0.51716 0.39607 0.49512
0.55280 0.49762 0.36143
0.34309 0.49360 0.36248
0.66537 0.30771 0.40368
0.40828 0.48854 0.27183
0.60124 0.44875 0.30268
0.59545 0.41529 0.32587
0.50658 0.46281 0.34070
0.43379 0.50141 0.38722
0.47266 0.46492 0.43679
0.57114 0.41785 0.36936
0.50284 0.50913 0.32532
0.34211 0.48070 0.34008
0.48250 0.45922 0.39517
0.49097 0.44650 0.44234
0.58716 0.42396 0.39004
0.51470 0.63614 0.30951
0.35136 0.54465 0.32400
0.52101 0.39886 0.35196
0.42559 0.45301 0.55908
0.51410 0.47277 0.35571
0.55017 0.31242 0.37503
0.54486 0.37055 0.44756
0.59157 0.37956 0.37162
0.44754 0.52820 0.38960
0.50627 0.33060 0.28343
0.56164 0.48478 0.37209
0.49136 0.39342 0.40706
0.36488 0.57072 0.32547
0.47433 0.36793 0.42516
0.44740 0.44206 0.31611
0.45061 0.37770 0.43199
0.50917 0.40996 0.33591
0.49116 0.57660 0.39531
0.36327 0.60115 0.36895
0.42317 0.42569 0.35866
0.46533 0.34509 0.33891
0.50323 0.38681 0.40442
0.52019 0.45841 0.44812
0.42423 0.46269 0.47070
0.48764 0.59698 0.23414
0.70933 0.21522 0.39696
0.51711 0.38710 0.40143
0.49707 0.47843 0.46674
0.54176 0.39710 0.39880
0.60333 0.40724 0.36913
0.50744 0.32949 0.43487
0.49027 0.48553 0.44458
0.48001 0.39842 0.37503
0.48173 0.39733 0.35437
0.62786 0.40866 0.37898
0.61909 0.19262 0.28752
0.54509 0.34285 0.33538
0.53545 0.26738 0.35308
0.64362 0.27368 0.38719
0.47145 0.36707 0.28392
0.53617 0.40083 0.40425
0.62833 0.30668 0.45331
0.44453 0.53154 0.41729
0.48859 0.47519 0.38017
0.50540 0.41423 0.41315
0.58943 0.43771 0.39851
0.39845 0.49799 0.54188
0.40333 0.44405 0.39374
0.48172 0.47618 0.43343
0.44554 0.51381 0.35439
0.41690 0.40803 0.33401
0.65688 0.35547 0.39663
0.39736 0.53457 0.37159
0.54088 0.40894 0.42620
0.41272 0.66564 0.39418
0.44499 0.58133 0.33245
0.61123 0.38563 0.41600
0.50735 0.31076 0.35367
0.41171 0.50643 0.36146
0.45039 0.51051 0.45212
0.54550 0.38730 0.36952
0.53715 0.40527 0.42079
0.47363 0.47996 0.39593
0.80519 0.21623 0.34475
0.61812 0.40005 0.33506
0.36228 0.62820 0.35759
0.35976 0.33502 0.31358
0.55129 0.45686 0.35553
0.55827 0.50816 0.35612
0.38857 0.52995 0.25657
0.62267 0.26256 0.32254
0.58881 0.36006 0.43318
0.38274 0.47569 0.42954
0.37085 0.50561 0.40258
0.38365 0.37688 0.27091
0.59143 0.37933 0.34129
0.40726 0.45392 0.41301
0.45686 0.57829 0.42561
0.49183 0.35917 0.34732
0.54331 0.40114 0.36077
0.66563 0.35836 0.32027
0.32236 0.56242 0.43914
0.47130 0.50011 0.46881
0.59531 0.45538 0.34829
0.42840 0.61747 0.32063
0.53442 0.32871 0.41774
0.50231 0.45030 0.40457
0.55361 0.41983 0.39300
0.37223 0.61314 0.38517
0.53326 0.36780 0.33274
0.46667 0.56849 0.37956
0.40300 0.37297 0.39635
0.45192 0.69504 0.34143
0.54593 0.45224 0.40775
0.48792 0.46331 0.33572
0.46308 0.37801 0.34595
0.41088 0.55834 0.36026
0.55708 0.52251 0.33825
0.61241 0.36524 0.36699
0.55425 0.43732 0.35418
0.52082 0.43771 0.33187
0.58268 0.34928 0.43394
0.55254 0.52239 0.28205
0.41256 0.28341 0.29740
0.49878 0.53608 0.39592
0.42019 0.55783 0.30722
0.56643 0.44002 0.36423
0.49296 0.41254 0.47567
0.40129 0.56352 0.38192
0.56827 0.38157 0.27146
0.61706 0.30938 0.32345
0.34772 0.33718 0.27250
0.41358 0.44435 0.34152
0.52752 0.46273 0.43439
0.48259 0.36302 0.33418
0.54051 0.33285 0.33335
0.49666 0.46070 0.47533
0.43971 0.45659 0.49138
0.60341 0.37344 0.37748
0.37122 0.53379 0.28476
0.43930 0.60429 0.31029
0.38804 0.58116 0.32140
0.45201 0.44238 0.34059
0.44623 0.41889 0.30522
0.44818 0.44535 0.29456
0.49350 0.43348 0.38140
0.51446 0.41916 0.47112
0.55697 0.53573 0.32918
0.37987 0.48069 0.32062
0.40338 0.57014 0.32054
0.47878 0.45029 0.45074
0.54668 0.34229 0.46207
0.51332 0.44152 0.38447
0.42853 0.47831 0.44102
0.54142 0.36335 0.40806
0.59375 0.27988 0.39476
0.66178 0.37681 0.40048
0.39586 0.50801 0.38985
0.46668 0.49306 0.49412
0.46956 0.51970 0.45399
0.54188 0.49515 0.37553
0.60562 0.40450 0.35764
0.46129 0.52037 0.38177
0.59161 0.35818 0.31024
0.37904 0.33157 0.25626
0.55551 0.35457 0.38307
0.53618 0.39782 0.39464
0.38862 0.53154 0.50677
0.41760 0.65203 0.32113
0.41218 0.51651 0.31039
0.65480 0.33617 0.35929
0.51485 0.49529 0.34298
0.48504 0.61796 0.33304
0.45090 0.42465 0.42476
0.51792 0.45401 0.36999
0.49329 0.36061 0.30873
0.64954 0.29398 0.38897
0.55465 0.46463 0.39222
0.49658 0.53981 0.40376
0.48858 0.30305 0.42744
0.63648 0.38028 0.36299
0.51465 0.47275 0.44951
0.61508 0.34134 0.43909
0.39851 0.49756 0.35737
0.52198 0.27426 0.42891
0.41774 0.23519 0.32106
0.53368 0.38121 0.32932
0.64713 0.33303 0.31413
0.48754 0.49060 0.37855
0.42582 0.45235 0.43989
0.40343 0.36762 0.37823
0.54600 0.36715 0.34938
0.48591 0.54317 0.25705
0.47066 0.49753 0.42336
0.52875 0.35019 0.37343
0.46341 0.49471 0.45722
0.49742 0.30215 0.24894
0.48183 0.40020 0.24895
0.61012 0.28038 0.42841
0.49530 0.49346 0.29582
0.50079 0.35663 0.37984
0.53839 0.31969 0.31481
0.46230 0.47268 0.44357
0.54408 0.56429 0.27641
0.58615 0.48608 0.30781
0.64137 0.32723 0.43531
0.45372 0.42538 0.33502
0.55920 0.40294 0.40096
0.36692 0.58746 0.37570
0.44060 0.48674 0.42661
0.49177 0.54383 0.27910
0.41824 0.48972 0.39555
0.49937 0.55592 0.28670
0.38413 0.47367 0.41426
0.51137 0.40436 0.55008
0.59748 0.41021 0.41012
0.34969 0.44822 0.38730
0.57007 0.37386 0.38128
0.31763 0.43740 0.33173
0.67765 0.30624 0.32493
0.49372 0.45116 0.37812
0.49440 0.45526 0.41288
0.30957 0.42162 0.28951
0.52737 0.27416 0.28820
0.49077 0.55401 0.41843
0.50757 0.57560 0.34286
0.39764 0.45508 0.37063
0.49897 0.47293 0.44168
0.55654 0.53738 0.35335
0.50191 0.47047 0.27383
0.51405 0.47591 0.31900
0.45028 0.53216 0.27693
0.50702 0.45426 0.41656
0.50052 0.51862 0.36551
0.40469 0.55929 0.43283
0.57258 0.51441 0.34713
0.40079 0.65141 0.40185
0.50132 0.45768 0.38850
0.57967 0.57268 0.30433
0.54627 0.35912 0.43691
0.51772 0.44719 0.48838
0.47673 0.34154 0.29115
0.37028 0.46593 0.37409
0.53399 0.40754 0.38838
0.47896 0.33281 0.39796
0.51344 0.38516 0.38181
0.43059 0.49670 0.53710
0.51591 0.43832 0.32996
0.45287 0.59211 0.32156
0.44609 0.49262 0.51748
0.35947 0.36087 0.31422
0.60028 0.37230 0.31836
0.57519 0.43991 0.38572
0.34830 0.58081 0.30460
0.39412 0.43770 0.32268
0.45389 0.48459 0.42274
0.43710 0.58010 0.35951
0.42998 0.53112 0.38410
0.37938 0.54514 0.55524
0.44408 0.51838 0.40278
0.49798 0.49726 0.33449
0.43124 0.48394 0.46256
0.50812 0.34152 0.50552
0.50357 0.46858 0.43366
0.36457 0.50825 0.32309
0.43885 0.51115 0.36270
0.50433 0.46082 0.41427
0.45450 0.52588 0.35470
0.53144 0.41769 0.31458
0.57593 0.34601 0.43381
0.36438 0.51736 0.32300
0.63189 0.30287 0.35158
0.34956 0.50934 0.43561
0.58877 0.45456 0.35336
0.40778 0.38485 0.32290
0.63034 0.29726 0.45610
0.36800 0.55903 0.36964
0.55031 0.31042 0.35579
0.43550 0.64493 0.31658
0.39024 0.67994 0.31815
0.55421 0.49820 0.36961
0.55177 0.41926 0.33803
0.33696 0.59984 0.44198
0.58985 0.32446 0.48312
0.49197 0.48053 0.40915
0.54833 0.45494 0.29599
0.52847 0.50446 0.36800
0.52988 0.41900 0.43846
0.46214 0.39499 0.37280
0.40685 0.41532 0.40885
0.48933 0.38271 0.28871
0.50731 0.45364 0.35765
0.61491 0.51252 0.33473
0.33133 0.21502 0.16319
0.48991 0.45431 0.39010
0.59907 0.30078 0.45656
0.56464 0.30020 0.49503
0.56659 0.38416 0.34242
0.59113 0.32179 0.43237
0.55932 0.44870 0.30976
0.59010 0.34567 0.41774
0.48524 0.54736 0.35356
0.52668 0.54157 0.26650
0.45844 0.18988 0.22936
0.49274 0.48354 0.50899
0.52520 0.39413 0.42073
0.47280 0.40537 0.50289
0.64395 0.35296 0.33165
0.48463 0.65764 0.31045
0.54451 0.41577 0.41545
0.40704 0.56215 0.35452
0.49786 0.37648 0.34571
0.56052 0.34659 0.44145
0.45029 0.55994 0.31552
0.55322 0.35538 0.42037
0.58169 0.39442 0.33590
0.33579 0.55662 0.33214
0.48248 0.37342 0.31742
0.58420 0.38762 0.33322
0.54770 0.39593 0.42784
0.39834 0.41134 0.39899
0.43480 0.51833 0.33615
0.42131 0.54990 0.46630
0.46730 0.48222 0.47181
0.52084 0.38382 0.51578
0.49694 0.40606 0.36096
0.45861 0.39721 0.44401
0.46073 0.45534 0.29592
0.44237 0.39465 0.46930
0.53580 0.36395 0.46081
0.50865 0.40445 0.46397
0.53979 0.41979 0.43689
0.43664 0.43617 0.39204
0.48951 0.45430 0.39556
0.44071 0.46394 0.51981
0.65947 0.36408 0.33484
0.60010 0.32468 0.43688
0.50848 0.50166 0.42406
0.51866 0.47713 0.44848
0.45087 0.59163 0.33228
0.52873 0.44856 0.35911
0.53376 0.44202 0.41494
0.44868 0.50472 0.43360
0.50294 0.42518 0.41067
0.60223 0.42802 0.35216
0.63293 0.28185 0.32587
0.45419 0.54119 0.33363
0.51088 0.31840 0.30636
0.65345 0.38228 0.35610
0.55303 0.35006 0.38133
0.38989 0.46275 0.44864
0.32009 0.42685 0.39652
0.54477 0.39988 0.34971
0.38891 0.49028 0.46475
0.47031 0.30979 0.30100
0.43116 0.60389 0.29057
0.42815 0.35925 0.23589
0.51552 0.46326 0.30045
0.48809 0.29917 0.32557
0.46699 0.42568 0.30585
0.53715 0.49445 0.42742
0.47580 0.44111 0.45395
0.48865 0.40724 0.41538
0.50407 0.43596 0.36436
0.49604 0.43636 0.35579
0.54275 0.36972 0.38832
0.61110 0.42139 0.40021
0.42856 0.49985 0.47386
0.36968 0.35216 0.36600
0.46905 0.55685 0.36227
0.45235 0.57573 0.33970
0.42554 0.51289 0.41769
0.47508 0.51655 0.42319
0.62383 0.34911 0.32574
0.59012 0.29166 0.47037
0.48898 0.33842 0.45870
0.57016 0.39701 0.32924
0.47185 0.48759 0.39780
0.51920 0.38345 0.43478
0.55736 0.44451 0.48885
0.52135 0.51097 0.38814
0.54298 0.42630 0.39278
0.44084 0.42696 0.48970
0.41198 0.49500 0.56159
0.43730 0.49175 0.42085
0.42916 0.50773 0.40148
0.43487 0.38188 0.35551
0.51908 0.51093 0.37688
0.50802 0.35167 0.54004
0.36613 0.45342 0.26844
0.49436 0.56593 0.38650
0.53830 0.42237 0.40059
0.33077 0.41163 0.26735
0.34551 0.70148 0.29919
0.50781 0.41230 0.43283
0.55908 0.34582 0.44947
0.44372 0.44152 0.26085
0.66527 0.42759 0.32078
0.54236 0.31080 0.34871
0.59517 0.43847 0.37467
0.57071 0.40632 0.37767
0.38818 0.64559 0.41196
0.54412 0.38610 0.37161
0.53984 0.38037 0.43382
0.62798 0.32912 0.36669
0.33167 0.64174 0.33993
0.56136 0.40360 0.32804
0.48897 0.56714 0.35188
0.56520 0.42920 0.36593
0.43825 0.52829 0.40368
0.44502 0.41535 0.33771
0.42911 0.57657 0.42830
0.43645 0.46658 0.34655
0.57221 0.36707 0.25357
0.47418 0.53459 0.43531
0.58101 0.41590 0.36131
0.48893 0.30791 0.31645
0.47701 0.47490 0.37481
0.53062 0.44953 0.44678
0.51927 0.39633 0.44428
0.53844 0.55313 0.35137
0.53749 0.27823 0.44953
0.55213 0.39365 0.44753
0.58359 0.35598 0.40915
0.74402 0.33199 0.29402
0.52861 0.36122 0.43657
0.44015 0.53156 0.33466
0.48760 0.43012 0.44490
0.41072 0.54411 0.34214
0.41309 0.45637 0.42075
0.52334 0.40578 0.42831
0.69191 0.29973 0.36508
0.47201 0.61522 0.32529
0.58144 0.48514 0.34257
0.43583 0.45516 0.41535
0.36421 0.52577 0.39048
0.44529 0.45620 0.44284
0.44176 0.53994 0.31612
0.48644 0.33152 0.37552
0.46497 0.38198 0.50718
0.43394 0.61734 0.37003
0.34671 0.62132 0.32450
0.42924 0.60223 0.42202
0.53249 0.47527 0.33969
0.44344 0.50168 0.30742
0.47409 0.46925 0.38145
0.53496 0.43347 0.35437
0.40518 0.49127 0.40777
0.47572 0.51218 0.37017
0.51476 0.34791 0.40699
0.53620 0.33994 0.51067
