20 6 1000 6162 362
0.22922 0.28801 0.51046
0.29665 0.58038 0.87298
0.76584 0.20035 0.94155
0.58916 0.25283 0.38720
0.15828 0.20343 0.39747
0.94499 0.04647 0.73267
0.58041 0.30144 0.67726
0.54519 0.31885 0.83577
0.54144 0.24607 0.52042
0.51815 0.21709 0.64353
0.35679 0.29220 0.56840
0.45452 0.23057 0.61544
0.36845 0.26701 0.61929
0.45245 0.19742 0.50425
0.66125 0.22899 0.86518
0.46251 0.30796 0.73101
0.58675 0.27436 0.73115
0.66346 0.19708 0.69067
0.37352 0.36835 0.69026
0.53148 0.25609 0.46885
0.42149 0.25907 0.56184
0.65636 0.22171 0.56507
0.37149 0.24308 0.52718
0.42864 0.23402 0.57595
0.38832 0.26918 0.58684
0.44659 0.24046 0.46460
0.48415 0.23727 0.65640
0.39314 0.33898 0.67992
0.50075 0.25969 0.67777
0.39154 0.36406 0.70798
0.49189 0.35991 0.73980
0.59810 0.23126 0.63700
0.63061 0.21733 0.63234
0.24968 0.25568 0.52123
0.59778 0.22731 0.74965
0.63366 0.22245 0.71342
0.52941 0.32910 0.82272
0.53536 0.28712 0.74245
0.61170 0.26315 0.74889
0.44506 0.29312 0.66878
0.32152 0.24996 0.53871
0.48947 0.28985 0.71622
0.42793 0.42263 0.78415
0.48980 0.32565 0.75168
0.51927 0.31097 0.75722
0.49848 0.26676 0.58795
0.74548 0.17274 0.74904
0.32378 0.29375 0.57625
0.43407 0.29162 0.59470
0.39627 0.27366 0.59415
0.63253 0.19988 0.63598
0.67223 0.17515 0.68421
0.44634 0.34268 0.58885
0.42836 0.23348 0.56060
0.48807 0.24136 0.52945
0.58798 0.15235 0.60456
0.49749 0.21900 0.52918
0.60734 0.25978 0.69652
0.25636 0.26459 0.51050
0.43463 0.25427 0.59263
0.60704 0.26749 0.69565
0.73880 0.14301 0.74211
0.43198 0.31507 0.55390
0.60862 0.26949 0.73567
0.49989 0.33030 0.62220
0.57750 0.18762 0.59294
0.53643 0.23953 0.60617
0.44508 0.22864 0.62654
0.38790 0.22472 0.47480
0.28815 0.43434 0.70568
0.60538 0.18496 0.56955
0.51395 0.26728 0.60785
0.49534 0.26484 0.62780
0.32608 0.22566 0.50459
0.35232 0.23315 0.48977
0.61704 0.24347 0.64049
0.53956 0.23648 0.54644
0.59205 0.16506 0.63407
0.40947 0.26161 0.59378
0.51215 0.36484 0.74806
0.46169 0.22811 0.63838
0.41688 0.27823 0.60036
0.28985 0.24236 0.46757
0.44687 0.25852 0.48937
0.42326 0.23478 0.61214
0.36963 0.31864 0.66284
0.56042 0.26910 0.64445
0.62079 0.27139 0.70568
0.51168 0.23712 0.48943
0.62366 0.20003 0.59819
0.63402 0.17520 0.67397
0.40996 0.36527 0.69905
0.52998 0.24137 0.69339
0.65177 0.22590 0.77147
0.45194 0.34095 0.69242
0.30888 0.31513 0.58464
0.60241 0.25359 0.78970
0.30348 0.21527 0.50566
0.39125 0.30105 0.65857
0.68276 0.14655 0.64675
0.44044 0.26476 0.63837
0.45980 0.29443 0.56748
0.39089 0.40216 0.70444
0.25958 0.28860 0.54668
0.25296 0.28445 0.55282
0.50045 0.27160 0.67510
0.41841 0.33802 0.64598
0.45306 0.29047 0.63919
0.54307 0.21358 0.66490
0.69068 0.11934 0.65320
0.44007 0.25831 0.63699
0.49653 0.25319 0.60686
0.59551 0.20814 0.65525
0.31749 0.28500 0.59502
0.60722 0.18444 0.67867
0.34077 0.23274 0.53881
0.41211 0.28040 0.53538
0.57677 0.23959 0.48797
0.33081 0.28619 0.56757
0.39129 0.29492 0.62474
0.33281 0.40985 0.70364
0.45273 0.24932 0.57921
0.59519 0.18607 0.62521
0.56034 0.22600 0.64148
0.49906 0.23401 0.56134
0.58534 0.22570 0.63382
0.48939 0.30578 0.69719
0.42996 0.30446 0.58025
0.61272 0.24302 0.64614
0.48291 0.28750 0.67185
0.36637 0.33475 0.67152
0.55417 0.28073 0.76360
0.29634 0.21836 0.49499
0.59680 0.24256 0.70030
0.56739 0.21982 0.59289
0.60392 0.21590 0.72239
0.48543 0.25692 0.66431
0.32756 0.27507 0.56865
0.31631 0.23075 0.51375
0.38916 0.26044 0.47640
0.40821 0.24255 0.56263
0.39578 0.25814 0.54213
0.48368 0.30540 0.54662
0.44122 0.25126 0.46734
0.58597 0.19336 0.65153
0.38350 0.44803 0.75797
0.50187 0.23012 0.53416
0.37835 0.34181 0.62011
0.63329 0.20748 0.73201
0.56000 0.20341 0.60195
0.53613 0.25263 0.48406
0.58219 0.21903 0.57499
0.57561 0.21356 0.66800
0.61290 0.23618 0.64613
0.36507 0.43089 0.75752
0.52539 0.22335 0.68614
0.50562 0.27595 0.52373
0.56689 0.30487 0.73471
0.32934 0.23960 0.43325
0.55000 0.19482 0.56141
0.64698 0.24884 0.73567
0.60469 0.25728 0.58899
0.46649 0.34660 0.69967
0.54943 0.22347 0.48037
0.53230 0.31728 0.78175
0.50918 0.17754 0.55594
0.52368 0.26470 0.64199
0.71703 0.17858 0.73171
0.34192 0.44381 0.72754
0.46288 0.21370 0.51514
0.42888 0.24784 0.58913
0.33713 0.23880 0.48622
0.50245 0.24126 0.66429
0.44792 0.29609 0.61790
0.79710 0.15508 0.79580
0.44362 0.29762 0.64717
0.52407 0.22160 0.54101
0.41167 0.32784 0.61430
0.73581 0.17787 0.83540
0.45317 0.29409 0.66919
0.67466 0.15425 0.68407
0.36568 0.26270 0.55690
0.42376 0.30797 0.72006
0.32786 0.31299 0.62628
0.46651 0.34386 0.68879
0.33274 0.27184 0.56687
0.44126 0.38657 0.68396
0.35247 0.28747 0.60770
0.47164 0.21983 0.62850
0.72320 0.12934 0.65485
0.37243 0.24165 0.55311
0.31050 0.27051 0.54276
0.39001 0.26656 0.59804
0.51564 0.23113 0.71453
0.55558 0.21942 0.68239
0.80632 0.14569 0.80267
0.64693 0.16354 0.65569
0.48350 0.36298 0.74784
0.45008 0.29848 0.64291
0.56619 0.20367 0.56306
0.45369 0.29375 0.59437
0.56396 0.26740 0.78900
0.58070 0.24060 0.78951
0.46012 0.23150 0.58186
0.54666 0.28888 0.60574
0.59394 0.25800 0.81312
0.48916 0.19984 0.60176
0.68623 0.20325 0.83659
0.28563 0.24893 0.52232
0.36172 0.32289 0.58741
0.44301 0.33539 0.67127
0.51640 0.26245 0.61642
0.52067 0.27289 0.53813
0.42598 0.20246 0.54875
0.51073 0.21804 0.65531
0.42516 0.29507 0.61829
0.46773 0.22288 0.63541
0.38718 0.29328 0.57982
0.60839 0.15891 0.66608
0.51109 0.25498 0.69489
0.38389 0.22732 0.59850
0.40788 0.28439 0.65740
0.47160 0.24288 0.59399
0.41416 0.19582 0.49089
0.42757 0.35633 0.59005
0.52163 0.28321 0.78451
0.54001 0.29137 0.73107
0.54364 0.28946 0.64041
0.30275 0.35611 0.59600
0.24064 0.31578 0.54587
0.62921 0.22485 0.63627
0.52214 0.32726 0.63537
0.46255 0.38269 0.80206
0.44793 0.30393 0.66869
0.47203 0.29974 0.68182
0.70211 0.18314 0.59135
0.60317 0.24069 0.67306
0.52482 0.29932 0.70631
0.32929 0.37132 0.66297
0.55917 0.27951 0.68144
0.55907 0.21347 0.60160
0.37602 0.24931 0.57864
0.45269 0.29636 0.69292
0.45674 0.32517 0.61318
0.54020 0.24929 0.63195
0.55683 0.22095 0.65611
0.27162 0.25657 0.51145
0.52109 0.27265 0.54730
0.52701 0.24328 0.59653
0.74034 0.13276 0.70656
0.48188 0.35707 0.65802
0.38108 0.39419 0.71559
0.28989 0.28193 0.53125
0.52910 0.25150 0.65239
0.63156 0.23388 0.71506
0.35689 0.43548 0.74278
0.44560 0.32603 0.54017
0.51128 0.22533 0.61575
0.69586 0.17734 0.75273
0.44260 0.31255 0.61809
0.46875 0.27618 0.56535
0.67004 0.17840 0.68490
0.42310 0.26585 0.58483
0.85276 0.08458 0.69120
0.50026 0.25481 0.58115
0.35902 0.23803 0.52307
0.61538 0.23242 0.43724
0.60895 0.24328 0.54179
0.27838 0.40458 0.67613
0.37484 0.31797 0.62207
0.61529 0.26280 0.82664
0.33184 0.24013 0.56652
0.56136 0.25350 0.64318
0.43641 0.38457 0.75545
0.65671 0.24051 0.77633
0.36558 0.39724 0.73867
0.42976 0.29254 0.62596
0.70175 0.17709 0.59352
0.42018 0.26316 0.57431
0.35652 0.31049 0.59191
0.39482 0.37247 0.65272
0.48999 0.23420 0.67461
0.40113 0.31071 0.66959
0.39341 0.25818 0.62611
0.35850 0.42020 0.77134
0.58192 0.25813 0.72067
0.48466 0.23940 0.63044
0.38383 0.32609 0.66589
0.58645 0.23793 0.75729
0.36180 0.34825 0.60469
0.70750 0.20055 0.82473
0.44146 0.20086 0.63147
0.35841 0.42670 0.69900
0.49525 0.26439 0.51610
0.60377 0.26060 0.58295
0.53891 0.30024 0.69897
0.58443 0.22095 0.74715
0.49656 0.21835 0.51909
0.47689 0.22331 0.56486
0.39925 0.34503 0.62595
0.67169 0.18735 0.59738
0.55175 0.29245 0.73796
0.37202 0.30203 0.61720
0.36010 0.24612 0.56548
0.39532 0.28418 0.55287
0.68702 0.22083 0.84880
0.44747 0.22653 0.49847
0.51913 0.19176 0.63112
0.32361 0.26424 0.52839
0.46721 0.30441 0.67618
0.54810 0.26029 0.66376
0.50460 0.33449 0.77455
0.66510 0.24527 0.78790
0.56644 0.27202 0.72544
0.64182 0.25816 0.76828
0.45601 0.18383 0.50265
0.43740 0.24788 0.63616
0.67277 0.22508 0.70721
0.36411 0.27625 0.54978
0.47404 0.27087 0.69617
0.50643 0.32559 0.69945
0.46801 0.23871 0.53004
0.57144 0.19195 0.64084
0.63599 0.23717 0.70919
0.52882 0.24612 0.72241
0.35413 0.42304 0.72715
0.59961 0.25524 0.74317
0.64974 0.18553 0.54470
0.48426 0.36100 0.69928
0.33801 0.33546 0.63241
0.42614 0.41954 0.68394
0.39049 0.27117 0.56175
0.54190 0.28753 0.64225
0.73167 0.13501 0.70498
0.54347 0.22909 0.71002
0.54279 0.23544 0.49838
0.32799 0.32449 0.54671
0.71076 0.11236 0.64001
0.60898 0.21540 0.80414
0.46927 0.24280 0.65824
0.50111 0.30004 0.72905
0.47219 0.31950 0.71004
0.45246 0.20823 0.58024
0.54720 0.24481 0.66710
0.44863 0.28462 0.70042
0.59108 0.23894 0.59457
0.63070 0.14595 0.63610
0.53886 0.15909 0.55311
0.63214 0.19213 0.68821
0.54709 0.24365 0.66580
0.64134 0.20602 0.74344
0.40302 0.21484 0.56381
0.47322 0.30247 0.60767
0.46033 0.31282 0.62803
0.60170 0.26719 0.63470
0.54532 0.22547 0.60551
0.53141 0.27869 0.57862
0.36602 0.26408 0.55242
0.41993 0.25271 0.58013
0.69563 0.15551 0.63490
0.54212 0.22982 0.70248
0.41222 0.28793 0.66110
0.64957 0.24011 0.70018
0.27801 0.31084 0.57036
0.68577 0.15164 0.68986
0.48561 0.27210 0.71478
0.62895 0.21585 0.72491
0.52776 0.18799 0.55055
0.68253 0.20614 0.76436
0.45684 0.32731 0.67982
0.39518 0.28699 0.51669
0.49922 0.27542 0.64648
0.53866 0.27488 0.66073
0.54855 0.21198 0.59814
0.44183 0.29631 0.52662
0.38496 0.25811 0.59034
0.49298 0.23107 0.61750
0.56661 0.23940 0.68333
0.48931 0.27296 0.54511
0.55949 0.27635 0.66108
0.53466 0.21883 0.67588
0.55175 0.24665 0.59135
0.36041 0.34998 0.62350
0.42670 0.32012 0.54654
0.36326 0.27292 0.56394
0.53633 0.31490 0.73049
0.65021 0.19555 0.73347
0.30647 0.20877 0.46855
0.57489 0.26021 0.76433
0.63324 0.23052 0.68163
0.37282 0.30178 0.65525
0.41138 0.44886 0.69277
0.86558 0.09223 0.70329
0.49786 0.23502 0.57030
0.52654 0.20060 0.52204
0.49868 0.24376 0.61161
0.41144 0.30222 0.64053
0.60941 0.27305 0.68457
0.38557 0.29286 0.53595
0.55713 0.25079 0.55988
0.43152 0.33580 0.72388
0.37356 0.38423 0.69602
0.54243 0.21316 0.72695
0.59777 0.19371 0.70643
0.50295 0.30995 0.62626
0.51434 0.34688 0.80354
0.56612 0.18392 0.60938
0.50415 0.25040 0.57489
0.22190 0.23476 0.44921
0.62950 0.26681 0.75365
0.57268 0.26047 0.66261
0.56020 0.17243 0.60749
0.40725 0.38337 0.76576
0.56453 0.22305 0.69340
0.29691 0.38611 0.65350
0.30634 0.27160 0.55236
0.54383 0.24289 0.60118
0.46900 0.25745 0.67958
0.61568 0.24563 0.60226
0.62486 0.22021 0.56528
0.47791 0.24035 0.63718
0.44096 0.22278 0.57723
0.46083 0.34119 0.70268
0.46544 0.33919 0.67712
0.53412 0.32006 0.78897
0.82546 0.11720 0.70620
0.32134 0.36313 0.61251
0.41432 0.24721 0.58503
0.39291 0.22551 0.50449
0.42863 0.32675 0.70221
0.41198 0.27064 0.55415
0.51080 0.18278 0.62029
0.51679 0.32615 0.76712
0.62448 0.20913 0.68736
0.37413 0.22518 0.55171
0.68412 0.15274 0.59916
0.66776 0.14982 0.60061
0.44298 0.23450 0.56398
0.63705 0.16503 0.63748
0.42209 0.26283 0.59590
0.65208 0.22671 0.72306
0.51459 0.21576 0.68664
0.55744 0.22844 0.74500
0.39988 0.30045 0.56646
0.46177 0.24535 0.63514
0.59148 0.21745 0.67227
0.36610 0.39832 0.74163
0.42853 0.33434 0.63609
0.58669 0.23224 0.64565
0.48922 0.29069 0.65683
0.35352 0.30437 0.59507
0.53609 0.23690 0.63937
0.70247 0.12763 0.60076
0.52132 0.28272 0.69044
0.38934 0.36535 0.66646
0.60217 0.18353 0.63190
0.51938 0.23069 0.68701
0.74490 0.17296 0.72258
0.57828 0.21567 0.64454
0.68288 0.24049 0.74073
0.52139 0.23743 0.60885
0.50057 0.23857 0.69630
0.57301 0.30173 0.74305
0.33493 0.28577 0.53897
0.46531 0.27134 0.57213
0.59805 0.19860 0.58405
0.56307 0.22444 0.48991
0.45294 0.24778 0.54103
0.30156 0.25284 0.48711
0.58620 0.20793 0.67911
0.34563 0.26987 0.57774
0.58523 0.22742 0.66054
0.39649 0.27590 0.58200
0.51372 0.34288 0.75031
0.51485 0.35634 0.81103
0.41591 0.23544 0.59009
0.49965 0.29706 0.50653
0.41664 0.35640 0.62232
0.34133 0.36840 0.62360
0.33165 0.24337 0.49225
0.52216 0.24036 0.52838
0.43415 0.29140 0.65397
0.36960 0.23569 0.47031
0.35305 0.33134 0.59670
0.43326 0.25744 0.54211
0.50985 0.31297 0.80301
0.48419 0.24752 0.65670
0.34734 0.34058 0.66682
0.38494 0.28014 0.63392
0.51889 0.25022 0.67120
0.39142 0.25665 0.59203
0.38719 0.25285 0.58938
0.67131 0.17028 0.55340
0.52642 0.26991 0.71021
0.65569 0.22575 0.69003
0.35848 0.32937 0.58368
0.61087 0.20906 0.79705
0.66615 0.22683 0.77731
0.48607 0.22815 0.55711
0.68240 0.16812 0.69875
0.55742 0.20038 0.65595
0.48088 0.22798 0.62239
0.52614 0.22226 0.64969
0.62765 0.28816 0.79909
0.39739 0.24053 0.54534
0.48000 0.20871 0.59488
0.55495 0.26592 0.65315
0.58632 0.26315 0.74082
0.71789 0.16246 0.75385
0.52193 0.28761 0.53483
0.50544 0.25478 0.55297
0.49160 0.25877 0.72189
0.50223 0.34452 0.61613
0.48811 0.25901 0.52507
0.67487 0.21985 0.73850
0.56233 0.31171 0.79048
0.26116 0.20753 0.46894
0.55597 0.19580 0.60380
0.60879 0.19380 0.60096
0.35799 0.32839 0.61507
0.33127 0.29656 0.60464
0.55275 0.23793 0.70613
0.40836 0.30313 0.60690
0.64733 0.21945 0.77608
0.35576 0.21190 0.54773
0.58469 0.25404 0.48356
0.53341 0.23818 0.54463
0.54093 0.21654 0.60633
0.50112 0.34409 0.75830
0.37518 0.29447 0.63720
0.46475 0.26652 0.59960
0.54849 0.24261 0.70399
0.39115 0.43258 0.68596
0.58606 0.25026 0.74245
0.52042 0.27168 0.73973
0.54133 0.23246 0.51823
0.72138 0.15959 0.66075
0.42796 0.42067 0.76754
0.48615 0.29941 0.62516
0.54503 0.33481 0.78676
0.47045 0.20778 0.49365
0.61838 0.25484 0.75760
0.32749 0.26121 0.53688
0.56606 0.20577 0.63542
0.60605 0.21488 0.73534
0.58409 0.23540 0.70013
0.36052 0.23426 0.47650
0.40299 0.37619 0.70518
0.77671 0.15385 0.80491
0.57330 0.24978 0.48157
0.35255 0.28966 0.59282
0.31767 0.45322 0.74874
0.41152 0.21117 0.55423
0.47692 0.23503 0.57109
0.40744 0.37834 0.71502
0.75090 0.13056 0.72150
0.65894 0.21627 0.68782
0.59314 0.26901 0.77262
0.50062 0.23953 0.65069
0.53764 0.30021 0.74696
0.62801 0.17261 0.58457
0.59127 0.27381 0.69386
0.43057 0.25831 0.47090
0.62972 0.24608 0.83702
0.51565 0.24529 0.69868
0.47185 0.23538 0.50576
0.61957 0.26409 0.66224
0.38879 0.23688 0.50482
0.60627 0.26615 0.74110
0.45453 0.22381 0.59049
0.63031 0.17059 0.59546
0.49850 0.28408 0.50064
0.62336 0.20993 0.66719
0.52780 0.21657 0.52466
0.44762 0.23102 0.49337
0.59794 0.20809 0.60519
0.54417 0.31333 0.66302
0.47585 0.24074 0.69125
0.34512 0.27490 0.55252
0.60651 0.22804 0.56903
0.54088 0.24825 0.65492
0.58539 0.22200 0.58270
0.37521 0.33607 0.65986
0.63782 0.25903 0.66015
0.63943 0.18358 0.62924
0.54819 0.21612 0.55751
0.54437 0.22644 0.65248
0.37226 0.29799 0.53329
0.27673 0.28377 0.54827
0.51629 0.33283 0.75600
0.37588 0.32879 0.65467
0.58340 0.30338 0.80066
0.39563 0.25750 0.62896
0.62289 0.17466 0.71923
0.44747 0.24498 0.58206
0.57897 0.27231 0.65986
0.41307 0.23198 0.55706
0.47082 0.27682 0.58002
0.34240 0.24173 0.52818
0.66939 0.20178 0.61985
0.56183 0.27829 0.46551
0.45522 0.28315 0.65870
0.40523 0.27968 0.60294
0.38721 0.27764 0.53289
0.40848 0.32528 0.61375
0.50635 0.24318 0.62572
0.64018 0.22382 0.62433
0.59251 0.20561 0.72365
0.44045 0.30758 0.55728
0.69368 0.13745 0.61833
0.68841 0.19590 0.65071
0.35876 0.32782 0.58878
0.53883 0.27866 0.65424
0.65428 0.18464 0.65898
0.50368 0.27285 0.73305
0.40291 0.41532 0.77294
0.58348 0.23813 0.51296
0.46417 0.28161 0.54785
0.44349 0.26188 0.63199
0.45983 0.33236 0.66272
0.38761 0.38423 0.73876
0.63310 0.22234 0.71081
0.47902 0.24650 0.68322
0.62073 0.22093 0.56385
0.55646 0.27636 0.79060
0.58961 0.24695 0.70272
0.45565 0.27927 0.70164
0.56515 0.24789 0.59143
0.40261 0.27354 0.59418
0.51950 0.29429 0.72869
0.52499 0.31003 0.70191
0.62423 0.14016 0.61503
0.43197 0.32850 0.73532
0.61036 0.27262 0.83312
0.59897 0.21503 0.72980
0.49791 0.22738 0.66261
0.55278 0.23069 0.64148
0.31986 0.29093 0.58103
0.58316 0.20030 0.62278
0.62530 0.24271 0.69084
0.74648 0.15131 0.62912
0.37467 0.41291 0.72560
0.52860 0.21912 0.63344
0.53631 0.32822 0.77775
0.45523 0.24397 0.57781
0.36986 0.34220 0.67782
0.71934 0.19704 0.65403
0.21725 0.24660 0.46172
0.43334 0.26006 0.64471
0.50475 0.36915 0.80271
0.43077 0.29203 0.70170
0.49226 0.23256 0.62960
0.43099 0.36932 0.68029
0.35282 0.25461 0.56320
0.39775 0.32292 0.62591
0.57483 0.22818 0.75883
0.45281 0.36874 0.65431
0.60195 0.23043 0.76158
0.44000 0.40757 0.75075
0.58737 0.23862 0.61234
0.30723 0.30129 0.56398
0.56213 0.26953 0.66614
0.60353 0.25594 0.74965
0.37398 0.26326 0.60895
0.37818 0.26106 0.51920
0.48444 0.34194 0.75099
0.74785 0.13470 0.71678
0.55138 0.27191 0.71800
0.42077 0.27515 0.66378
0.62680 0.21908 0.55574
0.56045 0.28020 0.72619
0.73495 0.16352 0.67498
0.34382 0.32405 0.63525
0.44814 0.26203 0.65970
0.59319 0.29152 0.68490
0.64564 0.22752 0.69280
0.64711 0.20452 0.73676
0.32205 0.42300 0.67987
0.50503 0.21936 0.57408
0.65813 0.23209 0.71257
0.65899 0.22252 0.73401
0.58449 0.19404 0.67800
0.46885 0.22525 0.62110
0.65494 0.17431 0.65054
0.49446 0.29114 0.62976
0.55793 0.24322 0.69003
0.47878 0.27217 0.68739
0.49319 0.23010 0.68246
0.41017 0.27470 0.46897
0.47469 0.21565 0.60782
0.25981 0.29032 0.53706
0.49504 0.26547 0.58559
0.33369 0.22926 0.52243
0.55726 0.21177 0.64171
0.63621 0.22829 0.65688
0.40300 0.26466 0.50668
0.34717 0.23092 0.51752
0.78284 0.11483 0.69494
0.47729 0.19371 0.58091
0.58998 0.23126 0.71570
0.40398 0.20467 0.54380
0.59159 0.24216 0.80010
0.65255 0.22775 0.82679
0.46650 0.36011 0.74615
0.42767 0.25277 0.63471
0.54679 0.25531 0.64602
0.57327 0.32736 0.78412
0.41709 0.34925 0.64323
0.67707 0.16599 0.65762
0.53046 0.33398 0.83467
0.63526 0.19978 0.69850
0.39950 0.38624 0.70038
0.49257 0.27699 0.62509
0.42500 0.42967 0.80114
0.28478 0.35264 0.62224
0.62006 0.22861 0.74256
0.57772 0.21858 0.52466
0.47192 0.33615 0.72235
0.48538 0.24370 0.68961
0.44441 0.29299 0.61304
0.55703 0.18798 0.62697
0.58543 0.29821 0.79838
0.28836 0.38126 0.65110
0.46311 0.25205 0.52849
0.61321 0.18013 0.63993
0.41583 0.23702 0.52891
0.37776 0.23443 0.57237
0.41966 0.22050 0.57744
0.43756 0.26655 0.61029
0.64795 0.17216 0.68361
0.56721 0.24255 0.71950
0.76984 0.10431 0.67040
0.53657 0.21521 0.64722
0.45108 0.23374 0.61461
0.48188 0.23840 0.52661
0.40679 0.24680 0.57220
0.32229 0.43084 0.67769
0.58493 0.24323 0.70588
0.48591 0.29863 0.56179
0.55062 0.27034 0.63485
0.53512 0.34832 0.75033
0.59352 0.22801 0.72085
0.32753 0.23369 0.49167
0.46780 0.25408 0.43329
0.45646 0.34486 0.71150
0.52266 0.26515 0.64003
0.28194 0.30412 0.58822
0.47774 0.22417 0.57127
0.60067 0.21066 0.64267
0.46346 0.28606 0.68505
0.65231 0.24893 0.67524
0.31707 0.22980 0.53609
0.29994 0.44780 0.71498
0.68540 0.18373 0.67855
0.55509 0.28969 0.66018
0.55187 0.21424 0.74541
0.45221 0.31889 0.55092
0.61027 0.21334 0.61440
0.42274 0.30481 0.62807
0.30838 0.27081 0.54307
0.44302 0.25468 0.55415
0.44884 0.33141 0.60767
0.39862 0.23831 0.56374
0.22436 0.21642 0.43169
0.36145 0.38300 0.69667
0.57615 0.24631 0.62119
0.43929 0.27374 0.55398
0.34126 0.28168 0.58546
0.47847 0.27271 0.65365
0.48701 0.22117 0.51814
0.47851 0.33284 0.70663
0.33344 0.21364 0.46705
0.57913 0.27810 0.76114
0.46921 0.27160 0.71194
0.40606 0.23016 0.53371
0.28529 0.26807 0.52718
0.42338 0.24895 0.50220
0.62709 0.20464 0.67803
0.40600 0.33127 0.67414
0.50320 0.19975 0.64070
0.55441 0.26677 0.61393
0.50455 0.22991 0.67194
0.34568 0.25969 0.53227
0.43211 0.41570 0.78796
0.41863 0.24282 0.57111
0.61122 0.25891 0.80631
0.43261 0.26755 0.61771
0.36824 0.29977 0.59433
0.51042 0.24127 0.63538
0.61821 0.23663 0.69458
0.35980 0.34362 0.56701
0.38868 0.22141 0.56202
0.38280 0.45584 0.78563
0.33204 0.35544 0.65886
0.49107 0.27508 0.61316
0.60591 0.24271 0.71858
0.34956 0.42118 0.72692
0.41127 0.27436 0.55904
0.35727 0.33376 0.62070
0.52933 0.24865 0.69289
0.51902 0.28369 0.69709
0.24279 0.27654 0.52500
0.43046 0.19827 0.57902
0.61045 0.19941 0.71405
0.63661 0.20459 0.78298
0.41089 0.30603 0.66352
0.36244 0.26609 0.57899
0.54623 0.23420 0.56019
0.70818 0.13727 0.68855
0.44843 0.33270 0.71360
0.43152 0.25151 0.64207
0.65246 0.21111 0.66511
0.45444 0.31736 0.69099
0.39314 0.37254 0.72831
0.57635 0.18142 0.55797
0.35207 0.23076 0.57097
0.37419 0.22903 0.59060
0.42937 0.25487 0.59418
0.48830 0.30908 0.71856
0.55092 0.21334 0.65572
0.43018 0.29217 0.60951
0.61663 0.18595 0.63771
0.42552 0.28865 0.57043
0.32958 0.31810 0.61956
0.61887 0.25050 0.69881
0.51227 0.26038 0.69574
0.46521 0.37569 0.80658
0.46657 0.23523 0.55321
0.63083 0.19990 0.68924
0.62271 0.24312 0.63496
0.33957 0.40052 0.70632
0.54260 0.29732 0.66225
0.42054 0.30044 0.62562
0.63131 0.26209 0.71898
0.63074 0.25356 0.73616
0.47852 0.22116 0.57627
0.58707 0.22605 0.64275
0.58327 0.20707 0.66970
0.70933 0.21805 0.77250
0.34871 0.28731 0.55228
0.41248 0.30615 0.66550
0.51572 0.22154 0.57475
0.59953 0.25933 0.72166
0.49839 0.22976 0.66838
0.40848 0.37925 0.62101
0.48698 0.26972 0.53754
0.43159 0.25817 0.59251
0.60722 0.17626 0.65497
0.58622 0.24590 0.67434
0.54618 0.26356 0.67614
0.60074 0.22906 0.51862
0.47353 0.16571 0.54096
0.53848 0.28779 0.71168
0.48747 0.35274 0.76983
0.43172 0.34746 0.69962
0.53267 0.32360 0.72773
0.49607 0.26807 0.55448
0.43098 0.35348 0.65809
0.49569 0.32570 0.65482
0.57431 0.20368 0.72325
0.52405 0.20100 0.62070
0.32878 0.32551 0.57728
0.65978 0.13701 0.63544
0.52378 0.26774 0.69721
0.50830 0.29560 0.56883
0.44941 0.28539 0.53945
0.37329 0.29456 0.53274
0.41364 0.39731 0.79599
0.50541 0.20711 0.55298
0.37447 0.24097 0.61041
0.64940 0.20135 0.78737
0.48180 0.23495 0.60391
0.51709 0.22572 0.61176
0.53607 0.24077 0.65350
0.61340 0.23496 0.70184
0.50019 0.32210 0.72345
0.30014 0.23063 0.53445
0.50476 0.22284 0.61927
0.35750 0.35275 0.67671
0.49562 0.21951 0.56178
0.39575 0.24467 0.53268
0.39870 0.22702 0.45220
0.50957 0.24434 0.65938
0.50722 0.24296 0.69392
0.40214 0.29012 0.64035
0.44475 0.40278 0.74605
0.53529 0.27556 0.56407
0.51828 0.23939 0.55209
0.50488 0.22623 0.66831
0.39805 0.24556 0.64128
0.51918 0.21327 0.65245
0.32539 0.34424 0.60732
0.55039 0.34390 0.75226
0.62953 0.27081 0.76492
0.33373 0.45891 0.77323
0.65005 0.18665 0.58494
0.41801 0.33154 0.72852
0.46233 0.27734 0.61970
0.49586 0.23842 0.59132
0.50490 0.19603 0.58101
0.49706 0.34028 0.70683
0.48101 0.20808 0.62836
0.43794 0.27076 0.52938
0.39931 0.25318 0.59460
0.47810 0.25831 0.59404
0.67558 0.13806 0.66407
0.64947 0.21355 0.77823
0.59547 0.24854 0.66880
0.43067 0.22418 0.47907
0.44133 0.23103 0.61179
0.58270 0.24694 0.69048
0.47016 0.20469 0.59228
0.52442 0.19927 0.58292
0.51822 0.21744 0.60842
0.49760 0.26910 0.65599
0.62174 0.21756 0.58440
0.56171 0.24212 0.64656
0.39529 0.33839 0.67103
0.58154 0.19556 0.65364
0.64017 0.21024 0.75858
0.63922 0.25368 0.72734
0.39241 0.44419 0.80909
0.46821 0.23621 0.62420
0.61822 0.19246 0.60202
0.38602 0.27064 0.62048
0.62658 0.25173 0.80274
0.41735 0.38461 0.73722
0.56251 0.23991 0.69372
0.46860 0.18801 0.53652
0.61229 0.23462 0.71446
0.56932 0.32133 0.79558
0.76180 0.16764 0.73132
0.55562 0.30656 0.72859
0.39235 0.43525 0.75979
0.31351 0.26276 0.51645
0.55225 0.27969 0.72034
0.39083 0.22074 0.54495
0.49874 0.28679 0.65270
0.44426 0.20708 0.59704
0.38236 0.23086 0.44869
0.35883 0.25208 0.53444
0.37693 0.37934 0.70165
0.54358 0.27927 0.71700
0.45998 0.28694 0.63103
0.60147 0.26503 0.70452
0.40745 0.23720 0.60335
0.65033 0.21213 0.70920
0.54454 0.19060 0.64917
0.74162 0.19753 0.81245
0.46889 0.25579 0.56551
0.56915 0.20728 0.63515
0.37525 0.28371 0.59791
0.46927 0.31234 0.61019
0.34639 0.23431 0.55220
0.44679 0.33002 0.57759
0.57468 0.26867 0.56550
0.66139 0.22755 0.70069
0.43390 0.29832 0.56545
0.56998 0.22807 0.47668
0.54429 0.24739 0.66139
0.52173 0.21696 0.50357
0.43362 0.26445 0.57928
0.55661 0.24771 0.57726
0.46233 0.28302 0.71052
0.27689 0.31546 0.58914
0.40576 0.25933 0.63362
0.47862 0.25940 0.64829
0.46050 0.25075 0.66401
0.40762 0.24255 0.55561
0.64989 0.16559 0.64534
0.38277 0.32111 0.66084
0.50730 0.26827 0.64046
0.74366 0.15012 0.70079
0.38478 0.28125 0.51599
0.40169 0.23462 0.47072
0.39172 0.23818 0.43380
0.45383 0.31082 0.54043
0.34734 0.30141 0.61602
0.53732 0.28763 0.54733
0.49081 0.39050 0.81068
0.58652 0.28497 0.69003
0.42480 0.22942 0.47901
0.77119 0.15521 0.75173
0.48892 0.23723 0.63281
0.32109 0.23696 0.49744
0.46098 0.34371 0.74541
0.46418 0.21432 0.50860
0.42243 0.18469 0.54524
0.52230 0.28355 0.56886
0.34266 0.39056 0.71325
0.49521 0.28476 0.61588
0.75145 0.11420 0.69096
0.60408 0.24760 0.63825
0.53734 0.30386 0.73770
0.47508 0.27172 0.61832
0.34539 0.37078 0.66356
0.54818 0.19486 0.61597
0.41475 0.26026 0.61469
0.41486 0.33693 0.69010
0.39693 0.30066 0.55588
0.64419 0.22469 0.75669
0.57505 0.19455 0.58757
0.49817 0.25924 0.60217
0.64981 0.25772 0.70435
0.55261 0.22681 0.76195
0.51736 0.25126 0.63900
