20 7 1000 8179 17
0.13342 0.84781 0.16612
0.49298 0.10929 0.51946
0.36443 0.02308 0.22100
0.26243 0.61077 0.84128
0.02464 0.85565 0.94430
0.49075 0.86758 0.89477
0.75726 0.17297 0.48553
0.35605 0.49779 0.50813
0.36069 0.70338 0.61736
0.31719 0.43501 0.62440
0.23944 0.56654 0.41192
0.29804 0.44125 0.54419
0.40909 0.35289 0.45749
0.31427 0.57358 0.42806
0.39860 0.40732 0.58827
0.25402 0.70438 0.82479
0.36365 0.15937 0.36088
0.35025 0.60297 0.72013
0.26029 0.68844 0.52711
0.40211 0.33310 0.56288
0.36140 0.44474 0.62002
0.41649 0.39528 0.59531
0.32487 0.59730 0.72043
0.26047 0.64983 0.35057
0.45798 0.66677 0.78522
0.42307 0.39915 0.49447
0.30081 0.48635 0.36629
0.22578 0.58133 0.58787
0.33892 0.59106 0.62659
0.50565 0.28355 0.52144
0.53973 0.42946 0.57515
0.28395 0.65739 0.73154
0.32850 0.48145 0.47794
0.32875 0.52306 0.61897
0.29653 0.71038 0.66387
0.24308 0.71244 0.57269
0.36494 0.53943 0.50940
0.27315 0.62739 0.64183
0.31350 0.57725 0.57080
0.40152 0.37593 0.52487
0.22591 0.73156 0.41002
0.34550 0.56412 0.57531
0.17615 0.67615 0.68794
0.43016 0.37613 0.60636
0.37486 0.47457 0.68971
0.38996 0.43313 0.55363
0.36029 0.54598 0.52785
0.41408 0.31471 0.50775
0.20118 0.67949 0.70736
0.20373 0.67015 0.40992
0.34469 0.52863 0.60343
0.36974 0.50549 0.57023
0.34382 0.44729 0.34663
0.42625 0.56218 0.72792
0.34181 0.40805 0.62332
0.23466 0.63475 0.68821
0.30541 0.46904 0.50773
0.51270 0.43672 0.50534
0.26227 0.63930 0.70771
0.34863 0.43358 0.64900
0.39813 0.45893 0.56621
0.43491 0.42003 0.62597
0.38408 0.56287 0.65855
0.26838 0.57791 0.60882
0.36587 0.54391 0.69582
0.33437 0.35367 0.55096
0.43046 0.28803 0.51641
0.26807 0.54507 0.51859
0.41260 0.61456 0.68429
0.34209 0.49202 0.63877
0.50546 0.37826 0.52711
0.24634 0.57936 0.51076
0.42598 0.55684 0.68259
0.20746 0.75703 0.28030
0.31284 0.69497 0.61563
0.41104 0.35779 0.58659
0.40786 0.30336 0.45584
0.43190 0.50350 0.49482
0.39402 0.55525 0.59943
0.31423 0.49199 0.63047
0.22433 0.68647 0.68046
0.29887 0.54081 0.49749
0.20936 0.71998 0.60940
0.42640 0.50652 0.69472
0.25445 0.61190 0.73536
0.33599 0.63157 0.67553
0.42167 0.56498 0.59868
0.37288 0.45866 0.49481
0.30462 0.59271 0.47974
0.43547 0.23031 0.47787
0.31160 0.57836 0.67332
0.30701 0.62248 0.70512
0.38294 0.46557 0.37332
0.32298 0.40269 0.33732
0.30633 0.50852 0.52131
0.52167 0.48436 0.57396
0.25446 0.59759 0.56034
0.37183 0.53272 0.62881
0.41658 0.55316 0.71962
0.28989 0.57133 0.70069
0.40279 0.42771 0.51847
0.39599 0.52707 0.55497
0.37359 0.59286 0.67692
0.19554 0.64023 0.75620
0.30631 0.65279 0.66451
0.29913 0.53738 0.71554
0.36245 0.33137 0.52960
0.19918 0.73812 0.52922
0.33528 0.48922 0.71027
0.31905 0.47915 0.60617
0.25559 0.63701 0.78741
0.46093 0.45662 0.53966
0.42893 0.23582 0.52563
0.30853 0.57035 0.34822
0.39911 0.53225 0.59505
0.35828 0.45138 0.66965
0.30178 0.51457 0.50487
0.44295 0.34596 0.54809
0.41328 0.38449 0.39978
0.44797 0.48486 0.63526
0.34399 0.43123 0.50959
0.46174 0.50742 0.63897
0.40147 0.34481 0.56163
0.29669 0.61509 0.58662
0.22710 0.60337 0.71691
0.22346 0.52595 0.68195
0.38878 0.58045 0.54605
0.35155 0.52932 0.46803
0.31327 0.59927 0.56962
0.38704 0.50098 0.62470
0.23438 0.59564 0.75581
0.53673 0.22965 0.50915
0.28958 0.59608 0.45886
0.35685 0.46297 0.40036
0.41934 0.32491 0.53123
0.43500 0.58244 0.68631
0.44213 0.51040 0.66487
0.32801 0.48101 0.65689
0.47011 0.36169 0.50740
0.52414 0.32340 0.47304
0.31967 0.68747 0.50681
0.48183 0.47157 0.53132
0.37295 0.53426 0.61616
0.42468 0.38953 0.45846
0.46982 0.48787 0.48965
0.26831 0.60283 0.72535
0.28459 0.58657 0.76517
0.55311 0.36724 0.50145
0.23559 0.65725 0.49635
0.28127 0.62015 0.72553
0.24430 0.69824 0.58608
0.41969 0.37307 0.45925
0.32083 0.48694 0.53099
0.38089 0.42685 0.65422
0.27787 0.43998 0.43676
0.43901 0.39844 0.63503
0.33136 0.53402 0.61155
0.40572 0.44676 0.56634
0.28324 0.46633 0.52900
0.46079 0.53100 0.57968
0.40060 0.74263 0.82511
0.53311 0.22100 0.50973
0.38543 0.57954 0.70721
0.26405 0.47693 0.63988
0.36515 0.54113 0.50051
0.30485 0.40130 0.56563
0.28320 0.50699 0.56825
0.42126 0.28517 0.52097
0.34395 0.58562 0.55431
0.40827 0.42098 0.67280
0.39188 0.43641 0.62722
0.45700 0.43680 0.65617
0.29764 0.52552 0.56016
0.41556 0.41405 0.49462
0.22791 0.66509 0.79093
0.35920 0.39729 0.63856
0.45517 0.56609 0.73060
0.47559 0.45354 0.54830
0.59346 0.35761 0.59456
0.27418 0.65455 0.72958
0.47883 0.42004 0.55267
0.41600 0.44292 0.55051
0.43383 0.48309 0.67615
0.31510 0.65891 0.68001
0.32536 0.56701 0.43108
0.37251 0.50562 0.64694
0.17506 0.72002 0.64205
0.37220 0.27148 0.45841
0.24719 0.64688 0.35194
0.36902 0.50137 0.70301
0.34630 0.44588 0.55477
0.33583 0.71450 0.73238
0.52483 0.34004 0.57141
0.36197 0.60724 0.71888
0.27820 0.66433 0.61161
0.28383 0.55938 0.64417
0.44840 0.52611 0.70632
0.32722 0.52837 0.48966
0.45723 0.44818 0.60031
0.37943 0.32694 0.61057
0.41859 0.45737 0.56385
0.47430 0.37550 0.58621
0.32791 0.40951 0.57816
0.35495 0.44395 0.63566
0.32289 0.39807 0.55472
0.54016 0.22039 0.44780
0.32784 0.39745 0.59734
0.44144 0.21065 0.30748
0.25911 0.69598 0.46912
0.37039 0.48359 0.61598
0.38198 0.52168 0.56455
0.33425 0.44768 0.43222
0.29852 0.56161 0.64568
0.21353 0.67112 0.52791
0.42379 0.46678 0.43350
0.35358 0.57510 0.65048
0.40710 0.47792 0.45979
0.46408 0.43454 0.47048
0.46282 0.37314 0.49067
0.35786 0.55293 0.58665
0.36129 0.60873 0.74651
0.32457 0.54032 0.73497
0.26456 0.52106 0.52284
0.29828 0.44753 0.63482
0.32997 0.56673 0.50529
0.36155 0.52739 0.52276
0.34595 0.25839 0.41546
0.33710 0.38713 0.44805
0.29086 0.55647 0.64138
0.40247 0.52401 0.65295
0.47901 0.40028 0.65825
0.45083 0.33320 0.56123
0.43512 0.37273 0.60103
0.45535 0.44568 0.68509
0.30097 0.54922 0.66459
0.31852 0.57091 0.55239
0.16381 0.66988 0.56027
0.36695 0.36310 0.53388
0.39969 0.53958 0.65944
0.41428 0.51412 0.44421
0.22287 0.63694 0.77651
0.40017 0.48456 0.36159
0.49954 0.21948 0.43460
0.38545 0.51939 0.50203
0.38686 0.40782 0.64147
0.43831 0.50281 0.68915
0.32406 0.37640 0.51621
0.24687 0.61335 0.59450
0.47108 0.45267 0.48932
0.36000 0.39769 0.49447
0.38596 0.27983 0.38627
0.35460 0.62557 0.54253
0.43895 0.49442 0.46958
0.40067 0.47597 0.62400
0.35379 0.29781 0.35134
0.41456 0.40668 0.61855
0.38234 0.36950 0.48317
0.28649 0.64751 0.60784
0.18117 0.72314 0.67514
0.34812 0.48638 0.65093
0.26682 0.53996 0.57801
0.42647 0.32094 0.50170
0.44924 0.35627 0.54147
0.37002 0.53994 0.60859
0.35367 0.49592 0.70184
0.37079 0.48402 0.70780
0.33404 0.60627 0.55670
0.43371 0.48047 0.63805
0.33489 0.42463 0.61108
0.42291 0.33475 0.52141
0.31904 0.41723 0.32724
0.35403 0.29759 0.48589
0.34079 0.54547 0.38248
0.29809 0.57814 0.79299
0.32591 0.34656 0.42811
0.39837 0.51795 0.46003
0.42395 0.56303 0.73640
0.34273 0.33279 0.45132
0.35016 0.40823 0.57403
0.43733 0.47155 0.52221
0.39488 0.55911 0.49839
0.31347 0.63601 0.74650
0.40366 0.54914 0.59260
0.30978 0.52547 0.41843
0.23277 0.62396 0.30074
0.36895 0.33254 0.42435
0.37863 0.30776 0.53733
0.30200 0.59543 0.53912
0.40572 0.43544 0.60305
0.24135 0.57467 0.39969
0.22401 0.58427 0.72815
0.39594 0.47800 0.45319
0.29728 0.64485 0.42775
0.44853 0.45250 0.67266
0.42906 0.50326 0.59004
0.22371 0.60227 0.46137
0.35181 0.57205 0.59092
0.38845 0.30366 0.38778
0.37539 0.41636 0.64113
0.28221 0.51949 0.62168
0.34717 0.51679 0.59123
0.36694 0.70087 0.79611
0.43467 0.19331 0.43498
0.29310 0.41402 0.48909
0.40625 0.61867 0.73584
0.45232 0.33537 0.38549
0.37555 0.64202 0.62873
0.32839 0.58332 0.53730
0.33026 0.43928 0.66155
0.34285 0.46813 0.51632
0.50366 0.40511 0.41815
0.35238 0.49099 0.45790
0.38521 0.63000 0.56654
0.40659 0.26264 0.52984
0.44305 0.50064 0.47849
0.44773 0.45579 0.47353
0.29940 0.71065 0.56657
0.43022 0.61261 0.66332
0.49149 0.41528 0.62448
0.42314 0.58188 0.61584
0.31352 0.58144 0.51034
0.40066 0.70882 0.74706
0.48203 0.44288 0.63762
0.35101 0.58491 0.65055
0.48863 0.19881 0.38656
0.34792 0.56660 0.64886
0.35460 0.42018 0.56557
0.37534 0.49006 0.56530
0.35654 0.54810 0.72077
0.35719 0.42118 0.61996
0.35128 0.21834 0.39388
0.27986 0.52174 0.64799
0.27490 0.71382 0.79498
0.37251 0.40386 0.64925
0.32825 0.58835 0.45170
0.44510 0.40326 0.56761
0.33271 0.53895 0.75927
0.26433 0.60450 0.50671
0.40977 0.46207 0.64473
0.38469 0.39729 0.42848
0.31373 0.34359 0.57908
0.36468 0.45713 0.58006
0.31909 0.59361 0.53689
0.36412 0.33256 0.46507
0.23591 0.62597 0.48420
0.30717 0.60144 0.60706
0.30382 0.58582 0.59512
0.29341 0.57789 0.52283
0.45756 0.35374 0.51679
0.41500 0.33121 0.58019
0.44026 0.59853 0.60981
0.32366 0.58850 0.56546
0.43794 0.44353 0.55802
0.32886 0.36744 0.35295
0.47844 0.42695 0.64889
0.36807 0.65483 0.56210
0.40820 0.47273 0.66200
0.40154 0.33404 0.40269
0.38831 0.42235 0.59324
0.41278 0.61149 0.71248
0.38464 0.41661 0.50312
0.32716 0.55236 0.76977
0.26827 0.64331 0.56330
0.45909 0.43154 0.57521
0.29285 0.50936 0.58737
0.38553 0.53854 0.56366
0.25489 0.57707 0.70200
0.53837 0.45338 0.56484
0.29492 0.52278 0.66906
0.41643 0.41263 0.56733
0.29781 0.46695 0.60962
0.28782 0.63781 0.51240
0.51266 0.34014 0.47927
0.31974 0.55595 0.58751
0.34109 0.48668 0.62086
0.17576 0.75857 0.50186
0.30403 0.55775 0.42676
0.46040 0.49331 0.56613
0.40604 0.35474 0.55214
0.11544 0.76268 0.79836
0.35084 0.34208 0.52865
0.27463 0.65757 0.47890
0.41508 0.33438 0.53212
0.41949 0.54812 0.71994
0.37446 0.68992 0.67306
0.46603 0.50378 0.63598
0.36489 0.55003 0.66894
0.26327 0.43669 0.57884
0.27846 0.63572 0.37787
0.40408 0.52599 0.63232
0.32737 0.46428 0.43810
0.43729 0.42047 0.62486
0.41135 0.27640 0.44788
0.49890 0.35972 0.54616
0.26328 0.54682 0.66791
0.43145 0.40791 0.62786
0.23669 0.69324 0.68004
0.22910 0.54796 0.51864
0.27016 0.54991 0.41143
0.50626 0.34575 0.60725
0.37018 0.45112 0.56766
0.42268 0.50383 0.68347
0.46466 0.53907 0.67283
0.22586 0.54368 0.71307
0.26748 0.68985 0.51252
0.37102 0.50890 0.67063
0.37875 0.65855 0.76431
0.52152 0.22571 0.53488
0.33405 0.57808 0.64280
0.42367 0.42539 0.47915
0.41850 0.58506 0.68169
0.27396 0.52378 0.69143
0.45314 0.25045 0.50075
0.49267 0.27074 0.53094
0.21835 0.61467 0.77027
0.35404 0.54151 0.67624
0.41018 0.46987 0.66850
0.41657 0.48822 0.53143
0.28817 0.63379 0.66402
0.38942 0.31952 0.52716
0.33124 0.44461 0.64239
0.32445 0.53958 0.62515
0.37637 0.50297 0.68014
0.32729 0.67937 0.67636
0.40110 0.60049 0.70173
0.54878 0.25790 0.51934
0.25955 0.68380 0.56056
0.32211 0.62011 0.56417
0.31147 0.51330 0.62774
0.47490 0.32470 0.59269
0.24983 0.68796 0.67051
0.25611 0.44530 0.53643
0.41931 0.39197 0.56943
0.23912 0.68606 0.57281
0.43374 0.47730 0.55372
0.41321 0.37617 0.57142
0.43100 0.18781 0.39207
0.43691 0.55185 0.69490
0.38306 0.40759 0.61237
0.34540 0.59060 0.65422
0.33548 0.61120 0.71963
0.36360 0.61360 0.74918
0.51240 0.31152 0.53022
0.48512 0.57190 0.62286
0.24783 0.72846 0.48188
0.47813 0.30716 0.41362
0.35748 0.50472 0.72803
0.26075 0.45770 0.61737
0.29579 0.41423 0.44249
0.38630 0.57208 0.75157
0.33422 0.52466 0.72373
0.33200 0.65709 0.50613
0.23047 0.62816 0.61166
0.34506 0.37999 0.62455
0.32306 0.63620 0.55062
0.47167 0.51496 0.67888
0.39302 0.39338 0.43873
0.32708 0.54367 0.62074
0.49507 0.38949 0.64087
0.32896 0.53905 0.70502
0.25937 0.76338 0.74500
0.48107 0.37462 0.59968
0.45416 0.44316 0.68436
0.34102 0.57860 0.60004
0.35924 0.53030 0.50866
0.42325 0.42466 0.56897
0.36816 0.52335 0.64591
0.37375 0.47181 0.54344
0.19174 0.68963 0.42300
0.44703 0.40236 0.49889
0.32134 0.60613 0.41635
0.46835 0.44323 0.50348
0.36805 0.53605 0.67534
0.19308 0.73867 0.56345
0.43737 0.38807 0.53717
0.44196 0.39249 0.55991
0.27140 0.64422 0.69817
0.30768 0.43378 0.55506
0.55226 0.46525 0.62410
0.30625 0.54009 0.63256
0.25886 0.64272 0.40448
0.39595 0.63098 0.60423
0.39045 0.71732 0.72744
0.42081 0.61298 0.75313
0.30486 0.53570 0.65809
0.33323 0.50295 0.54133
0.23279 0.63450 0.72287
0.42583 0.37845 0.58069
0.35622 0.55556 0.67561
0.31664 0.52641 0.46853
0.45241 0.30691 0.38566
0.40819 0.54373 0.53701
0.26003 0.61927 0.49232
0.35687 0.54678 0.50186
0.33773 0.67626 0.79868
0.43414 0.33718 0.59491
0.46488 0.43781 0.57600
0.33399 0.38850 0.60643
0.48960 0.39256 0.55643
0.45436 0.46944 0.55292
0.42703 0.41497 0.50862
0.42949 0.34381 0.38896
0.37335 0.55848 0.69492
0.22629 0.61013 0.33631
0.34319 0.43887 0.41852
0.40809 0.37915 0.59387
0.35564 0.48737 0.44982
0.42023 0.42408 0.47174
0.42552 0.45663 0.57358
0.36796 0.59621 0.74724
0.47447 0.48639 0.62765
0.35406 0.59608 0.70242
0.35224 0.49047 0.49647
0.31609 0.56720 0.72316
0.42854 0.34511 0.50197
0.20128 0.76671 0.76075
0.30462 0.45571 0.55828
0.45724 0.30846 0.52626
0.47810 0.43594 0.58717
0.50185 0.54694 0.58085
0.32521 0.53386 0.54924
0.37875 0.55385 0.72621
0.42678 0.24246 0.42066
0.30490 0.62778 0.48268
0.30564 0.65930 0.72456
0.25177 0.58530 0.48598
0.40149 0.28888 0.43146
0.30672 0.54587 0.58141
0.36622 0.42210 0.66831
0.29747 0.59240 0.60879
0.40530 0.50740 0.59688
0.49967 0.46309 0.63121
0.31949 0.62854 0.45495
0.30541 0.39598 0.56319
0.41823 0.35028 0.54353
0.22257 0.75316 0.40691
0.39153 0.39232 0.62962
0.32857 0.63059 0.66097
0.37669 0.59888 0.69845
0.31588 0.53791 0.68507
0.39588 0.39661 0.51449
0.35599 0.44146 0.34788
0.47393 0.60538 0.67666
0.27905 0.56460 0.44289
0.34984 0.33375 0.49909
0.31342 0.65573 0.71252
0.42887 0.45035 0.66296
0.37698 0.41441 0.63672
0.35770 0.39225 0.55120
0.11341 0.71402 0.84852
0.30796 0.72632 0.83194
0.56881 0.34337 0.57173
0.37547 0.57274 0.60949
0.25133 0.57935 0.35698
0.32235 0.54207 0.62266
0.40994 0.48113 0.61412
0.32113 0.69763 0.59260
0.28853 0.46471 0.67666
0.25489 0.66593 0.51280
0.40527 0.37991 0.60588
0.34018 0.62317 0.60364
0.27299 0.58196 0.75155
0.38351 0.37913 0.53116
0.46880 0.37766 0.50667
0.37071 0.68091 0.77320
0.28499 0.56241 0.52278
0.41708 0.40173 0.56691
0.43182 0.34385 0.52858
0.37444 0.59427 0.69110
0.43716 0.63410 0.72255
0.43686 0.28038 0.54164
0.34624 0.52388 0.65771
0.39625 0.36732 0.54501
0.34471 0.47699 0.52564
0.43911 0.35855 0.56256
0.36998 0.49597 0.69608
0.28794 0.60302 0.43096
0.29330 0.63317 0.78696
0.58117 0.35057 0.59962
0.38322 0.56015 0.70131
0.42269 0.47975 0.51816
0.23161 0.58637 0.68302
0.34432 0.51911 0.67385
0.44875 0.47400 0.63149
0.29553 0.56445 0.52975
0.29394 0.44094 0.60307
0.45866 0.43644 0.57396
0.41617 0.47415 0.58288
0.30168 0.60766 0.54884
0.22724 0.62772 0.40397
0.26692 0.54461 0.46202
0.40531 0.29422 0.40346
0.41089 0.47056 0.66355
0.52149 0.36550 0.60146
0.36294 0.57877 0.68739
0.27292 0.51605 0.68523
0.33253 0.51493 0.61636
0.41239 0.64495 0.66960
0.34622 0.58470 0.72394
0.49535 0.33944 0.56340
0.26388 0.56769 0.44179
0.44506 0.45509 0.63499
0.36915 0.45992 0.41513
0.16800 0.69368 0.80833
0.34194 0.50499 0.63370
0.33698 0.55414 0.64914
0.35174 0.51909 0.50900
0.27572 0.44904 0.57683
0.42678 0.40328 0.58887
0.34815 0.40101 0.60039
0.31995 0.37466 0.49861
0.32612 0.62944 0.67478
0.38365 0.47118 0.60872
0.49729 0.35871 0.60579
0.43964 0.50360 0.61515
0.18083 0.69076 0.62100
0.23896 0.66434 0.70617
0.38353 0.34852 0.51828
0.40360 0.35944 0.56141
0.39176 0.42228 0.55255
0.44351 0.55086 0.57040
0.44020 0.54372 0.58295
0.33142 0.67932 0.72255
0.46538 0.41981 0.51301
0.43441 0.55866 0.51558
0.43613 0.30220 0.53721
0.40321 0.53110 0.50006
0.37136 0.64121 0.70472
0.29430 0.48800 0.50461
0.25821 0.56784 0.73322
0.43618 0.51870 0.65784
0.31706 0.61281 0.77351
0.30535 0.38591 0.60171
0.45140 0.44082 0.56212
0.42323 0.53908 0.71491
0.38143 0.40047 0.62046
0.30435 0.49472 0.68201
0.37260 0.36321 0.52957
0.37798 0.52400 0.49388
0.40209 0.46002 0.60822
0.40472 0.36494 0.49966
0.49262 0.26088 0.45724
0.35685 0.66783 0.77208
0.30638 0.50765 0.63453
0.37490 0.42935 0.62178
0.36655 0.58619 0.54030
0.36505 0.51466 0.43850
0.45029 0.39861 0.46965
0.31413 0.40723 0.55020
0.39465 0.28364 0.44568
0.42379 0.33550 0.55659
0.20400 0.73268 0.42159
0.43740 0.32457 0.49393
0.31750 0.68027 0.81218
0.33827 0.56545 0.76139
0.21904 0.45608 0.57035
0.37277 0.60909 0.51290
0.33818 0.49697 0.55746
0.45057 0.39771 0.56509
0.32538 0.42527 0.56179
0.38718 0.62161 0.67226
0.33916 0.54661 0.67871
0.35328 0.32287 0.45500
0.37340 0.36515 0.54890
0.37125 0.48255 0.68907
0.34091 0.52961 0.49841
0.23194 0.63729 0.78311
0.44839 0.33147 0.46755
0.36981 0.49129 0.71111
0.29269 0.55516 0.62148
0.51269 0.27002 0.50494
0.29488 0.52546 0.59302
0.33150 0.51573 0.57266
0.40339 0.30657 0.48198
0.22039 0.71868 0.60453
0.38580 0.35032 0.47855
0.33540 0.43231 0.43905
0.20667 0.66338 0.64408
0.29082 0.58647 0.62381
0.37295 0.52084 0.55867
0.46884 0.38995 0.55583
0.51246 0.45171 0.65127
0.33160 0.44858 0.66058
0.31129 0.51598 0.66733
0.42702 0.53184 0.73959
0.35817 0.61708 0.69808
0.44425 0.43471 0.61405
0.36436 0.45753 0.54433
0.32886 0.52568 0.59539
0.37803 0.47952 0.61902
0.28927 0.60485 0.68428
0.33482 0.55522 0.54190
0.43129 0.53038 0.69818
0.22395 0.63705 0.49788
0.44157 0.41416 0.56160
0.54571 0.42411 0.62493
0.51316 0.35765 0.56559
0.50807 0.24963 0.50151
0.37399 0.38404 0.50030
0.34448 0.50005 0.51894
0.39655 0.62029 0.61278
0.37678 0.52397 0.56370
0.39088 0.69302 0.71252
0.45385 0.39358 0.51252
0.31583 0.36305 0.36309
0.29548 0.69278 0.75382
0.44347 0.48850 0.45632
0.29519 0.61280 0.74685
0.27782 0.53995 0.38933
0.22747 0.65944 0.82507
0.31449 0.53918 0.68415
0.20919 0.61627 0.75860
0.50278 0.45485 0.52757
0.29259 0.39382 0.58715
0.39408 0.29315 0.47211
0.40977 0.35379 0.52918
0.43139 0.48374 0.66026
0.38281 0.61284 0.57003
0.31030 0.51876 0.40548
0.44623 0.44197 0.64506
0.43534 0.41430 0.58699
0.34045 0.45340 0.60600
0.28998 0.62884 0.37680
0.34562 0.51804 0.45055
0.23658 0.58256 0.57253
0.39596 0.49283 0.57857
0.22556 0.72021 0.79366
0.36746 0.52149 0.50430
0.34153 0.64032 0.49560
0.29986 0.55690 0.62688
0.38048 0.58883 0.52432
0.28609 0.56276 0.71591
0.32755 0.65205 0.56893
0.20358 0.78970 0.69999
0.36297 0.40751 0.55969
0.45519 0.60586 0.68485
0.25473 0.59428 0.76340
0.33785 0.55120 0.47570
0.30392 0.54957 0.74043
0.24371 0.60008 0.47032
0.46404 0.45618 0.59846
0.32671 0.50650 0.64038
0.42756 0.27663 0.42089
0.51114 0.35790 0.58226
0.43161 0.28296 0.48985
0.33551 0.31499 0.40811
0.52938 0.30702 0.46337
0.54192 0.30479 0.50694
0.29752 0.62717 0.55105
0.19456 0.75360 0.44120
0.27314 0.61752 0.44630
0.38302 0.56059 0.53588
0.47219 0.40589 0.63668
0.34200 0.67021 0.77965
0.23444 0.74693 0.63867
0.55381 0.39634 0.48057
0.35432 0.34748 0.57571
0.27046 0.57811 0.66561
0.32422 0.44939 0.59128
0.27703 0.55666 0.49847
0.34398 0.48076 0.40442
0.38885 0.46959 0.62643
0.26457 0.61089 0.38528
0.40793 0.34723 0.58434
0.43514 0.22150 0.50142
0.46232 0.34456 0.59297
0.42070 0.51312 0.49040
0.45874 0.27878 0.47026
0.51808 0.33608 0.61528
0.46683 0.21296 0.48260
0.28129 0.62285 0.47202
0.30250 0.60475 0.64094
0.41263 0.28795 0.46250
0.43096 0.61341 0.73322
0.29023 0.59380 0.70787
0.39463 0.44840 0.64877
0.40335 0.42684 0.63234
0.35054 0.54458 0.62475
0.36441 0.43199 0.40450
0.40348 0.49006 0.65679
0.32768 0.48930 0.61226
0.34228 0.55221 0.64302
0.30613 0.55947 0.64693
0.42197 0.22492 0.39086
0.36202 0.65408 0.76487
0.35416 0.40706 0.60542
0.29326 0.74243 0.72120
0.33373 0.64964 0.42732
0.32845 0.49623 0.59174
0.28796 0.57790 0.61410
0.32884 0.45987 0.55912
0.40675 0.35202 0.50955
0.41388 0.34886 0.54416
0.38963 0.62164 0.62896
0.31346 0.57351 0.53908
0.54698 0.36234 0.54779
0.35188 0.46057 0.49978
0.29308 0.61104 0.78383
0.29351 0.53453 0.73025
0.40089 0.51980 0.62365
0.30725 0.57952 0.45607
0.21184 0.66937 0.63297
0.26165 0.54495 0.72871
0.40001 0.37598 0.44098
0.26271 0.61910 0.59189
0.42625 0.38041 0.60200
0.49889 0.29869 0.44948
0.47608 0.24598 0.41292
0.48012 0.44906 0.53606
0.46262 0.36629 0.59195
0.30373 0.50230 0.50484
0.30926 0.62314 0.71245
0.37679 0.52591 0.50433
0.35188 0.61053 0.74543
0.36812 0.40860 0.47569
0.33930 0.28268 0.42800
0.25244 0.75809 0.66093
0.32040 0.54137 0.46500
0.45403 0.23377 0.50344
0.35720 0.40384 0.57690
0.37825 0.58204 0.62268
0.36479 0.46251 0.57562
0.32936 0.51047 0.63246
0.54265 0.38271 0.51334
0.34515 0.63019 0.71056
0.34688 0.51231 0.66739
0.28908 0.48899 0.55236
0.31825 0.53772 0.42946
0.43656 0.37221 0.54383
0.32381 0.39780 0.54214
0.37240 0.50587 0.68016
0.38715 0.48096 0.55281
0.27151 0.59801 0.58595
0.36386 0.53943 0.50833
0.42517 0.43643 0.64505
0.40886 0.39592 0.47567
0.37310 0.41214 0.57715
0.28428 0.45205 0.40681
0.44128 0.30531 0.49630
0.28989 0.59991 0.72485
0.29025 0.64494 0.56312
0.33666 0.61738 0.69636
0.24890 0.55423 0.71485
0.28114 0.45350 0.58448
0.30509 0.62011 0.75596
0.43822 0.63692 0.65072
0.37185 0.74361 0.77019
0.40101 0.46002 0.62229
0.16038 0.75126 0.64340
0.33699 0.61460 0.43468
0.31458 0.53436 0.35885
0.23633 0.62088 0.67211
0.34978 0.36473 0.61739
0.41241 0.44367 0.49102
0.35616 0.47511 0.35037
0.35279 0.58252 0.60183
0.34388 0.38540 0.50136
0.17743 0.66923 0.39832
0.43637 0.43293 0.60576
0.34965 0.54601 0.47299
0.41643 0.47859 0.56550
0.35437 0.40162 0.53758
0.30753 0.51947 0.40636
0.25051 0.51704 0.70757
0.39137 0.49025 0.60584
0.32817 0.66477 0.65794
0.32597 0.66994 0.77555
0.19396 0.55002 0.69128
0.39645 0.43787 0.49362
0.42517 0.49411 0.67129
0.28469 0.65013 0.50769
0.43054 0.52784 0.70765
0.23064 0.58299 0.59308
0.52593 0.43547 0.57147
0.16766 0.68410 0.77635
0.29586 0.53410 0.73146
0.40830 0.57057 0.74807
0.39458 0.56050 0.59929
0.34173 0.44219 0.52904
0.48103 0.44792 0.61586
0.44514 0.52426 0.73195
0.38385 0.50706 0.59635
0.36339 0.45233 0.43165
0.30988 0.54620 0.60787
0.26206 0.55798 0.51105
0.27809 0.67238 0.71262
0.41064 0.43500 0.60196
0.41188 0.55203 0.53449
0.39891 0.46710 0.58019
0.29619 0.43526 0.45626
0.32728 0.47621 0.47160
0.42764 0.45760 0.56252
0.29876 0.62717 0.64908
0.37215 0.33921 0.50225
0.27720 0.60785 0.63120
0.52351 0.42248 0.52953
0.36956 0.29386 0.46763
0.43844 0.40640 0.58961
0.22590 0.62692 0.66635
0.23269 0.58723 0.56764
0.32405 0.51253 0.45657
0.38862 0.60142 0.69276
0.32417 0.43269 0.56921
0.31069 0.72922 0.57724
0.47576 0.24092 0.40697
0.49270 0.46525 0.63469
0.23794 0.67155 0.60202
0.36832 0.37430 0.61527
0.35172 0.60725 0.61877
0.30156 0.53111 0.67127
0.47022 0.45499 0.57894
0.39526 0.47106 0.52131
0.18289 0.69923 0.80885
0.34565 0.55959 0.64998
0.27532 0.72130 0.74670
0.32477 0.71962 0.74060
0.25410 0.59106 0.64908
0.36117 0.36243 0.43373
0.30707 0.41282 0.35850
0.27775 0.68580 0.60828
0.35778 0.45495 0.65761
0.42763 0.48135 0.61765
0.35536 0.69598 0.77028
0.37103 0.38970 0.40086
0.23842 0.59792 0.75164
0.27055 0.60049 0.65274
0.39025 0.43914 0.68776
0.27198 0.68120 0.41194
0.34090 0.59368 0.67874
0.49024 0.35169 0.47932
0.25122 0.75657 0.58852
0.55566 0.30701 0.51885
0.40085 0.43459 0.58557
0.35350 0.47480 0.42980
0.37227 0.48596 0.58691
0.40018 0.46070 0.45585
0.34903 0.42239 0.55570
0.34614 0.60153 0.72881
0.40897 0.56854 0.58298
0.39073 0.40912 0.55671
0.32326 0.72025 0.62051
0.39838 0.38694 0.50432
0.37499 0.48756 0.61731
0.17880 0.74217 0.81931
0.34005 0.46873 0.57314
0.33069 0.53990 0.55588
0.26953 0.63663 0.35114
0.34913 0.48069 0.48910
0.41912 0.32360 0.49200
0.37084 0.53895 0.70684
0.42473 0.18017 0.40708
0.33960 0.47244 0.46545
0.49765 0.44343 0.61557
0.33091 0.46214 0.51745
0.34614 0.45038 0.40388
0.42691 0.33413 0.51180
0.46610 0.21405 0.55027
0.29411 0.63029 0.71248
0.44928 0.32564 0.57173
0.45405 0.36903 0.56736
0.32578 0.48725 0.60474
0.33700 0.44956 0.67915
0.33164 0.61314 0.61211
0.29845 0.51501 0.52275
0.30403 0.50952 0.35851
0.38655 0.73061 0.77919
0.21869 0.62955 0.46161
0.37458 0.23488 0.39914
0.44355 0.36051 0.48430
0.33875 0.40785 0.60229
0.28977 0.60586 0.68057
0.40778 0.34578 0.43811
0.41365 0.53860 0.65290
0.44338 0.60955 0.73287
0.42197 0.66411 0.72954
0.37768 0.47032 0.60598
0.30633 0.42123 0.63452
0.40098 0.41878 0.35373
0.45731 0.50037 0.67450
0.40672 0.26474 0.48809
0.18814 0.72709 0.73721
0.34409 0.60702 0.76352
0.30414 0.50946 0.52284
0.28489 0.70900 0.49714
0.30953 0.62942 0.75690
0.35767 0.39815 0.51449
0.48911 0.22781 0.42660
0.29040 0.57598 0.52693
0.46368 0.48721 0.63645
0.43447 0.31958 0.60990
0.39340 0.39613 0.46011
0.34326 0.37988 0.54211
0.51134 0.40386 0.54157
0.34860 0.56991 0.72660
0.19085 0.71852 0.57777
0.35220 0.45224 0.48792
0.45152 0.57920 0.60441
0.38958 0.61683 0.72812
0.32265 0.44637 0.56909
0.31735 0.73169 0.72129
0.36530 0.65400 0.65909
0.32645 0.68050 0.64764
0.37446 0.45551 0.67530
0.27591 0.65647 0.69882
0.42306 0.50764 0.54271
0.44015 0.30528 0.43983
0.42437 0.41706 0.62654
