20 12 1000 31827 3651
0.56363 0.76898 0.41915
0.41272 0.36175 0.41085
0.14284 0.03325 0.48716
0.46720 0.17363 0.33233
0.26471 0.50429 0.18452
0.17627 0.44213 0.45077
0.89944 0.81535 0.18342
0.87561 0.57357 0.50203
0.84719 0.61905 0.64979
0.53183 0.88607 0.88483
0.22396 0.81827 0.55290
0.11670 0.68930 0.20446
0.48116 0.71662 0.56545
0.44105 0.48011 0.49864
0.37635 0.42183 0.41493
0.55065 0.49953 0.40027
0.35691 0.54575 0.47414
0.39276 0.55762 0.51060
0.52610 0.61351 0.55162
0.57836 0.66732 0.54256
0.34874 0.57042 0.35961
0.46631 0.59971 0.43184
0.47776 0.48400 0.50149
0.52774 0.61384 0.47073
0.47005 0.53290 0.50476
0.43506 0.52343 0.39557
0.41549 0.48478 0.50108
0.51252 0.54589 0.44830
0.43762 0.63920 0.42534
0.58448 0.65152 0.37937
0.52323 0.50243 0.42240
0.49057 0.51640 0.42464
0.63349 0.67177 0.49688
0.52727 0.60533 0.46116
0.61869 0.60773 0.51756
0.45113 0.56647 0.43316
0.45298 0.57929 0.45706
0.36321 0.39241 0.44928
0.39905 0.50013 0.38995
0.33526 0.51773 0.45143
0.55643 0.63695 0.38656
0.46825 0.55938 0.43296
0.32675 0.45674 0.39335
0.49132 0.64887 0.41325
0.36767 0.64194 0.49898
0.47773 0.45547 0.40256
0.55200 0.55594 0.46196
0.60959 0.72474 0.62157
0.51093 0.51841 0.45085
0.49217 0.47146 0.43132
0.43493 0.67305 0.35286
0.43160 0.49056 0.39377
0.54545 0.53047 0.44771
0.43238 0.55385 0.45103
0.54791 0.63375 0.44473
0.49455 0.55010 0.48078
0.52206 0.57625 0.41452
0.35910 0.61315 0.41618
0.52966 0.56999 0.49231
0.41270 0.46623 0.48895
0.38206 0.53038 0.43463
0.43510 0.53234 0.40024
0.43761 0.60207 0.33479
0.38607 0.44446 0.35328
0.47833 0.54531 0.47216
0.47396 0.48047 0.42869
0.49697 0.52075 0.43463
0.46220 0.48053 0.46539
0.57526 0.57009 0.41861
0.45787 0.55147 0.47239
0.38400 0.52419 0.39809
0.36398 0.55619 0.37810
0.56002 0.50480 0.41080
0.44302 0.46978 0.49731
0.50174 0.60802 0.47709
0.56188 0.63056 0.45274
0.41668 0.51501 0.39507
0.46488 0.41817 0.37477
0.44866 0.61896 0.46052
0.65531 0.61527 0.47011
0.50963 0.64499 0.58348
0.50728 0.45008 0.43074
0.46139 0.53881 0.47210
0.37440 0.43290 0.42871
0.50664 0.59146 0.45242
0.43739 0.55610 0.38644
0.58655 0.59484 0.41154
0.49927 0.58805 0.49513
0.58969 0.58903 0.50638
0.45440 0.58917 0.40322
0.35005 0.53996 0.41745
0.42541 0.50045 0.39691
0.64976 0.64683 0.28496
0.58370 0.51008 0.41098
0.40856 0.42560 0.52350
0.44798 0.62892 0.52641
0.45726 0.47652 0.37973
0.42039 0.46211 0.38494
0.37626 0.47749 0.43260
0.46385 0.59738 0.46769
0.44472 0.60338 0.44177
0.53631 0.70508 0.41337
0.63791 0.68038 0.62655
0.47474 0.70027 0.50700
0.48675 0.43628 0.45657
0.55364 0.65864 0.36152
0.44454 0.45689 0.43334
0.33561 0.51639 0.41701
0.43117 0.48580 0.44509
0.50585 0.53525 0.38745
0.40294 0.51413 0.44819
0.38310 0.59459 0.34881
0.58090 0.49594 0.42392
0.45717 0.48298 0.43546
0.61115 0.51511 0.43505
0.56093 0.57190 0.51369
0.51605 0.60798 0.35449
0.39566 0.67613 0.45895
0.36259 0.47861 0.47506
0.54131 0.54997 0.43167
0.45777 0.52581 0.33882
0.42107 0.54709 0.32336
0.42041 0.48724 0.44318
0.48887 0.64216 0.46970
0.45324 0.58698 0.48354
0.59514 0.65326 0.45896
0.50652 0.59187 0.49133
0.31044 0.39153 0.41707
0.47427 0.66217 0.45826
0.38781 0.61133 0.36844
0.38612 0.45615 0.50080
0.43044 0.55448 0.41744
0.46221 0.59078 0.42659
0.60332 0.62823 0.49116
0.48820 0.46451 0.41157
0.42791 0.58060 0.49654
0.44922 0.59422 0.48501
0.46069 0.49838 0.40389
0.54709 0.52076 0.37846
0.53331 0.59346 0.43624
0.40695 0.58922 0.46320
0.33637 0.71404 0.48257
0.45251 0.67379 0.55589
0.46619 0.53542 0.41623
0.48601 0.57572 0.48918
0.52404 0.60779 0.42462
0.43727 0.54032 0.46436
0.39964 0.61671 0.46880
0.54950 0.52627 0.46116
0.40288 0.50231 0.44394
0.41846 0.47312 0.39593
0.34669 0.56394 0.51556
0.52255 0.58834 0.50159
0.51361 0.59101 0.45041
0.53771 0.53527 0.44597
0.39794 0.52530 0.40608
0.48086 0.55857 0.41863
0.51248 0.68821 0.54397
0.36682 0.61141 0.44151
0.44698 0.55982 0.42632
0.43170 0.56351 0.43156
0.33443 0.42305 0.42643
0.43690 0.65778 0.44737
0.55332 0.55199 0.58314
0.52143 0.48230 0.45593
0.63583 0.66299 0.45351
0.34297 0.42745 0.44391
0.34382 0.54067 0.37236
0.43609 0.47474 0.43804
0.40703 0.48603 0.43030
0.41584 0.61428 0.37027
0.38611 0.60921 0.53902
0.53564 0.63468 0.52465
0.47585 0.61040 0.48756
0.46701 0.68788 0.49440
0.38959 0.58714 0.36713
0.42456 0.43317 0.42981
0.65476 0.65550 0.46500
0.45885 0.55189 0.45766
0.38240 0.52411 0.44043
0.47974 0.68252 0.43090
0.53113 0.53443 0.47437
0.38479 0.62988 0.48411
0.46012 0.49705 0.43536
0.38889 0.38291 0.41666
0.41742 0.55846 0.41396
0.32017 0.51503 0.33269
0.53500 0.66437 0.49225
0.42323 0.52642 0.45133
0.57027 0.65090 0.32868
0.44452 0.59465 0.44546
0.50559 0.66985 0.52666
0.46829 0.54300 0.34479
0.43099 0.57584 0.46478
0.50603 0.54974 0.52195
0.46408 0.54744 0.35727
0.58714 0.45784 0.47081
0.37857 0.60200 0.49208
0.56867 0.62953 0.52919
0.47631 0.53798 0.47797
0.40984 0.51355 0.41012
0.31014 0.43621 0.42533
0.45896 0.52005 0.43325
0.49539 0.57140 0.51786
0.50513 0.50085 0.43237
0.55384 0.54407 0.38979
0.54523 0.57607 0.41594
0.46450 0.56789 0.44581
0.52051 0.54892 0.42248
0.55647 0.45961 0.46305
0.42174 0.56689 0.48451
0.42947 0.51533 0.46949
0.42542 0.59940 0.41041
0.39444 0.43631 0.38152
0.41118 0.51646 0.41317
0.42809 0.64055 0.42077
0.40424 0.51333 0.36366
0.40746 0.49282 0.41998
0.51118 0.55472 0.40162
0.44035 0.40712 0.46893
0.51499 0.68988 0.43182
0.29944 0.41861 0.45769
0.42838 0.50282 0.44783
0.49923 0.48909 0.38629
0.35389 0.63565 0.37107
0.58898 0.53530 0.31612
0.45713 0.51404 0.42526
0.51878 0.53283 0.38626
0.51459 0.64835 0.56517
0.42343 0.55782 0.40934
0.40780 0.57919 0.45610
0.50284 0.65963 0.38156
0.53295 0.52092 0.39387
0.41992 0.68288 0.59641
0.45780 0.65790 0.49715
0.37423 0.62088 0.36342
0.50373 0.55649 0.43560
0.37892 0.56366 0.36515
0.42784 0.66993 0.58536
0.53320 0.52602 0.48401
0.59664 0.62116 0.40046
0.51906 0.53646 0.49244
0.49568 0.58188 0.40050
0.51176 0.61051 0.37363
0.34619 0.59536 0.37287
0.55509 0.50340 0.35707
0.45383 0.51639 0.38880
0.56816 0.51513 0.46033
0.38690 0.60653 0.38398
0.46916 0.49593 0.41924
0.46391 0.60134 0.56349
0.42182 0.57243 0.38211
0.46210 0.57289 0.44351
0.48653 0.59216 0.39082
0.47572 0.50356 0.49201
0.44200 0.60653 0.49090
0.45374 0.51979 0.41006
0.52686 0.63356 0.35058
0.53663 0.67420 0.32439
0.47691 0.57361 0.45104
0.50916 0.49017 0.46633
0.45099 0.49969 0.50479
0.40181 0.64033 0.42987
0.38014 0.58179 0.44311
0.37480 0.60962 0.36933
0.44534 0.63377 0.52991
0.42609 0.46142 0.47714
0.38132 0.46586 0.37743
0.30547 0.46216 0.41649
0.36764 0.58730 0.40901
0.30379 0.52405 0.46588
0.64200 0.60108 0.44378
0.64032 0.57618 0.49982
0.44841 0.57995 0.40515
0.37499 0.45610 0.33455
0.40383 0.42926 0.50894
0.62522 0.59956 0.37994
0.42588 0.55886 0.42777
0.40996 0.55064 0.35262
0.47492 0.55037 0.46765
0.41555 0.59318 0.54029
0.50091 0.57270 0.44202
0.73007 0.57362 0.54099
0.36658 0.51696 0.44867
0.42752 0.50769 0.38577
0.38155 0.49950 0.53212
0.62122 0.67050 0.48434
0.39619 0.67012 0.44832
0.51478 0.56753 0.41509
0.46608 0.52588 0.46430
0.46526 0.52672 0.37696
0.47807 0.57361 0.39547
0.55538 0.58936 0.41482
0.40130 0.54909 0.35506
0.48836 0.56518 0.43513
0.38813 0.49464 0.37616
0.54181 0.69102 0.63003
0.38890 0.62164 0.52609
0.43187 0.54517 0.42343
0.47887 0.45681 0.45636
0.57308 0.62175 0.51873
0.52611 0.57005 0.51600
0.42784 0.56065 0.43231
0.50984 0.57692 0.38078
0.27802 0.41541 0.40885
0.47039 0.50202 0.38946
0.32579 0.45823 0.39663
0.49332 0.57659 0.37493
0.48487 0.52188 0.46634
0.40894 0.57377 0.48652
0.41574 0.59322 0.42094
0.23644 0.41996 0.39295
0.50206 0.51594 0.49568
0.44927 0.58662 0.44685
0.55960 0.61461 0.42193
0.45193 0.65667 0.50597
0.43678 0.61120 0.43979
0.47514 0.53986 0.47314
0.44468 0.47478 0.42582
0.53979 0.53422 0.43679
0.42800 0.44586 0.39704
0.35183 0.56545 0.39083
0.37278 0.50613 0.39982
0.39864 0.44406 0.39789
0.40366 0.59137 0.39047
0.53546 0.48574 0.50395
0.48654 0.56428 0.38473
0.64169 0.53506 0.48974
0.48176 0.56029 0.44769
0.42395 0.58089 0.51911
0.40139 0.42339 0.38978
0.45186 0.51099 0.38162
0.54503 0.56560 0.52191
0.44481 0.51308 0.50879
0.39149 0.53825 0.38042
0.34320 0.50401 0.44686
0.55863 0.58138 0.49205
0.55796 0.50026 0.44637
0.46070 0.47279 0.39726
0.35817 0.60903 0.36409
0.45152 0.54969 0.38094
0.61384 0.55980 0.32551
0.44398 0.52059 0.43475
0.34146 0.52079 0.46401
0.47428 0.62667 0.54816
0.52170 0.61194 0.48232
0.50593 0.57107 0.49622
0.50071 0.47934 0.40149
0.52941 0.57246 0.41977
0.47054 0.62937 0.42654
0.34636 0.51646 0.48752
0.55220 0.62047 0.42022
0.34417 0.52431 0.34536
0.53021 0.62147 0.49372
0.36052 0.56440 0.41042
0.30946 0.53886 0.47270
0.56796 0.50190 0.47741
0.40237 0.53314 0.34930
0.52454 0.63151 0.40545
0.53136 0.67269 0.41803
0.52603 0.47226 0.46893
0.42385 0.66092 0.44132
0.39891 0.62293 0.45945
0.52268 0.52884 0.36882
0.37904 0.56630 0.47551
0.47089 0.57865 0.46714
0.55276 0.58266 0.41019
0.39712 0.53994 0.38174
0.32193 0.45672 0.37688
0.36351 0.51854 0.41365
0.40456 0.66065 0.34033
0.26877 0.55202 0.35425
0.29178 0.57149 0.41931
0.54278 0.64359 0.54134
0.43629 0.49887 0.37948
0.48504 0.57749 0.46500
0.44412 0.62323 0.42521
0.47007 0.60191 0.37544
0.41910 0.53692 0.45719
0.67920 0.61456 0.45614
0.39990 0.52418 0.44386
0.33145 0.62694 0.35631
0.31463 0.34043 0.46542
0.41307 0.54886 0.46065
0.44781 0.53751 0.39822
0.35165 0.54451 0.43421
0.52450 0.58597 0.47165
0.61900 0.61592 0.52624
0.52224 0.52395 0.40639
0.47580 0.59752 0.44763
0.41414 0.45607 0.41374
0.41628 0.52854 0.43432
0.61349 0.64227 0.41417
0.48810 0.71081 0.54744
0.49016 0.49990 0.51723
0.44791 0.50232 0.42956
0.53359 0.70386 0.46940
0.43493 0.57699 0.38738
0.43022 0.59626 0.52713
0.47681 0.60222 0.43606
0.54098 0.60673 0.53465
0.53937 0.57965 0.40442
0.37882 0.61693 0.44163
0.59821 0.51744 0.40249
0.46740 0.67214 0.55443
0.40011 0.56871 0.36969
0.40104 0.48849 0.45231
0.47120 0.55745 0.39209
0.41094 0.53860 0.43777
0.43695 0.54539 0.47080
0.40464 0.61819 0.50275
0.61821 0.69466 0.34536
0.39296 0.54207 0.41965
0.45984 0.54930 0.41945
0.48255 0.60518 0.36877
0.44713 0.46659 0.47653
0.55886 0.60569 0.36004
0.41844 0.57891 0.43368
0.43428 0.59112 0.50344
0.61050 0.66725 0.42897
0.44200 0.63316 0.39322
0.46168 0.51453 0.45331
0.41574 0.62912 0.48332
0.41198 0.58867 0.39832
0.55972 0.57390 0.43136
0.35895 0.55558 0.35810
0.50663 0.53866 0.40412
0.44600 0.45914 0.45731
0.46850 0.57191 0.37822
0.37176 0.50087 0.42913
0.31256 0.64998 0.46697
0.59630 0.63936 0.40713
0.42324 0.50802 0.49290
0.47000 0.52987 0.40857
0.38327 0.48758 0.50288
0.49157 0.62594 0.45129
0.29429 0.47770 0.41247
0.54876 0.60866 0.51945
0.54393 0.52037 0.45048
0.43854 0.48802 0.37590
0.53087 0.53136 0.43190
0.51942 0.60551 0.49690
0.50590 0.50683 0.46221
0.44484 0.56627 0.48419
0.44188 0.52453 0.41999
0.36333 0.47508 0.46128
0.44785 0.50251 0.48781
0.47256 0.44550 0.52560
0.49495 0.67938 0.60991
0.51324 0.62048 0.42989
0.36828 0.47391 0.39146
0.34970 0.41554 0.41626
0.33707 0.51839 0.34678
0.39212 0.57844 0.41077
0.51675 0.44425 0.37984
0.36567 0.59118 0.41902
0.38009 0.64044 0.33357
0.38052 0.53538 0.44856
0.35560 0.59814 0.41988
0.47716 0.66330 0.53921
0.46863 0.45585 0.45547
0.51427 0.45143 0.44117
0.32864 0.39396 0.45829
0.54446 0.67279 0.53592
0.64649 0.66330 0.36817
0.44550 0.46594 0.45205
0.23765 0.39721 0.42188
0.52797 0.49665 0.36952
0.45457 0.65344 0.49052
0.39418 0.49885 0.42636
0.43226 0.65059 0.58318
0.44796 0.57678 0.42945
0.66193 0.65151 0.32306
0.51890 0.57323 0.42400
0.46923 0.52798 0.46940
0.53614 0.65602 0.47957
0.36734 0.57385 0.42442
0.51541 0.57239 0.50540
0.34282 0.53614 0.34768
0.38424 0.46419 0.35355
0.39981 0.52642 0.35327
0.35154 0.66576 0.42341
0.51942 0.61167 0.46558
0.43384 0.62921 0.49556
0.46273 0.53123 0.43631
0.37104 0.45857 0.40282
0.47211 0.56864 0.50350
0.39913 0.57296 0.56257
0.45141 0.51976 0.43403
0.42015 0.54072 0.42124
0.30361 0.35847 0.38483
0.47376 0.51419 0.47778
0.56289 0.59718 0.44088
0.36943 0.50452 0.43687
0.48827 0.59623 0.39256
0.49584 0.50522 0.47191
0.56062 0.54449 0.34927
0.45668 0.54848 0.44726
0.29357 0.50017 0.43799
0.51198 0.50120 0.41906
0.39677 0.55340 0.46107
0.44699 0.55242 0.40352
0.50215 0.63099 0.44369
0.52748 0.62447 0.46453
0.42260 0.50865 0.44825
0.44959 0.56587 0.38780
0.47880 0.55535 0.41136
0.22269 0.48264 0.34523
0.39876 0.66517 0.49674
0.47090 0.42946 0.41037
0.44998 0.49304 0.30389
0.43173 0.56867 0.40313
0.53330 0.53805 0.48146
0.59858 0.58076 0.56778
0.43312 0.55698 0.43995
0.39746 0.55701 0.56115
0.33666 0.58435 0.41263
0.40856 0.59780 0.43354
0.49445 0.57290 0.39008
0.42067 0.41528 0.43403
0.63571 0.65119 0.53233
0.54670 0.61975 0.55344
0.39842 0.54921 0.43774
0.53030 0.54807 0.46567
0.53570 0.47740 0.45165
0.43020 0.47604 0.39377
0.47786 0.52125 0.52575
0.34168 0.54477 0.37787
0.45728 0.58267 0.36666
0.47914 0.58332 0.41832
0.45073 0.62621 0.46751
0.57064 0.59236 0.37561
0.39706 0.62961 0.43621
0.37729 0.46941 0.43436
0.38610 0.68619 0.54588
0.44254 0.55710 0.38835
0.42863 0.35399 0.37813
0.30341 0.52751 0.46969
0.56490 0.55926 0.46118
0.28736 0.46614 0.46977
0.39161 0.57205 0.45841
0.56687 0.57117 0.36116
0.43868 0.65360 0.67666
0.49187 0.49411 0.42955
0.43794 0.56120 0.40859
0.40189 0.49304 0.44268
0.39041 0.55542 0.40962
0.53400 0.47452 0.42604
0.33663 0.52004 0.47201
0.50393 0.57586 0.44817
0.41813 0.52413 0.43003
0.38705 0.51796 0.46853
0.55319 0.60131 0.40591
0.63745 0.68727 0.30680
0.36381 0.54283 0.41808
0.54167 0.60373 0.45539
0.54711 0.57202 0.46784
0.40773 0.53687 0.41823
0.48470 0.56110 0.46972
0.57867 0.63586 0.41843
0.46234 0.50253 0.43576
0.47137 0.55446 0.51046
0.39737 0.51444 0.43846
0.38129 0.56112 0.45077
0.40562 0.60872 0.47859
0.46350 0.65243 0.49958
0.49301 0.60124 0.46704
0.48045 0.57296 0.56880
0.32607 0.52983 0.36891
0.39744 0.59685 0.46538
0.50866 0.68530 0.38704
0.58854 0.60204 0.48675
0.41902 0.58397 0.43689
0.50753 0.54985 0.46134
0.36488 0.57579 0.34319
0.42270 0.48719 0.44246
0.46982 0.52195 0.37254
0.52245 0.57448 0.53430
0.44822 0.41032 0.42443
0.36153 0.44462 0.42404
0.35785 0.61467 0.50522
0.47225 0.60582 0.51725
0.55601 0.50080 0.36070
0.37887 0.44074 0.35931
0.48388 0.63377 0.40288
0.48772 0.51748 0.48673
0.50519 0.60649 0.42217
0.35592 0.42945 0.43794
0.58857 0.54684 0.36660
0.34015 0.51626 0.49030
0.40709 0.68132 0.45831
0.56762 0.54956 0.40188
0.40983 0.55987 0.40748
0.53294 0.67734 0.41692
0.44644 0.48558 0.45206
0.46044 0.50941 0.47023
0.45693 0.54415 0.43352
0.43967 0.57509 0.48766
0.29243 0.43070 0.38002
0.43174 0.55699 0.53702
0.46643 0.46589 0.39675
0.45210 0.59388 0.46563
0.50382 0.60752 0.48613
0.39959 0.51227 0.40336
0.44131 0.55744 0.42612
0.50404 0.54994 0.42848
0.47437 0.59771 0.43506
0.52304 0.61250 0.49661
0.53347 0.55463 0.53560
0.49899 0.55707 0.46282
0.42178 0.55340 0.46289
0.45166 0.48703 0.39686
0.40288 0.48888 0.43128
0.57733 0.53050 0.47748
0.47522 0.64488 0.44746
0.48814 0.63545 0.35297
0.39774 0.58597 0.41483
0.41035 0.62360 0.48461
0.42136 0.55062 0.38866
0.49556 0.50397 0.44316
0.50541 0.59036 0.37029
0.53097 0.56490 0.36707
0.42987 0.53542 0.43262
0.48310 0.55704 0.54469
0.40278 0.62819 0.41777
0.36869 0.38056 0.41678
0.46055 0.61697 0.47144
0.47919 0.50519 0.45085
0.36747 0.48883 0.34680
0.34840 0.59749 0.44180
0.42087 0.59256 0.35985
0.60259 0.53944 0.47450
0.66928 0.60684 0.52251
0.44651 0.56552 0.40580
0.56888 0.59859 0.47315
0.58986 0.62710 0.58230
0.33479 0.56275 0.36168
0.64146 0.52346 0.49067
0.47943 0.56858 0.40883
0.58321 0.62715 0.49587
0.44158 0.64671 0.46294
0.43319 0.54911 0.42368
0.38670 0.40492 0.39569
0.48804 0.52699 0.39105
0.46526 0.61775 0.46884
0.43160 0.56864 0.56300
0.52284 0.69399 0.48540
0.36401 0.51038 0.44634
0.58431 0.60383 0.44215
0.37953 0.49276 0.37444
0.35588 0.46284 0.40911
0.58235 0.71941 0.54071
0.41649 0.48668 0.46111
0.44423 0.58037 0.41014
0.48441 0.53228 0.45407
0.42774 0.57984 0.37234
0.46867 0.55924 0.47642
0.51873 0.51418 0.45706
0.41023 0.42755 0.45173
0.38015 0.50656 0.53828
0.35418 0.46773 0.47294
0.56825 0.61135 0.44253
0.54856 0.63027 0.51962
0.39798 0.42442 0.43287
0.56514 0.57355 0.47448
0.65575 0.59671 0.56318
0.46271 0.56241 0.42663
0.36150 0.45836 0.34235
0.61286 0.55367 0.49477
0.48171 0.55039 0.43633
0.59855 0.50068 0.43709
0.47184 0.57108 0.43102
0.46689 0.42557 0.40624
0.51937 0.47511 0.42623
0.34458 0.55180 0.38460
0.44277 0.58408 0.43807
0.59764 0.63595 0.44426
0.59915 0.51955 0.49910
0.41741 0.54811 0.47995
0.42746 0.52068 0.38061
0.36535 0.66403 0.50163
0.28244 0.48813 0.44887
0.42949 0.54708 0.41851
0.54217 0.52486 0.32941
0.51264 0.60674 0.39027
0.40376 0.50350 0.43066
0.44642 0.49854 0.48791
0.43074 0.51049 0.37837
0.47116 0.48119 0.42935
0.33106 0.56772 0.46544
0.46138 0.61035 0.43793
0.56792 0.53829 0.41339
0.48882 0.48081 0.46830
0.50744 0.44195 0.46846
0.40248 0.46292 0.42652
0.55290 0.62650 0.46554
0.44587 0.49365 0.38860
0.41212 0.53860 0.38466
0.54736 0.69603 0.35971
0.42261 0.58791 0.41394
0.54542 0.58970 0.46374
0.43259 0.52728 0.38271
0.33052 0.45354 0.46689
0.42064 0.48888 0.34948
0.40457 0.57279 0.44424
0.54787 0.69404 0.31623
0.41074 0.46239 0.43002
0.46598 0.55643 0.41618
0.51057 0.64727 0.47832
0.44967 0.57501 0.35118
0.38374 0.61568 0.45657
0.38562 0.59941 0.46388
0.52554 0.56211 0.48710
0.45660 0.66869 0.48415
0.41452 0.58801 0.39511
0.38937 0.53684 0.37688
0.52813 0.58857 0.35319
0.43772 0.48426 0.49732
0.38954 0.62066 0.40266
0.37809 0.54788 0.43333
0.35903 0.36657 0.43684
0.53313 0.55386 0.32309
0.48289 0.49245 0.45847
0.45728 0.42382 0.42429
0.46962 0.45926 0.41285
0.31857 0.42608 0.48088
0.45502 0.52128 0.38293
0.33122 0.36374 0.43619
0.35618 0.54168 0.38548
0.47171 0.50720 0.40459
0.47494 0.58820 0.45495
0.47519 0.62381 0.41938
0.43913 0.63165 0.43570
0.49061 0.58106 0.52939
0.68190 0.68039 0.26808
0.57188 0.58640 0.46303
0.59905 0.58775 0.54483
0.49331 0.49356 0.38375
0.49179 0.61514 0.54494
0.56217 0.53303 0.46650
0.39611 0.61792 0.31348
0.53561 0.59064 0.48789
0.56410 0.61330 0.47056
0.51881 0.58618 0.54716
0.41151 0.47849 0.38214
0.48747 0.70803 0.52234
0.39525 0.61832 0.42512
0.49073 0.64525 0.48937
0.36341 0.49804 0.35138
0.43589 0.56095 0.43506
0.39957 0.46193 0.32378
0.46196 0.58273 0.42267
0.47057 0.61530 0.39922
0.47363 0.70934 0.51091
0.31136 0.57730 0.42711
0.44098 0.43692 0.41203
0.61766 0.61357 0.45864
0.42078 0.54635 0.46797
0.46737 0.52622 0.47366
0.42624 0.50052 0.45536
0.63177 0.65201 0.52050
0.43360 0.51581 0.48635
0.33696 0.50267 0.33791
0.39596 0.49058 0.40888
0.43810 0.63859 0.40357
0.46422 0.52991 0.41690
0.56430 0.57973 0.46759
0.61688 0.57535 0.44499
0.46978 0.66843 0.53431
0.35547 0.52458 0.43797
0.49900 0.49451 0.47323
0.49910 0.45803 0.39395
0.35968 0.55770 0.40366
0.57013 0.53670 0.48602
0.47304 0.47185 0.42770
0.31615 0.33501 0.43320
0.48763 0.62956 0.40598
0.44927 0.67265 0.34386
0.60949 0.58658 0.53217
0.42364 0.38450 0.50672
0.53347 0.55170 0.33850
0.45013 0.57580 0.38904
0.43293 0.46416 0.42136
0.42418 0.60412 0.43443
0.61348 0.63166 0.42872
0.36769 0.49767 0.46027
0.40799 0.46893 0.36603
0.60961 0.61311 0.42015
0.38581 0.50967 0.45744
0.53968 0.56396 0.49385
0.48178 0.66524 0.50181
0.45643 0.64023 0.49582
0.54123 0.51597 0.39073
0.41182 0.46766 0.49468
0.40879 0.46108 0.42723
0.59487 0.59111 0.53491
0.39071 0.62150 0.51191
0.33755 0.47263 0.43904
0.70244 0.66465 0.38961
0.49339 0.63669 0.50192
0.53855 0.65472 0.34762
0.35658 0.46613 0.45800
0.50893 0.58085 0.47707
0.32980 0.59893 0.33123
0.28569 0.41681 0.45216
0.37413 0.33577 0.42520
0.34778 0.51629 0.41396
0.48867 0.51068 0.48001
0.46568 0.44920 0.47062
0.48570 0.56708 0.41361
0.56269 0.56504 0.47641
0.49346 0.62093 0.50995
0.51106 0.65960 0.50658
0.35130 0.37070 0.41987
0.37788 0.48211 0.41528
0.49652 0.67175 0.52085
0.50235 0.64876 0.59537
0.49891 0.49794 0.47234
0.44863 0.62598 0.43394
0.55765 0.65923 0.57394
0.31046 0.37269 0.43016
0.50044 0.56932 0.41818
0.50282 0.47124 0.44288
0.37787 0.55273 0.39123
0.45332 0.62382 0.48625
0.55203 0.52732 0.51137
0.48722 0.50737 0.45627
0.45608 0.57578 0.45847
0.53432 0.45823 0.43146
0.42529 0.47882 0.38943
0.54717 0.68007 0.49439
0.41820 0.60254 0.49069
0.40594 0.46756 0.39096
0.51620 0.49905 0.39770
0.35779 0.43958 0.33635
0.47390 0.50858 0.42944
0.56281 0.61575 0.48265
0.50837 0.60221 0.46168
0.39230 0.63955 0.41050
0.34860 0.51639 0.45481
0.38064 0.58495 0.42512
0.40532 0.40720 0.44110
0.52896 0.56846 0.36087
0.53352 0.55628 0.45439
0.51457 0.44213 0.41479
0.57390 0.66328 0.40145
0.40825 0.48376 0.41471
0.47219 0.58887 0.46053
0.40518 0.48336 0.42728
0.44010 0.53799 0.35704
0.50370 0.61483 0.39784
0.37080 0.70441 0.49739
0.31619 0.54491 0.37534
0.38784 0.64972 0.58247
0.43863 0.52611 0.41004
0.48808 0.65720 0.43625
0.35589 0.56698 0.38941
0.51105 0.64081 0.44263
0.52368 0.61118 0.33604
0.48346 0.55447 0.43847
0.45261 0.43071 0.42509
0.44515 0.45377 0.47314
0.44854 0.56061 0.39276
0.52943 0.65912 0.41314
0.53362 0.56821 0.45836
0.37475 0.50136 0.35879
0.41835 0.54791 0.43669
0.54619 0.57826 0.48643
0.44431 0.50395 0.41471
0.45017 0.63322 0.39302
0.59389 0.54868 0.50292
0.38535 0.50228 0.31519
0.48621 0.47252 0.39670
0.43650 0.51597 0.39283
0.41965 0.57645 0.41801
0.37608 0.52470 0.39426
0.35503 0.41656 0.46018
0.48572 0.52919 0.42702
0.39281 0.55355 0.43832
0.54463 0.51479 0.42322
0.53856 0.62058 0.47588
0.51765 0.57055 0.46360
0.48054 0.53365 0.44123
0.36421 0.47409 0.43264
0.41594 0.55457 0.42632
0.54080 0.67245 0.32824
0.54391 0.47580 0.39811
0.46605 0.55656 0.48233
0.52385 0.61947 0.49722
0.41228 0.55664 0.37345
0.50712 0.50989 0.49825
0.41942 0.53899 0.45984
0.46093 0.53976 0.51020
0.44229 0.45132 0.41070
0.39097 0.64728 0.50226
0.40145 0.40709 0.44724
0.40189 0.61394 0.39092
0.45014 0.54407 0.41282
0.50621 0.57627 0.42324
0.28070 0.49896 0.48596
0.53972 0.55310 0.38677
0.47419 0.58381 0.40059
0.31025 0.47342 0.41320
0.43221 0.49752 0.43950
0.42210 0.55980 0.42153
0.48850 0.65077 0.46276
0.44012 0.59801 0.42518
0.50497 0.57088 0.49507
0.46597 0.56607 0.41977
0.36423 0.50140 0.39710
0.36234 0.56566 0.38231
0.53992 0.65742 0.43939
0.45798 0.58300 0.56785
0.48662 0.37437 0.41038
0.35371 0.51413 0.47983
0.54857 0.53099 0.47377
0.46395 0.41096 0.45049
0.37870 0.67828 0.53677
0.43524 0.48356 0.43200
0.54264 0.56582 0.44245
0.56086 0.49174 0.38789
0.35807 0.47392 0.37264
0.44296 0.50684 0.35228
0.54033 0.47259 0.48956
0.29206 0.67729 0.37436
0.54716 0.69340 0.54218
0.49294 0.56842 0.46582
0.40226 0.52596 0.42969
0.32830 0.48188 0.39274
0.39426 0.50758 0.43581
0.56865 0.65807 0.39743
0.39895 0.61926 0.40441
0.40444 0.62946 0.39135
0.40037 0.55087 0.41930
0.43859 0.63414 0.57884
0.43741 0.51396 0.54271
0.31156 0.57091 0.43666
0.49623 0.56626 0.37803
0.51406 0.57094 0.45103
0.41010 0.60898 0.42533
0.34586 0.46877 0.38232
0.46785 0.46998 0.47068
0.43353 0.64130 0.45886
0.43860 0.51060 0.45078
0.51352 0.58836 0.40064
0.41854 0.54773 0.39189
0.41108 0.47789 0.44131
0.57617 0.56789 0.40573
0.47901 0.64492 0.52221
0.56778 0.59994 0.44182
0.41666 0.53265 0.45591
0.56874 0.63077 0.45788
0.45882 0.56159 0.45789
0.43763 0.48284 0.40807
0.39149 0.64201 0.51236
0.43661 0.60059 0.45151
0.47390 0.55318 0.41753
0.33593 0.52358 0.35941
0.51057 0.52894 0.48557
0.50822 0.65589 0.57349
0.41081 0.54646 0.37011
0.50708 0.59077 0.51240
0.55854 0.60650 0.40128
0.46795 0.43437 0.45370
0.43022 0.55634 0.36588
0.41677 0.65250 0.38142
0.48518 0.63621 0.33433
0.43482 0.58594 0.42518
0.51718 0.60249 0.41860
0.49478 0.53564 0.44817
0.50859 0.59444 0.42237
0.41073 0.63237 0.51536
0.39787 0.52147 0.39967
0.37530 0.62124 0.38064
0.45807 0.58010 0.53270
0.44291 0.52149 0.42806
0.60640 0.58756 0.50902
0.49693 0.53996 0.46305
0.58973 0.54255 0.47024
0.49998 0.63039 0.48353
0.37755 0.55066 0.44850
0.47724 0.55104 0.41622
0.43447 0.54578 0.43784
0.43792 0.63716 0.49248
0.54538 0.48676 0.45872
0.55874 0.67920 0.48964
0.48355 0.43509 0.41976
0.44042 0.51257 0.41023
0.44470 0.49420 0.43687
0.38775 0.48117 0.39741
0.55276 0.52279 0.47007
0.44182 0.60226 0.41007
0.44368 0.44727 0.37012
0.41313 0.39636 0.47687
0.55388 0.58132 0.46265
0.38953 0.60191 0.45040
0.60971 0.66377 0.44714
0.40141 0.59107 0.40351
0.40401 0.57139 0.33639
0.34899 0.39609 0.44671
0.49667 0.51028 0.44047
0.51102 0.47140 0.41531
0.51955 0.59399 0.51067
0.45234 0.45083 0.40551
0.44652 0.52451 0.46448
0.31643 0.57730 0.38720
0.56598 0.64179 0.40149
0.34895 0.40420 0.37001
0.56028 0.58957 0.38530
0.47409 0.64023 0.50756
0.49951 0.44239 0.41785
0.36655 0.48878 0.38796
