20 18 1000 4034 14
0.89748 0.33448 0.06151
0.36192 0.33041 0.47022
0.33639 0.03601 0.78755
0.95270 0.53475 0.23577
0.01254 0.40855 0.75652
0.34847 0.35616 0.04868
0.23674 0.75598 0.70898
0.12750 0.39203 0.41267
0.68561 0.16490 0.51247
0.97712 0.10327 0.56418
0.56847 0.40401 0.90718
0.49894 0.99566 0.04184
0.47538 0.02197 0.73871
0.74086 0.68082 0.56680
0.53720 0.18515 0.55001
0.74096 0.65554 0.00923
0.48858 0.46693 0.22449
0.05214 0.73976 0.12090
0.50869 0.40088 0.38935
0.59310 0.38897 0.45958
0.57918 0.35753 0.33172
0.55132 0.35204 0.52378
0.55931 0.48147 0.42241
0.42752 0.48642 0.31505
0.52281 0.46535 0.30378
0.49803 0.49031 0.28548
0.48287 0.51524 0.41148
0.51807 0.43341 0.46023
0.53416 0.41613 0.23171
0.46046 0.42504 0.40526
0.40009 0.42110 0.49461
0.63999 0.50792 0.32386
0.49070 0.38940 0.42126
0.54309 0.41778 0.33340
0.58121 0.49915 0.34851
0.54736 0.46526 0.43985
0.47329 0.41307 0.33944
0.46047 0.38473 0.33661
0.66372 0.41301 0.42958
0.34837 0.42611 0.31627
0.54593 0.35642 0.50336
0.48143 0.25327 0.48667
0.65415 0.48835 0.34397
0.50742 0.35431 0.37743
0.53710 0.36873 0.52118
0.54856 0.46475 0.42568
0.36334 0.41235 0.48834
0.48667 0.43557 0.31977
0.41845 0.45755 0.44524
0.41462 0.44244 0.38700
0.58829 0.37754 0.38580
0.54699 0.43412 0.49480
0.53150 0.53685 0.22463
0.54134 0.47306 0.41278
0.50822 0.41015 0.45845
0.48037 0.44753 0.39948
0.43876 0.42078 0.43423
0.63001 0.48852 0.40138
0.54869 0.46772 0.41309
0.49271 0.40188 0.42825
0.54750 0.45884 0.46363
0.39710 0.45960 0.34221
0.39089 0.41198 0.45400
0.52274 0.48721 0.36467
0.60614 0.32582 0.44931
0.47012 0.43534 0.51965
0.43523 0.45280 0.57953
0.41883 0.46962 0.40447
0.57904 0.34374 0.47689
0.42405 0.47476 0.44820
0.60150 0.42843 0.41842
0.45236 0.42654 0.48682
0.38294 0.52782 0.45087
0.49464 0.52080 0.39950
0.53580 0.36376 0.49629
0.43770 0.37017 0.44727
0.50711 0.34005 0.41555
0.54940 0.49246 0.33467
0.49318 0.43172 0.35425
0.47528 0.34350 0.42554
0.56917 0.50070 0.43524
0.44262 0.34106 0.42638
0.53300 0.40005 0.49244
0.46011 0.49719 0.43319
0.61466 0.38776 0.33691
0.48629 0.46223 0.35759
0.46271 0.36104 0.56535
0.53259 0.44917 0.48131
0.53350 0.47089 0.46728
0.54780 0.47079 0.38990
0.45066 0.41691 0.39478
0.43305 0.35724 0.50361
0.45754 0.37862 0.46791
0.52610 0.44986 0.40693
0.55230 0.34407 0.51060
0.53324 0.32602 0.52912
0.32723 0.46107 0.46118
0.55338 0.42882 0.50265
0.52387 0.42930 0.46197
0.62909 0.48282 0.34740
0.59240 0.41126 0.45899
0.46645 0.35594 0.42474
0.44249 0.34112 0.46043
0.54359 0.30140 0.51825
0.57258 0.31636 0.46042
0.48183 0.48239 0.37676
0.56911 0.42679 0.47801
0.48078 0.45897 0.37672
0.49846 0.45862 0.42838
0.54513 0.40155 0.47789
0.63415 0.35581 0.43215
0.48466 0.43741 0.42191
0.50587 0.39803 0.52958
0.52106 0.39474 0.48135
0.53943 0.35104 0.45661
0.50427 0.32177 0.49255
0.45401 0.45859 0.38812
0.51270 0.40766 0.49520
0.65415 0.28933 0.50317
0.41338 0.31288 0.57501
0.45194 0.35420 0.45270
0.53676 0.38237 0.35012
0.59719 0.41455 0.47011
0.42549 0.41265 0.45317
0.49925 0.36096 0.45761
0.36880 0.34457 0.52330
0.52214 0.45986 0.46110
0.40923 0.46673 0.36970
0.52283 0.41787 0.46954
0.54797 0.38836 0.44962
0.49546 0.42706 0.45082
0.41199 0.35483 0.45144
0.60137 0.29584 0.45913
0.60838 0.41436 0.39952
0.52214 0.36127 0.46427
0.53392 0.37613 0.43854
0.48100 0.51019 0.45446
0.46315 0.42087 0.43003
0.45552 0.45572 0.43014
0.52953 0.41829 0.41085
0.34161 0.51301 0.39522
0.42655 0.59129 0.32205
0.58477 0.36334 0.55645
0.44279 0.45583 0.47209
0.54304 0.41763 0.39862
0.51025 0.56543 0.39059
0.51565 0.41016 0.38913
0.46731 0.35546 0.43459
0.55502 0.40422 0.33580
0.52182 0.29505 0.57786
0.53341 0.30524 0.52470
0.56967 0.40750 0.41386
0.45346 0.47138 0.32059
0.53040 0.35968 0.39055
0.52942 0.41761 0.46157
0.51500 0.34068 0.40576
0.53576 0.43781 0.41810
0.49828 0.37032 0.46092
0.37415 0.45812 0.42437
0.47154 0.38611 0.38264
0.47115 0.41995 0.41867
0.41765 0.30737 0.53090
0.49480 0.46423 0.42493
0.49412 0.41717 0.36618
0.46529 0.39505 0.52278
0.67809 0.41736 0.33457
0.51906 0.41671 0.48825
0.55087 0.36858 0.45402
0.49018 0.47056 0.44602
0.57883 0.39447 0.44845
0.49287 0.38837 0.46037
0.58118 0.39807 0.32645
0.39647 0.41145 0.43535
0.57567 0.40928 0.37618
0.42388 0.49921 0.34407
0.43410 0.35784 0.46114
0.41617 0.47503 0.46505
0.51207 0.33048 0.47867
0.48922 0.46964 0.35120
0.54104 0.40333 0.50714
0.65438 0.39611 0.32822
0.52377 0.39517 0.43974
0.50962 0.39100 0.43008
0.56112 0.37513 0.43649
0.59273 0.33679 0.47131
0.48100 0.40812 0.46543
0.35713 0.54831 0.36695
0.54720 0.36573 0.49332
0.51098 0.37639 0.46806
0.43304 0.38692 0.49383
0.52678 0.32149 0.43232
0.56347 0.49239 0.27113
0.49855 0.46445 0.47447
0.51749 0.44507 0.43489
0.58050 0.34553 0.51412
0.51932 0.34304 0.43450
0.52466 0.45657 0.34660
0.50571 0.42443 0.37091
0.51582 0.44315 0.35938
0.47818 0.44365 0.47998
0.52135 0.45996 0.28048
0.53558 0.27227 0.48304
0.50271 0.43728 0.50395
0.43586 0.46877 0.33713
0.51266 0.48044 0.36900
0.56526 0.38896 0.44675
0.45698 0.36283 0.43948
0.41977 0.51767 0.44953
0.43168 0.35549 0.62062
0.38825 0.44832 0.48010
0.58884 0.38327 0.53454
0.61299 0.29856 0.46214
0.54925 0.34707 0.46124
0.38905 0.42958 0.49383
0.40091 0.41138 0.36607
0.46372 0.33905 0.49472
0.58001 0.50987 0.36301
0.55213 0.51329 0.40677
0.54087 0.50568 0.37427
0.57181 0.35401 0.47176
0.51709 0.34809 0.41708
0.51760 0.38467 0.53868
0.52264 0.35825 0.46260
0.51426 0.48731 0.30696
0.47231 0.29868 0.45344
0.53825 0.47279 0.42686
0.56445 0.52257 0.39029
0.46258 0.33394 0.44919
0.47656 0.37846 0.42618
0.41642 0.50022 0.35957
0.36303 0.48719 0.37786
0.53146 0.35469 0.43454
0.60159 0.46447 0.40934
0.48738 0.30612 0.52975
0.52993 0.55945 0.29069
0.51712 0.40258 0.42387
0.50390 0.37357 0.46393
0.58897 0.51883 0.30535
0.55360 0.45846 0.45840
0.47085 0.42562 0.39812
0.63683 0.36377 0.47862
0.46549 0.55140 0.52957
0.47283 0.45158 0.34437
0.52631 0.40322 0.36085
0.55708 0.34924 0.43762
0.50909 0.41249 0.48555
0.48650 0.42108 0.51857
0.54301 0.48798 0.41963
0.56962 0.38946 0.42369
0.49695 0.44963 0.47704
0.56076 0.32696 0.34735
0.51711 0.46806 0.37862
0.49734 0.49179 0.36547
0.42124 0.44450 0.44193
0.49481 0.47997 0.33966
0.58586 0.32425 0.53854
0.45095 0.41316 0.38024
0.47212 0.39859 0.41215
0.40204 0.40113 0.35765
0.58342 0.49798 0.41034
0.44390 0.41253 0.42940
0.60846 0.40320 0.47288
0.52589 0.36586 0.47437
0.49215 0.42915 0.40201
0.49159 0.38898 0.52390
0.40515 0.53224 0.39574
0.49958 0.41993 0.45312
0.48594 0.50549 0.35004
0.53019 0.47309 0.35793
0.52980 0.41890 0.54187
0.45789 0.41655 0.38377
0.52862 0.38523 0.33691
0.50287 0.46068 0.33101
0.51107 0.43821 0.51983
0.45937 0.42918 0.49004
0.47564 0.47723 0.42923
0.58949 0.43678 0.34413
0.60463 0.39864 0.39432
0.46806 0.45634 0.39455
0.44563 0.44559 0.39172
0.48698 0.43068 0.47421
0.46706 0.48200 0.45604
0.48586 0.49994 0.31195
0.51289 0.35692 0.47432
0.50328 0.32353 0.46999
0.44563 0.36903 0.49565
0.49467 0.44123 0.57781
0.51187 0.46332 0.40126
0.59738 0.45291 0.32071
0.44331 0.33417 0.49002
0.62743 0.42312 0.42679
0.57203 0.35291 0.37849
0.47360 0.41763 0.48251
0.51622 0.37161 0.43418
0.52731 0.42836 0.43247
0.49121 0.41298 0.41709
0.51209 0.55243 0.39955
0.54362 0.40405 0.44056
0.48721 0.45045 0.46222
0.53763 0.45452 0.39398
0.47898 0.40102 0.36276
0.43781 0.47029 0.42004
0.46330 0.44917 0.42727
0.55616 0.26661 0.52958
0.50070 0.41692 0.46772
0.48960 0.40873 0.42614
0.43469 0.42844 0.32250
0.56795 0.49341 0.36628
0.51710 0.36556 0.50637
0.39570 0.32035 0.51195
0.51808 0.31790 0.46776
0.51091 0.48665 0.37143
0.45587 0.46378 0.31473
0.48095 0.40126 0.51907
0.39071 0.39782 0.54909
0.47478 0.38141 0.43115
0.48265 0.44072 0.41123
0.45696 0.38544 0.49485
0.42809 0.41335 0.42463
0.46598 0.39103 0.48928
0.57896 0.45037 0.42130
0.57847 0.48572 0.26274
0.63430 0.44736 0.43950
0.49117 0.41307 0.34373
0.51780 0.43885 0.49114
0.49818 0.35151 0.43705
0.48201 0.53935 0.34228
0.32970 0.41165 0.42718
0.52055 0.44721 0.42426
0.48578 0.48865 0.27732
0.44416 0.43073 0.37740
0.42221 0.43036 0.44223
0.51254 0.47125 0.37132
0.47421 0.43263 0.41238
0.48452 0.43710 0.42534
0.52373 0.38246 0.40211
0.39089 0.47787 0.40516
0.48721 0.37292 0.35370
0.50805 0.46690 0.47382
0.49059 0.41952 0.54893
0.46508 0.41018 0.45115
0.55419 0.39580 0.40283
0.55348 0.41316 0.38359
0.55676 0.37267 0.45792
0.53386 0.32111 0.45420
0.47945 0.35374 0.59114
0.53682 0.35813 0.41107
0.52227 0.47167 0.44064
0.50048 0.41126 0.57895
0.46347 0.33188 0.42914
0.49361 0.45316 0.52594
0.50149 0.44644 0.38845
0.43751 0.43517 0.54190
0.45152 0.40163 0.39416
0.52873 0.44305 0.38999
0.52239 0.40839 0.47610
0.52863 0.46736 0.33377
0.64240 0.45446 0.41759
0.58074 0.37439 0.45905
0.41019 0.44893 0.41810
0.45749 0.45843 0.37573
0.57728 0.40845 0.42381
0.53202 0.46413 0.47576
0.52202 0.41251 0.36633
0.61597 0.45429 0.46637
0.48388 0.44773 0.42576
0.48741 0.48673 0.34648
0.51372 0.46012 0.43505
0.42825 0.41536 0.43612
0.60701 0.49090 0.37698
0.52809 0.37849 0.39664
0.51716 0.39693 0.36592
0.45173 0.47221 0.42691
0.45115 0.50174 0.35911
0.47737 0.39525 0.38039
0.52986 0.38138 0.50205
0.55577 0.39752 0.47182
0.52417 0.43104 0.37284
0.52992 0.40003 0.42198
0.51952 0.33765 0.49726
0.49052 0.32321 0.56330
0.44377 0.49219 0.42214
0.37841 0.45655 0.49611
0.56698 0.46864 0.32955
0.52530 0.44324 0.40993
0.52785 0.41671 0.46638
0.57327 0.32814 0.40323
0.55739 0.43027 0.47996
0.48810 0.42479 0.41146
0.51275 0.38503 0.43171
0.41179 0.39154 0.54742
0.43109 0.46417 0.34815
0.52495 0.41101 0.48421
0.54573 0.43728 0.40741
0.43951 0.44596 0.49040
0.41832 0.42287 0.51643
0.48183 0.40024 0.35731
0.40421 0.41471 0.54272
0.53159 0.38193 0.46133
0.60508 0.42275 0.50013
0.66856 0.47671 0.34643
0.45228 0.48248 0.40930
0.46556 0.44390 0.33726
0.48557 0.48348 0.45841
0.46523 0.35074 0.42797
0.42039 0.41560 0.42349
0.62492 0.45351 0.29925
0.38233 0.43830 0.50298
0.46188 0.41003 0.45491
0.53366 0.28313 0.45357
0.55318 0.38552 0.41927
0.51998 0.51358 0.32840
0.49112 0.35881 0.54430
0.41488 0.43164 0.45112
0.65334 0.28909 0.50722
0.48364 0.47127 0.44212
0.52359 0.40508 0.36219
0.52171 0.41365 0.43997
0.45645 0.39346 0.42253
0.60962 0.32503 0.41764
0.52511 0.36406 0.46093
0.51201 0.50682 0.29998
0.61722 0.47027 0.30659
0.41291 0.46314 0.50999
0.53475 0.42883 0.33835
0.51807 0.43214 0.45498
0.60939 0.35071 0.40155
0.57294 0.45103 0.37856
0.49610 0.43815 0.34249
0.49324 0.43235 0.42574
0.55319 0.48961 0.40892
0.49277 0.38087 0.43991
0.59510 0.60134 0.33967
0.47871 0.40842 0.39703
0.52338 0.41516 0.50603
0.46479 0.36752 0.55324
0.65192 0.33151 0.46236
0.56193 0.36744 0.47262
0.51806 0.40673 0.42120
0.58723 0.37177 0.41000
0.55186 0.39598 0.42381
0.45338 0.37673 0.41402
0.39635 0.42563 0.44563
0.48119 0.50317 0.35198
0.53103 0.49276 0.31039
0.47619 0.44947 0.41394
0.46140 0.44712 0.29138
0.48505 0.44986 0.36750
0.48370 0.42979 0.41861
0.55423 0.33152 0.54118
0.44315 0.51929 0.31992
0.56934 0.47799 0.33520
0.59036 0.43529 0.37936
0.54294 0.51896 0.35249
0.52540 0.42545 0.39285
0.43949 0.50171 0.37544
0.50235 0.42790 0.45350
0.45329 0.43046 0.41903
0.51344 0.44794 0.39823
0.53502 0.35500 0.46753
0.52362 0.48846 0.38287
0.50468 0.39322 0.49079
0.49535 0.37592 0.41959
0.54406 0.40100 0.39990
0.53283 0.49143 0.43686
0.46186 0.47659 0.36340
0.55696 0.39951 0.56148
0.47267 0.50739 0.42929
0.57577 0.35618 0.47160
0.51373 0.41984 0.45791
0.46555 0.52031 0.40378
0.59479 0.46250 0.35933
0.42831 0.48510 0.36951
0.57815 0.53320 0.38856
0.43036 0.37421 0.41420
0.60346 0.43874 0.52841
0.43298 0.35946 0.39658
0.62541 0.52620 0.30497
0.45089 0.45094 0.53548
0.57230 0.44291 0.46326
0.51426 0.30857 0.50076
0.48488 0.32350 0.43441
0.53855 0.44873 0.45906
0.54896 0.53549 0.42525
0.39546 0.37952 0.43689
0.57371 0.38769 0.46601
0.44361 0.55202 0.25690
0.43989 0.38352 0.51269
0.54542 0.46034 0.44510
0.64600 0.37750 0.39252
0.55569 0.39632 0.33529
0.60312 0.40270 0.40456
0.37096 0.39722 0.55867
0.52314 0.39113 0.41958
0.55108 0.42682 0.46990
0.33665 0.46691 0.59151
0.43212 0.25494 0.63059
0.49126 0.30840 0.48977
0.40464 0.47735 0.40159
0.48484 0.46717 0.41197
0.50905 0.46173 0.49447
0.40285 0.47790 0.43514
0.52077 0.48156 0.39151
0.41997 0.32686 0.50164
0.53876 0.36097 0.49886
0.60275 0.35030 0.47952
0.57366 0.41682 0.52574
0.52224 0.44043 0.42064
0.51316 0.54423 0.34839
0.45159 0.54312 0.51334
0.55426 0.35353 0.40050
0.46864 0.40649 0.38714
0.59961 0.37829 0.45795
0.55252 0.39981 0.43514
0.44936 0.42534 0.48072
0.57213 0.34562 0.41527
0.47222 0.29313 0.51764
0.46720 0.39940 0.49701
0.50259 0.45076 0.28953
0.48187 0.39811 0.45953
0.48344 0.45759 0.40559
0.46426 0.49873 0.40387
0.53633 0.57628 0.28080
0.58349 0.42975 0.35229
0.51516 0.42981 0.34441
0.49960 0.44482 0.43421
0.45307 0.43372 0.53382
0.37672 0.44959 0.39552
0.56726 0.30351 0.47359
0.57948 0.45837 0.40320
0.42179 0.47200 0.46210
0.50862 0.39648 0.38491
0.44416 0.41448 0.45760
0.46265 0.49892 0.40761
0.51903 0.44586 0.28777
0.40754 0.34625 0.44886
0.42599 0.36609 0.44499
0.67157 0.43209 0.37113
0.58250 0.44312 0.47500
0.44392 0.44538 0.53278
0.49762 0.41464 0.36268
0.46247 0.35932 0.48259
0.53357 0.42212 0.44480
0.53899 0.42228 0.37019
0.52933 0.53085 0.50116
0.34164 0.41774 0.41644
0.46689 0.47996 0.45881
0.51306 0.33490 0.46469
0.48886 0.46977 0.41698
0.51680 0.43240 0.48647
0.52226 0.42555 0.44005
0.52702 0.37675 0.47372
0.42863 0.32601 0.39216
0.38561 0.36359 0.47729
0.55108 0.36492 0.42497
0.50903 0.40797 0.51083
0.64888 0.34580 0.44201
0.57022 0.37572 0.36387
0.48752 0.34081 0.52337
0.46950 0.32545 0.47576
0.54534 0.52771 0.30889
0.56287 0.52747 0.36892
0.47813 0.33823 0.46268
0.56693 0.38387 0.42763
0.48753 0.45890 0.48226
0.43629 0.26217 0.47298
0.45759 0.44014 0.41700
0.58824 0.33058 0.45276
0.44762 0.45316 0.44116
0.59592 0.36795 0.48400
0.45094 0.52048 0.39600
0.57171 0.48820 0.39116
0.41718 0.44347 0.46411
0.48540 0.34564 0.46578
0.51272 0.39504 0.40083
0.31721 0.51896 0.32236
0.49909 0.43446 0.40203
0.44139 0.38404 0.41725
0.50578 0.36855 0.46029
0.46032 0.49766 0.43686
0.43699 0.37865 0.40847
0.53385 0.49643 0.38367
0.61279 0.36578 0.46986
0.50225 0.35385 0.50341
0.60233 0.32449 0.45912
0.60142 0.49644 0.41135
0.55478 0.36097 0.44251
0.50275 0.32021 0.51194
0.45113 0.36990 0.43215
0.45556 0.45551 0.50431
0.52700 0.36193 0.49713
0.50923 0.34676 0.45995
0.53916 0.34789 0.45458
0.52601 0.46387 0.45312
0.42735 0.39199 0.55316
0.60068 0.47462 0.43392
0.48838 0.38453 0.43266
0.51838 0.43831 0.39459
0.48047 0.37186 0.47848
0.48176 0.40306 0.45734
0.47483 0.36619 0.49257
0.48704 0.36533 0.45242
0.47968 0.40237 0.44610
0.52757 0.46977 0.47813
0.48105 0.36191 0.40454
0.47465 0.46866 0.52973
0.48773 0.42435 0.42514
0.50163 0.36968 0.43713
0.36987 0.43771 0.47239
0.50776 0.40508 0.48874
0.51065 0.40793 0.44293
0.47542 0.54201 0.28592
0.52543 0.39782 0.35646
0.58875 0.49458 0.48202
0.48356 0.49393 0.47693
0.60707 0.38257 0.44201
0.57775 0.39252 0.46028
0.58446 0.49353 0.37793
0.59267 0.41619 0.38655
0.50737 0.39190 0.42682
0.49379 0.39833 0.36975
0.50643 0.38511 0.44007
0.42890 0.47137 0.41138
0.60438 0.40887 0.31680
0.45464 0.38425 0.49575
0.53433 0.48967 0.46660
0.53380 0.43092 0.43499
0.42356 0.42671 0.40423
0.49816 0.29798 0.52335
0.48930 0.43287 0.41250
0.36978 0.47740 0.47720
0.55193 0.35882 0.44970
0.51373 0.35809 0.42354
0.58904 0.51950 0.37255
0.51403 0.37053 0.59289
0.54523 0.31870 0.53424
0.51039 0.50583 0.38477
0.42084 0.44640 0.46527
0.53627 0.41055 0.46083
0.65121 0.31383 0.41153
0.46634 0.40808 0.43587
0.51959 0.43346 0.40377
0.38316 0.40212 0.38049
0.59766 0.48915 0.46893
0.50532 0.38844 0.35894
0.56949 0.48118 0.40086
0.50147 0.39161 0.47127
0.54353 0.32590 0.43943
0.41020 0.40928 0.53100
0.46136 0.46827 0.40505
0.53332 0.37860 0.46037
0.52534 0.37618 0.42927
0.38018 0.40628 0.45796
0.46609 0.39312 0.45205
0.53810 0.44285 0.47420
0.50706 0.48183 0.34850
0.51429 0.40743 0.39599
0.36543 0.42358 0.36533
0.50928 0.39956 0.43338
0.57481 0.41926 0.43555
0.53814 0.37954 0.57468
0.57610 0.52079 0.42536
0.44108 0.33044 0.49847
0.53454 0.37512 0.50338
0.59068 0.42003 0.36929
0.48880 0.41986 0.42262
0.56130 0.37789 0.48900
0.55588 0.44841 0.34793
0.52512 0.46808 0.37889
0.58589 0.36926 0.44150
0.53965 0.37758 0.54222
0.54101 0.38300 0.52181
0.42704 0.41889 0.52519
0.60562 0.43033 0.46500
0.52162 0.52495 0.31798
0.47874 0.38096 0.47486
0.46565 0.57947 0.36969
0.51473 0.39564 0.47801
0.40537 0.48195 0.45537
0.46296 0.40138 0.51107
0.54180 0.37814 0.40615
0.47779 0.39323 0.48802
0.49693 0.49919 0.36451
0.41221 0.40416 0.47995
0.49741 0.60063 0.39859
0.53348 0.52321 0.46182
0.45593 0.43254 0.44715
0.56312 0.35569 0.48714
0.51417 0.42245 0.45342
0.39063 0.39062 0.48591
0.50741 0.35654 0.43960
0.42646 0.36488 0.41592
0.50117 0.28805 0.43526
0.44304 0.37975 0.43133
0.55691 0.36747 0.48161
0.50575 0.40893 0.45154
0.65125 0.38141 0.37021
0.58043 0.38770 0.39059
0.51014 0.38869 0.42196
0.52399 0.40325 0.36990
0.49174 0.40116 0.46424
0.54200 0.39780 0.45940
0.50958 0.50303 0.30607
0.51162 0.42926 0.48242
0.45920 0.41530 0.42036
0.55510 0.32588 0.47715
0.50584 0.35729 0.46618
0.58019 0.37100 0.46468
0.55796 0.41190 0.45103
0.42135 0.30777 0.55264
0.43652 0.45794 0.42522
0.46223 0.33478 0.43916
0.39492 0.38014 0.53622
0.63613 0.31576 0.42854
0.48761 0.52709 0.33892
0.39883 0.49099 0.38114
0.41314 0.44918 0.35494
0.57661 0.41508 0.34740
0.51335 0.55515 0.39835
0.40442 0.42526 0.56454
0.40427 0.37549 0.49266
0.52926 0.37256 0.41670
0.54105 0.45531 0.34830
0.62266 0.32232 0.52812
0.47657 0.39088 0.54718
0.47525 0.50364 0.39647
0.65272 0.45253 0.35725
0.53018 0.49390 0.36723
0.47718 0.34933 0.46521
0.51078 0.35521 0.48285
0.45309 0.47207 0.49236
0.44754 0.37889 0.42092
0.46773 0.40164 0.55023
0.52644 0.38959 0.46104
0.42879 0.41941 0.44517
0.48952 0.46865 0.39687
0.42679 0.36791 0.39971
0.51420 0.38182 0.48719
0.28687 0.50690 0.27846
0.53872 0.33033 0.47286
0.42794 0.36630 0.49149
0.56075 0.28446 0.48834
0.50577 0.45341 0.37915
0.48401 0.55839 0.38117
0.41183 0.41639 0.52060
0.44131 0.38828 0.51174
0.21545 0.41373 0.48815
0.52778 0.48408 0.33614
0.47626 0.34231 0.41305
0.63285 0.41720 0.37836
0.60150 0.45676 0.43809
0.51823 0.29461 0.48074
0.46958 0.31172 0.47359
0.50507 0.48499 0.44085
0.60176 0.34824 0.40221
0.56882 0.49296 0.25346
0.45581 0.37588 0.44764
0.48459 0.40684 0.40669
0.42566 0.52607 0.42414
0.52564 0.43602 0.37418
0.52614 0.33555 0.44393
0.63120 0.46574 0.38632
0.40299 0.37579 0.47279
0.54093 0.42143 0.36334
0.48838 0.42276 0.50093
0.34351 0.44909 0.43641
0.49427 0.52138 0.45189
0.45726 0.40070 0.50895
0.53168 0.35198 0.42317
0.47322 0.40217 0.48493
0.53242 0.41278 0.41695
0.56706 0.36067 0.37918
0.52108 0.32451 0.46902
0.38256 0.49729 0.40174
0.42962 0.47120 0.44041
0.44141 0.35869 0.50363
0.60411 0.53012 0.27013
0.39347 0.44242 0.37351
0.51306 0.45020 0.33674
0.49589 0.39978 0.54559
0.64509 0.31206 0.40458
0.48119 0.45345 0.41656
0.52939 0.48956 0.38300
0.48968 0.44352 0.38286
0.38749 0.40224 0.46429
0.56991 0.30025 0.48676
0.55094 0.39667 0.46998
0.54164 0.37758 0.47154
0.52240 0.35913 0.42595
0.38417 0.52052 0.35735
0.48620 0.38864 0.59501
0.54017 0.44017 0.36061
0.44228 0.37228 0.56796
0.54354 0.40754 0.54143
0.60446 0.40098 0.38451
0.68770 0.45409 0.37462
0.50654 0.41135 0.36520
0.48951 0.49967 0.41567
0.54919 0.35669 0.45336
0.54482 0.29913 0.53948
0.56655 0.42072 0.39722
0.46168 0.41515 0.44261
0.46281 0.41442 0.46884
0.42619 0.52079 0.39082
0.50536 0.35675 0.41300
0.52705 0.38472 0.33667
0.53442 0.48069 0.46566
0.48692 0.42252 0.47404
0.45102 0.38399 0.42514
0.48438 0.43932 0.42046
0.47694 0.31858 0.49229
0.45201 0.53005 0.31829
0.57642 0.36000 0.44731
0.38581 0.56919 0.33041
0.46418 0.57850 0.39604
0.38973 0.39720 0.43882
0.38778 0.54857 0.29629
0.54079 0.53234 0.43732
0.52898 0.49431 0.49068
0.56789 0.50033 0.34391
0.50183 0.49098 0.36924
0.49983 0.28723 0.50650
0.52841 0.47337 0.38017
0.47525 0.48976 0.43620
0.38414 0.48661 0.49835
0.55892 0.35604 0.41558
0.46670 0.40590 0.53600
0.49438 0.40333 0.43901
0.51911 0.39457 0.45343
0.48332 0.40612 0.46832
0.43371 0.41980 0.37526
0.60198 0.44189 0.41495
0.48959 0.44766 0.42666
0.51202 0.44495 0.35891
0.41408 0.45363 0.38297
0.55021 0.37639 0.56914
0.60339 0.38419 0.37699
0.38577 0.52033 0.41846
0.49697 0.39926 0.41442
0.54916 0.41579 0.39397
0.46462 0.39409 0.34344
0.42003 0.55832 0.34248
0.60492 0.32681 0.54811
0.49137 0.44121 0.50024
0.46914 0.53862 0.30753
0.42989 0.43192 0.45917
0.53953 0.46458 0.59039
0.45403 0.37342 0.45444
0.49807 0.30096 0.50423
0.51021 0.42823 0.44602
0.53547 0.26925 0.56270
0.58597 0.38664 0.45059
0.62380 0.36876 0.33393
0.56146 0.39774 0.37460
0.53987 0.48954 0.40195
0.47603 0.53863 0.34441
0.53792 0.30146 0.46160
0.37498 0.44541 0.44746
0.49622 0.42905 0.42432
0.40884 0.32505 0.58011
0.44727 0.39247 0.55007
0.59391 0.43488 0.34598
0.53758 0.41444 0.26240
0.49650 0.35153 0.50722
0.53884 0.42407 0.40399
0.50801 0.40448 0.52371
0.59190 0.47364 0.34923
0.56607 0.30062 0.40406
0.43926 0.45926 0.39345
0.49224 0.32342 0.46679
0.42676 0.40114 0.45773
0.45566 0.40357 0.52027
0.47987 0.43705 0.30166
0.63946 0.40411 0.31364
0.31896 0.40550 0.47049
0.46651 0.37090 0.50565
0.50614 0.37935 0.45090
0.52149 0.50871 0.38921
0.39097 0.42112 0.43006
0.49033 0.50506 0.41760
0.48456 0.44178 0.47757
0.49029 0.43576 0.43053
0.45872 0.44114 0.45007
0.39361 0.49639 0.32643
0.63096 0.47307 0.39987
0.45688 0.40418 0.43429
0.50168 0.46056 0.36065
0.58996 0.40380 0.33408
0.49785 0.45496 0.48832
0.47327 0.42207 0.42232
0.58604 0.36836 0.47340
0.47285 0.38028 0.49954
0.51811 0.40623 0.28295
0.56504 0.42055 0.48384
0.46853 0.44195 0.40644
0.51637 0.50001 0.33376
0.36560 0.47745 0.42499
0.65784 0.42553 0.36500
0.49297 0.47546 0.40910
0.48616 0.38375 0.61156
0.50577 0.35019 0.46310
0.52365 0.39285 0.49311
0.53033 0.50080 0.36517
0.52971 0.36605 0.41720
0.42976 0.36965 0.48375
0.44705 0.55644 0.29360
0.55460 0.47954 0.38692
0.52620 0.49284 0.39171
0.50083 0.38697 0.42363
0.56874 0.34166 0.40917
0.59960 0.43194 0.35851
0.45488 0.36536 0.47377
0.44953 0.44064 0.46215
0.47341 0.32515 0.50702
0.61251 0.44703 0.41223
0.55055 0.32859 0.42212
0.48926 0.44267 0.47239
0.52842 0.36017 0.47041
0.56737 0.41945 0.42535
0.51345 0.47136 0.39059
0.45689 0.44075 0.40890
0.46966 0.48250 0.52787
0.44776 0.35661 0.46738
0.49728 0.40759 0.32274
0.60413 0.28941 0.42466
0.39101 0.34515 0.44169
0.46662 0.49150 0.35347
0.59828 0.35490 0.47382
0.43414 0.37071 0.43966
0.51404 0.41048 0.46898
0.51102 0.41130 0.41065
0.35013 0.41629 0.58655
0.54867 0.42800 0.36643
0.58313 0.33970 0.56672
0.49315 0.39815 0.45486
0.56473 0.48931 0.52940
0.50769 0.43733 0.52468
0.50496 0.50955 0.39063
0.54220 0.43224 0.45909
0.60946 0.36032 0.48384
0.45168 0.37289 0.50520
0.42112 0.34923 0.49329
0.52803 0.52295 0.34699
0.53680 0.53184 0.33950
0.44637 0.45369 0.49552
0.51270 0.49348 0.37229
0.45122 0.50231 0.36202
0.48621 0.44866 0.44116
0.39073 0.44606 0.36978
0.37560 0.50686 0.38769
0.42382 0.41121 0.50162
0.43567 0.37295 0.47425
0.51739 0.39389 0.41783
0.50427 0.38856 0.47394
0.40754 0.38179 0.46474
0.49502 0.37872 0.41715
0.50246 0.56548 0.38674
0.58195 0.43698 0.46187
0.42032 0.54872 0.48414
0.55720 0.43149 0.39084
0.50828 0.45154 0.46447
0.62840 0.47339 0.31145
0.43905 0.43861 0.44325
0.50392 0.40831 0.49027
0.54244 0.41929 0.42610
0.49369 0.47476 0.38027
0.54102 0.47385 0.43172
0.57269 0.33722 0.54996
0.45901 0.50252 0.45531
0.47544 0.38357 0.46164
0.52627 0.37589 0.46797
0.66528 0.43096 0.38549
0.54299 0.39975 0.39527
0.48604 0.42613 0.39682
0.42492 0.52494 0.30727
0.53836 0.36638 0.48507
0.47926 0.35214 0.49168
0.61762 0.43977 0.33370
0.46122 0.42059 0.53314
0.52898 0.43935 0.42112
0.47032 0.43967 0.58191
0.58435 0.49333 0.33199
0.55653 0.30652 0.55419
0.60910 0.46315 0.41936
0.52817 0.47051 0.36067
0.40950 0.35477 0.45571
0.52160 0.48155 0.32829
0.46803 0.47991 0.44830
0.50720 0.44814 0.33749
0.42061 0.40716 0.41631
0.41140 0.49162 0.54991
0.30627 0.41839 0.55239
0.39913 0.42022 0.45027
0.58377 0.37877 0.42373
0.56339 0.43627 0.40188
0.51060 0.47097 0.42352
0.42963 0.48010 0.43887
0.53345 0.43519 0.42896
0.60645 0.33565 0.45745
0.44098 0.43153 0.49316
0.63516 0.35019 0.48581
0.40348 0.45670 0.34466
0.57825 0.40592 0.48691
0.39769 0.37827 0.45871
0.57059 0.47630 0.33515
0.45185 0.48876 0.45059
0.62573 0.36404 0.35638
0.54709 0.43106 0.32699
0.46041 0.44962 0.38370
0.52510 0.39609 0.42711
0.53536 0.51812 0.42808
0.48272 0.35680 0.42101
0.46203 0.37360 0.53264
0.56041 0.37210 0.52176
0.53555 0.44924 0.46537
0.51686 0.50881 0.53083
0.53532 0.35889 0.42783
0.50001 0.40324 0.34685
