20 20 1000 61226 832
0.81674 0.51180 0.39762
0.60095 0.75819 0.99621
0.60485 0.60498 0.57689
0.98906 0.96797 0.12532
0.33606 0.43009 0.97648
0.06458 0.39260 0.83264
0.37221 0.91069 0.82214
0.76712 0.81465 0.46163
0.72057 0.06010 0.52438
0.24044 0.34127 0.83627
0.33338 0.43210 0.99650
0.45005 0.72051 0.08695
0.91112 0.54187 0.58132
0.45603 0.45262 0.03217
0.00835 0.27236 0.96476
0.05927 0.57184 0.20373
0.35824 0.16991 0.02029
0.88759 0.26474 0.29415
0.21079 0.38414 0.22481
0.47999 0.92908 0.17908
0.48099 0.51941 0.39459
0.54781 0.58741 0.42645
0.52628 0.49290 0.44873
0.44492 0.49818 0.43625
0.43879 0.61628 0.37889
0.35400 0.47901 0.45281
0.43952 0.56179 0.52043
0.50628 0.53408 0.44912
0.41842 0.59342 0.48038
0.47204 0.59802 0.53953
0.46139 0.50220 0.64653
0.43641 0.49576 0.45333
0.51437 0.50302 0.46467
0.44512 0.50465 0.57372
0.55881 0.63754 0.46489
0.52588 0.47218 0.42372
0.49243 0.56048 0.55517
0.45602 0.42166 0.39161
0.45472 0.50282 0.56785
0.54913 0.53649 0.53474
0.37788 0.55273 0.53676
0.55914 0.56639 0.45863
0.55962 0.58913 0.54569
0.41706 0.60495 0.43762
0.46557 0.50371 0.43183
0.45479 0.42970 0.59920
0.46954 0.46214 0.26190
0.55742 0.61602 0.53521
0.41375 0.45587 0.46460
0.48067 0.45130 0.37851
0.57566 0.57948 0.48993
0.49635 0.51062 0.52469
0.61283 0.63061 0.43485
0.47167 0.51674 0.41967
0.50517 0.50371 0.60189
0.36036 0.52512 0.54499
0.51385 0.53055 0.60933
0.57458 0.56400 0.42169
0.51233 0.49723 0.58413
0.56428 0.60312 0.57835
0.46168 0.46995 0.60892
0.46439 0.48293 0.39818
0.43467 0.46799 0.58541
0.51588 0.55977 0.43859
0.39668 0.56524 0.44987
0.56581 0.56968 0.50782
0.44547 0.52251 0.49781
0.50760 0.51783 0.33046
0.57710 0.60160 0.51591
0.54631 0.48880 0.41876
0.33955 0.47182 0.42883
0.48315 0.49796 0.45808
0.49462 0.45405 0.52582
0.52685 0.54246 0.61356
0.51673 0.57494 0.41404
0.46076 0.43653 0.57152
0.44966 0.56429 0.48624
0.47938 0.57026 0.64717
0.56102 0.64411 0.36521
0.48396 0.53956 0.56150
0.47272 0.53317 0.54300
0.49084 0.47770 0.51932
0.53235 0.49200 0.48106
0.46265 0.61710 0.48956
0.42986 0.56162 0.48416
0.39338 0.49163 0.47165
0.50634 0.40152 0.56887
0.48056 0.57275 0.41650
0.40237 0.52440 0.43837
0.50240 0.52361 0.62321
0.52611 0.49385 0.37311
0.40588 0.51488 0.56054
0.48826 0.57731 0.50473
0.35211 0.43155 0.40509
0.45870 0.39978 0.53124
0.37216 0.44600 0.58620
0.36770 0.45392 0.44010
0.54218 0.54877 0.55194
0.47854 0.61255 0.30091
0.42868 0.41668 0.47047
0.49663 0.49706 0.50467
0.48846 0.56342 0.68591
0.47581 0.55577 0.50514
0.55303 0.54196 0.50677
0.45484 0.50604 0.58486
0.49953 0.53165 0.45727
0.63580 0.56588 0.57073
0.42317 0.43672 0.50666
0.40943 0.44866 0.59859
0.51184 0.56759 0.51703
0.51060 0.42071 0.36235
0.50114 0.59526 0.55164
0.58255 0.55809 0.48046
0.51577 0.47489 0.51136
0.51557 0.60014 0.62810
0.52912 0.42449 0.55815
0.51589 0.59692 0.62195
0.43686 0.49209 0.49154
0.48386 0.52993 0.61902
0.45088 0.47909 0.45025
0.47130 0.60608 0.51008
0.48953 0.62185 0.47375
0.48555 0.58795 0.62368
0.53441 0.54491 0.32907
0.46065 0.54754 0.64340
0.42647 0.56713 0.49348
0.44954 0.54520 0.48571
0.45215 0.58598 0.42944
0.51289 0.50981 0.42350
0.41958 0.48641 0.49633
0.46214 0.60042 0.47426
0.45513 0.54237 0.53924
0.43035 0.44380 0.54014
0.53382 0.54069 0.58247
0.52076 0.48701 0.40516
0.62612 0.49410 0.47018
0.44246 0.53734 0.52969
0.55515 0.54205 0.58475
0.49018 0.49426 0.43624
0.49195 0.45503 0.42612
0.49029 0.47994 0.43608
0.60691 0.56144 0.41597
0.58382 0.46817 0.46900
0.57468 0.50892 0.44110
0.43803 0.55901 0.39501
0.51331 0.52012 0.51358
0.54258 0.61834 0.44856
0.58381 0.55283 0.52701
0.40001 0.52163 0.56818
0.40845 0.53237 0.55188
0.45944 0.54609 0.45815
0.54160 0.50081 0.48572
0.41681 0.49928 0.45150
0.53226 0.64529 0.46818
0.50283 0.56812 0.43691
0.37412 0.52482 0.63037
0.58939 0.56803 0.47301
0.51638 0.48367 0.55354
0.42501 0.50422 0.52145
0.47326 0.54516 0.65855
0.50193 0.52314 0.57672
0.52223 0.57231 0.55233
0.46487 0.46977 0.44892
0.55865 0.53709 0.47268
0.56274 0.58707 0.40325
0.39138 0.53752 0.35210
0.37134 0.47939 0.68635
0.54741 0.50992 0.62076
0.40916 0.50137 0.56541
0.47419 0.52854 0.40877
0.53044 0.53600 0.45596
0.47038 0.39140 0.52031
0.49715 0.51046 0.55395
0.57229 0.58785 0.36475
0.54842 0.50508 0.44226
0.49213 0.44549 0.52128
0.52680 0.45768 0.53694
0.47919 0.55773 0.33267
0.42054 0.52302 0.55725
0.43380 0.48043 0.71801
0.61225 0.56512 0.44105
0.36713 0.38703 0.45108
0.50441 0.60516 0.57483
0.44679 0.53898 0.54202
0.46447 0.44102 0.52086
0.38413 0.53053 0.51589
0.63378 0.55614 0.57751
0.50724 0.51205 0.57038
0.53841 0.45454 0.49714
0.44271 0.51860 0.47052
0.51892 0.57431 0.49567
0.39653 0.41986 0.55868
0.48986 0.54774 0.51245
0.39061 0.53639 0.49083
0.42106 0.48248 0.57009
0.56808 0.63205 0.39076
0.53693 0.58686 0.45709
0.48937 0.50501 0.55905
0.48760 0.51090 0.46231
0.55572 0.56171 0.48696
0.41865 0.49054 0.49709
0.52509 0.54221 0.58224
0.52692 0.50546 0.44316
0.47187 0.45564 0.57650
0.37014 0.50412 0.39514
0.50914 0.55857 0.55334
0.53255 0.47612 0.61707
0.49608 0.47512 0.56607
0.53894 0.50711 0.42540
0.57204 0.63116 0.44036
0.45424 0.50680 0.55872
0.49321 0.46066 0.65205
0.55456 0.58387 0.54745
0.36629 0.54586 0.35763
0.47700 0.60581 0.58597
0.42660 0.45161 0.37626
0.41398 0.47418 0.56611
0.57364 0.62970 0.40133
0.42866 0.46853 0.57784
0.32381 0.42977 0.54273
0.40693 0.56159 0.59050
0.45621 0.52145 0.47048
0.46141 0.52525 0.64270
0.53124 0.54210 0.56658
0.57213 0.56314 0.42896
0.35008 0.48089 0.55336
0.51916 0.44852 0.54496
0.43533 0.53021 0.54970
0.44068 0.53746 0.38335
0.40559 0.54731 0.48774
0.56273 0.52774 0.46337
0.43754 0.47852 0.46786
0.48522 0.47922 0.53650
0.48805 0.55518 0.49720
0.38952 0.52899 0.56185
0.51664 0.53625 0.41615
0.44554 0.53851 0.52632
0.40074 0.53072 0.44135
0.48279 0.48582 0.46119
0.43834 0.56204 0.54582
0.48851 0.48917 0.38817
0.58375 0.67841 0.46690
0.52016 0.62965 0.44689
0.50766 0.57101 0.46124
0.45229 0.60617 0.59071
0.61863 0.58668 0.48770
0.37650 0.50682 0.56288
0.45203 0.50612 0.49017
0.42774 0.52936 0.58517
0.46654 0.53314 0.59015
0.45910 0.52695 0.48029
0.47604 0.48383 0.37415
0.51048 0.49039 0.43239
0.39446 0.50071 0.38390
0.49272 0.49464 0.49414
0.51487 0.49936 0.45156
0.52487 0.43878 0.49122
0.47412 0.66255 0.46618
0.47793 0.49980 0.58694
0.37867 0.49392 0.63829
0.49952 0.52156 0.50259
0.52196 0.56872 0.51410
0.47464 0.47800 0.55696
0.49851 0.58703 0.44315
0.44238 0.55257 0.62271
0.44271 0.43460 0.53245
0.47603 0.54159 0.54515
0.45222 0.57702 0.46520
0.54811 0.58140 0.54625
0.56795 0.60196 0.61072
0.43648 0.52318 0.36481
0.50076 0.46622 0.53997
0.55133 0.51785 0.47162
0.43431 0.39230 0.53214
0.45128 0.50120 0.49767
0.53142 0.55731 0.62459
0.51134 0.55398 0.45276
0.42519 0.54722 0.63644
0.60348 0.54061 0.49111
0.48666 0.55074 0.43177
0.47737 0.57297 0.42483
0.57846 0.64051 0.41451
0.53459 0.43588 0.49062
0.50740 0.51852 0.36150
0.47474 0.42177 0.52681
0.42806 0.43276 0.54592
0.46509 0.48724 0.51939
0.39893 0.53403 0.45160
0.51450 0.49043 0.54371
0.43481 0.54725 0.51642
0.50444 0.63082 0.53436
0.51756 0.44238 0.38498
0.48733 0.47766 0.52998
0.48707 0.51359 0.60786
0.41750 0.53337 0.57983
0.45543 0.59418 0.52997
0.44019 0.44200 0.47700
0.55388 0.56604 0.57191
0.61364 0.54253 0.40584
0.45477 0.55096 0.41922
0.47621 0.50090 0.54438
0.48661 0.52767 0.46397
0.60473 0.55843 0.51030
0.40518 0.54071 0.49822
0.44500 0.42635 0.47974
0.59911 0.57106 0.50032
0.38561 0.53437 0.69767
0.45637 0.50505 0.56311
0.57362 0.55991 0.55124
0.47302 0.51061 0.54123
0.54253 0.56636 0.46504
0.46684 0.45317 0.55320
0.52059 0.54557 0.44938
0.43329 0.45094 0.67400
0.50365 0.47733 0.43140
0.56503 0.64501 0.38026
0.58664 0.46152 0.48098
0.41485 0.55942 0.55804
0.52492 0.54156 0.59011
0.47129 0.57033 0.58166
0.56345 0.60710 0.49866
0.44179 0.49733 0.50062
0.43077 0.55021 0.51412
0.42162 0.49975 0.45678
0.42095 0.63362 0.54825
0.43883 0.50410 0.46841
0.49650 0.50852 0.53637
0.38067 0.46092 0.57379
0.54987 0.54792 0.48091
0.55011 0.61692 0.40885
0.49862 0.50837 0.49285
0.37745 0.54020 0.62545
0.43716 0.52782 0.43252
0.57031 0.40859 0.51724
0.56065 0.52707 0.50784
0.48726 0.56008 0.52346
0.42040 0.54182 0.43982
0.40628 0.54013 0.42045
0.37934 0.43917 0.53746
0.55565 0.60960 0.54937
0.50306 0.49512 0.39576
0.53057 0.48401 0.47903
0.52783 0.51740 0.52471
0.47256 0.58180 0.64756
0.44786 0.55201 0.55192
0.45986 0.50100 0.39121
0.53750 0.43943 0.58705
0.47737 0.52601 0.45696
0.54260 0.52087 0.46225
0.50079 0.45890 0.38735
0.60843 0.54126 0.61828
0.36457 0.43891 0.62988
0.43218 0.46458 0.54980
0.55407 0.63424 0.49273
0.50612 0.56626 0.55911
0.49214 0.39903 0.55367
0.54252 0.54533 0.39359
0.53882 0.50671 0.53142
0.52330 0.53478 0.57798
0.47993 0.44665 0.37621
0.41289 0.52344 0.50817
0.48729 0.56583 0.50983
0.56202 0.49938 0.55569
0.52176 0.56390 0.44171
0.45405 0.56469 0.43248
0.45761 0.48702 0.58724
0.57141 0.53463 0.38061
0.47564 0.50066 0.47380
0.42683 0.53631 0.39370
0.43325 0.66054 0.52722
0.44155 0.57486 0.41328
0.52640 0.56768 0.42851
0.47499 0.57437 0.45661
0.49257 0.50511 0.49264
0.43846 0.48333 0.53178
0.43053 0.55720 0.54458
0.49352 0.51154 0.60480
0.66017 0.67756 0.40827
0.54827 0.46831 0.53776
0.44876 0.56713 0.66393
0.44498 0.57358 0.61184
0.45123 0.54666 0.46299
0.41334 0.55731 0.41379
0.48214 0.52050 0.52734
0.50781 0.50763 0.47778
0.57273 0.50167 0.54268
0.63320 0.65780 0.43836
0.49474 0.59047 0.46494
0.62554 0.55894 0.38514
0.55949 0.45957 0.45381
0.49771 0.47080 0.55398
0.50307 0.53648 0.50805
0.50246 0.64269 0.43872
0.42113 0.49060 0.49644
0.52598 0.48843 0.46623
0.50095 0.49860 0.44668
0.54185 0.38726 0.47310
0.57934 0.53236 0.42609
0.60049 0.51003 0.47001
0.43958 0.61933 0.54352
0.35481 0.55052 0.42609
0.50632 0.52605 0.51861
0.53317 0.60184 0.48232
0.47977 0.52543 0.49298
0.39703 0.59482 0.41862
0.50756 0.57512 0.62432
0.45549 0.48781 0.39365
0.48292 0.62305 0.51448
0.53919 0.46837 0.56186
0.47215 0.55146 0.42729
0.51863 0.47750 0.41991
0.46032 0.52813 0.61655
0.39180 0.53187 0.53383
0.44233 0.44851 0.51505
0.43007 0.54963 0.53403
0.54551 0.55270 0.48912
0.62430 0.56318 0.51145
0.42762 0.45058 0.54044
0.49433 0.52819 0.59588
0.42449 0.59937 0.35427
0.48136 0.65935 0.50697
0.47237 0.47552 0.48373
0.56729 0.55744 0.46990
0.46313 0.51539 0.36443
0.46815 0.43762 0.44664
0.50208 0.52411 0.50866
0.45601 0.45276 0.66297
0.41609 0.52417 0.51943
0.50356 0.48604 0.46187
0.42036 0.54370 0.52212
0.58705 0.63721 0.51063
0.46987 0.48273 0.56685
0.60788 0.65987 0.49361
0.39318 0.60016 0.53003
0.48222 0.56626 0.47832
0.53006 0.60052 0.58355
0.45657 0.58698 0.52553
0.45899 0.53968 0.59736
0.53019 0.49119 0.59028
0.53553 0.51731 0.37936
0.48943 0.57562 0.38493
0.48126 0.58980 0.52509
0.47434 0.49866 0.54282
0.61998 0.61101 0.41375
0.56575 0.65070 0.42427
0.42938 0.51879 0.56591
0.39307 0.43897 0.65605
0.44967 0.51899 0.50073
0.41976 0.55815 0.65216
0.50234 0.40687 0.38984
0.54035 0.53719 0.50956
0.47408 0.53405 0.62897
0.54327 0.54534 0.40072
0.49279 0.49541 0.55078
0.47954 0.48265 0.59115
0.51430 0.58925 0.63177
0.41703 0.46054 0.56791
0.52361 0.66663 0.41961
0.41664 0.60241 0.60177
0.44877 0.47654 0.44452
0.53066 0.63464 0.39454
0.51026 0.51919 0.44850
0.46090 0.44609 0.50122
0.55037 0.53963 0.45853
0.45988 0.58991 0.54204
0.51478 0.47882 0.41589
0.57251 0.49819 0.59489
0.52603 0.57849 0.53240
0.33858 0.46180 0.58876
0.51597 0.53630 0.50585
0.55244 0.59813 0.40274
0.49549 0.49495 0.47199
0.35138 0.47504 0.68078
0.47033 0.55253 0.61003
0.59976 0.53288 0.42327
0.50438 0.57728 0.45224
0.49026 0.42186 0.55646
0.46522 0.51992 0.34321
0.44806 0.58952 0.53937
0.43100 0.55470 0.42246
0.47231 0.59887 0.44195
0.52056 0.40645 0.54884
0.58819 0.55962 0.56591
0.52597 0.58097 0.48775
0.48417 0.56239 0.55044
0.43892 0.50659 0.49667
0.46944 0.39921 0.47635
0.53724 0.46552 0.49472
0.48128 0.48669 0.47696
0.63101 0.48887 0.31928
0.57161 0.59493 0.45314
0.47052 0.45642 0.46913
0.46896 0.61629 0.49638
0.47979 0.55889 0.48542
0.48077 0.50569 0.49216
0.37823 0.50999 0.67451
0.48579 0.59313 0.67096
0.33611 0.46207 0.51077
0.46971 0.52178 0.56958
0.60472 0.57467 0.53245
0.42109 0.51553 0.62220
0.46834 0.48508 0.56395
0.45239 0.46540 0.46351
0.49555 0.53681 0.53146
0.37914 0.42735 0.70881
0.44727 0.55922 0.63089
0.48853 0.61695 0.51840
0.44701 0.60138 0.44960
0.50586 0.53715 0.54626
0.56533 0.60129 0.45606
0.45407 0.51678 0.57443
0.45426 0.51592 0.43006
0.46717 0.49473 0.61737
0.49251 0.56996 0.38499
0.45756 0.50024 0.58670
0.41705 0.43646 0.56262
0.63666 0.55908 0.37508
0.49112 0.61697 0.47983
0.44686 0.55871 0.48436
0.61758 0.53709 0.46726
0.43618 0.50590 0.54574
0.43645 0.47884 0.52397
0.42325 0.50369 0.63999
0.45559 0.57205 0.40360
0.40956 0.55936 0.44722
0.41762 0.51541 0.61011
0.54613 0.51171 0.55118
0.38738 0.43450 0.49513
0.65905 0.52903 0.59285
0.51120 0.50665 0.49728
0.54712 0.49107 0.44496
0.43770 0.44722 0.48544
0.45111 0.54413 0.42250
0.54152 0.55097 0.49210
0.41611 0.52802 0.57047
0.42210 0.61983 0.67517
0.52615 0.54859 0.42012
0.49490 0.63953 0.44986
0.59936 0.45914 0.46732
0.51506 0.51430 0.53102
0.61269 0.56253 0.43247
0.43043 0.43744 0.46515
0.47668 0.55950 0.53840
0.45859 0.51262 0.47727
0.42304 0.57259 0.56763
0.47650 0.57920 0.40868
0.53447 0.57693 0.38370
0.38937 0.54755 0.47076
0.44161 0.51796 0.43357
0.48741 0.51534 0.51689
0.56282 0.43859 0.53597
0.49268 0.55190 0.52641
0.50734 0.53978 0.45536
0.48820 0.55114 0.49361
0.48092 0.38562 0.54924
0.53086 0.56513 0.43803
0.53727 0.62038 0.52894
0.46796 0.58568 0.45323
0.37201 0.50420 0.51998
0.46460 0.58861 0.49843
0.54742 0.58072 0.48652
0.44910 0.51019 0.61506
0.54565 0.57201 0.52170
0.41928 0.49403 0.54655
0.52239 0.57502 0.48833
0.50033 0.44051 0.50217
0.49081 0.47424 0.33559
0.41443 0.48126 0.54166
0.51665 0.56137 0.51719
0.46253 0.58971 0.58561
0.48993 0.56220 0.47238
0.52226 0.44145 0.55093
0.37996 0.59022 0.40045
0.40956 0.40749 0.51340
0.51104 0.60009 0.44127
0.57023 0.53886 0.55529
0.58713 0.51101 0.47233
0.43544 0.44532 0.44474
0.43208 0.46246 0.59395
0.53638 0.55062 0.53524
0.61998 0.59698 0.54411
0.37561 0.46658 0.71790
0.59969 0.65238 0.47124
0.40527 0.46294 0.56777
0.55340 0.49194 0.56967
0.54247 0.51194 0.46242
0.55732 0.50655 0.47073
0.44473 0.50481 0.49206
0.45774 0.51181 0.50261
0.45454 0.57454 0.62806
0.42429 0.48332 0.41527
0.56864 0.59236 0.35952
0.58020 0.50605 0.42274
0.44441 0.53602 0.54978
0.43368 0.52650 0.52008
0.45725 0.52470 0.59799
0.47138 0.60567 0.53254
0.42596 0.47938 0.65973
0.49849 0.49082 0.59897
0.33824 0.40467 0.64835
0.53406 0.60948 0.48831
0.45191 0.62450 0.49783
0.51327 0.61816 0.35372
0.44507 0.52532 0.46259
0.42934 0.52533 0.62741
0.46527 0.49001 0.59902
0.50054 0.37682 0.43398
0.60734 0.40948 0.50122
0.37317 0.43591 0.59226
0.50522 0.56646 0.41769
0.54959 0.52598 0.48132
0.52040 0.59153 0.42295
0.56629 0.54765 0.34584
0.48060 0.56556 0.44868
0.47148 0.46108 0.61589
0.49482 0.55006 0.54601
0.46846 0.57327 0.47357
0.56619 0.57260 0.48833
0.55989 0.65057 0.35019
0.50197 0.53943 0.48462
0.48304 0.48713 0.47787
0.53921 0.54416 0.60475
0.50257 0.54768 0.53088
0.56907 0.52265 0.49076
0.50538 0.48009 0.45944
0.50194 0.49652 0.51654
0.44100 0.56844 0.48464
0.48825 0.53821 0.51930
0.39765 0.45673 0.49819
0.44440 0.54495 0.51774
0.41808 0.50704 0.67015
0.33128 0.52801 0.52503
0.41058 0.50203 0.65987
0.42664 0.47832 0.22757
0.41255 0.52384 0.56846
0.49861 0.65604 0.49056
0.47264 0.62072 0.55807
0.47027 0.54752 0.57477
0.39023 0.57856 0.48114
0.46981 0.56298 0.53111
0.42964 0.54416 0.60509
0.49174 0.51804 0.43592
0.50833 0.51182 0.50509
0.49421 0.47305 0.35368
0.62027 0.56259 0.53414
0.52355 0.46007 0.44501
0.47184 0.57432 0.60734
0.44515 0.51159 0.42098
0.46709 0.47842 0.55817
0.46069 0.57459 0.66318
0.32082 0.46719 0.53943
0.49779 0.52655 0.63703
0.45410 0.69288 0.45530
0.51705 0.58800 0.36083
0.47495 0.50438 0.57298
0.48337 0.50783 0.64076
0.32484 0.48421 0.51444
0.37315 0.47341 0.52701
0.45977 0.44881 0.54491
0.50771 0.53063 0.49472
0.43384 0.56675 0.58313
0.48224 0.57074 0.60956
0.45293 0.55772 0.47378
0.42345 0.46612 0.63355
0.50396 0.59262 0.52277
0.50109 0.48932 0.48907
0.51096 0.49646 0.53483
0.48346 0.54861 0.51275
0.55693 0.60856 0.53711
0.45541 0.49938 0.56344
0.40355 0.42594 0.50495
0.39639 0.56067 0.51423
0.43235 0.45905 0.48016
0.51771 0.55552 0.55072
0.45746 0.49401 0.60305
0.46261 0.43258 0.50126
0.49547 0.51928 0.47059
0.45312 0.53659 0.46014
0.48286 0.46849 0.52637
0.48824 0.49427 0.51470
0.48173 0.57824 0.47473
0.52137 0.52868 0.50380
0.49471 0.54866 0.40530
0.47168 0.55957 0.57591
0.41379 0.53812 0.61841
0.51684 0.61985 0.46112
0.55326 0.55346 0.45592
0.43704 0.51701 0.48556
0.48078 0.53514 0.57465
0.38379 0.43360 0.46722
0.48064 0.51912 0.54722
0.52757 0.61141 0.43062
0.48979 0.51512 0.54742
0.61880 0.52696 0.46012
0.50355 0.56314 0.52707
0.53588 0.51568 0.41066
0.48176 0.55457 0.54526
0.44465 0.46624 0.46104
0.49976 0.57276 0.39699
0.52193 0.50575 0.47204
0.51999 0.53584 0.46591
0.42422 0.43703 0.59736
0.57945 0.70762 0.51519
0.38241 0.51107 0.58425
0.47773 0.56092 0.62201
0.47081 0.38156 0.51735
0.48298 0.54616 0.46566
0.39354 0.50055 0.47394
0.51505 0.58853 0.56091
0.47774 0.59321 0.52745
0.46783 0.54581 0.59412
0.52200 0.58949 0.47128
0.54280 0.68144 0.42241
0.59600 0.50958 0.57192
0.48862 0.57739 0.52387
0.64600 0.59823 0.37926
0.40549 0.49665 0.54039
0.45886 0.57776 0.43876
0.47303 0.53714 0.43686
0.58201 0.63660 0.58654
0.61319 0.46212 0.53378
0.55096 0.41561 0.38929
0.61220 0.38905 0.43678
0.46424 0.50835 0.54999
0.42024 0.52930 0.53380
0.44143 0.40581 0.45513
0.35332 0.48948 0.69426
0.53098 0.57604 0.52148
0.44154 0.47196 0.64986
0.51093 0.54362 0.43948
0.41202 0.58783 0.49939
0.50919 0.56135 0.56490
0.40553 0.42123 0.59099
0.45453 0.51304 0.58886
0.47595 0.55970 0.46084
0.47669 0.63219 0.36129
0.53344 0.53795 0.43321
0.43368 0.47949 0.40703
0.50179 0.51749 0.68275
0.50573 0.54358 0.61588
0.49340 0.51172 0.52144
0.46047 0.57838 0.53431
0.45584 0.48712 0.33075
0.40883 0.48060 0.45482
0.42838 0.47275 0.45133
0.55941 0.53078 0.46515
0.50956 0.52081 0.50431
0.44193 0.55280 0.52408
0.54882 0.56830 0.59764
0.47385 0.43482 0.41831
0.49137 0.55305 0.49247
0.51769 0.57017 0.62769
0.49699 0.53095 0.56316
0.48147 0.46176 0.55389
0.52801 0.49410 0.61882
0.40929 0.54516 0.60411
0.50418 0.57966 0.52660
0.49518 0.53467 0.50051
0.34430 0.49235 0.39415
0.55623 0.45256 0.40992
0.54027 0.52794 0.47306
0.42423 0.48380 0.41320
0.58095 0.53523 0.47303
0.50135 0.48826 0.49464
0.57411 0.52141 0.56428
0.47402 0.54428 0.51422
0.56239 0.60991 0.62292
0.43219 0.56428 0.55534
0.53326 0.51599 0.55347
0.46022 0.51625 0.52516
0.43231 0.62915 0.56104
0.45116 0.46801 0.48875
0.55646 0.60793 0.57401
0.45817 0.42118 0.50876
0.37132 0.48492 0.40635
0.51036 0.54276 0.50852
0.57160 0.50629 0.51228
0.39645 0.44832 0.65810
0.39030 0.49635 0.58518
0.49871 0.45039 0.62736
0.41819 0.54997 0.60990
0.53790 0.56300 0.42062
0.44717 0.52144 0.52069
0.46525 0.59902 0.49106
0.49963 0.54632 0.59203
0.53203 0.44441 0.45486
0.53591 0.62802 0.45808
0.46698 0.61000 0.46620
0.52799 0.47531 0.43696
0.47264 0.56754 0.52956
0.40020 0.54728 0.49419
0.46612 0.50536 0.53495
0.40023 0.45684 0.54344
0.52482 0.52609 0.53282
0.46019 0.48355 0.60574
0.41348 0.50062 0.52659
0.46880 0.45692 0.47225
0.42910 0.52457 0.42556
0.43031 0.49244 0.48464
0.57421 0.52409 0.49179
0.38308 0.50608 0.58827
0.50871 0.60370 0.53823
0.48617 0.44159 0.52508
0.51158 0.54013 0.50205
0.53456 0.48030 0.55688
0.49625 0.56912 0.51662
0.48681 0.66667 0.47451
0.37647 0.47668 0.66315
0.44683 0.51855 0.55594
0.39333 0.52876 0.71472
0.42719 0.52413 0.53390
0.59265 0.51095 0.41439
0.48743 0.51007 0.45022
0.45016 0.52515 0.40167
0.41966 0.53557 0.31329
0.52048 0.57818 0.59185
0.41904 0.54048 0.37824
0.44955 0.56423 0.60741
0.54629 0.51483 0.58214
0.37159 0.42665 0.66252
0.37919 0.50366 0.62927
0.47477 0.48832 0.50439
0.55108 0.59874 0.47508
0.45266 0.48978 0.50801
0.52454 0.59723 0.49773
0.48441 0.50692 0.47827
0.41881 0.53036 0.50435
0.56338 0.53512 0.48175
0.54224 0.56975 0.49358
0.42567 0.51487 0.48092
0.54505 0.40435 0.45528
0.65667 0.71289 0.46651
0.45636 0.62394 0.46524
0.50202 0.46942 0.57029
0.50146 0.58396 0.47896
0.44924 0.48270 0.43226
0.44716 0.57382 0.58147
0.51477 0.49858 0.63507
0.37729 0.47747 0.52787
0.40166 0.47260 0.66230
0.45417 0.43091 0.57074
0.50241 0.55480 0.49696
0.42737 0.54776 0.58458
0.50061 0.51199 0.37278
0.49312 0.49904 0.44377
0.48673 0.57551 0.35855
0.54338 0.56879 0.42365
0.51418 0.50600 0.47369
0.48395 0.57001 0.45923
0.49091 0.45943 0.38406
0.47274 0.52652 0.40469
0.45363 0.55994 0.57066
0.39819 0.52765 0.60974
0.48365 0.59304 0.43412
0.49053 0.53121 0.47956
0.61001 0.50282 0.42149
0.48395 0.56169 0.46441
0.42448 0.56061 0.56802
0.48675 0.48743 0.37657
0.49668 0.50822 0.60256
0.48133 0.56047 0.46180
0.38247 0.51147 0.52439
0.50498 0.58170 0.56259
0.48037 0.56214 0.43952
0.41910 0.42002 0.51660
0.40583 0.51051 0.48945
0.46751 0.49590 0.59848
0.53160 0.55118 0.55340
0.49114 0.52563 0.42942
0.46643 0.59458 0.46469
0.48703 0.50467 0.50648
0.58871 0.56119 0.56000
0.43229 0.49684 0.46084
0.44136 0.49107 0.52049
0.43236 0.46272 0.60724
0.43470 0.49190 0.46241
0.45710 0.65100 0.52703
0.56040 0.65577 0.45071
0.58319 0.63242 0.54046
0.47117 0.47696 0.63533
0.46603 0.51456 0.55653
0.49433 0.49406 0.53634
0.47450 0.53913 0.55436
0.41873 0.52478 0.59340
0.42610 0.54810 0.52815
0.45356 0.58199 0.61065
0.55904 0.48883 0.45164
0.41367 0.54376 0.56606
0.44406 0.49683 0.52099
0.47874 0.63867 0.52238
0.49669 0.53558 0.57037
0.35420 0.44733 0.68265
0.43735 0.50470 0.67409
0.43248 0.48803 0.56725
0.48887 0.58802 0.56450
0.57416 0.60312 0.44930
0.43363 0.52200 0.49276
0.41260 0.47555 0.49407
0.54022 0.51358 0.50806
0.57651 0.56744 0.47695
0.42361 0.50840 0.51893
0.44650 0.48334 0.54294
0.55740 0.56263 0.59012
0.47366 0.51221 0.45748
0.45439 0.57044 0.49260
0.37568 0.54675 0.56721
0.56794 0.63178 0.40324
0.38562 0.54154 0.52774
0.53977 0.60667 0.32517
0.41881 0.47599 0.60659
0.41816 0.46586 0.59289
0.46274 0.51414 0.47812
0.42836 0.46436 0.58710
0.36083 0.53337 0.43320
0.40861 0.54175 0.39775
0.43808 0.48081 0.53126
0.52699 0.55560 0.52169
0.47523 0.52025 0.51080
0.56178 0.50615 0.49994
0.40718 0.39788 0.42418
0.58852 0.64678 0.39360
0.50281 0.54621 0.33589
0.49237 0.64426 0.49768
0.36257 0.56126 0.37572
0.56007 0.51050 0.48228
0.52470 0.50409 0.44155
0.45821 0.40291 0.56119
0.47896 0.48283 0.35239
0.56929 0.59188 0.35697
0.50039 0.50546 0.63272
0.58310 0.56277 0.42713
0.61184 0.62032 0.43362
0.56391 0.60395 0.47111
0.46953 0.51492 0.49876
0.49726 0.47274 0.49578
0.34077 0.47724 0.51794
0.48441 0.60212 0.53692
0.49044 0.48792 0.56675
0.46802 0.51008 0.38822
0.58771 0.44506 0.54947
0.42996 0.51675 0.63904
0.39373 0.41715 0.49871
0.43288 0.42027 0.39780
0.42426 0.52896 0.54762
0.44890 0.54050 0.51780
0.38396 0.44528 0.49365
0.54389 0.59718 0.47922
0.47985 0.55851 0.61880
0.49721 0.53692 0.41582
0.47056 0.55904 0.38564
0.43765 0.45438 0.65665
0.52840 0.60607 0.40291
0.36472 0.50147 0.59073
0.51922 0.58726 0.27202
0.49764 0.57994 0.59423
0.38806 0.45676 0.46522
0.55700 0.47281 0.49586
0.43241 0.57985 0.48486
0.46002 0.45496 0.55413
0.54356 0.58646 0.43013
0.46985 0.54626 0.59673
0.55756 0.57487 0.46967
0.40801 0.40802 0.55870
0.50315 0.49540 0.50737
0.62486 0.56930 0.36536
0.52491 0.61234 0.41721
0.49471 0.58988 0.65020
0.53721 0.60782 0.41064
0.58950 0.50986 0.38239
0.52432 0.54527 0.34507
0.48323 0.52918 0.62873
0.38261 0.50725 0.46047
0.63517 0.56300 0.40913
0.54145 0.50981 0.51518
0.37038 0.59517 0.71286
0.56385 0.48063 0.34374
0.49828 0.59826 0.55165
0.46319 0.50447 0.57624
0.64519 0.59788 0.49668
0.54935 0.55971 0.43798
0.46688 0.42743 0.59148
0.48081 0.48262 0.54142
0.43204 0.58401 0.38855
0.51004 0.48213 0.48570
0.44895 0.60375 0.51435
0.57456 0.52623 0.35218
0.45113 0.61800 0.48197
0.51906 0.56772 0.45003
0.35179 0.48176 0.55192
0.49511 0.62982 0.51183
0.63962 0.62838 0.46317
0.44488 0.59395 0.56059
0.34721 0.53364 0.54681
0.40654 0.44882 0.45290
0.38720 0.45671 0.58364
0.46885 0.55057 0.47364
0.53573 0.49280 0.45380
0.44453 0.52885 0.48129
0.50919 0.51838 0.47649
0.50292 0.54972 0.59723
0.57104 0.47956 0.50766
0.47218 0.49090 0.55159
0.54491 0.58705 0.54957
0.57108 0.61723 0.51834
0.51472 0.51463 0.40020
0.54582 0.50403 0.40029
0.40198 0.48316 0.48867
0.46722 0.51251 0.57582
0.37737 0.46214 0.53228
0.41156 0.54732 0.65735
0.48430 0.50905 0.55665
0.40942 0.47065 0.39796
0.49562 0.62662 0.49562
0.53672 0.58913 0.46434
0.45275 0.55261 0.52788
0.43689 0.57750 0.47410
0.48021 0.47667 0.49160
0.46632 0.51608 0.41232
0.39943 0.46096 0.56419
0.56173 0.47073 0.48723
