20 7 1000 7070 341
0.02208 0.52041 0.33673
0.60556 0.81113 0.28292
0.72956 0.37356 0.94726
0.65737 0.41269 0.67112
0.48822 0.16964 0.12987
0.83788 0.92036 0.40670
0.43916 0.28142 0.34666
0.57691 0.65822 0.33920
0.45330 0.37143 0.33429
0.56270 0.36820 0.34590
0.50790 0.48254 0.43870
0.52624 0.55615 0.42204
0.51294 0.31832 0.34730
0.52010 0.44896 0.52413
0.54620 0.39341 0.48799
0.63554 0.54094 0.64791
0.37149 0.44726 0.41897
0.48416 0.40471 0.35169
0.58831 0.46685 0.57612
0.60953 0.36217 0.60415
0.49193 0.49859 0.28502
0.52178 0.42792 0.44809
0.59635 0.53774 0.50437
0.50525 0.58315 0.43309
0.63004 0.72453 0.34522
0.69848 0.68934 0.43112
0.48728 0.56902 0.33577
0.54252 0.38368 0.30731
0.39927 0.46355 0.31229
0.45030 0.48293 0.30066
0.60632 0.58918 0.55164
0.44976 0.63639 0.40111
0.54299 0.53720 0.46002
0.67016 0.56332 0.45336
0.24585 0.53644 0.38872
0.63540 0.53965 0.53625
0.61905 0.59534 0.35366
0.59794 0.55142 0.45099
0.54035 0.44057 0.47794
0.60216 0.49776 0.43122
0.66866 0.49679 0.60787
0.33134 0.55777 0.38017
0.54416 0.45252 0.38412
0.67105 0.53391 0.54768
0.60633 0.42188 0.48558
0.51099 0.60574 0.40656
0.63559 0.66811 0.42010
0.58280 0.51743 0.38800
0.37173 0.33938 0.25829
0.56070 0.39442 0.62183
0.48274 0.52211 0.34310
0.61212 0.67437 0.32518
0.56920 0.64031 0.42607
0.49700 0.46571 0.39800
0.63703 0.55926 0.55671
0.52595 0.46630 0.49638
0.62133 0.47450 0.48578
0.59533 0.74788 0.36354
0.46950 0.54111 0.28463
0.64096 0.50627 0.41187
0.54100 0.60529 0.34096
0.50735 0.38089 0.44254
0.62861 0.42845 0.56132
0.41522 0.36558 0.37040
0.50889 0.45254 0.33234
0.46094 0.52068 0.50508
0.61153 0.45752 0.56502
0.63561 0.62589 0.45078
0.52805 0.34505 0.27651
0.53045 0.43167 0.32643
0.64433 0.53783 0.60223
0.58141 0.58941 0.45399
0.54987 0.51184 0.31808
0.52339 0.36143 0.44194
0.51238 0.43916 0.26096
0.33618 0.38802 0.34186
0.63730 0.76261 0.34594
0.56529 0.52652 0.40124
0.44392 0.47027 0.33591
0.58039 0.47072 0.63303
0.48035 0.47241 0.54806
0.50097 0.59250 0.38438
0.55999 0.63889 0.32467
0.54853 0.46793 0.46972
0.68887 0.51078 0.57103
0.38490 0.46300 0.43298
0.56525 0.44905 0.31097
0.42364 0.39672 0.48259
0.57347 0.53186 0.45057
0.37489 0.40162 0.26782
0.38458 0.43854 0.40625
0.48600 0.41481 0.35944
0.53379 0.34480 0.51088
0.51704 0.63566 0.38154
0.51150 0.52670 0.44585
0.50119 0.28063 0.26357
0.59541 0.42329 0.51503
0.60165 0.57544 0.43570
0.48883 0.51411 0.47574
0.61586 0.62963 0.47509
0.50028 0.50147 0.43504
0.53621 0.52132 0.44212
0.46098 0.51657 0.32423
0.47365 0.32181 0.37488
0.60000 0.51095 0.48765
0.44434 0.44031 0.42445
0.47207 0.45081 0.34400
0.48106 0.34094 0.27027
0.65331 0.48122 0.62289
0.50923 0.43923 0.38377
0.59956 0.47597 0.40219
0.62123 0.51738 0.44858
0.57199 0.42897 0.54472
0.68151 0.55840 0.54110
0.45036 0.43514 0.55118
0.62115 0.48480 0.42519
0.40608 0.48127 0.45487
0.40583 0.62274 0.32444
0.43602 0.53234 0.39665
0.51960 0.57394 0.37994
0.60182 0.41609 0.52370
0.51391 0.46521 0.40877
0.64009 0.49275 0.49821
0.65850 0.59326 0.37546
0.31972 0.49025 0.46273
0.48446 0.57002 0.44865
0.49716 0.47579 0.47755
0.55478 0.43151 0.43164
0.46828 0.42353 0.35783
0.50687 0.42091 0.34642
0.47913 0.54900 0.40505
0.55301 0.55172 0.46611
0.51296 0.44478 0.55294
0.64951 0.54583 0.53450
0.56852 0.46693 0.47177
0.66492 0.72145 0.43929
0.49118 0.36181 0.31861
0.49603 0.57576 0.39235
0.57945 0.49575 0.35155
0.64125 0.48818 0.53326
0.46882 0.43605 0.41237
0.47706 0.51795 0.34826
0.51105 0.39151 0.42112
0.63273 0.48122 0.46641
0.58218 0.71998 0.41543
0.43278 0.55099 0.35215
0.43476 0.41534 0.48734
0.66479 0.69989 0.41277
0.52907 0.43468 0.43559
0.65823 0.57191 0.58889
0.56866 0.49406 0.45727
0.60326 0.59841 0.31360
0.63293 0.48328 0.40077
0.41970 0.51963 0.35416
0.39685 0.47964 0.45071
0.58986 0.54742 0.46841
0.58898 0.37849 0.58309
0.61422 0.51260 0.52571
0.53641 0.51718 0.36867
0.56991 0.55857 0.45443
0.48446 0.59229 0.45780
0.48016 0.43369 0.45870
0.63184 0.59120 0.53113
0.58214 0.55612 0.51589
0.47500 0.44591 0.39750
0.65225 0.62730 0.50573
0.64041 0.63137 0.38139
0.45487 0.36392 0.28842
0.39680 0.50412 0.43835
0.63513 0.51722 0.53186
0.37417 0.52558 0.41531
0.60404 0.45944 0.51435
0.45743 0.42234 0.39714
0.51990 0.38386 0.43026
0.53759 0.36844 0.44254
0.49987 0.33265 0.30678
0.52348 0.44615 0.57681
0.50356 0.39707 0.34288
0.49433 0.43383 0.39215
0.47377 0.49225 0.39013
0.53385 0.46530 0.41622
0.52527 0.49575 0.35675
0.42787 0.44911 0.46772
0.62509 0.45476 0.55150
0.57151 0.43080 0.55006
0.64217 0.38316 0.62805
0.54090 0.53888 0.38143
0.62016 0.58709 0.33083
0.55433 0.37133 0.47618
0.56573 0.68631 0.41425
0.52164 0.43421 0.52011
0.56429 0.44319 0.54663
0.44477 0.40360 0.43675
0.41179 0.46321 0.41464
0.48688 0.32818 0.38419
0.59320 0.40215 0.46651
0.39444 0.47848 0.40354
0.64665 0.46856 0.59921
0.67117 0.61388 0.50902
0.54875 0.57675 0.34472
0.55993 0.37429 0.36615
0.55054 0.35098 0.30766
0.60302 0.49388 0.37951
0.60414 0.43036 0.51157
0.67047 0.66321 0.48675
0.58320 0.50035 0.35648
0.46635 0.58714 0.42324
0.54680 0.54156 0.33151
0.60553 0.60846 0.42408
0.52378 0.39863 0.25093
0.57448 0.36929 0.45954
0.54860 0.56976 0.51395
0.46084 0.51998 0.51096
0.60493 0.56476 0.43232
0.52219 0.47096 0.59028
0.56080 0.40101 0.50520
0.37004 0.56110 0.34076
0.61755 0.55498 0.52196
0.51544 0.54084 0.41602
0.49522 0.36850 0.39672
0.57521 0.65562 0.45340
0.52866 0.40357 0.48280
0.44571 0.36646 0.27371
0.64400 0.48976 0.55617
0.59392 0.50653 0.50456
0.63187 0.55556 0.49240
0.44455 0.52130 0.48729
0.55766 0.55285 0.46086
0.56222 0.61397 0.45550
0.48427 0.41339 0.47903
0.53534 0.56976 0.52533
0.58066 0.47571 0.54983
0.49380 0.43357 0.31942
0.48481 0.37030 0.42205
0.46721 0.63562 0.33714
0.36943 0.45483 0.32785
0.28672 0.49468 0.36782
0.56583 0.48945 0.59075
0.55357 0.43999 0.46599
0.41667 0.47485 0.35387
0.35980 0.55690 0.40766
0.57651 0.46548 0.49753
0.64066 0.67731 0.42429
0.54856 0.45216 0.43850
0.48763 0.56434 0.43358
0.64931 0.55093 0.54908
0.55495 0.53909 0.41223
0.56869 0.53941 0.32653
0.56267 0.45531 0.44402
0.54006 0.59889 0.41504
0.65452 0.44989 0.68887
0.40859 0.42072 0.34656
0.65715 0.49247 0.67109
0.43720 0.42249 0.40372
0.55785 0.42871 0.49291
0.54426 0.37410 0.39465
0.57820 0.54530 0.37607
0.62777 0.55018 0.40917
0.50679 0.29825 0.32118
0.63131 0.42255 0.50216
0.54699 0.64241 0.31953
0.62408 0.69801 0.37473
0.53102 0.41971 0.35503
0.47657 0.33735 0.36735
0.60954 0.55818 0.50075
0.51437 0.48023 0.36271
0.55527 0.52516 0.43377
0.50001 0.46441 0.33610
0.55329 0.37517 0.42372
0.40256 0.49280 0.30530
0.62870 0.68985 0.40469
0.60296 0.58802 0.36049
0.51428 0.41623 0.61799
0.54769 0.41033 0.45460
0.49397 0.38971 0.26407
0.73175 0.65151 0.48515
0.47565 0.52262 0.50769
0.61171 0.40564 0.57429
0.70033 0.53849 0.66070
0.44562 0.45818 0.57035
0.47744 0.40166 0.28543
0.53860 0.51227 0.58165
0.60399 0.40012 0.41423
0.59991 0.63718 0.44294
0.55909 0.46849 0.59680
0.61460 0.49500 0.50423
0.42537 0.53443 0.47075
0.42310 0.42244 0.36918
0.52964 0.53107 0.36928
0.46183 0.39439 0.38365
0.38748 0.57569 0.41903
0.53992 0.48484 0.61497
0.58898 0.47244 0.40628
0.51517 0.45011 0.45043
0.46962 0.41820 0.43420
0.51879 0.56788 0.49531
0.49815 0.40619 0.33645
0.55656 0.39226 0.36727
0.54638 0.37107 0.35673
0.51491 0.45188 0.34941
0.49188 0.55784 0.39366
0.55654 0.47921 0.44000
0.57618 0.49813 0.37194
0.60875 0.53412 0.48054
0.52520 0.56673 0.38630
0.64245 0.56421 0.53341
0.33119 0.52858 0.38573
0.68071 0.55354 0.63096
0.66420 0.53348 0.53737
0.52607 0.44384 0.37255
0.62988 0.42284 0.60478
0.48287 0.51398 0.49872
0.49738 0.40101 0.36003
0.60666 0.70090 0.37941
0.51029 0.49071 0.33933
0.58229 0.49435 0.47676
0.49894 0.57536 0.37545
0.53632 0.50112 0.42890
0.62516 0.63741 0.50569
0.68949 0.68238 0.49094
0.47301 0.63513 0.41964
0.51728 0.42786 0.37635
0.44221 0.42232 0.37708
0.49356 0.32671 0.30046
0.60154 0.47022 0.43785
0.74974 0.81035 0.40659
0.43398 0.46524 0.37846
0.33719 0.36168 0.34100
0.43407 0.47491 0.40196
0.64901 0.50559 0.58411
0.62785 0.56645 0.44880
0.48805 0.51448 0.40406
0.38174 0.54197 0.40872
0.43900 0.51817 0.39808
0.47739 0.35459 0.39246
0.58337 0.52234 0.39150
0.53310 0.50060 0.43749
0.63334 0.50613 0.48567
0.58253 0.48568 0.37069
0.63486 0.58046 0.41589
0.41373 0.53794 0.36306
0.48721 0.46423 0.39304
0.52253 0.58199 0.35804
0.57038 0.37291 0.53563
0.62875 0.57199 0.46824
0.54596 0.36460 0.42645
0.50943 0.29192 0.24145
0.54736 0.39651 0.52936
0.56438 0.57533 0.37921
0.59339 0.52716 0.43586
0.63453 0.41731 0.67137
0.41904 0.38304 0.35364
0.54262 0.50536 0.40267
0.57376 0.43172 0.51550
0.58973 0.51465 0.46432
0.41529 0.41743 0.46076
0.50396 0.49706 0.47092
0.57026 0.35970 0.43803
0.66211 0.56291 0.57423
0.45700 0.46181 0.38791
0.63468 0.51392 0.62273
0.43033 0.52220 0.46287
0.54183 0.41688 0.35100
0.56596 0.54728 0.38612
0.38720 0.44108 0.33610
0.64273 0.60981 0.46934
0.56503 0.65322 0.44623
0.52059 0.52361 0.53362
0.51923 0.53111 0.46294
0.60030 0.62127 0.51817
0.68744 0.43752 0.66164
0.69607 0.54039 0.64595
0.51863 0.44438 0.33840
0.36513 0.41431 0.40111
0.50263 0.54597 0.44881
0.61676 0.65333 0.38666
0.55259 0.44060 0.38160
0.40526 0.52568 0.32464
0.60451 0.39372 0.58431
0.46800 0.50929 0.51925
0.63300 0.53485 0.49013
0.60600 0.36787 0.49714
0.48652 0.32377 0.31278
0.55544 0.62377 0.40335
0.60824 0.51194 0.57545
0.57661 0.60037 0.49209
0.59959 0.41513 0.57314
0.49815 0.28939 0.22147
0.62271 0.54718 0.45436
0.66533 0.53019 0.48076
0.48184 0.44150 0.48700
0.48523 0.53458 0.43600
0.55423 0.43567 0.37728
0.59482 0.55905 0.37478
0.51689 0.47419 0.55826
0.47946 0.56280 0.32819
0.34166 0.44123 0.35527
0.45205 0.52699 0.37753
0.58683 0.66480 0.38524
0.62439 0.53364 0.36154
0.58116 0.57718 0.38095
0.51400 0.47284 0.47404
0.48941 0.58575 0.38500
0.59860 0.53884 0.51123
0.51331 0.43915 0.38458
0.50215 0.50777 0.43279
0.54639 0.68378 0.31994
0.40274 0.46241 0.43123
0.57956 0.49985 0.54462
0.59488 0.37584 0.52672
0.62820 0.45344 0.58215
0.51386 0.37002 0.31468
0.63944 0.38848 0.61255
0.64379 0.59425 0.49228
0.25386 0.52671 0.39635
0.42828 0.45513 0.34682
0.48886 0.46881 0.38111
0.54508 0.34211 0.44786
0.54891 0.44184 0.45270
0.57815 0.52325 0.37705
0.59025 0.41553 0.32837
0.55803 0.49819 0.47363
0.60273 0.44978 0.53878
0.53159 0.61328 0.38538
0.43882 0.47584 0.47432
0.57770 0.46967 0.55647
0.62672 0.50601 0.48626
0.54133 0.41740 0.29931
0.63420 0.41053 0.64744
0.63408 0.66820 0.46722
0.62290 0.44883 0.47314
0.52041 0.50781 0.45178
0.31404 0.47606 0.41362
0.64167 0.53347 0.54509
0.51568 0.52089 0.36929
0.63358 0.57709 0.43759
0.38969 0.47151 0.33732
0.67706 0.77543 0.39422
0.50393 0.42783 0.51275
0.58331 0.48526 0.36818
0.42755 0.43694 0.54043
0.73642 0.75605 0.44583
0.50217 0.26083 0.30114
0.62757 0.40641 0.56940
0.53035 0.48259 0.49732
0.35546 0.52485 0.51313
0.50528 0.63860 0.36450
0.70984 0.72049 0.51742
0.62759 0.60377 0.50904
0.53435 0.50954 0.44565
0.45694 0.49930 0.35881
0.55725 0.48939 0.44329
0.47384 0.39566 0.52762
0.53992 0.45130 0.54808
0.62683 0.69151 0.40256
0.66723 0.59150 0.53158
0.37324 0.54300 0.39765
0.56009 0.45031 0.59567
0.57161 0.45299 0.54530
0.56478 0.44517 0.53098
0.65275 0.61577 0.34750
0.50005 0.39278 0.36793
0.51882 0.40341 0.37967
0.50032 0.46266 0.49117
0.60284 0.52631 0.50484
0.51205 0.46340 0.45916
0.51958 0.54005 0.54608
0.36365 0.52022 0.34732
0.46335 0.44050 0.54263
0.51274 0.48665 0.50213
0.38718 0.52360 0.43860
0.62966 0.60132 0.52207
0.62487 0.60934 0.52422
0.62800 0.38734 0.61852
0.62036 0.58685 0.35683
0.53593 0.55209 0.35471
0.53067 0.64779 0.44498
0.49456 0.43498 0.44150
0.58814 0.42286 0.49282
0.46760 0.62812 0.42148
0.60299 0.40022 0.49823
0.31147 0.49955 0.39461
0.51938 0.35681 0.35765
0.52883 0.43136 0.37192
0.49299 0.62216 0.32275
0.57413 0.37646 0.42719
0.57190 0.56753 0.49201
0.45379 0.50943 0.46883
0.58034 0.51872 0.40663
0.66862 0.53118 0.53220
0.45365 0.37002 0.41279
0.57635 0.50814 0.48227
0.45523 0.40980 0.24498
0.60422 0.53693 0.53617
0.48933 0.54894 0.40742
0.41141 0.40916 0.36220
0.71318 0.69584 0.41257
0.69015 0.67704 0.48486
0.62649 0.56687 0.46344
0.52116 0.48133 0.43478
0.61714 0.42746 0.55987
0.59016 0.54082 0.41033
0.41175 0.51115 0.28286
0.46977 0.41468 0.50098
0.43630 0.48260 0.35637
0.47855 0.37819 0.36575
0.39322 0.45173 0.41002
0.48330 0.39241 0.39025
0.57079 0.42861 0.65768
0.47663 0.42946 0.52598
0.58443 0.52255 0.46938
0.74645 0.65453 0.59692
0.56507 0.38792 0.56526
0.48869 0.59861 0.29855
0.53590 0.48671 0.37742
0.58771 0.41849 0.54604
0.40870 0.48552 0.52001
0.49650 0.39464 0.38107
0.67856 0.52861 0.66073
0.48012 0.45234 0.45130
0.54669 0.42373 0.33728
0.56601 0.47608 0.43571
0.60743 0.46772 0.55093
0.39559 0.48453 0.33115
0.45155 0.53986 0.42889
0.61147 0.51688 0.48760
0.66444 0.44446 0.74315
0.55522 0.54195 0.41892
0.41567 0.36188 0.39358
0.63499 0.46499 0.59740
0.54224 0.39107 0.34816
0.52834 0.46230 0.38923
0.49305 0.58383 0.47532
0.49609 0.50481 0.37761
0.53329 0.43235 0.59122
0.49131 0.49228 0.46115
0.53019 0.47270 0.62065
0.63291 0.47092 0.64138
0.55479 0.48745 0.38766
0.57218 0.39544 0.38064
0.55159 0.41537 0.33253
0.60423 0.49015 0.42607
0.52178 0.33556 0.50515
0.59795 0.39471 0.48252
0.48336 0.42682 0.48804
0.54332 0.44970 0.39483
0.51531 0.49022 0.30817
0.57935 0.54655 0.48093
0.64089 0.61657 0.38378
0.50414 0.52579 0.47895
0.48085 0.46446 0.43998
0.48161 0.48539 0.34978
0.57864 0.56527 0.40239
0.57253 0.43659 0.36507
0.54158 0.51558 0.37668
0.42752 0.42157 0.48860
0.53735 0.49191 0.47625
0.59990 0.37876 0.54168
0.56212 0.45467 0.43856
0.44415 0.57689 0.37881
0.44869 0.42770 0.48544
0.55299 0.52569 0.42036
0.36765 0.48104 0.41065
0.56729 0.48570 0.46299
0.63168 0.48741 0.58919
0.56473 0.35235 0.54734
0.38976 0.45618 0.45867
0.67898 0.63406 0.46770
0.63781 0.46118 0.56298
0.51402 0.41321 0.48472
0.57440 0.54591 0.53459
0.59727 0.62651 0.34813
0.59404 0.58835 0.48436
0.62418 0.52697 0.60688
0.62554 0.67106 0.41454
0.64804 0.66137 0.45890
0.58971 0.52094 0.39995
0.56379 0.57188 0.54862
0.42751 0.57274 0.35808
0.47504 0.49917 0.39707
0.66518 0.55475 0.54813
0.41622 0.53766 0.41741
0.51538 0.50367 0.42961
0.60645 0.71080 0.40037
0.48753 0.41285 0.48438
0.58026 0.37856 0.43818
0.50042 0.37385 0.42961
0.64451 0.46635 0.62490
0.57313 0.40257 0.59433
0.59245 0.40195 0.53900
0.32072 0.47531 0.39287
0.56063 0.44152 0.46567
0.51040 0.55588 0.37621
0.47653 0.52323 0.33393
0.45789 0.39500 0.45349
0.45699 0.49051 0.40734
0.42240 0.50832 0.34015
0.58882 0.45724 0.41241
0.50055 0.58189 0.35364
0.41128 0.59091 0.39512
0.22501 0.48950 0.44404
0.59720 0.53982 0.42594
0.42893 0.42844 0.45022
0.55174 0.47542 0.65538
0.43831 0.56757 0.42005
0.60941 0.45182 0.55384
0.64772 0.58548 0.39243
0.49165 0.32592 0.31691
0.51963 0.42891 0.66577
0.56089 0.59587 0.34486
0.52323 0.50084 0.33317
0.48732 0.57392 0.46415
0.51510 0.47785 0.39020
0.47648 0.51388 0.44386
0.54332 0.38839 0.44308
0.56571 0.67758 0.39654
0.54030 0.44304 0.46920
0.47070 0.50366 0.45667
0.60879 0.62361 0.42583
0.33944 0.49228 0.43039
0.53196 0.44056 0.39307
0.49218 0.40457 0.47751
0.53241 0.33443 0.35134
0.57291 0.44509 0.37719
0.65671 0.59822 0.46674
0.68859 0.50360 0.60072
0.61664 0.66945 0.36330
0.63052 0.61459 0.48895
0.58578 0.47540 0.43499
0.42073 0.36922 0.36651
0.56175 0.38227 0.52617
0.53541 0.62316 0.41187
0.38185 0.52466 0.36144
0.59237 0.57142 0.39899
0.54910 0.42683 0.32986
0.56525 0.57130 0.50967
0.57109 0.51691 0.51342
0.39763 0.44226 0.39746
0.56792 0.37309 0.48302
0.47525 0.43497 0.43664
0.62672 0.49120 0.60644
0.53183 0.49500 0.47658
0.57963 0.40448 0.63310
0.65274 0.66599 0.37704
0.68622 0.64339 0.49547
0.49043 0.49627 0.36790
0.60610 0.44937 0.55921
0.41015 0.49644 0.35114
0.54582 0.39436 0.42655
0.65430 0.51838 0.44562
0.40124 0.51758 0.41998
0.58267 0.66255 0.41386
0.47599 0.45558 0.41131
0.49627 0.44820 0.42985
0.61922 0.46794 0.44985
0.47223 0.47198 0.55565
0.44593 0.47814 0.45554
0.61595 0.50089 0.60614
0.57296 0.40295 0.53168
0.43020 0.50586 0.36826
0.56487 0.44529 0.47868
0.61414 0.72206 0.38137
0.42687 0.48443 0.44297
0.58239 0.45053 0.39669
0.39317 0.43682 0.41057
0.72298 0.79307 0.41632
0.56660 0.61998 0.46781
0.53687 0.40486 0.37994
0.54770 0.51980 0.51964
0.55444 0.51023 0.47484
0.56803 0.51188 0.48202
0.59114 0.51280 0.40721
0.59223 0.64149 0.37392
0.51437 0.42463 0.53734
0.58601 0.36656 0.47163
0.60010 0.41374 0.61016
0.50571 0.54612 0.42145
0.51600 0.46728 0.43649
0.61362 0.54313 0.38483
0.42234 0.45435 0.40054
0.63273 0.39169 0.64499
0.48218 0.61505 0.34319
0.62043 0.67639 0.37475
0.61706 0.52593 0.57813
0.55485 0.42059 0.35705
0.49651 0.53750 0.39767
0.53281 0.43471 0.45249
0.62733 0.54028 0.51006
0.47029 0.35019 0.40107
0.57239 0.48722 0.42444
0.29624 0.37064 0.29418
0.63608 0.50998 0.63778
0.35503 0.49481 0.33940
0.57125 0.50510 0.42684
0.64274 0.63883 0.34191
0.55954 0.47389 0.31837
0.37205 0.42593 0.39540
0.57893 0.60546 0.37677
0.58626 0.58457 0.34281
0.64590 0.46211 0.59248
0.56182 0.46993 0.49293
0.59814 0.42137 0.51763
0.45135 0.56834 0.38225
0.65561 0.50972 0.53423
0.43063 0.42006 0.40797
0.60067 0.36287 0.67252
0.49789 0.52289 0.38558
0.61037 0.42357 0.51422
0.57869 0.33479 0.53074
0.63525 0.49751 0.56090
0.54023 0.41393 0.38662
0.65069 0.67563 0.38187
0.60071 0.56537 0.45179
0.75413 0.73910 0.49032
0.42943 0.32796 0.31273
0.56088 0.52567 0.41994
0.53931 0.47102 0.34140
0.38770 0.53314 0.31805
0.46108 0.57770 0.33352
0.56564 0.53166 0.44746
0.36784 0.42873 0.38791
0.47291 0.49293 0.38102
0.55181 0.53491 0.36566
0.60918 0.52694 0.41590
0.48242 0.38464 0.46512
0.45030 0.53925 0.51308
0.45048 0.54533 0.39961
0.57530 0.45235 0.48907
0.57980 0.38093 0.38972
0.63896 0.58435 0.48490
0.65858 0.58708 0.43220
0.36056 0.46268 0.40945
0.57479 0.59350 0.45034
0.58841 0.49602 0.48083
0.49965 0.42150 0.55037
0.54764 0.45423 0.57820
0.56798 0.41132 0.65064
0.51003 0.51215 0.39785
0.45893 0.46384 0.43714
0.36070 0.51223 0.36343
0.41019 0.51094 0.39368
0.54232 0.57386 0.50693
0.63366 0.43813 0.48594
0.44454 0.45289 0.30405
0.47649 0.39487 0.38776
0.55108 0.50995 0.50275
0.55873 0.59075 0.32099
0.63193 0.68255 0.40673
0.39042 0.49444 0.35678
0.75885 0.69259 0.55333
0.65663 0.49280 0.63476
0.52469 0.57198 0.44296
0.55584 0.51608 0.51756
0.59025 0.51910 0.50453
0.48836 0.35488 0.34360
0.60215 0.73032 0.38392
0.62422 0.48638 0.56432
0.65099 0.52063 0.54456
0.42398 0.54248 0.49506
0.59032 0.63062 0.44378
0.56813 0.34429 0.45118
0.22170 0.52627 0.38831
0.61700 0.48326 0.68847
0.59911 0.55526 0.42479
0.62306 0.42674 0.48305
0.55518 0.52894 0.60638
0.62584 0.62912 0.43357
0.61673 0.52947 0.52396
0.41040 0.39540 0.43101
0.49385 0.58545 0.43285
0.57082 0.52239 0.44281
0.52867 0.56753 0.41050
0.50305 0.46552 0.42271
0.37700 0.53918 0.42444
0.52225 0.48327 0.40447
0.61102 0.48540 0.45396
0.52115 0.43200 0.61730
0.61136 0.45389 0.47299
0.53544 0.49838 0.42950
0.40859 0.37861 0.44366
0.37918 0.60660 0.36590
0.58114 0.46912 0.41284
0.58997 0.40321 0.41828
0.60999 0.44774 0.56368
0.60301 0.58956 0.51870
0.54641 0.46523 0.55222
0.53079 0.49537 0.35369
0.49602 0.63988 0.37705
0.44988 0.41887 0.35386
0.58203 0.48594 0.41696
0.48672 0.43103 0.42890
0.54277 0.34052 0.26872
0.48589 0.58853 0.38339
0.49360 0.44532 0.38495
0.65752 0.49591 0.61456
0.21848 0.49904 0.36769
0.35043 0.46151 0.42204
0.59367 0.52595 0.40973
0.46998 0.48944 0.28356
0.63133 0.43454 0.67281
0.52451 0.44395 0.48316
0.54488 0.37328 0.40181
0.53137 0.32178 0.43436
0.56685 0.54104 0.38484
0.49616 0.39065 0.28356
0.38306 0.58040 0.40423
0.69114 0.69462 0.37730
0.61790 0.40770 0.51649
0.64044 0.49658 0.62589
0.58748 0.48113 0.44241
0.58584 0.33422 0.54126
0.61179 0.60803 0.33317
0.56975 0.39444 0.42620
0.66073 0.72546 0.35715
0.54646 0.45829 0.31830
0.67698 0.56086 0.57557
0.60967 0.51788 0.56799
0.55974 0.51886 0.39998
0.51422 0.45887 0.47406
0.54692 0.45193 0.57887
0.56934 0.61754 0.44773
0.53046 0.34975 0.43077
0.60547 0.53195 0.47599
0.53280 0.45634 0.45362
0.56075 0.58546 0.46916
0.61709 0.34769 0.71645
0.34025 0.42935 0.37008
0.54716 0.42292 0.39007
0.53629 0.43474 0.58064
0.49761 0.38544 0.48536
0.56365 0.55005 0.35778
0.35422 0.54636 0.34014
0.52324 0.54165 0.42572
0.45864 0.40221 0.46394
0.64019 0.41565 0.65387
0.56543 0.44455 0.65621
0.44268 0.53299 0.36724
0.52507 0.41811 0.54059
0.58963 0.43913 0.60625
0.65563 0.68793 0.42111
0.58640 0.58496 0.33796
0.48552 0.49087 0.34791
0.72451 0.68915 0.45266
0.50815 0.35651 0.45832
0.47195 0.46452 0.38175
0.62796 0.54095 0.54481
0.47218 0.41830 0.27154
0.56848 0.39334 0.48998
0.51461 0.50914 0.46147
0.54110 0.52095 0.54798
0.57750 0.60505 0.41653
0.40499 0.43044 0.47757
0.48107 0.54053 0.35543
0.67651 0.66300 0.44241
0.49797 0.35290 0.34715
0.51325 0.45590 0.37964
0.62163 0.54182 0.47243
0.54542 0.48412 0.48628
0.56910 0.50318 0.49286
0.61999 0.42571 0.55567
0.66123 0.63187 0.49221
0.53241 0.44579 0.43811
0.34369 0.48558 0.41973
0.59473 0.51810 0.34299
0.52943 0.43926 0.48668
0.58616 0.44507 0.51822
0.57482 0.39522 0.38743
0.47113 0.58583 0.38354
0.37084 0.44755 0.38191
0.64541 0.74690 0.40743
0.70276 0.48820 0.74572
0.40266 0.45649 0.43864
0.44116 0.46258 0.30969
0.61705 0.49547 0.43703
0.57064 0.50715 0.52796
0.52681 0.57488 0.36829
0.62182 0.64578 0.43671
0.67884 0.43487 0.80668
0.50954 0.58867 0.40527
0.60329 0.47045 0.53735
0.62844 0.43814 0.72596
0.48631 0.61752 0.37395
0.52821 0.38998 0.45983
0.59966 0.46051 0.52557
0.44653 0.50018 0.43915
0.48306 0.56794 0.43898
0.55108 0.49570 0.50024
0.60470 0.53045 0.63737
0.45615 0.41604 0.34437
0.42295 0.47115 0.51610
0.59846 0.40189 0.41039
0.68408 0.66450 0.41212
0.62562 0.64117 0.45616
0.42635 0.50670 0.36834
0.51818 0.39962 0.49904
0.63508 0.45879 0.68126
0.57168 0.37997 0.57135
0.34151 0.47709 0.43794
0.65044 0.46293 0.60439
0.60412 0.69947 0.38240
0.56287 0.58687 0.42270
0.69785 0.64740 0.57820
0.45303 0.39965 0.30612
0.50725 0.42107 0.41643
0.55634 0.39341 0.72065
0.53981 0.61723 0.41364
0.59208 0.47659 0.45641
0.65156 0.68417 0.43188
0.44763 0.39391 0.37669
0.67935 0.62564 0.50799
0.61155 0.50044 0.64240
0.50556 0.59257 0.45594
0.43588 0.39819 0.42247
0.38825 0.52469 0.37163
0.55137 0.48626 0.48743
0.46145 0.42867 0.39366
0.46116 0.51007 0.48887
0.50807 0.56813 0.30200
0.52960 0.46480 0.38731
0.58601 0.55497 0.53934
0.31900 0.44886 0.35599
0.47563 0.62459 0.44331
0.59877 0.54646 0.60041
0.68414 0.65945 0.49391
0.67367 0.48129 0.70105
0.59859 0.55651 0.41459
0.52456 0.59733 0.37875
0.59780 0.54492 0.50810
0.45439 0.48624 0.55935
0.65689 0.50544 0.47163
0.57752 0.66662 0.38144
0.39092 0.41773 0.47439
0.55753 0.50143 0.42770
0.56324 0.72031 0.35361
0.61842 0.40132 0.53958
0.46708 0.49433 0.48592
0.62079 0.44168 0.40572
0.57142 0.54093 0.42762
0.51053 0.45416 0.49469
0.60413 0.60675 0.47268
0.68361 0.75227 0.38543
0.32792 0.44303 0.45283
0.63582 0.62985 0.45534
0.32140 0.54732 0.34039
0.38116 0.47301 0.47811
0.43387 0.52411 0.41042
0.50907 0.51008 0.50750
0.56524 0.41481 0.54715
0.56326 0.40960 0.41544
0.23416 0.48579 0.38342
0.49224 0.56588 0.36760
0.65470 0.52770 0.52114
0.58498 0.45874 0.47035
0.58042 0.53407 0.39949
0.62776 0.45268 0.53151
0.61572 0.45849 0.59036
0.57853 0.45070 0.45860
0.64019 0.70965 0.46851
0.60105 0.51319 0.55140
0.49083 0.46706 0.50399
0.55788 0.48539 0.34740
0.54732 0.47719 0.39803
0.61793 0.54711 0.37280
0.57610 0.42625 0.42942
0.54294 0.44612 0.35657
0.36043 0.43849 0.38932
0.62634 0.49067 0.56553
0.56001 0.61830 0.41809
0.64061 0.56679 0.40850
0.57254 0.42898 0.38447
0.57434 0.41308 0.44929
0.62506 0.68929 0.39619
0.54101 0.50298 0.44604
0.54380 0.49528 0.53184
0.49968 0.44009 0.51887
0.54323 0.50040 0.53483
0.56101 0.33327 0.46893
0.48985 0.65147 0.43461
0.62732 0.53349 0.42216
0.53512 0.33780 0.49697
0.37690 0.38103 0.30045
0.56420 0.33745 0.39727
0.63122 0.45616 0.65671
0.57558 0.49542 0.51335
0.59380 0.46127 0.51263
0.60704 0.50737 0.37550
0.29180 0.56951 0.37014
0.45216 0.51359 0.40250
0.51760 0.30636 0.29103
0.60030 0.50840 0.42185
0.64445 0.54829 0.53140
0.57319 0.51238 0.36518
0.60001 0.53205 0.46379
0.63556 0.59153 0.46159
0.33322 0.45165 0.41327
0.47667 0.47191 0.41221
0.44359 0.47757 0.40891
0.50802 0.44755 0.29835
0.43133 0.53620 0.37146
0.54254 0.30548 0.29772
0.54264 0.53930 0.38434
0.34879 0.45404 0.33544
0.52068 0.32318 0.26074
0.57574 0.58577 0.37734
0.45319 0.46934 0.33379
0.44441 0.50078 0.42672
0.58793 0.40313 0.50989
