20 13 1000 5662 12
0.01084 0.27872 0.39880
0.64280 0.48410 0.72133
0.15274 0.78236 0.51470
0.91786 0.88557 0.68716
0.48256 0.21357 0.48443
0.06952 0.88145 0.59255
0.20197 0.59710 0.34162
0.07596 0.31349 0.10613
0.86665 0.53973 0.91247
0.33999 0.68244 0.97450
0.51618 0.63371 0.55207
0.92625 0.59999 0.80987
0.17995 0.99853 0.33429
0.42926 0.55221 0.54714
0.39438 0.67790 0.61584
0.58992 0.72197 0.58414
0.42737 0.56428 0.49403
0.49548 0.58227 0.59729
0.45975 0.54758 0.57852
0.33799 0.62218 0.54713
0.32879 0.54103 0.54455
0.29324 0.63741 0.49436
0.56412 0.62637 0.70107
0.48098 0.61455 0.71810
0.31910 0.61457 0.51607
0.36453 0.62641 0.52704
0.27145 0.62348 0.49656
0.55202 0.61685 0.60573
0.46997 0.59622 0.59874
0.45326 0.58232 0.64384
0.45297 0.58304 0.54749
0.37395 0.57719 0.52706
0.33723 0.51214 0.53158
0.44754 0.58431 0.60705
0.37422 0.47533 0.50246
0.46113 0.67011 0.64507
0.33086 0.55822 0.45342
0.38595 0.70344 0.64929
0.51990 0.58993 0.61924
0.38730 0.51982 0.58980
0.37189 0.54545 0.55824
0.36533 0.51962 0.49409
0.49116 0.57658 0.62618
0.48951 0.63690 0.66810
0.44485 0.68562 0.62667
0.34146 0.56201 0.48276
0.28634 0.58398 0.54214
0.46508 0.60352 0.59057
0.33490 0.72919 0.60200
0.57340 0.65267 0.59346
0.47293 0.69949 0.50656
0.33668 0.70419 0.60893
0.63799 0.58983 0.73603
0.54645 0.64204 0.65292
0.39509 0.69544 0.54751
0.52711 0.64596 0.60590
0.59779 0.59318 0.64901
0.41546 0.65206 0.60687
0.38104 0.62258 0.56524
0.43742 0.71162 0.55392
0.42166 0.55191 0.55146
0.50151 0.62806 0.58562
0.43748 0.69137 0.61316
0.45124 0.64017 0.58763
0.42056 0.67323 0.57369
0.37127 0.61343 0.59665
0.48176 0.66451 0.69720
0.47036 0.66087 0.59310
0.43146 0.67759 0.63570
0.36878 0.68111 0.55827
0.45231 0.62405 0.65337
0.49384 0.52458 0.58373
0.32335 0.64051 0.54357
0.46690 0.66623 0.56150
0.36441 0.54728 0.49121
0.45290 0.67563 0.59549
0.31871 0.64429 0.49966
0.47028 0.54145 0.56361
0.48072 0.63710 0.57629
0.36081 0.67597 0.56428
0.46763 0.61101 0.56660
0.49903 0.71729 0.65405
0.42438 0.66651 0.54421
0.50933 0.54735 0.60150
0.52137 0.58333 0.69910
0.50702 0.61491 0.57432
0.45512 0.59269 0.62090
0.42207 0.63846 0.57336
0.50108 0.57844 0.60879
0.47243 0.56578 0.63715
0.44881 0.65245 0.55590
0.32221 0.64521 0.50951
0.39450 0.58504 0.52073
0.38095 0.58691 0.67826
0.32227 0.53118 0.58780
0.48444 0.62390 0.60075
0.40311 0.70566 0.60010
0.55360 0.66132 0.63690
0.37203 0.56288 0.55243
0.39672 0.54740 0.54176
0.31789 0.62089 0.54228
0.38808 0.59926 0.57225
0.42852 0.60696 0.56551
0.51401 0.54145 0.69311
0.39571 0.61063 0.56074
0.49210 0.65996 0.59757
0.57738 0.59679 0.66085
0.53045 0.60309 0.63026
0.38626 0.51073 0.54013
0.28420 0.52419 0.46893
0.41653 0.61105 0.60937
0.29622 0.60165 0.51369
0.35313 0.69421 0.58648
0.32919 0.47851 0.51172
0.46592 0.55411 0.56179
0.56681 0.60649 0.62367
0.54037 0.62601 0.59658
0.41512 0.63364 0.63924
0.19198 0.65969 0.45076
0.53366 0.70575 0.66591
0.46012 0.61319 0.52294
0.29198 0.51129 0.54429
0.66160 0.54175 0.67630
0.37489 0.67065 0.59710
0.42300 0.58839 0.52256
0.58985 0.63749 0.68684
0.45671 0.62014 0.57235
0.36253 0.54480 0.59969
0.27900 0.56643 0.51278
0.24850 0.47385 0.44610
0.48945 0.62365 0.64219
0.66641 0.63696 0.67345
0.48902 0.60293 0.63886
0.31687 0.61052 0.53592
0.48962 0.65107 0.71256
0.36203 0.55589 0.53668
0.29628 0.67004 0.51158
0.48571 0.60181 0.59124
0.48798 0.64518 0.59573
0.41353 0.61465 0.62102
0.56920 0.71215 0.63423
0.49216 0.52048 0.61646
0.34529 0.65128 0.46954
0.46438 0.61225 0.53945
0.31120 0.64113 0.61118
0.29773 0.63621 0.51373
0.62912 0.54709 0.65413
0.45880 0.65475 0.66740
0.25302 0.58922 0.51596
0.49529 0.52865 0.60370
0.42463 0.58556 0.54347
0.28506 0.51058 0.39791
0.43274 0.59217 0.54666
0.46015 0.58664 0.58330
0.39915 0.64053 0.64192
0.26541 0.58520 0.42125
0.48579 0.57281 0.62694
0.40743 0.62790 0.52169
0.46947 0.60002 0.63276
0.42743 0.57604 0.59941
0.53773 0.55725 0.68404
0.52484 0.51427 0.64356
0.47185 0.67164 0.56710
0.38809 0.59597 0.49121
0.29742 0.65043 0.53415
0.40067 0.71640 0.55686
0.52923 0.55968 0.67907
0.27687 0.57194 0.51024
0.46630 0.66754 0.53562
0.51311 0.64830 0.64072
0.52715 0.57032 0.62009
0.43497 0.55197 0.50442
0.34415 0.61922 0.46854
0.60933 0.58284 0.64399
0.38992 0.51826 0.48962
0.45819 0.62840 0.58057
0.53040 0.72731 0.60450
0.50081 0.64693 0.61117
0.38746 0.54474 0.56807
0.51118 0.50052 0.57124
0.38041 0.57809 0.62600
0.27862 0.72718 0.54676
0.56466 0.66048 0.64719
0.31371 0.54472 0.49915
0.41595 0.57979 0.50351
0.33540 0.63498 0.53415
0.26364 0.62584 0.57210
0.42646 0.52243 0.56074
0.50022 0.60651 0.63997
0.39452 0.74644 0.62065
0.39935 0.65826 0.57404
0.51419 0.66942 0.72981
0.51640 0.62081 0.62745
0.35906 0.50120 0.55372
0.50955 0.75500 0.61348
0.53856 0.63966 0.70335
0.36650 0.64095 0.52928
0.29615 0.51174 0.40324
0.36187 0.56312 0.57913
0.45510 0.60126 0.59397
0.30467 0.62502 0.57145
0.39256 0.57476 0.52728
0.39748 0.65392 0.64507
0.45227 0.65399 0.53597
0.37975 0.69811 0.62080
0.41031 0.69750 0.57064
0.25304 0.72370 0.54475
0.47394 0.56978 0.65703
0.50671 0.59235 0.58715
0.60228 0.78346 0.63119
0.43450 0.47248 0.52459
0.44182 0.63538 0.55333
0.36496 0.61527 0.67981
0.53196 0.67661 0.67843
0.28439 0.59202 0.51856
0.66944 0.76506 0.63842
0.28201 0.67444 0.60838
0.50877 0.63027 0.57849
0.42643 0.67780 0.63022
0.41417 0.55018 0.57078
0.52550 0.56199 0.66717
0.46629 0.55251 0.54470
0.26944 0.72342 0.41683
0.43285 0.58687 0.56271
0.37198 0.61085 0.48294
0.39788 0.63614 0.55542
0.55160 0.68172 0.70917
0.42972 0.58132 0.56282
0.37792 0.48980 0.49121
0.45590 0.66539 0.57359
0.35138 0.57852 0.50080
0.41717 0.62585 0.60647
0.44143 0.68237 0.59661
0.37655 0.66108 0.52523
0.42890 0.62249 0.55487
0.23715 0.58353 0.48902
0.34439 0.54077 0.54668
0.34683 0.69299 0.49926
0.34595 0.69339 0.58920
0.32031 0.67872 0.49632
0.29645 0.73174 0.51738
0.39159 0.57526 0.59216
0.58434 0.66238 0.62395
0.25816 0.72607 0.50147
0.40276 0.66462 0.58531
0.27927 0.56083 0.52592
0.27536 0.72378 0.49767
0.48717 0.58046 0.60548
0.29069 0.55743 0.50072
0.31743 0.51002 0.56068
0.39504 0.54725 0.50392
0.41502 0.55296 0.48782
0.34088 0.64551 0.55024
0.35955 0.61547 0.52435
0.41023 0.55627 0.59592
0.43543 0.53941 0.50576
0.45208 0.54160 0.55870
0.40734 0.65854 0.54960
0.41427 0.61669 0.71079
0.35964 0.66473 0.55253
0.37292 0.60689 0.52054
0.34135 0.58197 0.46872
0.36595 0.54365 0.50416
0.28848 0.49207 0.48011
0.33129 0.65764 0.56844
0.38584 0.52546 0.49654
0.39071 0.66423 0.54409
0.34645 0.59101 0.69124
0.58013 0.64840 0.65378
0.55147 0.61518 0.59491
0.45810 0.55489 0.51036
0.28952 0.77466 0.48166
0.26648 0.59148 0.46528
0.46022 0.61182 0.61074
0.35556 0.54677 0.52356
0.38783 0.60068 0.61830
0.32181 0.56977 0.55136
0.50643 0.68680 0.59784
0.31532 0.50874 0.46193
0.51488 0.58457 0.64850
0.40306 0.65398 0.64640
0.38392 0.59536 0.51670
0.33911 0.64977 0.53257
0.19537 0.49890 0.38921
0.44330 0.62195 0.49439
0.46844 0.64196 0.58449
0.48903 0.60262 0.60645
0.42710 0.57645 0.48287
0.33788 0.48658 0.42242
0.37891 0.46841 0.47136
0.34662 0.60709 0.50886
0.47544 0.60137 0.61967
0.44584 0.60889 0.65315
0.29176 0.55321 0.58421
0.30019 0.74475 0.63433
0.29711 0.58523 0.54364
0.30866 0.57772 0.41077
0.37849 0.57259 0.53109
0.45981 0.55857 0.60168
0.37168 0.53341 0.45810
0.42835 0.59448 0.53999
0.37439 0.68167 0.58908
0.49376 0.47979 0.58708
0.36334 0.56117 0.51937
0.40654 0.49502 0.50574
0.23275 0.65331 0.58691
0.40945 0.66935 0.63150
0.48145 0.60556 0.57566
0.46663 0.69254 0.52952
0.42579 0.61929 0.54173
0.30114 0.46459 0.47293
0.33421 0.72746 0.58982
0.39465 0.61286 0.58601
0.39032 0.69315 0.53962
0.45436 0.56089 0.52961
0.50712 0.61784 0.57130
0.45648 0.63781 0.60940
0.26443 0.59585 0.56919
0.33243 0.55937 0.49355
0.56373 0.55127 0.64511
0.49227 0.54102 0.59376
0.37863 0.67807 0.50526
0.33342 0.64359 0.52709
0.47661 0.66129 0.61633
0.37245 0.59339 0.49965
0.41464 0.62026 0.66941
0.49010 0.65924 0.56362
0.32244 0.64351 0.52299
0.36968 0.72532 0.55994
0.29280 0.59983 0.53489
0.53696 0.63918 0.61847
0.38904 0.72238 0.57546
0.29556 0.58601 0.45886
0.36223 0.74178 0.49452
0.38816 0.64439 0.51553
0.43726 0.71059 0.59747
0.46661 0.65735 0.63637
0.53888 0.74890 0.58121
0.29612 0.62425 0.51085
0.48679 0.66464 0.58403
0.38969 0.63718 0.67624
0.42295 0.61553 0.60296
0.33076 0.62608 0.54740
0.33648 0.53847 0.51845
0.45207 0.61674 0.63163
0.26493 0.60888 0.54293
0.38303 0.68110 0.60027
0.24873 0.61437 0.49899
0.53432 0.64859 0.59788
0.56393 0.61110 0.62029
0.36579 0.68733 0.46449
0.33401 0.65791 0.63331
0.49917 0.64772 0.64630
0.36014 0.57854 0.55626
0.69815 0.72149 0.65228
0.50469 0.57273 0.56345
0.41853 0.71963 0.53084
0.42776 0.59852 0.55833
0.42337 0.61661 0.57124
0.40973 0.60858 0.63706
0.43902 0.67093 0.64881
0.36913 0.56522 0.50798
0.37724 0.63127 0.47099
0.28894 0.53366 0.43043
0.35352 0.50575 0.54391
0.45714 0.60297 0.58150
0.41394 0.53861 0.60116
0.34445 0.57413 0.50699
0.47696 0.59493 0.57641
0.17028 0.65758 0.50872
0.29303 0.68964 0.50814
0.35404 0.53067 0.54959
0.46322 0.61919 0.60514
0.42569 0.58231 0.58997
0.57575 0.55237 0.71215
0.30036 0.66489 0.56051
0.53638 0.61977 0.62785
0.39552 0.61298 0.57998
0.35548 0.60140 0.53518
0.47526 0.58649 0.54777
0.46908 0.60044 0.58745
0.32345 0.76842 0.58092
0.51803 0.63451 0.66157
0.38593 0.68454 0.54493
0.49415 0.59395 0.66229
0.50749 0.56231 0.61425
0.42604 0.57259 0.60440
0.47328 0.58781 0.59971
0.45950 0.54443 0.57837
0.27993 0.62902 0.54513
0.47095 0.52361 0.57214
0.43122 0.74124 0.54170
0.38635 0.61677 0.52436
0.37286 0.62987 0.55905
0.42648 0.68118 0.64510
0.45770 0.52457 0.53697
0.45619 0.72714 0.59331
0.63556 0.63188 0.66857
0.32220 0.70778 0.54306
0.45073 0.63031 0.59118
0.48154 0.57692 0.60550
0.39691 0.70771 0.62869
0.60279 0.64207 0.66253
0.34782 0.50444 0.50719
0.36775 0.56422 0.56316
0.52966 0.57960 0.57560
0.42881 0.55261 0.58852
0.38987 0.62583 0.55690
0.43253 0.74700 0.64467
0.45598 0.54695 0.61865
0.37300 0.62012 0.67438
0.39413 0.57811 0.53069
0.32047 0.66698 0.48692
0.48593 0.61684 0.63934
0.35469 0.67328 0.59162
0.39783 0.59407 0.46266
0.47411 0.51595 0.60335
0.60978 0.57033 0.65574
0.53813 0.63766 0.62504
0.41942 0.60397 0.56903
0.50568 0.59803 0.60518
0.38715 0.60270 0.50116
0.24304 0.60252 0.49531
0.31444 0.62579 0.66195
0.50785 0.63326 0.64570
0.44523 0.59126 0.56795
0.39423 0.66498 0.60939
0.45288 0.57873 0.61040
0.39175 0.66952 0.58503
0.36615 0.68345 0.51375
0.43266 0.58113 0.57132
0.35668 0.63002 0.66771
0.36410 0.63121 0.50764
0.26996 0.69628 0.50266
0.46346 0.62006 0.61882
0.33316 0.60457 0.44804
0.52891 0.56824 0.64400
0.44414 0.58117 0.58986
0.50957 0.66405 0.66623
0.47424 0.55703 0.59041
0.46202 0.50994 0.58653
0.31857 0.59720 0.54352
0.47785 0.62854 0.64468
0.39165 0.58619 0.53123
0.44849 0.52904 0.58240
0.54288 0.63653 0.60814
0.44226 0.60466 0.57617
0.35252 0.60249 0.53214
0.45957 0.72466 0.58698
0.38091 0.65850 0.53720
0.51893 0.54016 0.63314
0.42453 0.64380 0.59695
0.54928 0.60186 0.62354
0.52955 0.61193 0.62968
0.26484 0.55417 0.43517
0.58643 0.68637 0.62867
0.58148 0.63011 0.64167
0.38122 0.54958 0.54970
0.53067 0.58593 0.67029
0.40542 0.55810 0.53643
0.34129 0.56517 0.52526
0.31013 0.63267 0.51241
0.41579 0.57718 0.55179
0.38375 0.48354 0.51532
0.47601 0.65186 0.60363
0.35311 0.63799 0.49093
0.42486 0.47153 0.52765
0.32014 0.60976 0.54977
0.41527 0.57578 0.61096
0.55349 0.71120 0.71629
0.28723 0.64826 0.51326
0.33814 0.66632 0.57217
0.50607 0.75076 0.56848
0.35551 0.64181 0.56972
0.49094 0.53488 0.64361
0.28329 0.47554 0.43136
0.22364 0.75963 0.44406
0.57340 0.66622 0.65369
0.42711 0.72816 0.57130
0.43018 0.52208 0.57656
0.33120 0.55562 0.48017
0.34543 0.59618 0.61722
0.40657 0.71326 0.60463
0.41845 0.58584 0.56960
0.46193 0.50727 0.60930
0.39273 0.64247 0.59289
0.54633 0.65359 0.67848
0.55106 0.55996 0.68987
0.52045 0.55454 0.64356
0.43467 0.60524 0.63949
0.40312 0.56787 0.61342
0.40884 0.58388 0.55559
0.25806 0.65800 0.47193
0.43902 0.56321 0.67174
0.43684 0.55611 0.55407
0.50142 0.57443 0.57663
0.42404 0.69993 0.60501
0.44603 0.63505 0.60376
0.42727 0.60432 0.48106
0.41904 0.49754 0.57783
0.51811 0.71665 0.60243
0.48042 0.48637 0.60524
0.43202 0.54005 0.55990
0.40548 0.64316 0.52053
0.41189 0.58689 0.47307
0.32343 0.73671 0.46083
0.48888 0.69264 0.68528
0.51848 0.60581 0.60683
0.35823 0.56303 0.54243
0.35114 0.50030 0.52076
0.56658 0.69662 0.61792
0.41470 0.62562 0.60435
0.43364 0.53909 0.56169
0.38044 0.58124 0.57326
0.50645 0.59403 0.54433
0.31005 0.58764 0.52053
0.54742 0.61514 0.59570
0.42335 0.61121 0.52209
0.41906 0.59410 0.55495
0.29661 0.60659 0.47431
0.30505 0.57514 0.54407
0.45243 0.65295 0.62288
0.31810 0.68416 0.53468
0.45370 0.61178 0.66600
0.27181 0.56958 0.47176
0.43761 0.59301 0.62833
0.53553 0.64810 0.58651
0.30783 0.58301 0.51220
0.51522 0.57235 0.57501
0.38441 0.57830 0.60398
0.46851 0.61558 0.58138
0.52325 0.65268 0.71954
0.47272 0.63805 0.61503
0.57140 0.57715 0.66393
0.32264 0.71031 0.59833
0.53851 0.52296 0.64879
0.52820 0.59793 0.64185
0.54742 0.59943 0.70476
0.54430 0.64290 0.62991
0.42819 0.61910 0.59174
0.25403 0.70633 0.45605
0.54414 0.51424 0.60627
0.41985 0.60997 0.60062
0.36323 0.62325 0.58058
0.47926 0.57630 0.59707
0.50804 0.65723 0.63269
0.51826 0.58904 0.60826
0.28739 0.51510 0.44847
0.38314 0.54270 0.61882
0.36298 0.62821 0.58381
0.44687 0.67661 0.62805
0.37782 0.53756 0.49980
0.40465 0.77437 0.54849
0.33128 0.63245 0.50577
0.36768 0.59413 0.52894
0.35681 0.59496 0.59096
0.31585 0.68264 0.53506
0.26068 0.58093 0.45730
0.54775 0.61971 0.61873
0.43435 0.59998 0.56331
0.38244 0.60101 0.53109
0.52787 0.57151 0.64904
0.62846 0.64243 0.68410
0.50533 0.61204 0.62103
0.30104 0.52885 0.43307
0.47365 0.58628 0.58156
0.42292 0.59566 0.59053
0.27843 0.61586 0.54591
0.53240 0.54533 0.57153
0.32932 0.52444 0.51054
0.50681 0.62956 0.59784
0.44543 0.63110 0.65201
0.21144 0.68167 0.38022
0.31185 0.61623 0.56333
0.28181 0.54388 0.48100
0.43174 0.64864 0.54686
0.40974 0.64004 0.55824
0.48434 0.52997 0.60005
0.33924 0.61948 0.50770
0.28283 0.65194 0.55317
0.36424 0.65263 0.54698
0.52000 0.67844 0.61591
0.45709 0.56328 0.60463
0.34972 0.54630 0.51184
0.35898 0.54019 0.58236
0.42914 0.63918 0.57374
0.50762 0.67952 0.61247
0.55081 0.65672 0.71223
0.45351 0.62564 0.59452
0.35970 0.54463 0.53435
0.40313 0.57579 0.54444
0.46383 0.64054 0.61546
0.35008 0.63079 0.60045
0.54149 0.71029 0.62584
0.33134 0.52983 0.51016
0.29555 0.65003 0.47012
0.38618 0.56702 0.54527
0.34622 0.55417 0.51511
0.50626 0.65729 0.57347
0.42392 0.61236 0.74597
0.56985 0.53146 0.63295
0.34860 0.68286 0.53577
0.54403 0.65427 0.64600
0.44274 0.60253 0.60015
0.52535 0.65415 0.61730
0.42051 0.47255 0.53542
0.35326 0.56405 0.51502
0.28309 0.47814 0.39947
0.36763 0.69310 0.57416
0.30116 0.61832 0.52210
0.34333 0.64691 0.48487
0.51548 0.60642 0.60104
0.47289 0.55516 0.62632
0.43715 0.59795 0.59020
0.46300 0.59423 0.57547
0.42729 0.62757 0.58972
0.33405 0.64260 0.56755
0.57575 0.62755 0.62276
0.53913 0.54111 0.71395
0.43501 0.62889 0.59607
0.40336 0.71143 0.55865
0.31182 0.58339 0.55728
0.48200 0.55647 0.63729
0.45536 0.66091 0.66608
0.56581 0.59620 0.61844
0.30756 0.65065 0.48255
0.31914 0.67871 0.47613
0.32935 0.53530 0.50471
0.47872 0.63063 0.55651
0.40745 0.54639 0.53140
0.57942 0.63087 0.66214
0.27376 0.58835 0.49080
0.27691 0.55561 0.50405
0.45287 0.66988 0.67190
0.32526 0.61829 0.67086
0.42158 0.64830 0.55756
0.41483 0.62096 0.59433
0.41970 0.67667 0.59457
0.35126 0.61238 0.60184
0.60724 0.63832 0.60134
0.30145 0.55560 0.48903
0.50401 0.69699 0.59948
0.35894 0.58563 0.55534
0.38229 0.55396 0.52133
0.55378 0.60488 0.62686
0.44586 0.57822 0.56524
0.48864 0.49329 0.58790
0.61758 0.61718 0.71694
0.43674 0.59632 0.56363
0.52786 0.63833 0.65781
0.67728 0.63186 0.70001
0.44979 0.65448 0.62434
0.46264 0.67431 0.58140
0.41838 0.70632 0.47624
0.37619 0.60037 0.53572
0.39201 0.63350 0.51150
0.51202 0.57145 0.67455
0.37192 0.64775 0.64181
0.50981 0.62822 0.58373
0.30492 0.50372 0.49164
0.43586 0.69021 0.56129
0.56721 0.65615 0.62040
0.40986 0.62830 0.57214
0.44410 0.62215 0.62014
0.49757 0.56364 0.63833
0.47825 0.56182 0.55530
0.34623 0.60455 0.55878
0.40270 0.56185 0.56373
0.34928 0.70769 0.55555
0.51138 0.65026 0.61313
0.46315 0.60348 0.57484
0.32472 0.65944 0.60123
0.36041 0.62580 0.56834
0.43193 0.54775 0.59864
0.35577 0.50908 0.54278
0.38700 0.70284 0.56572
0.40772 0.60851 0.60467
0.44225 0.55985 0.58317
0.60870 0.67426 0.60875
0.43808 0.56416 0.62460
0.30118 0.44898 0.47198
0.45144 0.57220 0.61978
0.35087 0.55344 0.49734
0.45089 0.52595 0.56713
0.46695 0.58909 0.51069
0.38111 0.70023 0.52950
0.38062 0.65494 0.58398
0.42791 0.55011 0.55726
0.40812 0.52806 0.59529
0.39248 0.46456 0.56114
0.31933 0.69372 0.44499
0.36846 0.46606 0.47024
0.49324 0.55833 0.61727
0.34393 0.57936 0.52453
0.35793 0.60310 0.53380
0.28084 0.69228 0.49218
0.58901 0.61193 0.66081
0.46537 0.59717 0.63431
0.26724 0.44736 0.52176
0.49490 0.57550 0.60788
0.45349 0.63680 0.57008
0.37813 0.65713 0.60091
0.48021 0.51370 0.59495
0.52667 0.61693 0.70762
0.43643 0.55109 0.49844
0.39858 0.66655 0.49870
0.39194 0.43657 0.46013
0.56507 0.61827 0.61700
0.32941 0.51182 0.53579
0.29228 0.54069 0.44779
0.41627 0.66499 0.51428
0.53432 0.57654 0.62253
0.43212 0.65540 0.58860
0.45047 0.64615 0.64246
0.42637 0.60994 0.51797
0.43286 0.64089 0.52203
0.48352 0.64096 0.62413
0.31889 0.53539 0.50845
0.31094 0.69784 0.57613
0.42783 0.58824 0.55802
0.46174 0.64476 0.59042
0.44782 0.59537 0.55254
0.36678 0.59263 0.61484
0.53070 0.50179 0.62178
0.38750 0.71601 0.56159
0.43989 0.65397 0.58771
0.41234 0.59711 0.63397
0.35928 0.64804 0.56638
0.47903 0.54091 0.61731
0.45006 0.72207 0.56799
0.55247 0.61510 0.66466
0.56556 0.56525 0.62888
0.38211 0.66987 0.59332
0.30699 0.56333 0.58980
0.35763 0.73998 0.52095
0.28597 0.53309 0.46116
0.44671 0.65876 0.59348
0.48331 0.56140 0.51276
0.46017 0.53136 0.53528
0.47530 0.59329 0.52198
0.33206 0.56739 0.53259
0.38426 0.59114 0.55072
0.47873 0.58744 0.62334
0.27371 0.75679 0.53961
0.40002 0.78900 0.51980
0.41303 0.61724 0.59141
0.34630 0.66339 0.53336
0.33663 0.56950 0.52140
0.38772 0.58160 0.61128
0.31247 0.72245 0.58570
0.35826 0.64776 0.55447
0.30608 0.59144 0.57714
0.33614 0.62530 0.45317
0.39826 0.67752 0.62223
0.44217 0.59286 0.59918
0.40607 0.52934 0.55702
0.56549 0.58532 0.68971
0.34420 0.62850 0.48613
0.44778 0.63702 0.56825
0.34881 0.55834 0.50402
0.31798 0.57000 0.58176
0.42316 0.66719 0.55324
0.29379 0.56072 0.48325
0.43318 0.52081 0.55585
0.50782 0.61372 0.70551
0.45856 0.59664 0.60673
0.51201 0.55257 0.68040
0.32331 0.52267 0.50638
0.32192 0.60439 0.53511
0.27191 0.62864 0.52644
0.39128 0.68466 0.51479
0.29659 0.54727 0.56437
0.37034 0.62649 0.59787
0.38453 0.55792 0.58531
0.33608 0.57147 0.53198
0.50260 0.59441 0.67250
0.38390 0.49407 0.51347
0.61693 0.59189 0.67521
0.45870 0.58672 0.58327
0.36994 0.53177 0.48106
0.39910 0.51536 0.50885
0.39394 0.64753 0.59483
0.47822 0.62732 0.63317
0.32622 0.62693 0.53249
0.40326 0.55314 0.55246
0.47464 0.61564 0.62275
0.24228 0.49330 0.37042
0.28487 0.57143 0.50467
0.40806 0.62134 0.62314
0.41342 0.57175 0.57108
0.40835 0.60380 0.56512
0.33419 0.70844 0.52052
0.29390 0.59714 0.55240
0.49492 0.58723 0.59804
0.34117 0.73619 0.48998
0.66834 0.59019 0.66636
0.53262 0.61507 0.67834
0.47074 0.71387 0.65934
0.30241 0.62201 0.59974
0.53507 0.63826 0.55429
0.38115 0.59801 0.48904
0.42974 0.56016 0.57377
0.36188 0.68320 0.59940
0.44395 0.71317 0.54128
0.39989 0.60610 0.59970
0.53067 0.53069 0.65034
0.33463 0.63142 0.54445
0.57888 0.61551 0.62461
0.42476 0.55165 0.59021
0.39174 0.72483 0.55779
0.40797 0.61635 0.47942
0.39636 0.64481 0.57066
0.29584 0.65955 0.53189
0.39923 0.67100 0.64352
0.34370 0.56408 0.54448
0.39890 0.57902 0.49411
0.34943 0.66186 0.57936
0.36279 0.58589 0.60577
0.45602 0.66813 0.71067
0.39392 0.50788 0.54728
0.41057 0.60791 0.50380
0.46683 0.59178 0.53757
0.30898 0.63567 0.57138
0.43038 0.59243 0.58681
0.38247 0.53590 0.56956
0.50383 0.69405 0.62742
0.42277 0.61326 0.51218
0.46732 0.61406 0.51661
0.45369 0.62168 0.67947
0.62461 0.62477 0.64371
0.53336 0.54552 0.67530
0.28823 0.62994 0.54283
0.41359 0.58590 0.54999
0.38844 0.63434 0.60262
0.27886 0.73490 0.49483
0.37776 0.67141 0.58922
0.33607 0.63735 0.55997
0.37100 0.61258 0.54020
0.29887 0.48422 0.49523
0.41906 0.62250 0.63801
0.30179 0.59207 0.52077
0.46532 0.57373 0.62151
0.37086 0.73582 0.54286
0.49737 0.59284 0.57288
0.46689 0.58125 0.65035
0.50070 0.61440 0.60050
0.50496 0.52112 0.59308
0.30058 0.66388 0.55043
0.52055 0.57237 0.58299
0.33621 0.53319 0.52159
0.53916 0.58299 0.69325
0.45956 0.59513 0.60559
0.40336 0.70282 0.53743
0.41475 0.69288 0.60876
0.36799 0.61126 0.55509
0.43420 0.64925 0.55834
0.38428 0.57073 0.54442
0.39565 0.58574 0.49374
0.40445 0.58321 0.55575
0.39535 0.56952 0.55562
0.34393 0.62041 0.45853
0.40461 0.67992 0.62406
0.24727 0.46642 0.35474
0.50925 0.49513 0.67472
0.48571 0.58563 0.56262
0.38331 0.59401 0.58333
0.47334 0.45316 0.57325
0.37662 0.61485 0.59061
0.44581 0.67112 0.68141
0.36100 0.55934 0.59078
0.58942 0.69938 0.61384
0.55035 0.59691 0.62539
0.28905 0.57914 0.41928
0.36675 0.64495 0.61345
0.40119 0.67255 0.65116
0.35296 0.55301 0.51250
0.50678 0.59123 0.57509
0.37679 0.66917 0.54676
0.45905 0.66170 0.58134
0.36769 0.62766 0.59955
0.28786 0.63102 0.55069
0.63168 0.67140 0.69089
0.26875 0.62849 0.52343
0.37655 0.59112 0.54897
0.25699 0.44369 0.51914
0.35488 0.68102 0.57880
0.42539 0.57830 0.60954
0.36788 0.70330 0.55024
0.24691 0.54695 0.36014
0.33509 0.64590 0.61739
0.43155 0.55468 0.64732
0.43669 0.52635 0.53329
0.51624 0.63468 0.62598
0.40176 0.61784 0.50113
0.49431 0.65127 0.62694
0.36557 0.65293 0.61863
0.38343 0.44165 0.49247
0.46614 0.58408 0.64003
0.43359 0.63678 0.63624
0.43211 0.53145 0.59295
0.45438 0.51712 0.54106
0.38509 0.53230 0.49445
0.48790 0.61730 0.57001
0.43409 0.57824 0.50425
0.39749 0.59120 0.63806
0.29003 0.64980 0.58958
0.36419 0.56003 0.52240
0.34276 0.53813 0.55192
0.34483 0.57496 0.57007
0.27809 0.56790 0.45588
0.30465 0.63074 0.44900
0.39579 0.66535 0.53193
0.30414 0.47948 0.47401
0.38122 0.65976 0.54809
0.35653 0.70284 0.55709
0.47366 0.70377 0.61472
0.36269 0.67279 0.54845
0.39945 0.55221 0.55990
0.34545 0.55781 0.55780
0.30765 0.55496 0.49935
0.42154 0.63639 0.57712
0.45749 0.74992 0.62897
0.38222 0.65637 0.61855
0.46070 0.66998 0.57773
0.62417 0.73652 0.68050
0.38159 0.66304 0.54095
0.49648 0.58703 0.66014
0.47152 0.60718 0.58331
0.40290 0.59302 0.57919
0.54246 0.62088 0.62752
0.50172 0.54420 0.62441
0.48033 0.64451 0.58721
0.36214 0.57570 0.59467
0.46207 0.62156 0.56869
0.22587 0.57619 0.57029
0.49523 0.66960 0.69120
0.44722 0.46355 0.59539
0.38966 0.62164 0.54626
0.35783 0.55409 0.56321
0.30138 0.61078 0.58079
0.45022 0.64957 0.61138
0.52260 0.59480 0.55580
0.36125 0.66542 0.51624
0.31894 0.64314 0.51127
0.40960 0.62154 0.63681
0.23056 0.64287 0.46949
0.47163 0.60397 0.60076
0.34374 0.76130 0.45087
0.44232 0.59103 0.61173
0.53179 0.65422 0.55509
0.45072 0.57416 0.59319
0.28316 0.55791 0.51670
0.38289 0.56004 0.50659
0.38820 0.67444 0.56002
0.44460 0.56820 0.59228
0.47577 0.64968 0.60811
0.55380 0.59454 0.65410
0.39463 0.67229 0.64487
0.58356 0.59366 0.69800
0.39077 0.55871 0.52540
0.41012 0.67152 0.52036
0.61236 0.58113 0.71425
0.38991 0.55336 0.59704
0.60437 0.57589 0.70184
0.32861 0.58738 0.50626
0.47108 0.42320 0.59853
0.40182 0.60574 0.55147
0.36899 0.67080 0.49994
0.25043 0.43585 0.42449
0.39884 0.64586 0.55235
0.44822 0.63821 0.62644
0.59249 0.70788 0.62530
0.34769 0.63519 0.56405
0.28075 0.57318 0.49361
0.44691 0.52016 0.64380
0.35080 0.60878 0.49391
0.28848 0.61600 0.49112
0.57948 0.59558 0.65531
0.37446 0.66208 0.51964
0.46880 0.60897 0.59546
0.52629 0.57332 0.61807
0.45806 0.61279 0.56495
0.30138 0.56598 0.52180
0.42131 0.66261 0.49978
0.38194 0.59710 0.52622
0.42625 0.54681 0.63290
0.30229 0.54713 0.55192
0.34773 0.48594 0.51904
0.51480 0.59883 0.62120
0.31096 0.64959 0.52163
0.45006 0.64238 0.57953
0.46724 0.61264 0.60564
0.27817 0.55232 0.45316
0.33214 0.46787 0.47365
0.35237 0.54141 0.49587
0.41519 0.58476 0.51291
0.40718 0.57955 0.65766
0.34465 0.50014 0.46904
0.34091 0.66762 0.62041
0.42555 0.56082 0.61730
0.38045 0.62389 0.47943
0.48604 0.56295 0.60155
0.51518 0.61034 0.64060
0.35630 0.63306 0.45793
0.40074 0.62218 0.55320
0.39173 0.57676 0.52339
0.42972 0.58567 0.60372
0.53268 0.55786 0.66035
0.42041 0.58200 0.55088
0.49547 0.60929 0.58959
0.29415 0.55695 0.51705
0.35992 0.67526 0.53341
0.39261 0.65486 0.63073
