20 14 1000 24061 627
0.38961 0.66953 0.68474
0.05099 0.72276 0.16915
0.37343 0.26307 0.40773
0.21568 0.80354 0.67776
0.29628 0.43406 0.18865
0.28679 0.65706 0.77267
0.77193 0.81775 0.54324
0.78821 0.74200 0.52462
0.77232 0.61023 0.65873
0.32994 0.42832 0.30558
0.41405 0.68474 0.03525
0.54246 0.41010 0.95631
0.00307 0.93598 0.67964
0.07917 0.55104 0.25045
0.38664 0.62304 0.44519
0.29018 0.51917 0.55525
0.43061 0.59959 0.52783
0.46245 0.57704 0.67774
0.41153 0.60442 0.56210
0.38277 0.62394 0.62192
0.28361 0.58835 0.35987
0.54967 0.63755 0.61515
0.34787 0.68487 0.52502
0.41778 0.62120 0.54170
0.41873 0.58731 0.48774
0.36782 0.50189 0.42125
0.29997 0.69038 0.51167
0.45192 0.59739 0.40184
0.40218 0.63335 0.45761
0.46671 0.59989 0.58398
0.40568 0.63550 0.47231
0.35331 0.68114 0.55068
0.42047 0.59216 0.42692
0.50492 0.66077 0.50921
0.45892 0.62262 0.56221
0.28584 0.61791 0.41210
0.38479 0.60207 0.63137
0.32726 0.65144 0.52516
0.33109 0.60018 0.47755
0.41959 0.63532 0.43057
0.28194 0.59672 0.46115
0.51420 0.66993 0.51754
0.32341 0.49955 0.41571
0.36896 0.59244 0.46368
0.31194 0.58914 0.54901
0.30609 0.68355 0.33984
0.48696 0.64786 0.51008
0.46556 0.58064 0.43874
0.47058 0.58470 0.50663
0.38124 0.62524 0.52469
0.47422 0.63126 0.53105
0.41558 0.60090 0.52723
0.30740 0.68534 0.48038
0.30888 0.59611 0.46630
0.39500 0.67169 0.48990
0.42783 0.62734 0.44938
0.50659 0.55146 0.54299
0.41502 0.64826 0.45560
0.40685 0.57384 0.62191
0.51073 0.68474 0.51337
0.25640 0.71336 0.58079
0.30329 0.66178 0.37662
0.45422 0.66739 0.52958
0.30853 0.69713 0.52991
0.38756 0.64536 0.38689
0.44296 0.65447 0.56186
0.54416 0.68073 0.55081
0.41178 0.57065 0.53183
0.51189 0.66705 0.58944
0.38337 0.60643 0.54253
0.33990 0.64335 0.44703
0.32663 0.50547 0.42221
0.35657 0.60727 0.47892
0.36710 0.52387 0.35950
0.37506 0.62774 0.45947
0.43588 0.59729 0.46619
0.39290 0.65119 0.50080
0.37051 0.63844 0.51510
0.34185 0.64988 0.43535
0.35203 0.59458 0.40853
0.30786 0.63392 0.48599
0.43928 0.72188 0.62674
0.47612 0.57147 0.47180
0.33400 0.58737 0.48452
0.37620 0.66074 0.61114
0.37685 0.63738 0.41324
0.42051 0.52588 0.44736
0.33448 0.55685 0.48108
0.35644 0.60509 0.43790
0.43769 0.55547 0.47672
0.37105 0.70015 0.58964
0.33890 0.69535 0.50354
0.41613 0.65723 0.33796
0.40383 0.63401 0.48651
0.35222 0.71624 0.52665
0.40476 0.60942 0.50081
0.34541 0.66745 0.34445
0.45139 0.51906 0.62188
0.34977 0.70437 0.56204
0.43292 0.59727 0.56834
0.33811 0.66729 0.57981
0.30932 0.57206 0.40119
0.39870 0.65561 0.50809
0.33384 0.48366 0.45324
0.27585 0.63004 0.41058
0.27405 0.61803 0.40571
0.34097 0.62725 0.55156
0.28907 0.65613 0.50994
0.39455 0.54837 0.47981
0.43480 0.67850 0.55020
0.37260 0.63895 0.46500
0.39084 0.61264 0.54603
0.38214 0.62668 0.38870
0.52782 0.54107 0.51714
0.36867 0.60762 0.33664
0.40479 0.63823 0.42738
0.31354 0.69647 0.50028
0.34669 0.64580 0.55638
0.50432 0.67797 0.54355
0.40258 0.63226 0.47836
0.32050 0.63199 0.49302
0.37749 0.65396 0.59588
0.38073 0.59571 0.45946
0.37517 0.53320 0.46566
0.42788 0.66506 0.53896
0.30370 0.57910 0.46922
0.38230 0.66779 0.68396
0.36148 0.65367 0.43620
0.27962 0.63923 0.41520
0.46657 0.58156 0.41246
0.43685 0.63527 0.43529
0.45674 0.65145 0.54065
0.38139 0.63050 0.43777
0.29864 0.58483 0.41376
0.47559 0.61962 0.52797
0.26774 0.66490 0.43372
0.38505 0.56252 0.54285
0.35287 0.69837 0.61738
0.38877 0.61362 0.43538
0.31026 0.65735 0.57109
0.33385 0.59908 0.48226
0.38695 0.45030 0.43561
0.42368 0.67571 0.45838
0.29632 0.61068 0.43382
0.32949 0.52814 0.49405
0.35674 0.60349 0.42852
0.36195 0.64803 0.40042
0.38028 0.60604 0.39045
0.40007 0.57472 0.45538
0.47212 0.71668 0.54768
0.40253 0.59577 0.51917
0.43196 0.65175 0.55396
0.23782 0.57399 0.37386
0.39095 0.53269 0.53477
0.39712 0.64650 0.61497
0.43445 0.64566 0.54532
0.36790 0.68710 0.47171
0.35476 0.66220 0.57090
0.30877 0.63091 0.49771
0.31253 0.56308 0.43083
0.37240 0.68064 0.48885
0.48121 0.61707 0.52328
0.36912 0.63861 0.49325
0.46425 0.70398 0.56571
0.49273 0.56426 0.69614
0.33358 0.61065 0.51042
0.32711 0.69131 0.50621
0.43907 0.64270 0.50555
0.40625 0.69996 0.47226
0.39414 0.60860 0.47508
0.39387 0.57931 0.42670
0.36878 0.54309 0.45038
0.32641 0.61330 0.44130
0.44097 0.59958 0.49950
0.30709 0.52047 0.44153
0.44728 0.66112 0.57721
0.34600 0.63565 0.40175
0.36110 0.63358 0.46861
0.31273 0.64403 0.36442
0.32589 0.58429 0.38579
0.32570 0.67712 0.59469
0.29088 0.55018 0.39966
0.28483 0.68928 0.47690
0.40907 0.63345 0.43253
0.33849 0.65618 0.32606
0.29593 0.71717 0.51761
0.43641 0.70207 0.47812
0.34805 0.60162 0.46065
0.36889 0.67263 0.46476
0.42250 0.61957 0.50045
0.44670 0.66794 0.41293
0.43196 0.60228 0.46450
0.38685 0.59123 0.55068
0.38310 0.66714 0.55611
0.32731 0.53395 0.42456
0.39063 0.64144 0.55028
0.42444 0.68385 0.53216
0.46113 0.67919 0.46932
0.31451 0.51630 0.44605
0.36983 0.64336 0.58200
0.30130 0.61963 0.45567
0.33228 0.60835 0.53305
0.47175 0.67400 0.53280
0.45557 0.57508 0.57951
0.42472 0.64926 0.57365
0.34241 0.62274 0.52235
0.34643 0.65431 0.55152
0.37697 0.58001 0.52451
0.39329 0.58511 0.53788
0.40448 0.60506 0.49705
0.37274 0.65725 0.36562
0.28854 0.68080 0.46816
0.41460 0.65954 0.51219
0.41242 0.60694 0.52711
0.32696 0.62559 0.48091
0.38178 0.58561 0.52441
0.35109 0.63400 0.52598
0.44833 0.65627 0.53098
0.35013 0.55339 0.35645
0.36375 0.65240 0.51824
0.43727 0.53381 0.59603
0.36424 0.56501 0.45748
0.44192 0.58152 0.60628
0.29808 0.67703 0.52161
0.42631 0.69613 0.49083
0.50922 0.65609 0.54343
0.37459 0.59868 0.46653
0.46103 0.54175 0.68327
0.33021 0.62031 0.51529
0.34901 0.58361 0.43446
0.39239 0.57171 0.47400
0.27798 0.56800 0.33311
0.40258 0.67832 0.62000
0.32726 0.58083 0.38714
0.36690 0.63666 0.49347
0.30543 0.65225 0.52596
0.38691 0.68656 0.56710
0.43674 0.58121 0.44854
0.40026 0.59318 0.60206
0.39613 0.62271 0.48621
0.41419 0.60899 0.46015
0.27993 0.56904 0.43681
0.28034 0.60357 0.52365
0.32647 0.53811 0.47027
0.40531 0.60475 0.44491
0.44302 0.51602 0.53677
0.35621 0.67410 0.36798
0.33666 0.58774 0.52404
0.41178 0.63464 0.47938
0.39984 0.59224 0.44315
0.44206 0.65194 0.42540
0.40990 0.62860 0.43688
0.36341 0.60588 0.48951
0.43511 0.60216 0.53804
0.26747 0.60182 0.44740
0.34631 0.57695 0.43237
0.37816 0.61236 0.42788
0.33013 0.43669 0.44457
0.41242 0.62452 0.60571
0.38036 0.66295 0.57811
0.39990 0.60353 0.56432
0.23851 0.68162 0.43036
0.43806 0.60688 0.49239
0.44095 0.63137 0.43629
0.47513 0.66796 0.51995
0.40794 0.66517 0.39278
0.43041 0.63218 0.49587
0.26641 0.67183 0.45423
0.40156 0.64281 0.47074
0.38049 0.67782 0.53753
0.45815 0.56877 0.57950
0.39260 0.60643 0.56200
0.37987 0.67630 0.55849
0.34821 0.60790 0.44081
0.45459 0.58375 0.46893
0.31113 0.58693 0.44468
0.34165 0.61680 0.48091
0.39602 0.63699 0.29849
0.41862 0.62281 0.53042
0.40492 0.61175 0.40030
0.38653 0.60700 0.50498
0.43785 0.59025 0.62652
0.38034 0.57336 0.59917
0.46248 0.66910 0.48572
0.31453 0.66758 0.52392
0.34655 0.68822 0.49187
0.40272 0.67807 0.57628
0.36261 0.59909 0.49569
0.35152 0.58357 0.39787
0.40261 0.62761 0.34703
0.35449 0.63608 0.53321
0.36721 0.68817 0.54985
0.39416 0.64408 0.47217
0.48174 0.64103 0.58237
0.37327 0.66463 0.54191
0.46647 0.68706 0.50509
0.50962 0.63558 0.51911
0.36752 0.57735 0.40996
0.42721 0.63562 0.57889
0.34974 0.65717 0.60785
0.32920 0.63205 0.45254
0.41734 0.62483 0.49647
0.26568 0.69041 0.43550
0.42900 0.61128 0.50075
0.36918 0.60760 0.35714
0.37537 0.62723 0.49846
0.37439 0.58517 0.49461
0.49899 0.60981 0.47035
0.30001 0.56469 0.37855
0.34066 0.68352 0.59980
0.30320 0.67799 0.50300
0.33562 0.64291 0.46087
0.38553 0.57279 0.57031
0.38241 0.59811 0.47282
0.28232 0.58113 0.50739
0.28412 0.60787 0.42732
0.48949 0.64940 0.43690
0.39517 0.67355 0.48812
0.47398 0.67362 0.41649
0.40474 0.65798 0.52545
0.51325 0.66096 0.44269
0.40795 0.66503 0.51445
0.44317 0.57537 0.59382
0.27875 0.64396 0.48834
0.42083 0.55704 0.47753
0.34175 0.56363 0.43054
0.29543 0.59712 0.46662
0.22240 0.72033 0.38154
0.26275 0.60358 0.40043
0.40846 0.59073 0.54851
0.43297 0.55232 0.45174
0.42224 0.57142 0.43508
0.47745 0.63468 0.44423
0.41295 0.55490 0.49987
0.36325 0.66692 0.55635
0.44691 0.67948 0.58081
0.42050 0.65318 0.42628
0.27035 0.69212 0.49762
0.29532 0.60240 0.39615
0.36852 0.65240 0.54021
0.46573 0.64454 0.48444
0.24930 0.61388 0.37123
0.41639 0.65581 0.55696
0.32880 0.65637 0.36891
0.41026 0.63735 0.52227
0.30588 0.61767 0.48837
0.36278 0.68916 0.43072
0.28399 0.62961 0.45391
0.36569 0.63300 0.47322
0.51908 0.64306 0.48107
0.33531 0.56058 0.43369
0.39640 0.63839 0.42412
0.29552 0.65362 0.42418
0.42565 0.61998 0.51076
0.49572 0.59666 0.50424
0.24633 0.73441 0.62815
0.47836 0.54830 0.56040
0.38158 0.58412 0.59010
0.49674 0.62352 0.56732
0.39726 0.57025 0.44656
0.34209 0.60537 0.39638
0.39997 0.59253 0.59817
0.36400 0.53499 0.51971
0.44718 0.65641 0.49220
0.45110 0.58352 0.56609
0.39181 0.62674 0.47129
0.36493 0.56169 0.47293
0.39355 0.64530 0.49690
0.37301 0.61280 0.51323
0.34999 0.60956 0.41146
0.23595 0.60310 0.37060
0.35309 0.61522 0.38515
0.34258 0.59140 0.51344
0.43767 0.58699 0.39659
0.32010 0.59327 0.49052
0.40181 0.60065 0.39905
0.43736 0.56402 0.42640
0.36948 0.64397 0.45407
0.39941 0.62388 0.43078
0.31961 0.58117 0.39726
0.35631 0.60864 0.50463
0.41432 0.52941 0.51680
0.46723 0.67369 0.41644
0.44569 0.61601 0.51922
0.34130 0.61873 0.53181
0.41493 0.64193 0.50976
0.42117 0.57075 0.40452
0.37881 0.60461 0.46495
0.38401 0.55931 0.48437
0.39641 0.55671 0.48213
0.38438 0.62522 0.50993
0.48423 0.69447 0.50445
0.35940 0.61487 0.48333
0.35859 0.61361 0.59114
0.34608 0.55700 0.44803
0.49197 0.67779 0.47434
0.27812 0.58253 0.37980
0.44452 0.63843 0.59102
0.42922 0.65021 0.52417
0.51071 0.66808 0.47613
0.39812 0.59844 0.40680
0.47268 0.68014 0.44536
0.40039 0.67959 0.48292
0.37392 0.62789 0.41737
0.27509 0.60502 0.43389
0.42305 0.61919 0.57892
0.34628 0.63107 0.48162
0.47884 0.63410 0.56893
0.37108 0.63168 0.56858
0.26395 0.65542 0.58039
0.36437 0.61779 0.39521
0.46659 0.62888 0.50068
0.35772 0.63212 0.53654
0.45194 0.62872 0.51904
0.47112 0.65515 0.49534
0.37339 0.58375 0.39229
0.38439 0.61165 0.50709
0.33933 0.65779 0.54258
0.33190 0.69276 0.42835
0.37831 0.54485 0.46969
0.35888 0.64683 0.40522
0.37292 0.60421 0.47687
0.33007 0.69657 0.53806
0.38856 0.60796 0.51370
0.36540 0.60990 0.45075
0.28382 0.60526 0.44401
0.39295 0.57894 0.44297
0.48947 0.64279 0.46727
0.39057 0.64124 0.56675
0.41041 0.65564 0.58848
0.31036 0.61582 0.36998
0.39621 0.57683 0.63148
0.44817 0.61182 0.46889
0.40792 0.55724 0.53884
0.39347 0.58110 0.42722
0.45901 0.64811 0.52130
0.32038 0.66138 0.55838
0.31611 0.67189 0.47780
0.27950 0.58444 0.44908
0.37260 0.59623 0.42386
0.38910 0.67524 0.50368
0.37004 0.68531 0.53998
0.37150 0.63045 0.52026
0.47162 0.67785 0.55896
0.36549 0.64758 0.53755
0.42711 0.72741 0.55983
0.39850 0.62789 0.54517
0.32742 0.64249 0.57513
0.55666 0.64410 0.46980
0.42555 0.62134 0.47517
0.35268 0.56712 0.44359
0.27386 0.61258 0.44784
0.39473 0.58899 0.53330
0.32664 0.66398 0.44916
0.52350 0.67566 0.55675
0.50202 0.67244 0.56171
0.34376 0.63669 0.47345
0.42823 0.59264 0.46817
0.32342 0.64698 0.50466
0.42034 0.66291 0.57302
0.29806 0.61585 0.50607
0.33228 0.66128 0.52972
0.49688 0.62254 0.53343
0.41776 0.58055 0.53887
0.40442 0.56295 0.48563
0.40519 0.59754 0.63234
0.38594 0.60184 0.44535
0.33830 0.57426 0.48185
0.32326 0.69142 0.43946
0.48925 0.67277 0.47041
0.34448 0.54768 0.31967
0.44951 0.65350 0.53658
0.50603 0.63909 0.49594
0.42956 0.58299 0.48503
0.29009 0.74303 0.42984
0.49022 0.67082 0.50671
0.36392 0.60164 0.44101
0.44270 0.59002 0.49297
0.40846 0.58434 0.51741
0.37374 0.65627 0.64192
0.45882 0.57422 0.58638
0.34770 0.56401 0.40342
0.38184 0.63455 0.57962
0.33655 0.67080 0.46220
0.39371 0.57846 0.66463
0.33907 0.60375 0.43079
0.44204 0.60496 0.57360
0.41119 0.65618 0.47614
0.30206 0.72764 0.59651
0.29523 0.69269 0.42798
0.39224 0.57602 0.47883
0.29163 0.56355 0.41590
0.28141 0.65993 0.50248
0.44165 0.53910 0.49433
0.22624 0.67733 0.47609
0.34082 0.62327 0.40937
0.40848 0.68075 0.52688
0.37974 0.64534 0.43682
0.34353 0.59818 0.41101
0.52908 0.74227 0.52900
0.43161 0.61496 0.53792
0.28003 0.64898 0.52562
0.23467 0.64354 0.43317
0.42086 0.61162 0.43637
0.39975 0.59128 0.29815
0.44102 0.59659 0.50934
0.25064 0.69178 0.42339
0.29055 0.58436 0.40967
0.41635 0.63719 0.50059
0.40314 0.61186 0.54262
0.31125 0.62082 0.33618
0.43126 0.57216 0.52471
0.30171 0.61388 0.53623
0.51499 0.62587 0.51583
0.34408 0.51616 0.54189
0.39107 0.60984 0.47478
0.48924 0.70245 0.50832
0.38942 0.60134 0.46638
0.37784 0.64285 0.36930
0.39635 0.73704 0.44651
0.34904 0.67902 0.47318
0.40249 0.62864 0.56778
0.32829 0.67302 0.61315
0.44843 0.63790 0.39671
0.38397 0.56265 0.48345
0.32654 0.56587 0.38737
0.42784 0.67579 0.44508
0.40189 0.65371 0.39907
0.47078 0.54741 0.56957
0.39853 0.61128 0.51982
0.33212 0.58646 0.39074
0.32468 0.56566 0.41471
0.51989 0.58766 0.50275
0.54926 0.66272 0.47004
0.44522 0.58532 0.51003
0.42523 0.67266 0.50306
0.29449 0.63957 0.41759
0.38640 0.66124 0.49557
0.43415 0.62211 0.53335
0.37296 0.64528 0.50508
0.37297 0.63792 0.42862
0.26697 0.64088 0.53676
0.45658 0.61910 0.52080
0.34120 0.54240 0.47324
0.33457 0.60268 0.37960
0.30287 0.60706 0.46679
0.37987 0.60002 0.44950
0.34528 0.63830 0.42423
0.41245 0.57803 0.48793
0.31778 0.66735 0.48687
0.35300 0.59555 0.58193
0.29287 0.71387 0.50876
0.36280 0.62095 0.58796
0.35303 0.67966 0.47656
0.45298 0.68682 0.49754
0.51927 0.68183 0.58182
0.29577 0.65693 0.57112
0.48585 0.71179 0.51924
0.38551 0.64617 0.48715
0.30717 0.63974 0.50735
0.42243 0.62845 0.52158
0.46543 0.64582 0.43190
0.36572 0.59585 0.59621
0.33769 0.55085 0.44075
0.26348 0.56021 0.37079
0.32053 0.56501 0.38399
0.36680 0.62271 0.37835
0.37063 0.65514 0.52819
0.43830 0.61067 0.46631
0.45678 0.69979 0.53575
0.45164 0.59983 0.53658
0.51664 0.62641 0.50063
0.29583 0.66477 0.53189
0.41816 0.61238 0.42495
0.34637 0.65330 0.47185
0.33222 0.65944 0.57587
0.36174 0.59894 0.37408
0.30003 0.68021 0.51787
0.50824 0.61830 0.60104
0.28508 0.72045 0.62272
0.42025 0.61352 0.40093
0.39301 0.60625 0.59632
0.34938 0.55311 0.42610
0.55249 0.61225 0.45265
0.40378 0.56828 0.44957
0.32955 0.63971 0.56997
0.36972 0.57395 0.49236
0.46149 0.58189 0.43334
0.43308 0.60238 0.47044
0.38551 0.66318 0.44059
0.31655 0.62357 0.40839
0.33623 0.62800 0.48308
0.23581 0.65918 0.49152
0.41766 0.68682 0.47716
0.32221 0.55421 0.47835
0.55612 0.67914 0.49732
0.33468 0.59639 0.49588
0.45536 0.54268 0.50100
0.45714 0.59180 0.47999
0.41610 0.62333 0.55189
0.52001 0.67970 0.56077
0.36046 0.64635 0.53684
0.35671 0.64030 0.49735
0.36483 0.67016 0.47662
0.42988 0.66271 0.41142
0.25605 0.65527 0.41625
0.35987 0.63047 0.46730
0.45500 0.63079 0.51791
0.45083 0.55412 0.44163
0.39713 0.65171 0.54893
0.37720 0.53127 0.46614
0.44055 0.53510 0.63118
0.40379 0.58571 0.47727
0.30626 0.66538 0.53524
0.35452 0.62885 0.40645
0.43231 0.61559 0.53210
0.44707 0.67375 0.48194
0.33003 0.60309 0.60550
0.35353 0.47263 0.52220
0.42503 0.59868 0.48672
0.35066 0.54041 0.40962
0.44398 0.65494 0.41067
0.36920 0.60617 0.27268
0.33386 0.53735 0.56623
0.29649 0.62814 0.49169
0.26631 0.68021 0.56783
0.30661 0.66494 0.44571
0.41630 0.63572 0.49054
0.40351 0.65232 0.61663
0.43157 0.64706 0.49100
0.38510 0.63248 0.45975
0.44966 0.61186 0.47389
0.30540 0.56862 0.47108
0.24624 0.60605 0.37745
0.41644 0.67599 0.44859
0.40833 0.62273 0.49752
0.34676 0.62932 0.39060
0.38971 0.65974 0.50412
0.43031 0.53698 0.38094
0.45896 0.66374 0.42986
0.46644 0.57134 0.60242
0.49491 0.63112 0.51810
0.32707 0.67705 0.54017
0.42258 0.68344 0.43537
0.27733 0.70389 0.53040
0.32426 0.64955 0.66558
0.25041 0.59043 0.37663
0.31842 0.74192 0.57857
0.33267 0.63026 0.52810
0.34679 0.60499 0.53042
0.26340 0.68130 0.45822
0.38141 0.58869 0.53552
0.38290 0.59167 0.49442
0.46422 0.66258 0.53125
0.38005 0.55513 0.36107
0.38623 0.62923 0.54261
0.50822 0.61493 0.47697
0.29319 0.60945 0.44263
0.43502 0.58059 0.43763
0.43188 0.64318 0.54967
0.46715 0.55956 0.42629
0.26735 0.60746 0.44974
0.33582 0.60864 0.46357
0.41612 0.62454 0.48360
0.32471 0.61687 0.44836
0.32595 0.59999 0.61378
0.35838 0.63011 0.36370
0.28530 0.69692 0.60065
0.39666 0.59326 0.63138
0.31589 0.55739 0.40173
0.48975 0.65837 0.45828
0.32588 0.64834 0.49086
0.38223 0.53054 0.46088
0.35716 0.62721 0.69686
0.24438 0.64461 0.51314
0.34230 0.58205 0.49175
0.44877 0.60607 0.52742
0.45975 0.61450 0.50639
0.40778 0.64379 0.51985
0.35932 0.58126 0.57221
0.37067 0.59928 0.45524
0.37435 0.70037 0.48105
0.30303 0.70360 0.53753
0.43887 0.57014 0.55217
0.32751 0.60668 0.30903
0.36432 0.70004 0.41052
0.50431 0.62756 0.55277
0.46289 0.61040 0.47130
0.23327 0.67682 0.49573
0.24213 0.63361 0.41166
0.35902 0.55978 0.42613
0.35380 0.54526 0.52575
0.31258 0.66167 0.46099
0.44620 0.55384 0.65148
0.42323 0.60113 0.42898
0.24409 0.74500 0.52419
0.41166 0.54843 0.44578
0.57467 0.67313 0.60027
0.40355 0.64992 0.47352
0.40284 0.69520 0.47362
0.40453 0.66306 0.43206
0.38615 0.65618 0.58679
0.29831 0.57326 0.45133
0.28639 0.65089 0.45691
0.33604 0.66742 0.46336
0.36871 0.53767 0.39516
0.32033 0.61589 0.40045
0.35685 0.56956 0.63360
0.42458 0.58783 0.45286
0.35671 0.60728 0.50050
0.39105 0.57662 0.50397
0.41013 0.59091 0.54355
0.37395 0.61362 0.52139
0.39048 0.59950 0.46539
0.37524 0.61619 0.47231
0.31716 0.60185 0.41039
0.50109 0.63403 0.53963
0.40795 0.64826 0.52445
0.41680 0.69787 0.44674
0.39159 0.58998 0.61866
0.44277 0.62691 0.41603
0.34897 0.65803 0.45053
0.33641 0.60058 0.41421
0.31542 0.64229 0.44730
0.38991 0.63175 0.41745
0.38061 0.60307 0.54484
0.38274 0.58243 0.45709
0.40793 0.64397 0.46819
0.38044 0.66912 0.58525
0.35718 0.49569 0.45228
0.43939 0.63563 0.46567
0.44046 0.63808 0.51481
0.60511 0.71021 0.48277
0.39693 0.60863 0.56248
0.37053 0.66138 0.44366
0.33911 0.66938 0.49029
0.33881 0.57697 0.39674
0.35514 0.66625 0.52263
0.45334 0.59944 0.52511
0.25642 0.60197 0.33888
0.29186 0.65515 0.46164
0.36610 0.64263 0.50560
0.36897 0.64025 0.40395
0.36499 0.61404 0.42624
0.46659 0.58919 0.43257
0.34458 0.66221 0.53197
0.34896 0.59264 0.50737
0.37737 0.62658 0.51236
0.32232 0.68771 0.56740
0.30200 0.61268 0.39976
0.38958 0.64442 0.60924
0.34031 0.67563 0.51688
0.36077 0.60248 0.42201
0.33935 0.58085 0.40660
0.40183 0.59450 0.37856
0.40604 0.64907 0.55672
0.39422 0.68268 0.46904
0.28940 0.68246 0.56769
0.37533 0.60774 0.47960
0.39662 0.58859 0.42430
0.33914 0.63387 0.49189
0.37536 0.64062 0.53452
0.48688 0.62523 0.55426
0.35326 0.61453 0.48664
0.40714 0.62281 0.47881
0.36211 0.66074 0.50367
0.48134 0.66088 0.60608
0.41546 0.55149 0.55464
0.45355 0.61543 0.62463
0.47942 0.65799 0.52561
0.32578 0.60521 0.49752
0.35337 0.63167 0.42873
0.39529 0.55904 0.46077
0.37404 0.64161 0.44813
0.32329 0.62905 0.47033
0.37871 0.58676 0.43850
0.49822 0.69544 0.52365
0.40793 0.61429 0.53050
0.48038 0.61819 0.53640
0.48209 0.63262 0.48190
0.41387 0.65836 0.57198
0.32804 0.65350 0.42678
0.31426 0.60750 0.47203
0.42691 0.62777 0.48409
0.43108 0.61387 0.49138
0.49049 0.59366 0.53737
0.47612 0.63659 0.46799
0.26240 0.67832 0.43472
0.36042 0.65056 0.61723
0.23478 0.61203 0.40747
0.41491 0.61594 0.48647
0.45126 0.48428 0.50839
0.39294 0.61918 0.51356
0.35765 0.62345 0.48165
0.40734 0.62267 0.48944
0.35392 0.54899 0.45764
0.47726 0.63284 0.41185
0.34417 0.63817 0.46881
0.51337 0.62686 0.47517
0.37256 0.58512 0.52755
0.36114 0.57327 0.46153
0.35691 0.62287 0.46564
0.36723 0.52867 0.49067
0.42603 0.52492 0.47762
0.42758 0.64635 0.52203
0.28763 0.65281 0.38574
0.47500 0.61873 0.47829
0.50402 0.64385 0.56550
0.41150 0.64331 0.42345
0.31357 0.60995 0.39630
0.33072 0.56363 0.43377
0.37421 0.54393 0.60361
0.31159 0.66654 0.36075
0.31524 0.57255 0.47741
0.32242 0.67345 0.48167
0.35552 0.64644 0.43073
0.34515 0.58288 0.46293
0.44361 0.62510 0.46286
0.33759 0.60917 0.52606
0.40382 0.67005 0.56598
0.38278 0.64249 0.66960
0.36460 0.60335 0.55700
0.32875 0.63797 0.53249
0.33410 0.71534 0.36191
0.43575 0.65255 0.39771
0.36550 0.66214 0.53095
0.46741 0.59880 0.43634
0.32731 0.65424 0.53034
0.31611 0.66413 0.39335
0.34812 0.68527 0.54976
0.37778 0.62302 0.45350
0.30989 0.60255 0.43777
0.36025 0.66144 0.52761
0.37369 0.68939 0.54820
0.39540 0.55835 0.38614
0.48156 0.61679 0.54146
0.40863 0.66852 0.42558
0.46384 0.66084 0.43607
0.42257 0.60233 0.47278
0.41318 0.61474 0.48833
0.38661 0.67021 0.49149
0.43293 0.60164 0.47247
0.32416 0.60995 0.43405
0.36209 0.59900 0.47546
0.23558 0.65903 0.49473
0.41459 0.71022 0.54565
0.32898 0.60789 0.45250
0.44466 0.53397 0.53096
0.26860 0.67662 0.40483
0.39809 0.58435 0.40063
0.37464 0.68608 0.51154
0.42253 0.62311 0.41477
0.32177 0.64930 0.45840
0.41195 0.58898 0.42903
0.42204 0.63710 0.56800
0.32711 0.62704 0.42600
0.29009 0.73625 0.57924
0.39402 0.64683 0.50224
0.40970 0.65965 0.48368
0.35216 0.61983 0.40241
0.40942 0.63051 0.53450
0.34545 0.64247 0.49385
0.39135 0.66819 0.48963
0.33928 0.63985 0.48600
0.48801 0.61332 0.57276
0.29386 0.67557 0.46136
0.38464 0.72050 0.51192
0.39783 0.63748 0.39040
0.38965 0.62696 0.54121
0.32595 0.65768 0.50225
0.28758 0.62494 0.46721
0.40896 0.55050 0.51446
0.38957 0.63877 0.57218
0.31150 0.66963 0.40741
0.41972 0.66712 0.60208
0.36818 0.64520 0.59485
0.47004 0.59651 0.58929
0.35430 0.63065 0.55036
0.47645 0.64038 0.41663
0.26409 0.67730 0.52403
0.25017 0.77101 0.57920
0.48011 0.62795 0.49814
0.48777 0.60168 0.48456
0.38553 0.67475 0.49959
0.42624 0.67236 0.49688
0.36162 0.61719 0.42173
0.33053 0.60516 0.54745
0.43033 0.55860 0.48054
0.50162 0.58554 0.47264
0.36696 0.68799 0.52026
0.34588 0.64650 0.44217
0.32444 0.65479 0.52818
0.38831 0.60830 0.44585
0.46978 0.67179 0.38925
0.30319 0.55291 0.39948
0.38541 0.72069 0.56833
0.44048 0.60976 0.51563
0.41740 0.67258 0.53665
0.32923 0.69109 0.51228
0.37991 0.58927 0.54415
0.32529 0.67767 0.50371
0.28579 0.53773 0.38689
0.47838 0.71435 0.52395
0.28307 0.61089 0.49945
0.40656 0.65283 0.48440
0.30160 0.68098 0.51988
0.31752 0.57629 0.44170
0.37113 0.64745 0.44562
0.33268 0.54090 0.45873
0.27683 0.55164 0.40334
0.36568 0.56857 0.48314
0.51961 0.70519 0.52513
0.35094 0.73444 0.60662
0.19379 0.64811 0.40421
0.37428 0.72361 0.62445
0.47324 0.61541 0.55166
0.40495 0.55756 0.45013
0.45524 0.50722 0.56916
0.29453 0.55987 0.47392
0.30294 0.59009 0.46481
0.33351 0.54948 0.40402
0.49484 0.60060 0.57611
0.30842 0.72576 0.60631
0.36560 0.64954 0.54266
0.35022 0.65616 0.38276
0.31090 0.70195 0.55101
0.29689 0.61140 0.39016
0.43994 0.62539 0.53445
0.37539 0.68602 0.54530
0.31279 0.67823 0.53814
0.31196 0.65531 0.47816
0.22904 0.59099 0.37284
0.40999 0.67211 0.49241
0.36886 0.62910 0.56410
0.27741 0.60985 0.48406
0.37511 0.60684 0.37994
0.43557 0.63685 0.50495
0.31659 0.62311 0.52071
0.45280 0.60432 0.47148
0.44726 0.69161 0.56796
0.42397 0.54486 0.50458
0.29817 0.70287 0.49948
0.50837 0.67285 0.49431
0.27571 0.66046 0.48407
0.40049 0.56360 0.48479
0.39084 0.52956 0.52831
0.22756 0.57018 0.26476
0.29987 0.62080 0.51143
0.48086 0.55724 0.53151
0.38773 0.60992 0.51506
0.48529 0.62608 0.46436
0.45530 0.66088 0.41942
0.27497 0.55151 0.44844
0.43581 0.61792 0.48535
0.42613 0.68774 0.45928
0.30083 0.64732 0.39752
0.44795 0.58749 0.45779
0.44368 0.62004 0.50617
0.42209 0.50799 0.48692
0.43072 0.60917 0.37173
0.21716 0.56561 0.38545
0.38628 0.61528 0.50897
0.35605 0.57767 0.53629
0.43781 0.53575 0.39959
0.41331 0.62833 0.43375
0.32824 0.72398 0.58448
0.37845 0.56525 0.47933
0.36549 0.65541 0.44632
0.32918 0.60745 0.44976
0.42076 0.57874 0.50250
0.40060 0.59740 0.42928
0.55478 0.73332 0.56442
0.26570 0.67909 0.39261
0.36944 0.65263 0.58331
0.33897 0.60022 0.43978
0.44686 0.63501 0.51506
0.47792 0.57388 0.64761
0.34629 0.58967 0.46213
0.34954 0.58374 0.48015
0.37405 0.67042 0.40962
0.46243 0.64293 0.40176
0.38948 0.66569 0.44902
0.35241 0.64110 0.51645
0.32811 0.62549 0.35479
0.38201 0.60201 0.47558
0.39373 0.65993 0.55380
0.44958 0.66883 0.60082
0.48471 0.67080 0.48361
0.39758 0.71341 0.49193
0.32459 0.67409 0.57006
0.32650 0.60624 0.43097
0.33259 0.62243 0.40365
0.45367 0.64327 0.51373
0.54265 0.57552 0.68558
0.38468 0.58444 0.50591
0.35957 0.63771 0.53151
0.36175 0.66694 0.30627
0.36113 0.60071 0.43343
0.34178 0.71590 0.58886
0.38206 0.61645 0.41615
0.34728 0.60642 0.54948
0.44365 0.68903 0.55005
0.32000 0.55370 0.36478
0.36302 0.65442 0.44467
0.38151 0.55205 0.52204
0.42840 0.62225 0.55142
0.29364 0.61991 0.43880
0.36861 0.61547 0.47532
0.29996 0.59115 0.48412
0.37617 0.64190 0.57060
0.34891 0.61324 0.50713
0.37056 0.60838 0.53141
0.42138 0.62172 0.52160
0.38887 0.61925 0.49893
