20 14 1000 7523 34
0.70901 0.46069 0.70729
0.70273 0.58236 0.99050
0.08160 0.38300 0.99472
0.21865 0.21603 0.99932
0.53065 0.01579 0.91514
0.01020 0.47712 0.49764
0.93841 0.87969 0.64744
0.27430 0.52138 0.95934
0.49095 0.57601 0.57796
0.31997 0.37098 0.50926
0.72620 0.86351 0.60515
0.24288 0.35273 0.22940
0.92358 0.92405 0.09535
0.98317 0.45612 0.14114
0.42025 0.44397 0.64661
0.43314 0.47736 0.70766
0.58597 0.58616 0.57841
0.45941 0.51703 0.61259
0.56291 0.57749 0.76159
0.48049 0.47147 0.56731
0.57237 0.48530 0.54097
0.34823 0.45310 0.62026
0.42574 0.43287 0.81291
0.43423 0.47274 0.58596
0.62302 0.58107 0.55994
0.51251 0.53022 0.66610
0.45417 0.45688 0.74551
0.49260 0.54233 0.54088
0.56754 0.59629 0.68479
0.47900 0.58447 0.66739
0.57240 0.49090 0.70387
0.43143 0.48156 0.54929
0.60155 0.65351 0.61925
0.44865 0.41489 0.68130
0.41370 0.43529 0.51287
0.41374 0.48704 0.59236
0.79002 0.47256 0.38082
0.43360 0.46812 0.57842
0.51042 0.60519 0.60039
0.53568 0.49645 0.54156
0.48335 0.51154 0.59194
0.52457 0.52824 0.64526
0.53074 0.43636 0.64733
0.55125 0.49527 0.70175
0.38455 0.41304 0.75772
0.50170 0.53585 0.61516
0.55479 0.42255 0.67915
0.65508 0.61806 0.46735
0.43477 0.49443 0.60858
0.62126 0.57607 0.73367
0.49380 0.53840 0.81366
0.59236 0.55343 0.54015
0.53582 0.56088 0.66104
0.54751 0.51469 0.68533
0.59614 0.54845 0.64224
0.59841 0.51753 0.60871
0.41696 0.48272 0.56706
0.55400 0.56824 0.60459
0.37493 0.43183 0.66620
0.57607 0.62652 0.62437
0.51390 0.59048 0.59577
0.41299 0.47789 0.54728
0.57358 0.60104 0.67514
0.47595 0.46531 0.65829
0.60207 0.60242 0.58174
0.58907 0.54443 0.66529
0.47872 0.53444 0.60312
0.44050 0.53654 0.56501
0.55635 0.51040 0.63259
0.59276 0.58647 0.65117
0.40146 0.43551 0.85454
0.52073 0.42984 0.68338
0.50475 0.57520 0.48597
0.60339 0.62971 0.64245
0.49818 0.47860 0.54280
0.52927 0.41846 0.72559
0.49569 0.48008 0.68576
0.39230 0.44848 0.44040
0.52262 0.53836 0.60300
0.49668 0.55669 0.68212
0.55905 0.51575 0.54953
0.57301 0.51616 0.54938
0.47072 0.48890 0.43570
0.65416 0.61286 0.60180
0.48633 0.46911 0.58518
0.58920 0.53600 0.66976
0.38762 0.39709 0.77657
0.61231 0.54931 0.54334
0.50416 0.45589 0.74747
0.49058 0.52619 0.68207
0.49191 0.44863 0.71330
0.47891 0.51485 0.59787
0.68938 0.51152 0.39411
0.45788 0.48937 0.48745
0.63322 0.58269 0.52521
0.56210 0.49775 0.54767
0.50355 0.52732 0.65614
0.40848 0.47442 0.65494
0.49018 0.50604 0.68414
0.52672 0.33887 0.64335
0.45862 0.45074 0.61590
0.56272 0.57287 0.63285
0.41228 0.44929 0.76024
0.53952 0.43213 0.78911
0.60769 0.59922 0.66086
0.54119 0.58508 0.64159
0.36433 0.43422 0.66471
0.55828 0.57326 0.60146
0.55253 0.50641 0.75548
0.43618 0.49842 0.59541
0.43181 0.45620 0.56755
0.56971 0.56076 0.65215
0.54625 0.46358 0.58510
0.53147 0.45961 0.58215
0.47356 0.46755 0.69502
0.38482 0.50642 0.70735
0.58829 0.62756 0.54299
0.54525 0.57908 0.66254
0.70101 0.60361 0.59936
0.52252 0.48894 0.55420
0.36405 0.46388 0.61953
0.51052 0.54737 0.66740
0.52795 0.44058 0.56129
0.56968 0.53403 0.51179
0.48180 0.56566 0.78839
0.63573 0.57673 0.63666
0.41165 0.42925 0.57174
0.63846 0.58989 0.58040
0.48711 0.33311 0.71832
0.58186 0.46227 0.72381
0.37341 0.44517 0.73198
0.55849 0.55804 0.52852
0.50775 0.49143 0.57691
0.50620 0.47422 0.70280
0.39921 0.44086 0.66467
0.45356 0.49577 0.61954
0.51379 0.50266 0.72266
0.46379 0.47909 0.62088
0.50802 0.53926 0.59562
0.54379 0.55320 0.56377
0.54817 0.57199 0.68336
0.46241 0.51735 0.62427
0.47948 0.46411 0.71475
0.46760 0.50988 0.59582
0.51560 0.44039 0.64253
0.53355 0.47597 0.69069
0.66090 0.54791 0.64068
0.39214 0.48774 0.67564
0.48505 0.53365 0.59890
0.49003 0.41499 0.59441
0.48830 0.50161 0.75419
0.56717 0.44690 0.68421
0.51911 0.54334 0.58413
0.40038 0.45185 0.74034
0.42457 0.39808 0.82173
0.56035 0.48665 0.73173
0.58827 0.53643 0.60020
0.51898 0.57483 0.67835
0.53813 0.52536 0.70679
0.56352 0.62607 0.59091
0.43988 0.46208 0.65162
0.54166 0.60596 0.58812
0.68456 0.51946 0.63910
0.49625 0.55288 0.67466
0.56370 0.40927 0.65352
0.49931 0.42669 0.56542
0.38441 0.42904 0.63827
0.50294 0.55217 0.67499
0.48623 0.44653 0.62952
0.44963 0.50009 0.62961
0.60149 0.56931 0.74110
0.40440 0.46163 0.64988
0.41769 0.47084 0.77827
0.55265 0.58130 0.62293
0.55588 0.44838 0.68296
0.52034 0.50553 0.62706
0.56618 0.52826 0.71219
0.73320 0.49198 0.45165
0.40921 0.41235 0.54793
0.36266 0.46273 0.66448
0.48288 0.47762 0.63708
0.43417 0.44772 0.41337
0.58281 0.52030 0.70555
0.67387 0.60048 0.51606
0.43547 0.39711 0.63653
0.43121 0.48442 0.64381
0.38302 0.49261 0.68142
0.55513 0.62712 0.69897
0.44936 0.39392 0.61256
0.50896 0.52804 0.66982
0.54859 0.59717 0.59151
0.50012 0.50735 0.58325
0.50660 0.44152 0.63811
0.43144 0.47065 0.67972
0.40274 0.39221 0.69418
0.47680 0.46123 0.70325
0.58982 0.52397 0.69676
0.48608 0.53019 0.62650
0.48669 0.53565 0.68863
0.59600 0.51520 0.72331
0.55931 0.50045 0.48549
0.46126 0.54131 0.66167
0.37003 0.40305 0.61437
0.57091 0.58231 0.60323
0.55793 0.49856 0.61698
0.39897 0.49382 0.79941
0.52703 0.53580 0.63709
0.47735 0.53093 0.61133
0.53268 0.50582 0.59622
0.40717 0.51188 0.70044
0.45862 0.46004 0.67111
0.49437 0.51591 0.58229
0.50109 0.50777 0.55868
0.46623 0.43773 0.66946
0.50202 0.46428 0.67792
0.42180 0.42600 0.83605
0.48394 0.51014 0.64829
0.31257 0.35258 0.76270
0.42844 0.50696 0.67423
0.55276 0.49614 0.53842
0.49468 0.47673 0.69277
0.54262 0.55586 0.62780
0.47153 0.46803 0.65284
0.46948 0.46256 0.72132
0.55575 0.47877 0.54319
0.39174 0.46580 0.63926
0.67043 0.55578 0.53671
0.44625 0.41707 0.62881
0.44161 0.47018 0.64201
0.40227 0.47995 0.68964
0.38523 0.36003 0.77154
0.60700 0.52706 0.55662
0.54913 0.55804 0.61476
0.42703 0.47414 0.58789
0.54840 0.56095 0.62672
0.67700 0.59564 0.62642
0.47815 0.49582 0.75858
0.46031 0.43563 0.59087
0.62871 0.50660 0.71035
0.48515 0.45738 0.52612
0.55800 0.46180 0.44881
0.42787 0.46853 0.65118
0.54827 0.59397 0.36312
0.57759 0.52541 0.57195
0.48148 0.54216 0.63168
0.41222 0.43836 0.64881
0.45627 0.43249 0.51717
0.48710 0.45240 0.68070
0.41136 0.46096 0.68674
0.47548 0.44171 0.59631
0.51176 0.50076 0.71614
0.46609 0.50684 0.71134
0.30921 0.40373 0.72448
0.50259 0.42388 0.58214
0.56069 0.57259 0.69982
0.56762 0.52257 0.69376
0.46763 0.46307 0.51471
0.42371 0.40122 0.52669
0.57267 0.51236 0.62152
0.42490 0.45317 0.55918
0.44871 0.51315 0.55092
0.44397 0.48831 0.60559
0.35348 0.50080 0.76798
0.58482 0.55428 0.51812
0.50041 0.47902 0.58607
0.38598 0.45688 0.64835
0.35999 0.42090 0.53003
0.43558 0.50198 0.61715
0.52654 0.58377 0.65596
0.52706 0.57388 0.49951
0.46286 0.46835 0.60127
0.64788 0.43344 0.62411
0.48523 0.54167 0.63640
0.51558 0.50482 0.53709
0.52487 0.56514 0.57289
0.62154 0.50422 0.51538
0.45310 0.46399 0.73572
0.52026 0.48373 0.35165
0.27978 0.49256 0.61579
0.45863 0.39880 0.72663
0.51006 0.49875 0.61567
0.40514 0.48742 0.65591
0.43574 0.53091 0.47435
0.47271 0.48455 0.70539
0.45210 0.55348 0.45507
0.54882 0.53112 0.62138
0.65638 0.63966 0.35751
0.59816 0.54965 0.63634
0.51902 0.49365 0.63888
0.57195 0.46604 0.68763
0.41961 0.39523 0.66947
0.67729 0.58810 0.50699
0.53824 0.55761 0.54975
0.46091 0.46288 0.76922
0.44562 0.52045 0.73016
0.31490 0.43836 0.75249
0.35357 0.46992 0.61068
0.60129 0.54222 0.57521
0.50222 0.52021 0.67252
0.49305 0.50872 0.45922
0.50712 0.39699 0.76079
0.38899 0.42712 0.69169
0.46879 0.51473 0.70147
0.51368 0.52055 0.69129
0.44750 0.48538 0.67275
0.51307 0.48477 0.65128
0.56046 0.59926 0.61075
0.42234 0.46361 0.74343
0.41141 0.47053 0.77568
0.42264 0.51045 0.64308
0.59484 0.62520 0.63704
0.57882 0.43242 0.61516
0.52920 0.53220 0.66381
0.41394 0.51648 0.54462
0.30580 0.47261 0.71370
0.57922 0.55864 0.61902
0.51998 0.45645 0.59656
0.53745 0.43078 0.57894
0.67487 0.64627 0.56342
0.58718 0.59164 0.64921
0.48068 0.43661 0.70689
0.59746 0.59384 0.64016
0.53479 0.50803 0.60180
0.43988 0.49025 0.68364
0.45055 0.47073 0.57555
0.48329 0.53658 0.57744
0.43015 0.48515 0.57304
0.50929 0.45056 0.71916
0.49794 0.41656 0.78032
0.48877 0.43045 0.74047
0.61450 0.56895 0.50548
0.50210 0.49685 0.68322
0.68116 0.51421 0.53795
0.43664 0.42767 0.66696
0.55958 0.55641 0.51281
0.48694 0.49205 0.65935
0.41492 0.47246 0.66999
0.54182 0.56569 0.55423
0.37546 0.45993 0.69223
0.60997 0.59233 0.67815
0.38415 0.41201 0.64082
0.37679 0.45427 0.69996
0.58450 0.61719 0.50821
0.33649 0.48644 0.46206
0.63176 0.60517 0.61074
0.51674 0.44083 0.72950
0.62416 0.67082 0.69217
0.52619 0.50628 0.71147
0.49711 0.46996 0.63023
0.45154 0.47924 0.76689
0.38339 0.45960 0.66294
0.63608 0.63098 0.54142
0.45242 0.52479 0.41026
0.51705 0.56071 0.66194
0.54594 0.51047 0.53281
0.45157 0.47765 0.61595
0.50300 0.49201 0.59454
0.47116 0.51810 0.67673
0.41108 0.54286 0.63027
0.43054 0.48888 0.65202
0.55165 0.48619 0.69571
0.54146 0.52927 0.57551
0.49750 0.51104 0.62526
0.66607 0.62796 0.68096
0.52874 0.46611 0.55633
0.48087 0.39965 0.71656
0.62319 0.40196 0.49502
0.53941 0.46612 0.72465
0.52329 0.52765 0.48940
0.41469 0.44331 0.67243
0.57648 0.57226 0.61831
0.44186 0.48419 0.62817
0.39916 0.42678 0.66345
0.59091 0.44927 0.68850
0.56057 0.54647 0.56217
0.43249 0.30051 0.73854
0.31475 0.46487 0.71997
0.59920 0.60766 0.50396
0.62738 0.60548 0.69469
0.58477 0.57274 0.54494
0.56331 0.47360 0.54578
0.43188 0.50863 0.57085
0.54282 0.36895 0.68737
0.42378 0.56771 0.69697
0.47435 0.55181 0.57141
0.51498 0.35338 0.73949
0.61324 0.66907 0.48601
0.43358 0.45981 0.74547
0.45044 0.45843 0.53419
0.58473 0.57606 0.61030
0.35328 0.46015 0.77580
0.71765 0.65178 0.47718
0.46373 0.49843 0.69506
0.54972 0.46197 0.61182
0.42521 0.43198 0.69815
0.33115 0.35640 0.81261
0.45964 0.38647 0.70600
0.42209 0.47969 0.74983
0.46407 0.43782 0.62821
0.54935 0.52387 0.69458
0.47434 0.47342 0.72369
0.53141 0.46914 0.73514
0.54251 0.51818 0.61460
0.52186 0.43508 0.58223
0.55345 0.44468 0.64691
0.44871 0.41715 0.58443
0.40888 0.52243 0.60847
0.52630 0.45970 0.69742
0.57236 0.54537 0.52048
0.42453 0.51924 0.52885
0.55228 0.61335 0.65812
0.57096 0.54091 0.60334
0.61401 0.55647 0.62334
0.48864 0.45985 0.64737
0.52574 0.52102 0.53367
0.38830 0.47316 0.66563
0.50626 0.46977 0.62604
0.51329 0.42514 0.70133
0.67604 0.70129 0.41613
0.40653 0.51409 0.63106
0.41752 0.49991 0.63655
0.52433 0.44582 0.71172
0.49282 0.40124 0.59109
0.48823 0.31676 0.67947
0.40585 0.45538 0.54293
0.62074 0.54517 0.42014
0.50205 0.58777 0.51188
0.53723 0.46423 0.61329
0.41793 0.38518 0.71688
0.53015 0.48813 0.61786
0.53609 0.56961 0.68807
0.56160 0.50824 0.61395
0.61791 0.60870 0.58585
0.42990 0.40879 0.68470
0.41667 0.46503 0.69851
0.50506 0.41492 0.57695
0.58024 0.50834 0.57506
0.46478 0.53022 0.67605
0.42479 0.55191 0.61613
0.53778 0.45600 0.73447
0.49555 0.48218 0.77950
0.50683 0.47892 0.75209
0.52403 0.51117 0.58382
0.56501 0.56003 0.69302
0.45480 0.45907 0.75842
0.49123 0.48468 0.60290
0.46051 0.49107 0.68337
0.46785 0.49956 0.59804
0.64508 0.50540 0.63809
0.56814 0.53134 0.65215
0.51705 0.41852 0.53642
0.49244 0.41231 0.73590
0.56795 0.54469 0.59548
0.60924 0.44561 0.57172
0.58761 0.55426 0.61409
0.50045 0.46778 0.62217
0.43899 0.54916 0.69372
0.64452 0.52812 0.40507
0.44804 0.49346 0.54936
0.41335 0.45340 0.60769
0.50049 0.57305 0.65126
0.47405 0.41065 0.78915
0.57862 0.42152 0.62602
0.44671 0.51396 0.71673
0.55950 0.47490 0.70367
0.43856 0.53044 0.51607
0.45291 0.48865 0.73010
0.43734 0.35022 0.68888
0.41790 0.51399 0.79346
0.55294 0.59153 0.59170
0.43025 0.46047 0.72915
0.33294 0.47085 0.76609
0.45527 0.47234 0.62949
0.56592 0.51701 0.60549
0.57300 0.54224 0.61247
0.34830 0.38941 0.60776
0.51545 0.51780 0.52358
0.67727 0.69190 0.48801
0.64656 0.52863 0.64523
0.61532 0.51151 0.58654
0.51552 0.47462 0.72978
0.51791 0.49775 0.56875
0.54130 0.50145 0.71602
0.48467 0.49866 0.78320
0.43834 0.57127 0.59405
0.56521 0.42482 0.65045
0.50396 0.46780 0.65677
0.60799 0.50816 0.72411
0.59198 0.55347 0.59089
0.50993 0.46485 0.61830
0.52005 0.55704 0.50394
0.67307 0.67602 0.62704
0.67606 0.56522 0.56899
0.52646 0.48497 0.64548
0.59466 0.60569 0.59843
0.38554 0.46699 0.61356
0.31375 0.43743 0.67521
0.55464 0.56729 0.65507
0.51979 0.48869 0.40748
0.60630 0.52753 0.59683
0.36624 0.45143 0.73802
0.49759 0.46615 0.61854
0.61925 0.47577 0.76854
0.52201 0.50459 0.59633
0.44126 0.52386 0.72751
0.64700 0.54340 0.46527
0.50033 0.45200 0.64826
0.56456 0.61541 0.61364
0.41653 0.52318 0.66300
0.46238 0.59298 0.50454
0.51017 0.52902 0.56762
0.59663 0.60055 0.61111
0.52484 0.40728 0.67246
0.63338 0.61440 0.58544
0.57422 0.44855 0.62225
0.41182 0.46714 0.73269
0.63046 0.38021 0.62017
0.42827 0.52481 0.69490
0.54697 0.50583 0.59441
0.54404 0.53662 0.81506
0.64622 0.56125 0.64456
0.48947 0.44684 0.51676
0.43317 0.45306 0.61760
0.57981 0.47727 0.74470
0.48223 0.52393 0.63869
0.56947 0.54288 0.70028
0.51249 0.53660 0.68176
0.61226 0.42237 0.68277
0.70216 0.56000 0.57401
0.56178 0.50998 0.61701
0.49553 0.38709 0.78586
0.44966 0.49581 0.72964
0.44827 0.46925 0.69381
0.43021 0.47003 0.70502
0.52364 0.46352 0.56098
0.49073 0.58454 0.70578
0.46535 0.43494 0.65851
0.51192 0.53813 0.61299
0.68686 0.58191 0.47551
0.57608 0.43969 0.62437
0.44396 0.29465 0.80086
0.48525 0.51820 0.56262
0.50922 0.55013 0.60987
0.57743 0.47624 0.60758
0.45105 0.45621 0.54646
0.57497 0.62556 0.68878
0.55290 0.54706 0.74535
0.40444 0.44792 0.80634
0.44182 0.47020 0.63895
0.36140 0.41373 0.78294
0.52711 0.42373 0.60764
0.58688 0.57753 0.64048
0.47614 0.43556 0.56361
0.50564 0.53899 0.62773
0.45964 0.50178 0.73215
0.63577 0.54868 0.64677
0.36579 0.50618 0.63919
0.39291 0.56115 0.71468
0.31053 0.39446 0.80397
0.46202 0.40407 0.67324
0.61226 0.43399 0.68854
0.50454 0.53608 0.59815
0.65162 0.56443 0.47889
0.38795 0.41924 0.80828
0.65401 0.50031 0.43976
0.66338 0.59598 0.51282
0.52110 0.54987 0.68111
0.58711 0.45028 0.62787
0.53198 0.57462 0.65127
0.64394 0.51185 0.51305
0.60386 0.60778 0.48325
0.49810 0.56760 0.58355
0.40993 0.45926 0.56134
0.50579 0.50444 0.71925
0.60776 0.62070 0.64903
0.61529 0.57286 0.65341
0.62730 0.60931 0.74112
0.39274 0.46272 0.66684
0.56481 0.54200 0.65727
0.47843 0.48787 0.67950
0.57989 0.49818 0.61055
0.50758 0.56786 0.59752
0.55588 0.56093 0.63821
0.50172 0.52656 0.65125
0.54186 0.41393 0.64647
0.60380 0.56012 0.64153
0.42552 0.50634 0.66576
0.38780 0.49079 0.52940
0.45304 0.54636 0.71858
0.60954 0.60164 0.58120
0.56164 0.45190 0.68465
0.42561 0.48045 0.71831
0.60749 0.61419 0.71902
0.42250 0.44289 0.61947
0.67330 0.63960 0.51876
0.45355 0.50682 0.60093
0.57330 0.50547 0.79597
0.50718 0.39160 0.70306
0.65945 0.53021 0.71620
0.55840 0.51125 0.53865
0.66577 0.62797 0.68584
0.42615 0.45523 0.72685
0.46984 0.58147 0.59146
0.45807 0.50252 0.63755
0.49058 0.57258 0.52103
0.67786 0.56839 0.55475
0.48802 0.46641 0.63618
0.45183 0.50281 0.71660
0.40504 0.51001 0.64850
0.62658 0.56120 0.47349
0.49284 0.47419 0.58768
0.35714 0.43722 0.73897
0.60394 0.67725 0.55898
0.60302 0.57809 0.59138
0.40552 0.43254 0.63774
0.43737 0.45932 0.78942
0.65246 0.60112 0.66365
0.51634 0.52482 0.69346
0.52600 0.48960 0.68692
0.53522 0.57596 0.46666
0.55823 0.57770 0.57466
0.60363 0.55507 0.68460
0.53658 0.60567 0.60309
0.37521 0.41613 0.76105
0.50133 0.52123 0.58681
0.39673 0.44220 0.61807
0.53414 0.43446 0.66223
0.47678 0.51758 0.62557
0.56841 0.50202 0.63582
0.53090 0.56991 0.55363
0.54299 0.63243 0.59020
0.50230 0.43340 0.62423
0.45409 0.33137 0.55147
0.57585 0.46972 0.61991
0.65177 0.58341 0.43577
0.61830 0.56521 0.56970
0.48318 0.45297 0.69835
0.60833 0.48894 0.54894
0.53987 0.48924 0.40162
0.62512 0.59860 0.45763
0.62709 0.55910 0.64794
0.44505 0.48659 0.74202
0.53327 0.49333 0.73191
0.36810 0.46946 0.72758
0.48499 0.54796 0.71644
0.51900 0.52810 0.70892
0.55637 0.46977 0.66931
0.45589 0.48067 0.68280
0.64994 0.57023 0.56360
0.57564 0.61265 0.63904
0.51635 0.52715 0.59095
0.43506 0.51209 0.71461
0.55703 0.49564 0.61495
0.59912 0.46270 0.44350
0.39536 0.51199 0.55924
0.55749 0.57179 0.62393
0.61535 0.59668 0.69661
0.52853 0.45038 0.64415
0.47733 0.46619 0.62555
0.59446 0.52308 0.62601
0.59554 0.56257 0.67509
0.60917 0.54234 0.53011
0.62112 0.55713 0.52248
0.53836 0.49740 0.59341
0.42931 0.54617 0.66736
0.42770 0.41430 0.60037
0.47127 0.58329 0.64658
0.56653 0.60699 0.54596
0.50250 0.53195 0.56983
0.59177 0.55012 0.63422
0.45716 0.51089 0.62977
0.36073 0.47420 0.58101
0.58975 0.55666 0.52505
0.48717 0.44489 0.64839
0.55963 0.56984 0.67482
0.49107 0.54114 0.68433
0.53515 0.44704 0.68955
0.50232 0.42787 0.48963
0.53648 0.42863 0.75394
0.41718 0.43100 0.75501
0.55669 0.50804 0.46882
0.53044 0.52300 0.62196
0.51650 0.53041 0.67192
0.57605 0.58663 0.66797
0.59088 0.53369 0.62894
0.52693 0.52952 0.60555
0.52908 0.55121 0.66479
0.61268 0.62191 0.63393
0.64039 0.61181 0.52645
0.53408 0.53200 0.66255
0.52867 0.46842 0.66091
0.57994 0.65091 0.62909
0.55951 0.56652 0.61938
0.56303 0.45589 0.53638
0.65783 0.49569 0.68107
0.61712 0.55226 0.55234
0.63268 0.55636 0.62494
0.35704 0.39749 0.67070
0.40094 0.50479 0.63878
0.52567 0.52389 0.66800
0.49010 0.40794 0.77542
0.58713 0.52104 0.47090
0.58387 0.58699 0.56032
0.47690 0.51071 0.57217
0.47519 0.44219 0.66155
0.60651 0.58362 0.54045
0.40552 0.47746 0.69985
0.36369 0.38269 0.68225
0.44512 0.53243 0.52096
0.58972 0.52836 0.62581
0.36090 0.46389 0.66779
0.40673 0.47097 0.73673
0.61134 0.49269 0.71029
0.51721 0.56919 0.62978
0.40512 0.49223 0.53259
0.46406 0.30686 0.76882
0.56584 0.50350 0.66586
0.53416 0.43236 0.75085
0.51235 0.48218 0.73631
0.49353 0.44016 0.64493
0.58144 0.49820 0.57367
0.58130 0.50755 0.59206
0.48247 0.53102 0.67952
0.42413 0.45403 0.59763
0.37887 0.38440 0.74136
0.65448 0.58044 0.50745
0.50614 0.46317 0.72323
0.43211 0.48023 0.46048
0.47959 0.48289 0.75564
0.38225 0.42562 0.82656
0.61303 0.60287 0.60749
0.60711 0.48904 0.56972
0.51013 0.52217 0.62588
0.49390 0.50014 0.71150
0.56669 0.56456 0.70845
0.55527 0.55031 0.50921
0.49596 0.44300 0.66742
0.55451 0.51062 0.48689
0.58410 0.51308 0.53738
0.55249 0.52901 0.62103
0.53853 0.48179 0.62950
0.57239 0.52130 0.64039
0.50773 0.50949 0.60826
0.47637 0.42225 0.64188
0.64945 0.56470 0.65004
0.42676 0.43761 0.67598
0.49466 0.51495 0.51630
0.47118 0.55697 0.72280
0.61962 0.48108 0.50727
0.52631 0.46818 0.63646
0.41515 0.46440 0.60200
0.31423 0.47797 0.65965
0.64138 0.61043 0.58702
0.44624 0.42911 0.67629
0.53157 0.57979 0.64602
0.50541 0.57237 0.66450
0.47164 0.44361 0.67811
0.54400 0.43801 0.63056
0.50628 0.54915 0.61855
0.57854 0.51422 0.61241
0.50916 0.47633 0.68568
0.52838 0.57553 0.59785
0.50207 0.51215 0.63362
0.53000 0.49500 0.72148
0.47824 0.45815 0.75151
0.49926 0.53658 0.62983
0.47117 0.52983 0.70535
0.53709 0.50623 0.66328
0.65809 0.50814 0.54384
0.62278 0.52359 0.51401
0.48237 0.48543 0.69931
0.40595 0.36535 0.63432
0.60033 0.57728 0.62351
0.48062 0.59003 0.64050
0.43488 0.48692 0.57919
0.42880 0.45816 0.67988
0.64023 0.52729 0.43361
0.61999 0.51802 0.63298
0.46357 0.44889 0.63124
0.31969 0.46358 0.82704
0.43293 0.45164 0.67178
0.55546 0.47989 0.70754
0.64389 0.59039 0.65329
0.42958 0.41245 0.58398
0.57174 0.46252 0.63642
0.57600 0.51202 0.70497
0.50611 0.56666 0.71542
0.44409 0.44793 0.64337
0.52050 0.51375 0.66389
0.64453 0.56062 0.61858
0.51188 0.47820 0.64048
0.65663 0.55380 0.48022
0.59917 0.55415 0.68810
0.41712 0.46548 0.69661
0.46297 0.56062 0.68278
0.53636 0.53125 0.72318
0.36570 0.40608 0.64547
0.46305 0.44868 0.73648
0.47771 0.30972 0.64328
0.33847 0.38865 0.62282
0.52542 0.51077 0.71837
0.53298 0.44073 0.67952
0.42852 0.50672 0.55541
0.37275 0.47167 0.64284
0.60851 0.58204 0.53513
0.62038 0.58507 0.60551
0.59152 0.60878 0.53895
0.53114 0.56907 0.64357
0.58272 0.54383 0.65774
0.53404 0.54010 0.63955
0.44262 0.45110 0.64556
0.43565 0.51216 0.70970
0.44405 0.40232 0.70209
0.61074 0.53867 0.58210
0.51996 0.53568 0.65911
0.56626 0.55489 0.50590
0.60356 0.52233 0.58449
0.45608 0.38311 0.75431
0.42255 0.54746 0.62465
0.33900 0.43614 0.81391
0.49869 0.53249 0.69037
0.50582 0.44975 0.62950
0.56833 0.37430 0.68596
0.62582 0.62249 0.57868
0.46255 0.44719 0.63323
0.41246 0.45801 0.79758
0.60992 0.51507 0.60236
0.39473 0.44459 0.64316
0.36277 0.42594 0.75047
0.34279 0.51548 0.48392
0.62467 0.57156 0.55058
0.66641 0.57230 0.65997
0.54183 0.46778 0.70240
0.56315 0.59949 0.52331
0.36974 0.37288 0.76487
0.56071 0.59619 0.66682
0.49723 0.50882 0.58461
0.61483 0.51137 0.58766
0.56785 0.56999 0.60030
0.40259 0.42266 0.67497
0.59600 0.47723 0.55790
0.56530 0.50695 0.66978
0.42911 0.52314 0.57566
0.47377 0.47147 0.69247
0.58058 0.54910 0.69774
0.58213 0.55567 0.50193
0.45992 0.53577 0.64516
0.42555 0.40167 0.73297
0.60367 0.48670 0.42767
0.53390 0.38527 0.67822
0.44507 0.48842 0.74469
0.48774 0.51509 0.63754
0.49518 0.47548 0.53231
0.37941 0.50943 0.69085
0.51716 0.44291 0.59034
0.59226 0.42823 0.58118
0.56133 0.41976 0.64671
0.60360 0.50378 0.52671
0.50489 0.52059 0.55744
0.45026 0.43043 0.75062
0.58498 0.57478 0.48612
0.39810 0.37189 0.70633
0.51365 0.55754 0.70890
0.59334 0.56865 0.48492
0.44482 0.53198 0.66300
0.49029 0.52347 0.64618
0.44709 0.46361 0.70455
0.49779 0.53496 0.68380
0.54026 0.52252 0.60274
0.62265 0.62768 0.53829
0.51640 0.42649 0.72816
0.62732 0.53632 0.58043
0.44065 0.53300 0.64030
0.58507 0.61024 0.49526
0.33500 0.46274 0.83133
0.48271 0.46601 0.63533
0.49324 0.55877 0.67543
0.40100 0.47690 0.74325
0.39600 0.47249 0.60350
0.55855 0.57770 0.64553
0.46298 0.52604 0.58207
0.48089 0.53499 0.54890
0.43538 0.46740 0.63574
0.57520 0.63564 0.56232
0.56829 0.50085 0.52039
0.44795 0.38594 0.63881
0.50607 0.47148 0.70480
0.47525 0.46545 0.71445
0.60508 0.57628 0.73717
0.52350 0.55583 0.63099
0.61123 0.53762 0.68845
0.50877 0.48146 0.76925
0.50354 0.49005 0.48948
0.43727 0.43333 0.64272
0.38581 0.44146 0.79512
0.36082 0.47053 0.61375
0.34297 0.41054 0.72742
0.56814 0.43751 0.69149
0.41148 0.44150 0.74753
0.57455 0.61330 0.51150
0.48487 0.37463 0.65520
0.55272 0.47779 0.70692
0.42542 0.50950 0.71943
0.61618 0.53893 0.67368
0.69407 0.59340 0.53475
0.59585 0.61254 0.49230
0.54422 0.54743 0.63313
0.44068 0.48848 0.82582
0.47484 0.48804 0.63973
0.50899 0.62184 0.62348
0.52049 0.52606 0.75385
0.53313 0.52198 0.70256
0.49219 0.48263 0.55321
0.69968 0.65458 0.48884
0.41559 0.48385 0.69985
0.49944 0.48011 0.63216
0.47082 0.40297 0.68737
0.46174 0.50846 0.64920
0.49603 0.56798 0.56974
0.49401 0.47012 0.64435
0.48879 0.54135 0.66747
0.57581 0.52480 0.46645
0.43282 0.45241 0.64779
0.45973 0.43177 0.68397
0.51440 0.50827 0.65920
0.44583 0.47007 0.76563
0.57152 0.43450 0.66335
0.49790 0.40261 0.70612
0.41581 0.50903 0.56491
0.62146 0.50409 0.53185
0.59400 0.55306 0.46172
0.51421 0.52491 0.63154
0.42853 0.47304 0.67427
0.50007 0.57580 0.50864
0.58140 0.51021 0.67124
0.53426 0.52173 0.54941
0.30290 0.42526 0.64538
0.51478 0.42602 0.53528
0.62019 0.56779 0.59427
0.47419 0.53804 0.57985
0.51533 0.54165 0.67554
0.55916 0.50384 0.52476
0.48579 0.55375 0.69384
0.50671 0.44205 0.67767
0.72039 0.59261 0.43388
0.48670 0.47971 0.59822
0.73835 0.59589 0.53985
0.59255 0.58416 0.55331
0.59121 0.50599 0.53462
0.58378 0.44300 0.69895
0.38985 0.42428 0.64079
0.41929 0.37121 0.76028
0.58802 0.49177 0.63932
0.42881 0.47578 0.62548
0.54559 0.46898 0.56531
0.60986 0.65451 0.57981
0.46555 0.50360 0.81203
0.47308 0.39416 0.67014
0.54552 0.50444 0.61682
0.51632 0.51919 0.59340
0.48859 0.43037 0.71764
0.43166 0.52816 0.68614
0.45890 0.48712 0.55818
0.51710 0.53843 0.62744
0.37854 0.38991 0.59441
0.48591 0.42269 0.65187
0.39123 0.47146 0.60247
0.47197 0.49996 0.63888
0.56888 0.54624 0.49165
0.52367 0.53509 0.62418
0.66736 0.52122 0.55401
0.49904 0.56344 0.57795
0.67306 0.66009 0.44119
0.57878 0.45635 0.60977
0.57248 0.48930 0.71532
0.38610 0.41936 0.62103
0.50596 0.48255 0.62086
0.45664 0.38277 0.79141
0.54567 0.50479 0.63435
0.35875 0.49234 0.60223
0.54329 0.47151 0.69990
0.52377 0.56570 0.56944
0.51247 0.39132 0.52132
0.38834 0.46591 0.63291
0.50556 0.49694 0.70536
0.51541 0.43292 0.47871
0.64346 0.61515 0.58492
0.37156 0.43404 0.71587
0.44051 0.54081 0.56298
0.50671 0.58175 0.56448
0.34848 0.48329 0.65311
0.63929 0.59005 0.52281
0.53981 0.55547 0.68527
0.58556 0.51837 0.67405
0.50312 0.39663 0.65272
0.35313 0.46164 0.67742
0.46032 0.47715 0.71075
0.51197 0.55598 0.65751
0.46562 0.51875 0.62871
0.48262 0.47955 0.54792
0.42937 0.48233 0.80126
0.50379 0.59713 0.67259
0.57395 0.48838 0.70562
0.46372 0.48754 0.63653
0.63581 0.60086 0.68627
0.53494 0.46725 0.58029
0.54624 0.53813 0.69396
0.42724 0.45808 0.71232
0.37642 0.45880 0.74174
0.50726 0.54665 0.58311
0.39907 0.50380 0.66639
0.55110 0.59009 0.50546
0.51348 0.59032 0.65806
0.63231 0.59453 0.61072
