20 19 1000 28993 3085
0.37877 0.69810 0.20917
0.94407 0.18126 0.64379
0.84141 0.22386 0.46170
0.19986 0.32256 0.09217
0.61251 0.95994 0.83451
0.59965 0.24065 0.63771
0.74117 0.62060 0.56047
0.58052 0.70773 0.65102
0.13942 0.71566 0.14919
0.09331 0.62792 0.60297
0.24832 0.20699 0.19076
0.20394 0.54519 0.53542
0.51603 0.36444 0.03747
0.20833 0.50549 0.03769
0.09452 0.62660 0.36821
0.97538 0.86059 0.20112
0.79280 0.33999 0.17659
0.99946 0.91200 0.07177
0.45543 0.66914 0.75410
0.52029 0.50265 0.42230
0.48963 0.53929 0.46234
0.37118 0.57317 0.38112
0.66058 0.55163 0.37628
0.64068 0.65875 0.24622
0.53223 0.47731 0.43624
0.49020 0.50562 0.41946
0.46995 0.53777 0.32584
0.60354 0.53971 0.49378
0.42935 0.54539 0.39224
0.55551 0.46154 0.31817
0.37364 0.59881 0.44962
0.43289 0.48619 0.35743
0.66261 0.73991 0.31577
0.43936 0.52432 0.38489
0.50678 0.60695 0.22444
0.38062 0.60754 0.37921
0.46652 0.47285 0.42227
0.55538 0.62452 0.40095
0.56260 0.48445 0.42565
0.55134 0.59122 0.37948
0.41585 0.50611 0.27279
0.59631 0.58734 0.40004
0.54499 0.53194 0.30141
0.44326 0.54135 0.35925
0.53986 0.54321 0.32756
0.42610 0.62615 0.39713
0.53404 0.44738 0.39901
0.63341 0.51872 0.30219
0.44988 0.55261 0.27106
0.38967 0.51974 0.33720
0.55477 0.48121 0.42219
0.54329 0.55607 0.33729
0.65482 0.61662 0.35942
0.51348 0.53887 0.23995
0.48396 0.50912 0.33635
0.53007 0.53119 0.40480
0.57892 0.56982 0.40081
0.51804 0.51118 0.37927
0.58543 0.65356 0.33675
0.55742 0.48414 0.28659
0.59811 0.62810 0.36036
0.41822 0.50460 0.30681
0.47255 0.55554 0.41268
0.43278 0.50804 0.29778
0.42821 0.54449 0.35721
0.51538 0.55007 0.36047
0.52482 0.59429 0.32182
0.50600 0.53682 0.38199
0.46137 0.55699 0.41548
0.43993 0.53597 0.39652
0.52836 0.48888 0.36618
0.56131 0.50228 0.46886
0.51972 0.55289 0.35247
0.49067 0.53207 0.36626
0.41135 0.60727 0.36973
0.60583 0.58204 0.37595
0.49424 0.54317 0.48140
0.47044 0.48863 0.32430
0.44300 0.55950 0.36012
0.53281 0.53045 0.33041
0.48405 0.54624 0.50293
0.47047 0.58809 0.39633
0.51573 0.53640 0.45356
0.40154 0.56188 0.35530
0.43170 0.57440 0.34005
0.35192 0.54681 0.25431
0.53852 0.52750 0.38888
0.37875 0.55925 0.46617
0.51242 0.54813 0.32984
0.57119 0.50482 0.46233
0.56140 0.49547 0.33277
0.59382 0.64803 0.48737
0.50312 0.53974 0.48598
0.56598 0.53734 0.40826
0.47785 0.57439 0.46447
0.51803 0.46147 0.33960
0.48019 0.55896 0.39068
0.50893 0.51651 0.43327
0.40454 0.56700 0.43030
0.55645 0.52373 0.37461
0.41769 0.52441 0.28477
0.39686 0.52700 0.41628
0.49548 0.50096 0.38270
0.53385 0.65360 0.41614
0.50661 0.46080 0.40210
0.46358 0.62336 0.33660
0.54536 0.58986 0.43422
0.56973 0.55852 0.36237
0.47004 0.50590 0.42361
0.58680 0.49736 0.37458
0.57999 0.58183 0.37718
0.47348 0.57575 0.38995
0.49667 0.54433 0.42483
0.41213 0.58454 0.41098
0.40986 0.52232 0.39318
0.48857 0.59187 0.43555
0.56541 0.52401 0.39986
0.52011 0.49938 0.33916
0.57016 0.45584 0.44142
0.49806 0.49860 0.36047
0.37066 0.58804 0.28391
0.55071 0.57580 0.42499
0.46625 0.51014 0.31173
0.42927 0.58591 0.36682
0.50280 0.47853 0.31876
0.51460 0.48968 0.33480
0.50162 0.55661 0.36418
0.61177 0.58944 0.48306
0.46667 0.53258 0.36721
0.39782 0.56739 0.33982
0.32266 0.53643 0.29301
0.55770 0.52894 0.38331
0.56845 0.65875 0.49395
0.43646 0.61535 0.42015
0.53596 0.52544 0.27780
0.62084 0.52509 0.33043
0.49099 0.48108 0.36400
0.46982 0.50066 0.35941
0.57087 0.62556 0.38279
0.46675 0.51204 0.38536
0.40278 0.50945 0.36901
0.48870 0.64166 0.48261
0.44718 0.53409 0.35717
0.56117 0.58053 0.37514
0.54427 0.61395 0.48173
0.48986 0.54929 0.42285
0.51381 0.51018 0.38771
0.47450 0.53101 0.40766
0.47432 0.55675 0.34451
0.60608 0.54217 0.27495
0.54372 0.47417 0.32412
0.45449 0.55568 0.33039
0.49682 0.48502 0.35721
0.50390 0.47943 0.42635
0.46972 0.58422 0.45848
0.54448 0.51234 0.42037
0.44770 0.56808 0.34235
0.41052 0.60873 0.30591
0.54195 0.59967 0.48151
0.57347 0.59090 0.41201
0.69486 0.41744 0.33772
0.63257 0.65152 0.39502
0.53046 0.61548 0.41950
0.52270 0.56785 0.33137
0.50729 0.53699 0.44502
0.60970 0.42502 0.39547
0.48444 0.58888 0.37964
0.54453 0.56392 0.41103
0.52598 0.56009 0.35472
0.52297 0.54223 0.32869
0.40252 0.50867 0.41526
0.47226 0.57713 0.36433
0.63679 0.47066 0.36914
0.48438 0.51640 0.34011
0.56304 0.55549 0.32940
0.53370 0.52620 0.32854
0.48034 0.44555 0.46372
0.41817 0.49337 0.36679
0.35827 0.60232 0.43191
0.44458 0.47255 0.34762
0.52956 0.51162 0.40229
0.44807 0.68970 0.47456
0.36080 0.50419 0.25232
0.49337 0.52566 0.51243
0.51474 0.55696 0.38623
0.47588 0.54182 0.32272
0.50863 0.65400 0.37687
0.48782 0.55236 0.38204
0.55399 0.58252 0.45738
0.51923 0.49594 0.32585
0.57956 0.49758 0.36596
0.45963 0.48345 0.37859
0.46158 0.47207 0.38149
0.51066 0.57453 0.45798
0.56439 0.58968 0.35152
0.43717 0.48155 0.32316
0.50363 0.48573 0.46795
0.58987 0.58076 0.23956
0.38961 0.55307 0.37799
0.38056 0.54406 0.35176
0.47527 0.59886 0.41973
0.49476 0.56680 0.50175
0.48201 0.59628 0.34695
0.46844 0.49512 0.40002
0.61763 0.63989 0.40347
0.54072 0.52132 0.37381
0.44894 0.59956 0.45986
0.39620 0.54915 0.33345
0.44121 0.58435 0.39489
0.47460 0.55150 0.34465
0.49267 0.49035 0.33197
0.54417 0.60079 0.45458
0.35118 0.56671 0.39247
0.61094 0.60304 0.53526
0.49510 0.62818 0.40797
0.56310 0.55889 0.35346
0.59211 0.41254 0.33721
0.45634 0.52288 0.36278
0.47402 0.55041 0.40233
0.41601 0.52398 0.35208
0.50611 0.47101 0.31484
0.58054 0.55435 0.38669
0.62256 0.49420 0.34869
0.49909 0.50368 0.37109
0.43740 0.50707 0.33030
0.50538 0.51092 0.39864
0.50633 0.53349 0.45160
0.41992 0.56046 0.38117
0.55643 0.60791 0.33967
0.48899 0.48752 0.35744
0.40259 0.55316 0.37927
0.39042 0.51397 0.33612
0.52165 0.47826 0.38899
0.43163 0.48930 0.31224
0.57340 0.52743 0.39660
0.47256 0.53149 0.31416
0.54853 0.53394 0.32363
0.52504 0.55480 0.36680
0.46355 0.61509 0.31500
0.49361 0.56352 0.33426
0.63307 0.57189 0.41883
0.62842 0.60660 0.42052
0.51771 0.55776 0.46052
0.55788 0.58388 0.45572
0.47802 0.55788 0.38257
0.40112 0.46373 0.26151
0.48172 0.61522 0.27961
0.53212 0.49119 0.41180
0.50389 0.53603 0.43929
0.39876 0.49465 0.23195
0.44720 0.54681 0.46951
0.50569 0.47859 0.38320
0.51791 0.46393 0.38338
0.50457 0.50668 0.42622
0.43610 0.61022 0.29613
0.56719 0.50841 0.32144
0.54033 0.49290 0.48621
0.53825 0.53185 0.44747
0.44928 0.47857 0.32087
0.40871 0.50704 0.25588
0.50210 0.49466 0.38283
0.53652 0.53021 0.34723
0.55994 0.63548 0.43744
0.52783 0.46520 0.36980
0.56432 0.50433 0.41174
0.64144 0.71114 0.35632
0.47545 0.52816 0.44804
0.45365 0.50357 0.40311
0.43152 0.57001 0.44912
0.52252 0.56380 0.48465
0.58750 0.51930 0.34821
0.40457 0.58941 0.41427
0.66482 0.51979 0.40561
0.54867 0.58871 0.43163
0.50180 0.53908 0.46970
0.52203 0.50604 0.36398
0.44819 0.58576 0.39243
0.46577 0.54126 0.29871
0.65025 0.37387 0.45505
0.48754 0.52277 0.35374
0.52765 0.59058 0.44287
0.49665 0.63805 0.44528
0.48802 0.56546 0.45820
0.60167 0.58183 0.44975
0.48563 0.58638 0.37310
0.48262 0.46621 0.37307
0.51532 0.57658 0.36279
0.51731 0.51571 0.40874
0.64332 0.61714 0.34303
0.65040 0.65395 0.35754
0.57334 0.61143 0.30751
0.53572 0.53750 0.47744
0.52020 0.51833 0.42495
0.44633 0.59891 0.36560
0.50236 0.47681 0.40026
0.47231 0.56509 0.45995
0.62259 0.61532 0.40753
0.57687 0.55822 0.40382
0.47669 0.53655 0.38120
0.55551 0.48950 0.42157
0.50909 0.54068 0.39588
0.37008 0.64202 0.39908
0.51563 0.53545 0.44817
0.46945 0.47776 0.33208
0.55510 0.41474 0.33600
0.58798 0.51378 0.42915
0.50719 0.56840 0.42854
0.47335 0.55934 0.35058
0.43997 0.50135 0.37451
0.44533 0.62094 0.39186
0.58840 0.53747 0.38549
0.49015 0.61198 0.30295
0.51673 0.55707 0.36936
0.53908 0.54732 0.41190
0.50985 0.64891 0.40440
0.54355 0.56168 0.34940
0.52856 0.45961 0.35599
0.41873 0.58606 0.47211
0.42590 0.51174 0.35914
0.46883 0.53480 0.32998
0.55155 0.52563 0.43866
0.46019 0.58723 0.47905
0.48828 0.51429 0.47350
0.47625 0.47494 0.36235
0.55821 0.56422 0.42690
0.47354 0.59609 0.51333
0.49827 0.53009 0.41976
0.50452 0.59037 0.47049
0.49698 0.49399 0.40831
0.52094 0.51743 0.43644
0.32321 0.53331 0.27672
0.57732 0.48080 0.41887
0.42997 0.44660 0.32119
0.61817 0.52336 0.28941
0.56031 0.58124 0.29431
0.54478 0.54688 0.31354
0.53011 0.56693 0.31627
0.42829 0.57516 0.49714
0.59767 0.43392 0.39292
0.52586 0.48343 0.35474
0.63199 0.58754 0.38201
0.59994 0.51201 0.42338
0.44518 0.50682 0.33616
0.47167 0.52453 0.28876
0.47992 0.48867 0.34454
0.54270 0.45300 0.43880
0.53669 0.57113 0.41178
0.53594 0.47979 0.46104
0.49131 0.50655 0.37442
0.54298 0.54743 0.41632
0.62382 0.58624 0.37558
0.50323 0.58589 0.32937
0.45619 0.52018 0.41331
0.49430 0.46895 0.43339
0.50819 0.58083 0.35041
0.45048 0.53965 0.33846
0.48222 0.59994 0.35911
0.51206 0.51829 0.25834
0.56474 0.41290 0.36901
0.49455 0.54897 0.44380
0.47240 0.55264 0.43934
0.45038 0.54914 0.37123
0.61870 0.45569 0.40095
0.43303 0.51702 0.47472
0.48034 0.52045 0.41507
0.45601 0.49960 0.33882
0.57498 0.50582 0.42038
0.43712 0.54820 0.44376
0.62709 0.65044 0.36519
0.42815 0.63450 0.44169
0.57558 0.57307 0.46224
0.46322 0.47967 0.33738
0.42908 0.47780 0.43016
0.41624 0.62312 0.32596
0.50979 0.57114 0.45509
0.51460 0.54614 0.46643
0.63169 0.53691 0.49271
0.42488 0.47571 0.31072
0.61453 0.56571 0.39947
0.51266 0.62415 0.39607
0.39389 0.58152 0.36914
0.59228 0.46588 0.43707
0.60296 0.49537 0.38013
0.49235 0.57381 0.44651
0.47372 0.57081 0.41807
0.53900 0.52219 0.45752
0.58611 0.65392 0.33905
0.47476 0.56712 0.35754
0.60028 0.55011 0.44273
0.49453 0.64067 0.26154
0.60428 0.62221 0.35619
0.58139 0.48764 0.38494
0.48000 0.52364 0.27980
0.48598 0.67293 0.42409
0.36452 0.58210 0.50651
0.57029 0.51862 0.36989
0.55046 0.49183 0.30262
0.54226 0.65649 0.44301
0.62418 0.58254 0.30751
0.47906 0.51250 0.38675
0.46545 0.48521 0.36768
0.43269 0.53602 0.30978
0.52349 0.49697 0.35726
0.50575 0.58699 0.28707
0.43932 0.58082 0.36601
0.52681 0.42567 0.43998
0.39638 0.46393 0.34178
0.53581 0.44313 0.33477
0.53283 0.54754 0.35397
0.49060 0.55350 0.42896
0.55967 0.48154 0.32211
0.48458 0.50843 0.27534
0.46307 0.55113 0.40239
0.52747 0.46757 0.26928
0.52824 0.47151 0.37962
0.52814 0.46773 0.46374
0.59901 0.47336 0.46980
0.46712 0.50481 0.29057
0.39812 0.54120 0.37527
0.49788 0.50342 0.43022
0.53370 0.61229 0.48100
0.45652 0.53622 0.36658
0.47596 0.51218 0.43134
0.39843 0.55379 0.42070
0.54182 0.45459 0.37940
0.69653 0.48009 0.44811
0.46150 0.50829 0.33633
0.61355 0.49409 0.48428
0.53679 0.64297 0.38315
0.46006 0.53504 0.37090
0.50330 0.59083 0.44091
0.62093 0.50649 0.38941
0.48715 0.61246 0.27986
0.66691 0.57279 0.31606
0.56355 0.52741 0.29898
0.57930 0.56220 0.48218
0.46366 0.51180 0.32888
0.43091 0.54402 0.43003
0.60722 0.54906 0.39083
0.61739 0.44506 0.37402
0.45884 0.50538 0.37387
0.55723 0.42572 0.42035
0.53864 0.51672 0.47681
0.45313 0.56194 0.30105
0.47555 0.54636 0.36618
0.51212 0.53269 0.48613
0.63694 0.49892 0.40666
0.42717 0.53300 0.36923
0.61054 0.63363 0.30104
0.51494 0.54326 0.40783
0.38837 0.58133 0.33298
0.55839 0.48365 0.44345
0.49731 0.56838 0.41217
0.47851 0.61686 0.43688
0.50989 0.54242 0.45950
0.54460 0.57760 0.27376
0.56626 0.56788 0.35765
0.51143 0.52359 0.38833
0.53651 0.57320 0.42313
0.46305 0.50704 0.36130
0.54502 0.62183 0.44402
0.49561 0.49107 0.36396
0.54354 0.58094 0.37041
0.51587 0.59186 0.52533
0.50498 0.46591 0.33283
0.49837 0.48855 0.43043
0.51220 0.52614 0.35022
0.54947 0.46877 0.40452
0.55997 0.47701 0.32621
0.45397 0.58177 0.36509
0.52927 0.52912 0.48042
0.60986 0.62047 0.32149
0.57118 0.57153 0.45730
0.62251 0.56206 0.42982
0.51243 0.57932 0.27920
0.34823 0.54346 0.34171
0.48347 0.46819 0.30740
0.40909 0.58239 0.39047
0.50887 0.56716 0.32673
0.63518 0.56011 0.38218
0.52864 0.58643 0.33137
0.56322 0.51035 0.35193
0.51468 0.62249 0.45775
0.52091 0.50540 0.36355
0.45053 0.53661 0.45217
0.40810 0.55128 0.39559
0.54833 0.47344 0.40431
0.42543 0.51078 0.40338
0.50252 0.63066 0.32491
0.40590 0.51484 0.31246
0.50420 0.57958 0.42358
0.51519 0.51186 0.32526
0.52931 0.60156 0.39406
0.57357 0.63699 0.30758
0.45813 0.52968 0.50775
0.46996 0.54151 0.32555
0.55182 0.55531 0.27915
0.47182 0.60357 0.43967
0.48162 0.52482 0.38075
0.44949 0.62724 0.41442
0.54162 0.45021 0.47059
0.52189 0.43742 0.34716
0.52308 0.53560 0.43177
0.54534 0.49419 0.35085
0.52845 0.56792 0.39310
0.52293 0.51067 0.44338
0.49616 0.55574 0.34179
0.51133 0.58459 0.30529
0.53138 0.48229 0.27204
0.52542 0.55643 0.25524
0.40599 0.56313 0.48721
0.53214 0.46067 0.40859
0.51882 0.58393 0.38072
0.40605 0.56397 0.44042
0.51220 0.51279 0.29043
0.54815 0.48846 0.37831
0.43633 0.57074 0.47018
0.40778 0.59157 0.36204
0.47096 0.51333 0.42551
0.52094 0.55655 0.39181
0.62926 0.50288 0.30147
0.47209 0.49955 0.34313
0.54501 0.51531 0.36666
0.56112 0.55183 0.34907
0.51059 0.52561 0.42313
0.42525 0.58664 0.45812
0.60102 0.61463 0.29567
0.56472 0.60180 0.37762
0.55521 0.58652 0.41874
0.54147 0.52651 0.41848
0.52710 0.56164 0.47846
0.47037 0.45314 0.33727
0.61943 0.63619 0.40794
0.51819 0.55622 0.28845
0.45106 0.52813 0.31584
0.51699 0.51840 0.42395
0.44684 0.50132 0.46734
0.53735 0.55281 0.45012
0.49608 0.59581 0.45855
0.67781 0.69739 0.27217
0.53464 0.62661 0.44181
0.37823 0.53626 0.33924
0.43353 0.53338 0.34058
0.51520 0.56484 0.37518
0.50308 0.53344 0.42853
0.48088 0.45633 0.35965
0.52366 0.54182 0.43536
0.46328 0.55204 0.39558
0.49014 0.62513 0.38766
0.50355 0.39062 0.43044
0.54689 0.45998 0.36234
0.53704 0.55580 0.42193
0.59684 0.54555 0.38712
0.41855 0.59038 0.37240
0.45986 0.50783 0.28730
0.52779 0.50980 0.46015
0.43766 0.55414 0.38286
0.54590 0.44586 0.38219
0.52231 0.59116 0.31930
0.40539 0.44889 0.33037
0.37915 0.60260 0.46121
0.53532 0.55001 0.37022
0.43013 0.56522 0.50270
0.46503 0.51103 0.42350
0.52416 0.50548 0.32423
0.42435 0.58001 0.47803
0.52103 0.55202 0.39291
0.41784 0.59992 0.34788
0.50437 0.50238 0.34133
0.47581 0.50982 0.33776
0.54044 0.57017 0.37322
0.51893 0.59943 0.45845
0.57871 0.54194 0.41505
0.39779 0.50909 0.31800
0.49359 0.62096 0.34164
0.57483 0.57535 0.48564
0.51681 0.63782 0.50416
0.48779 0.50647 0.32241
0.52884 0.52567 0.31905
0.56347 0.52946 0.29650
0.56874 0.48059 0.41556
0.47315 0.48426 0.39456
0.57590 0.51589 0.39571
0.59250 0.49942 0.47190
0.47050 0.65821 0.34311
0.50495 0.56528 0.51785
0.46909 0.54394 0.41985
0.52093 0.47538 0.41136
0.56898 0.59619 0.41002
0.56152 0.58824 0.42123
0.48012 0.54459 0.29624
0.46534 0.51962 0.38207
0.62916 0.41087 0.33262
0.54699 0.50306 0.30467
0.52070 0.53868 0.49126
0.41551 0.58181 0.32370
0.47192 0.47100 0.30020
0.52784 0.62322 0.52654
0.52333 0.56810 0.41192
0.52098 0.59745 0.47183
0.44289 0.54210 0.35641
0.51315 0.50817 0.39832
0.48019 0.56549 0.42571
0.47746 0.60837 0.51210
0.53231 0.50760 0.40822
0.53003 0.61999 0.34664
0.72281 0.68247 0.33192
0.48626 0.50801 0.31969
0.47100 0.52058 0.39052
0.43170 0.52586 0.37881
0.54348 0.52850 0.37065
0.57065 0.60014 0.34393
0.45767 0.64566 0.37146
0.56849 0.51651 0.36620
0.46959 0.52610 0.30233
0.61317 0.45273 0.43340
0.53302 0.50834 0.44804
0.40003 0.56465 0.35221
0.48742 0.53200 0.44307
0.47978 0.54711 0.32676
0.43841 0.46463 0.35186
0.63059 0.54467 0.37347
0.50249 0.56588 0.32246
0.48933 0.54375 0.31751
0.48659 0.72185 0.51618
0.49897 0.58251 0.32727
0.52572 0.49778 0.45907
0.66967 0.69121 0.35972
0.46154 0.51294 0.33440
0.40767 0.53420 0.33878
0.53586 0.41382 0.35364
0.44091 0.53126 0.40864
0.48099 0.56368 0.31748
0.53643 0.64640 0.43136
0.44504 0.55446 0.41403
0.53220 0.55153 0.45900
0.31900 0.54039 0.32444
0.57671 0.63875 0.36149
0.48982 0.52440 0.36234
0.50252 0.61936 0.41582
0.54649 0.51121 0.30291
0.54147 0.55014 0.41500
0.49617 0.54118 0.30754
0.39808 0.48094 0.43617
0.55887 0.65274 0.34114
0.52480 0.52302 0.43887
0.52656 0.34975 0.35902
0.42590 0.52357 0.35253
0.64528 0.64197 0.32387
0.53925 0.47643 0.34424
0.41860 0.58551 0.40227
0.43664 0.50650 0.34522
0.50125 0.44854 0.31442
0.53570 0.54392 0.39156
0.43422 0.59610 0.32083
0.55231 0.50661 0.44836
0.45506 0.51855 0.40679
0.60174 0.58095 0.41598
0.33916 0.56590 0.43295
0.49895 0.53642 0.44213
0.43911 0.53541 0.32141
0.51523 0.54144 0.39938
0.39622 0.44338 0.31190
0.59464 0.65083 0.38904
0.52965 0.40159 0.46694
0.56725 0.54229 0.43092
0.46490 0.57727 0.33551
0.62030 0.59431 0.38067
0.61208 0.53941 0.43427
0.51806 0.63516 0.44889
0.47509 0.57863 0.36219
0.46062 0.62779 0.38089
0.37151 0.48807 0.34899
0.56228 0.48878 0.41127
0.56414 0.65323 0.42811
0.48182 0.48635 0.36877
0.48098 0.51410 0.31525
0.51410 0.60037 0.49146
0.43838 0.49223 0.38863
0.51543 0.58279 0.28746
0.54277 0.62146 0.42986
0.36725 0.45064 0.27291
0.66455 0.50822 0.35438
0.44923 0.53774 0.34108
0.40631 0.54356 0.31521
0.61092 0.47416 0.43078
0.54007 0.50834 0.24895
0.53432 0.57697 0.44828
0.42241 0.52624 0.35310
0.48179 0.58000 0.46135
0.47124 0.51880 0.32507
0.49020 0.56709 0.29700
0.60653 0.54836 0.32016
0.39081 0.49368 0.30330
0.57470 0.56464 0.29756
0.57741 0.50217 0.41568
0.40087 0.59914 0.41289
0.52119 0.54191 0.48527
0.38176 0.65458 0.33610
0.56765 0.52348 0.38032
0.61330 0.64737 0.29651
0.49506 0.56897 0.42187
0.39524 0.53748 0.34440
0.48259 0.59471 0.30892
0.55058 0.59525 0.33768
0.56468 0.47535 0.35023
0.59464 0.48580 0.32279
0.50903 0.59058 0.39183
0.48477 0.56175 0.31199
0.47965 0.53523 0.38632
0.41497 0.59115 0.42614
0.50466 0.56815 0.38441
0.61477 0.59199 0.38694
0.50983 0.56423 0.40040
0.45913 0.63713 0.36960
0.59306 0.64380 0.26208
0.51335 0.48919 0.44025
0.48179 0.57575 0.39599
0.44207 0.53590 0.42721
0.49274 0.47351 0.38265
0.36334 0.58772 0.40831
0.57491 0.54400 0.32814
0.54608 0.51010 0.46565
0.46787 0.55998 0.37113
0.67592 0.51347 0.33286
0.57201 0.51312 0.31494
0.52916 0.56078 0.38618
0.42113 0.51313 0.42579
0.54754 0.58019 0.40148
0.70092 0.61345 0.32266
0.55596 0.43039 0.38651
0.51110 0.50455 0.41686
0.55679 0.58488 0.36600
0.49846 0.46400 0.37543
0.49591 0.50995 0.33239
0.54763 0.52415 0.33251
0.58262 0.60640 0.39808
0.47742 0.63872 0.31859
0.61626 0.40903 0.49586
0.49044 0.57592 0.38522
0.46409 0.58095 0.41861
0.51282 0.58020 0.36120
0.55901 0.60763 0.36827
0.49724 0.52181 0.33170
0.56537 0.54318 0.34739
0.45146 0.53802 0.42911
0.49851 0.58074 0.38450
0.50248 0.47568 0.39014
0.47404 0.52638 0.33134
0.54252 0.53682 0.49680
0.51532 0.49968 0.33721
0.40217 0.49071 0.38276
0.38410 0.51845 0.37203
0.59014 0.60009 0.41854
0.49725 0.44814 0.41840
0.48224 0.48269 0.44925
0.49698 0.56826 0.34118
0.63944 0.74194 0.50288
0.52836 0.48527 0.38080
0.52537 0.53517 0.49948
0.54684 0.60248 0.42963
0.60651 0.46958 0.29999
0.53965 0.63261 0.42390
0.59707 0.66261 0.40208
0.53485 0.51698 0.35785
0.45425 0.55581 0.40659
0.51250 0.56847 0.35696
0.55615 0.49423 0.37409
0.63648 0.49749 0.36600
0.60000 0.50880 0.40451
0.48028 0.58012 0.42924
0.45840 0.62117 0.47461
0.52869 0.49116 0.34786
0.39067 0.59199 0.43378
0.48732 0.46975 0.37360
0.61701 0.55886 0.28385
0.57457 0.49996 0.42029
0.53255 0.58317 0.36149
0.61596 0.58665 0.33562
0.44249 0.54930 0.29109
0.47296 0.45418 0.33301
0.45135 0.52611 0.23416
0.51219 0.53366 0.30455
0.66293 0.53328 0.41875
0.48780 0.60419 0.38650
0.45489 0.52694 0.44939
0.41658 0.54665 0.33140
0.64453 0.53592 0.45104
0.50240 0.54370 0.44017
0.50591 0.52457 0.39833
0.46574 0.48817 0.36296
0.55262 0.45684 0.38209
0.51818 0.61832 0.39403
0.50865 0.56355 0.37419
0.60026 0.58937 0.37114
0.41980 0.50781 0.36188
0.41685 0.39768 0.33611
0.48355 0.52736 0.31561
0.48299 0.52847 0.42034
0.40081 0.55605 0.41019
0.43138 0.51324 0.39928
0.47192 0.50522 0.41924
0.63657 0.67640 0.31354
0.47861 0.55723 0.31433
0.42925 0.55985 0.40386
0.50970 0.56901 0.52152
0.48100 0.56068 0.31229
0.42298 0.52634 0.30783
0.60030 0.63776 0.44606
0.56576 0.55774 0.38379
0.61869 0.54099 0.37356
0.55885 0.52410 0.42219
0.56015 0.61538 0.43162
0.47597 0.47710 0.29851
0.50832 0.54346 0.43374
0.54979 0.56080 0.34950
0.50962 0.50709 0.44083
0.52261 0.51592 0.45774
0.46847 0.51180 0.37740
0.47474 0.55551 0.35659
0.56419 0.58817 0.26363
0.40115 0.52605 0.36824
0.47649 0.47437 0.35097
0.54821 0.64152 0.44469
0.53565 0.65686 0.32726
0.57150 0.57282 0.45817
0.45418 0.54648 0.31280
0.53442 0.55672 0.34541
0.64432 0.47178 0.43874
0.50715 0.53531 0.30249
0.55351 0.53598 0.43094
0.55331 0.51528 0.31205
0.61572 0.62614 0.40295
0.62532 0.52690 0.34797
0.37567 0.52221 0.33582
0.37146 0.56037 0.41004
0.42782 0.47361 0.38152
0.46790 0.59466 0.31129
0.54599 0.60364 0.38375
0.42812 0.52935 0.39162
0.57831 0.50348 0.25778
0.47020 0.56060 0.33617
0.52278 0.45621 0.39749
0.46979 0.49757 0.44277
0.50311 0.56927 0.42094
0.67564 0.46307 0.38870
0.46783 0.45420 0.33919
0.57679 0.63600 0.45934
0.62070 0.53213 0.41106
0.65479 0.46046 0.40714
0.58838 0.56282 0.37097
0.52640 0.45503 0.33591
0.49836 0.53888 0.30762
0.55152 0.48217 0.35515
0.46910 0.49975 0.40543
0.48151 0.57006 0.41584
0.37100 0.52711 0.37200
0.50425 0.48563 0.32967
0.54053 0.57441 0.28210
0.57213 0.50497 0.35523
0.41420 0.52160 0.38906
0.47517 0.58968 0.49517
0.40341 0.59638 0.44920
0.49809 0.49611 0.39010
0.43904 0.51648 0.27741
0.52407 0.57841 0.41080
0.46069 0.57800 0.34610
0.58961 0.53271 0.41079
0.43596 0.49193 0.30486
0.49292 0.60102 0.33647
0.48355 0.63275 0.39012
0.61293 0.57310 0.42653
0.50264 0.61301 0.41425
0.50423 0.54191 0.41063
0.52616 0.56420 0.44122
0.56668 0.54108 0.31859
0.63708 0.48460 0.32246
0.49418 0.63737 0.46490
0.48600 0.55589 0.31679
0.48730 0.53711 0.46384
0.51597 0.60486 0.51043
0.46684 0.47198 0.34873
0.50952 0.47080 0.35414
0.43647 0.51828 0.37645
0.51641 0.58393 0.33617
0.42727 0.52981 0.39658
0.55148 0.63579 0.45861
0.51559 0.55565 0.37992
0.45325 0.58348 0.34837
0.48602 0.53077 0.41345
0.43972 0.54840 0.34995
0.49117 0.51226 0.40055
0.54247 0.60151 0.38454
0.50000 0.50329 0.43649
0.37545 0.56702 0.35257
0.42776 0.46912 0.34584
0.53926 0.49644 0.32354
0.40648 0.53119 0.42272
0.47255 0.59193 0.42881
0.54955 0.63552 0.33282
0.54556 0.50055 0.40642
0.63646 0.47866 0.38297
0.51042 0.59676 0.45947
0.48241 0.54856 0.39032
0.47978 0.54085 0.35240
0.44000 0.57537 0.30549
0.52264 0.57007 0.41027
0.56600 0.65309 0.44075
0.63309 0.43947 0.47053
0.47055 0.45884 0.36763
0.57349 0.51381 0.30755
0.54269 0.62577 0.39427
0.55279 0.64933 0.40389
0.38292 0.51339 0.29798
0.49464 0.60493 0.33407
0.48976 0.61630 0.38766
0.38599 0.51263 0.34261
0.60141 0.53092 0.37697
0.61512 0.61836 0.29096
0.41418 0.55110 0.34597
0.64806 0.52100 0.33739
0.48699 0.51046 0.35606
0.51025 0.56695 0.46151
0.61672 0.45137 0.45154
0.46858 0.54131 0.46819
0.54918 0.47109 0.38058
0.45165 0.53905 0.42994
0.45334 0.50608 0.37042
0.50395 0.49867 0.26086
0.53344 0.59599 0.32382
0.48527 0.53760 0.33596
0.46131 0.51619 0.37585
0.63031 0.58118 0.32418
0.49887 0.50358 0.42315
0.52469 0.47699 0.40210
0.49703 0.52781 0.41323
0.48769 0.67601 0.46692
0.36227 0.54129 0.31454
0.43313 0.52633 0.42119
0.44730 0.49609 0.36636
0.53247 0.59639 0.33812
0.45767 0.61667 0.47447
0.62624 0.58993 0.36039
0.51881 0.49132 0.35328
0.46604 0.67343 0.43110
0.62975 0.56987 0.40421
0.64262 0.45240 0.49805
0.71543 0.63912 0.27749
0.52595 0.55810 0.34571
0.52922 0.52301 0.34131
0.63663 0.59132 0.32996
0.48915 0.59199 0.36616
0.37225 0.52288 0.32892
0.45233 0.57524 0.31063
0.48595 0.48757 0.36945
0.56079 0.56825 0.26621
0.53005 0.53593 0.30731
0.49683 0.51288 0.25642
0.51205 0.60592 0.44879
0.52831 0.52136 0.43148
0.41185 0.51206 0.31146
0.63272 0.56795 0.26810
0.55386 0.59346 0.43079
0.47503 0.45122 0.40508
0.66884 0.68633 0.38220
0.56759 0.55114 0.31216
0.58718 0.56617 0.42426
0.44273 0.49708 0.36786
0.40895 0.49440 0.34245
0.46564 0.55217 0.32208
0.51774 0.58562 0.38121
0.53763 0.58017 0.39927
0.47911 0.55109 0.36619
0.50784 0.46304 0.34144
0.52236 0.57626 0.41176
0.47015 0.48136 0.45073
0.41869 0.56746 0.39206
0.56629 0.54853 0.34190
0.54820 0.51432 0.34362
0.50136 0.55268 0.40459
0.52621 0.58714 0.40611
0.44869 0.65151 0.41813
0.56032 0.56232 0.50674
0.48425 0.50947 0.36383
0.44555 0.50828 0.38260
0.47697 0.55241 0.41111
0.49662 0.53233 0.37357
0.56374 0.45701 0.42516
0.45847 0.51607 0.29599
0.42152 0.52466 0.32794
0.46594 0.52647 0.25534
0.55011 0.63563 0.29025
0.51667 0.55906 0.35604
0.59477 0.60836 0.43299
0.54428 0.53075 0.38305
0.56825 0.58276 0.38584
0.49768 0.56733 0.38530
0.43788 0.50307 0.34803
0.61872 0.52870 0.41048
0.51267 0.53828 0.40105
0.48759 0.49215 0.42287
0.49360 0.55857 0.39707
0.49171 0.57781 0.31002
0.57719 0.56366 0.50528
0.32608 0.46923 0.30037
0.55990 0.55308 0.31498
0.47731 0.59194 0.45020
0.43230 0.49410 0.31123
0.60617 0.50325 0.38412
0.54897 0.53313 0.42379
0.63805 0.54796 0.39714
0.50539 0.58959 0.34576
0.52995 0.55359 0.37840
0.44914 0.58512 0.47105
0.41343 0.48866 0.34156
0.52113 0.59635 0.30127
0.58586 0.64762 0.27994
0.66320 0.60213 0.39279
0.50759 0.55948 0.42436
