20 9 1000 47296 22
0.39040 0.41952 0.47586
0.88486 0.14442 0.82516
0.92680 0.82503 0.99076
0.10447 0.20597 0.72848
0.85113 0.94804 0.39007
0.91173 0.05791 0.38738
0.80792 0.24109 0.21413
0.87481 0.72063 0.13602
0.18414 0.76088 0.85398
0.61715 0.38600 0.57277
0.73019 0.59288 0.65735
0.82342 0.59327 0.52395
0.43292 0.49195 0.71853
0.55973 0.38678 0.57376
0.82617 0.34519 0.62782
0.62000 0.61753 0.58625
0.74312 0.31732 0.41850
0.59643 0.36458 0.51671
0.66975 0.44995 0.66111
0.59286 0.46802 0.52312
0.75917 0.51325 0.42498
0.57007 0.54750 0.56158
0.67744 0.55450 0.56651
0.82519 0.57375 0.54247
0.58952 0.60296 0.53728
0.62518 0.61225 0.69448
0.80944 0.36039 0.57067
0.71548 0.42346 0.43713
0.80965 0.33767 0.55314
0.48199 0.43284 0.65265
0.84307 0.64888 0.67413
0.66912 0.49213 0.56005
0.76317 0.55630 0.43990
0.77093 0.60307 0.42460
0.72079 0.73006 0.47297
0.77093 0.35986 0.67819
0.64194 0.38125 0.58104
0.51720 0.62608 0.57611
0.68678 0.57584 0.53923
0.55628 0.36891 0.42867
0.59364 0.38316 0.67363
0.78250 0.34617 0.48345
0.60819 0.53208 0.55058
0.72781 0.59888 0.81308
0.77779 0.53047 0.50715
0.72021 0.52569 0.52048
0.63228 0.38583 0.53424
0.73505 0.71425 0.57033
0.51790 0.61955 0.62553
0.73317 0.45760 0.58803
0.64762 0.45955 0.51668
0.75609 0.43251 0.62912
0.59099 0.44354 0.53811
0.74900 0.46447 0.47488
0.80038 0.46506 0.74933
0.48057 0.33258 0.63233
0.73583 0.42248 0.62510
0.77560 0.57797 0.54369
0.85840 0.45185 0.52496
0.68714 0.42942 0.47549
0.70590 0.55801 0.56363
0.62779 0.51020 0.72264
0.51531 0.50796 0.60149
0.52257 0.34744 0.60590
0.66332 0.72287 0.52154
0.59787 0.46210 0.63800
0.57449 0.42112 0.62914
0.81113 0.24933 0.43981
0.73276 0.65587 0.52964
0.61941 0.34614 0.46981
0.64617 0.53455 0.52059
0.54136 0.61574 0.69355
0.67765 0.43512 0.64046
0.71940 0.49696 0.57289
0.77873 0.46549 0.67904
0.70655 0.40346 0.53239
0.67822 0.57673 0.55644
0.81577 0.54669 0.62347
0.68003 0.21739 0.48577
0.70608 0.39778 0.46759
0.60548 0.64566 0.57331
0.65650 0.47232 0.47578
0.63739 0.46398 0.66408
0.62375 0.59546 0.66591
0.63811 0.47493 0.54877
0.53382 0.49169 0.50900
0.69319 0.58915 0.42916
0.49628 0.59142 0.62245
0.66816 0.55475 0.44070
0.57637 0.49096 0.51254
0.53774 0.44531 0.48630
0.67804 0.57530 0.68666
0.73962 0.46621 0.58211
0.60948 0.67358 0.58780
0.71286 0.59302 0.47554
0.66002 0.45694 0.58965
0.70855 0.63034 0.43370
0.52461 0.48931 0.62980
0.64846 0.46764 0.64705
0.76042 0.67490 0.45307
0.53788 0.31760 0.69975
0.58350 0.59377 0.65940
0.77530 0.70558 0.63859
0.45388 0.31150 0.70991
0.61397 0.46350 0.46959
0.79933 0.52339 0.51540
0.59430 0.34471 0.45474
0.68433 0.50012 0.40521
0.73788 0.38048 0.63884
0.55692 0.44757 0.59387
0.81026 0.65858 0.55084
0.68868 0.51425 0.44513
0.53385 0.36261 0.53373
0.65152 0.39551 0.49886
0.74220 0.51571 0.64745
0.78787 0.44655 0.54324
0.71265 0.48504 0.53209
0.51350 0.53468 0.66818
0.78480 0.64535 0.54749
0.58828 0.53238 0.58190
0.71881 0.31775 0.61342
0.64188 0.38809 0.48048
0.40777 0.59089 0.59729
0.77198 0.69716 0.38774
0.73227 0.62972 0.70666
0.73256 0.48438 0.58411
0.54350 0.68899 0.77242
0.57448 0.54537 0.56377
0.68050 0.48737 0.38652
0.57707 0.46442 0.51654
0.64416 0.34158 0.61296
0.85283 0.23175 0.52683
0.75721 0.33755 0.37546
0.33222 0.38825 0.68005
0.66435 0.40913 0.47185
0.78469 0.23345 0.51171
0.46774 0.40409 0.52186
0.77294 0.64419 0.56052
0.78020 0.60990 0.63304
0.63984 0.53472 0.67435
0.73317 0.55298 0.58105
0.75645 0.39698 0.65953
0.66438 0.45016 0.39047
0.54920 0.48099 0.44298
0.74181 0.59484 0.68462
0.68275 0.40561 0.64384
0.66406 0.41485 0.50935
0.82745 0.69663 0.30648
0.57082 0.48504 0.62474
0.49004 0.31642 0.66303
0.50186 0.66907 0.63155
0.65916 0.47477 0.53039
0.62772 0.44246 0.49727
0.49853 0.40829 0.58524
0.68371 0.54323 0.53041
0.51255 0.26328 0.62758
0.71546 0.44075 0.50742
0.67468 0.33107 0.39214
0.76374 0.39447 0.67146
0.81478 0.48599 0.62736
0.66245 0.37799 0.60585
0.62473 0.57421 0.67023
0.62204 0.56691 0.49436
0.62179 0.60251 0.57699
0.56072 0.48605 0.59227
0.57200 0.41141 0.60458
0.74523 0.57915 0.56366
0.62674 0.50782 0.59916
0.77493 0.46081 0.41677
0.74104 0.53097 0.41629
0.62811 0.41705 0.61675
0.64101 0.56068 0.57634
0.70536 0.43070 0.59061
0.39239 0.37417 0.62286
0.64408 0.38568 0.43828
0.76400 0.54989 0.61806
0.77758 0.47519 0.32423
0.44772 0.43144 0.67378
0.47003 0.43954 0.57472
0.52081 0.44677 0.45945
0.63682 0.58911 0.50332
0.65802 0.53573 0.57263
0.72919 0.28493 0.48915
0.74610 0.40963 0.55614
0.65977 0.57132 0.65463
0.71191 0.66468 0.57027
0.70199 0.59183 0.63642
0.60351 0.63578 0.72705
0.56736 0.50463 0.60668
0.66581 0.50370 0.68353
0.58179 0.64634 0.66954
0.62209 0.33619 0.55576
0.57176 0.48274 0.70704
0.59808 0.62657 0.47245
0.70559 0.45833 0.64870
0.67285 0.38475 0.64969
0.50452 0.46358 0.60342
0.59652 0.47039 0.58597
0.60849 0.51791 0.54649
0.75882 0.36920 0.52000
0.53793 0.41241 0.54689
0.59467 0.39512 0.63065
0.64774 0.52033 0.44967
0.63390 0.46988 0.54017
0.80581 0.59602 0.49532
0.62028 0.45612 0.64271
0.79813 0.63023 0.70149
0.59419 0.57995 0.62752
0.76432 0.44226 0.44167
0.73889 0.39219 0.37584
0.51782 0.45600 0.67603
0.67737 0.32167 0.48474
0.78310 0.38931 0.43278
0.73885 0.38212 0.57020
0.72725 0.39969 0.62689
0.49734 0.47126 0.51161
0.64814 0.53309 0.48493
0.72032 0.50066 0.59805
0.74467 0.42423 0.45968
0.65276 0.56084 0.69182
0.44700 0.39299 0.61016
0.58042 0.51120 0.65772
0.65417 0.63114 0.66982
0.50062 0.43392 0.74878
0.71884 0.49235 0.39392
0.49854 0.33118 0.59507
0.64357 0.46455 0.54510
0.81306 0.47684 0.72594
0.45581 0.39073 0.69762
0.46514 0.47560 0.53904
0.75633 0.45085 0.51832
0.59709 0.45461 0.53482
0.72231 0.39343 0.47915
0.64716 0.44219 0.64043
0.40942 0.42869 0.53985
0.53878 0.40133 0.61522
0.77589 0.53367 0.47734
0.56889 0.22753 0.50039
0.62973 0.32194 0.53959
0.70090 0.46429 0.64212
0.68229 0.35594 0.39941
0.48504 0.38928 0.64880
0.61212 0.49698 0.64583
0.52160 0.51815 0.65422
0.54192 0.55841 0.55496
0.60551 0.58227 0.59808
0.75864 0.22038 0.64244
0.80116 0.72168 0.66257
0.76737 0.31758 0.37174
0.61480 0.47461 0.54444
0.68857 0.60103 0.49259
0.82699 0.35005 0.47659
0.69962 0.50456 0.57836
0.67031 0.56397 0.74422
0.72134 0.44293 0.55898
0.55076 0.46318 0.72602
0.74211 0.54260 0.44157
0.71006 0.32460 0.59283
0.64784 0.38429 0.58526
0.52385 0.55338 0.61588
0.53266 0.49327 0.50097
0.66550 0.41641 0.56090
0.64394 0.44428 0.58194
0.79289 0.64924 0.41492
0.70839 0.33012 0.41961
0.71397 0.49819 0.60585
0.53637 0.53971 0.73871
0.57189 0.44431 0.67230
0.55333 0.43726 0.60357
0.53917 0.43558 0.56037
0.58638 0.42012 0.59070
0.82299 0.45758 0.60866
0.77410 0.57847 0.45510
0.45576 0.45363 0.52716
0.40944 0.53129 0.73345
0.63299 0.47555 0.53828
0.62271 0.49577 0.59861
0.72159 0.41339 0.40311
0.50166 0.48050 0.55849
0.69714 0.59399 0.76498
0.68351 0.55559 0.50500
0.81280 0.49183 0.49777
0.40947 0.54441 0.63191
0.54305 0.40686 0.49939
0.70150 0.49387 0.47910
0.59548 0.37400 0.53298
0.57260 0.50213 0.50227
0.62214 0.45115 0.55683
0.63793 0.52903 0.62903
0.64508 0.54641 0.58733
0.52333 0.33260 0.53869
0.77193 0.61260 0.32036
0.75056 0.47163 0.62431
0.75315 0.50349 0.66408
0.47032 0.55752 0.65421
0.71279 0.52189 0.50140
0.49411 0.43717 0.62603
0.77804 0.55315 0.29546
0.77628 0.44998 0.51187
0.75316 0.57767 0.33308
0.57143 0.52926 0.62252
0.62091 0.49535 0.56412
0.57391 0.48506 0.69068
0.48616 0.31967 0.69208
0.55827 0.35058 0.69279
0.55655 0.50369 0.59490
0.43895 0.51278 0.64196
0.46184 0.62274 0.65086
0.48142 0.58342 0.73514
0.75716 0.53212 0.62678
0.48965 0.34223 0.68584
0.67747 0.45830 0.57379
0.78306 0.35975 0.58623
0.79988 0.64366 0.70399
0.66492 0.47325 0.54068
0.74776 0.66907 0.72088
0.45509 0.50384 0.65666
0.78894 0.43066 0.63105
0.74985 0.43116 0.44937
0.60812 0.54607 0.63313
0.76079 0.64708 0.46664
0.68929 0.53160 0.54534
0.66112 0.42351 0.48243
0.76139 0.37987 0.57663
0.63092 0.33444 0.56252
0.51936 0.46100 0.62531
0.77882 0.63901 0.50601
0.65649 0.39399 0.44899
0.71144 0.43769 0.48419
0.72460 0.53239 0.55009
0.66509 0.33930 0.65821
0.68932 0.40175 0.36479
0.33145 0.37435 0.58452
0.80013 0.53703 0.43834
0.71202 0.51510 0.80944
0.51403 0.50727 0.58458
0.56409 0.53524 0.63192
0.78565 0.29402 0.62129
0.52448 0.55401 0.49665
0.79130 0.35548 0.62026
0.63145 0.52305 0.61004
0.86466 0.46995 0.36819
0.70405 0.40705 0.54144
0.71923 0.40462 0.55381
0.64513 0.69284 0.66283
0.73718 0.51488 0.52700
0.65558 0.39695 0.59773
0.77719 0.38719 0.60253
0.70086 0.61294 0.61218
0.77342 0.31409 0.41397
0.58329 0.42756 0.43998
0.66150 0.66068 0.49565
0.65711 0.61698 0.56552
0.72990 0.38274 0.47020
0.72429 0.53541 0.45298
0.77879 0.54763 0.46434
0.52786 0.36272 0.52149
0.63193 0.58371 0.52429
0.74763 0.46834 0.51701
0.64270 0.41426 0.48891
0.65582 0.46818 0.55884
0.49935 0.40286 0.56459
0.77506 0.51016 0.39437
0.82671 0.56117 0.35219
0.65017 0.36810 0.45560
0.58146 0.52768 0.59556
0.65877 0.47366 0.61010
0.54368 0.45759 0.62377
0.54722 0.36103 0.56977
0.82308 0.45224 0.52452
0.76670 0.50065 0.58009
0.71039 0.38565 0.49820
0.69915 0.42001 0.62273
0.58612 0.34336 0.70152
0.76942 0.28530 0.50766
0.44915 0.45278 0.60781
0.76141 0.58721 0.45836
0.68341 0.46387 0.39000
0.69808 0.35455 0.47056
0.81957 0.62731 0.42868
0.65910 0.36496 0.44254
0.80920 0.54537 0.63490
0.63985 0.49094 0.44867
0.61895 0.58503 0.59336
0.65021 0.62311 0.51291
0.70241 0.50215 0.64388
0.69818 0.41132 0.60721
0.78105 0.24172 0.44969
0.68184 0.44523 0.47075
0.56035 0.45337 0.55547
0.75847 0.31590 0.58030
0.74378 0.44872 0.56414
0.58880 0.37314 0.44990
0.71679 0.43571 0.50007
0.68497 0.35972 0.65120
0.73980 0.55748 0.35893
0.70140 0.54462 0.38337
0.76091 0.31963 0.63487
0.69514 0.55438 0.61555
0.69312 0.60296 0.73428
0.65601 0.35713 0.49191
0.41353 0.34645 0.66491
0.82725 0.37223 0.48562
0.66264 0.47624 0.44572
0.72720 0.51733 0.39287
0.60573 0.52439 0.50853
0.71298 0.46443 0.38811
0.69151 0.48409 0.70186
0.70250 0.56713 0.47453
0.67735 0.46984 0.60537
0.50990 0.41895 0.56837
0.73649 0.58522 0.60893
0.84247 0.52388 0.58010
0.82109 0.33303 0.58947
0.42543 0.53699 0.65792
0.63319 0.50545 0.57514
0.81049 0.75779 0.66054
0.67126 0.42553 0.47620
0.58145 0.36173 0.51464
0.53914 0.42795 0.58561
0.68509 0.31586 0.56679
0.67863 0.42720 0.58296
0.65520 0.49657 0.50658
0.51012 0.46116 0.65027
0.75249 0.63685 0.51077
0.61249 0.50690 0.52094
0.69126 0.65807 0.46592
0.77853 0.61296 0.53740
0.53317 0.38872 0.55298
0.56864 0.51413 0.41209
0.75877 0.68221 0.69434
0.68963 0.54419 0.45681
0.70709 0.41733 0.43278
0.61912 0.49007 0.52820
0.73113 0.50734 0.46108
0.42247 0.44265 0.68598
0.53472 0.50304 0.59608
0.74355 0.44949 0.47597
0.69287 0.48853 0.64875
0.51871 0.60950 0.65543
0.71264 0.38104 0.47794
0.66714 0.48002 0.70466
0.66191 0.52264 0.42399
0.59050 0.47357 0.65643
0.71313 0.48406 0.63540
0.68235 0.40877 0.49113
0.69868 0.42110 0.57044
0.72147 0.43860 0.51629
0.41517 0.59627 0.71835
0.65014 0.38615 0.46000
0.56984 0.51775 0.64765
0.59573 0.44901 0.57142
0.80713 0.33601 0.64501
0.71595 0.35311 0.48827
0.59203 0.53382 0.63803
0.77136 0.41828 0.53795
0.60743 0.57803 0.45887
0.69494 0.46429 0.56707
0.65956 0.58068 0.62511
0.77437 0.39928 0.50643
0.85616 0.50704 0.40419
0.62287 0.50688 0.64275
0.70226 0.49523 0.44509
0.64690 0.61007 0.56062
0.67323 0.45677 0.58732
0.73092 0.33284 0.58568
0.55084 0.52259 0.64949
0.63524 0.56043 0.52169
0.79750 0.65235 0.56529
0.71411 0.51633 0.53327
0.57271 0.36621 0.55356
0.78266 0.39334 0.48293
0.85019 0.44592 0.47058
0.50293 0.43373 0.71471
0.52627 0.55392 0.59691
0.67172 0.33612 0.54146
0.70596 0.66295 0.47010
0.53462 0.49488 0.56704
0.75020 0.31592 0.51908
0.60813 0.25212 0.48180
0.74053 0.37858 0.37419
0.68739 0.41859 0.46872
0.59748 0.34150 0.46593
0.78757 0.48596 0.56270
0.61995 0.50678 0.55066
0.70502 0.65010 0.48115
0.67319 0.63000 0.49548
0.68900 0.45203 0.58542
0.54028 0.52773 0.70925
0.67885 0.31550 0.53766
0.59461 0.47575 0.48888
0.60001 0.59281 0.70887
0.43552 0.33479 0.52323
0.71571 0.50196 0.57877
0.71708 0.52942 0.51749
0.66980 0.49564 0.59866
0.73549 0.62684 0.49886
0.53120 0.40749 0.64739
0.51028 0.32429 0.71450
0.58391 0.33402 0.49232
0.61286 0.50002 0.49531
0.56929 0.50595 0.71272
0.63752 0.53990 0.79351
0.68220 0.32484 0.54591
0.74040 0.28238 0.62913
0.53670 0.33522 0.56690
0.73932 0.50946 0.51106
0.74385 0.34869 0.37903
0.44603 0.63351 0.66567
0.78111 0.54516 0.65567
0.62534 0.49110 0.75791
0.67687 0.44778 0.65235
0.78534 0.45094 0.39557
0.67936 0.38134 0.69393
0.64844 0.41528 0.54562
0.60377 0.37032 0.61339
0.67262 0.43681 0.55929
0.76192 0.57664 0.43804
0.66347 0.30075 0.52733
0.64191 0.39711 0.55077
0.69242 0.58195 0.52829
0.65645 0.51072 0.62157
0.67637 0.51411 0.50411
0.72172 0.50428 0.52260
0.71035 0.54613 0.38222
0.57000 0.31881 0.56353
0.34028 0.55855 0.69454
0.81151 0.39701 0.45303
0.64421 0.47978 0.65820
0.58221 0.62527 0.58693
0.82789 0.20938 0.40988
0.70683 0.57975 0.44685
0.66289 0.50785 0.50664
0.48398 0.38012 0.68322
0.72119 0.48345 0.44630
0.53472 0.51919 0.66344
0.66210 0.48746 0.48790
0.55909 0.44313 0.67839
0.64518 0.30397 0.62989
0.63246 0.60113 0.62767
0.55037 0.43682 0.56265
0.58571 0.54184 0.45756
0.68265 0.30691 0.43385
0.74451 0.35891 0.63563
0.60438 0.60578 0.68589
0.77806 0.40583 0.51180
0.64303 0.41659 0.63239
0.74780 0.47761 0.51648
0.67704 0.36992 0.51761
0.52516 0.53588 0.57311
0.78569 0.32091 0.40354
0.57411 0.47633 0.64875
0.63930 0.41203 0.48225
0.58713 0.44097 0.54423
0.70705 0.43617 0.36277
0.58461 0.45021 0.53151
0.72942 0.38181 0.63286
0.61870 0.53451 0.69599
0.60823 0.50808 0.70563
0.50340 0.40536 0.51007
0.65593 0.28998 0.59595
0.56773 0.38573 0.66405
0.58143 0.63582 0.58785
0.70288 0.52385 0.60038
0.65083 0.39615 0.55449
0.78994 0.45262 0.44588
0.73722 0.49774 0.51181
0.48689 0.43688 0.55632
0.72090 0.39894 0.59630
0.81060 0.27619 0.47395
0.83991 0.56697 0.65605
0.52765 0.45852 0.55384
0.63008 0.72382 0.59611
0.78085 0.25582 0.48772
0.74201 0.37007 0.47898
0.71399 0.62013 0.59623
0.64958 0.45921 0.67391
0.44312 0.46655 0.68685
0.57511 0.53837 0.49555
0.62443 0.46218 0.48529
0.67362 0.58403 0.55712
0.54008 0.34113 0.53566
0.51897 0.48778 0.61088
0.70540 0.69149 0.48865
0.80249 0.30682 0.36900
0.61975 0.46053 0.45483
0.53601 0.48877 0.56676
0.58500 0.48041 0.63709
0.42319 0.47042 0.72719
0.66540 0.58580 0.45744
0.48887 0.47167 0.59982
0.34623 0.30588 0.68608
0.51245 0.61170 0.77514
0.56887 0.47463 0.59134
0.71340 0.30630 0.47081
0.64787 0.52269 0.54582
0.70103 0.52004 0.48986
0.45039 0.47224 0.75360
0.65208 0.65469 0.65219
0.57344 0.39105 0.63321
0.76702 0.50819 0.54703
0.77208 0.55154 0.65763
0.61507 0.37936 0.58255
0.69473 0.39613 0.59636
0.49411 0.44672 0.59721
0.67321 0.42699 0.58402
0.82271 0.44183 0.48778
0.46314 0.33767 0.58428
0.73156 0.62803 0.47957
0.74493 0.35470 0.58600
0.51477 0.53265 0.51563
0.77822 0.49542 0.55545
0.59094 0.38886 0.55556
0.72798 0.68647 0.57897
0.44208 0.33301 0.61869
0.63057 0.48832 0.51717
0.60512 0.45498 0.62333
0.78416 0.45360 0.41197
0.68536 0.56699 0.59490
0.54539 0.19453 0.58170
0.61293 0.36647 0.49040
0.67515 0.69939 0.49332
0.60081 0.26359 0.49486
0.63154 0.52715 0.61984
0.82096 0.54458 0.37381
0.56457 0.58685 0.63662
0.54061 0.60923 0.80575
0.40230 0.42148 0.60690
0.66764 0.44293 0.55912
0.69029 0.61606 0.53957
0.78640 0.35666 0.62690
0.65277 0.45859 0.54255
0.60709 0.62281 0.62149
0.81823 0.31608 0.51457
0.78357 0.32372 0.75997
0.61910 0.19492 0.57452
0.65994 0.51383 0.54712
0.64276 0.46873 0.51077
0.72983 0.38444 0.48789
0.65160 0.55991 0.72293
0.68341 0.64532 0.65713
0.66102 0.57848 0.52328
0.75491 0.34647 0.60478
0.66638 0.44439 0.52643
0.79198 0.77313 0.43285
0.56471 0.58993 0.50175
0.76606 0.56695 0.43232
0.73330 0.56442 0.58720
0.65494 0.52895 0.56878
0.60963 0.58906 0.50884
0.72897 0.50108 0.47589
0.66921 0.43980 0.64984
0.69744 0.44205 0.67790
0.72246 0.62748 0.39327
0.49492 0.57658 0.72660
0.58145 0.51165 0.53492
0.64755 0.33462 0.50223
0.72995 0.46930 0.46970
0.70926 0.55823 0.63883
0.66808 0.57097 0.58108
0.69119 0.48635 0.63396
0.68751 0.45902 0.49897
0.53367 0.54265 0.56031
0.70215 0.45213 0.54189
0.79281 0.43829 0.65343
0.66800 0.56228 0.56707
0.70236 0.32627 0.49582
0.75443 0.45748 0.47320
0.63020 0.54932 0.57671
0.64347 0.37441 0.71339
0.63463 0.49421 0.66353
0.78262 0.44726 0.35505
0.69364 0.39610 0.41043
0.66587 0.62437 0.57216
0.56516 0.36158 0.59237
0.74008 0.42678 0.42100
0.85487 0.67886 0.21663
0.63534 0.43059 0.47140
0.75331 0.49980 0.52663
0.65140 0.68468 0.56281
0.82500 0.46638 0.45995
0.55815 0.36961 0.58815
0.60552 0.50869 0.51771
0.71259 0.40288 0.49754
0.59827 0.44378 0.61938
0.76764 0.69066 0.51932
0.61507 0.66111 0.54490
0.70497 0.32295 0.48362
0.67129 0.45578 0.57995
0.56986 0.59092 0.55602
0.62560 0.39516 0.60160
0.72554 0.55612 0.60025
0.83627 0.44655 0.64230
0.51313 0.52213 0.59316
0.76295 0.57377 0.67916
0.81075 0.47313 0.55323
0.57108 0.45891 0.58235
0.55725 0.37577 0.59037
0.59757 0.43475 0.57764
0.78088 0.46199 0.45103
0.67702 0.54626 0.51231
0.62429 0.37769 0.45947
0.78067 0.51702 0.68345
0.53992 0.56536 0.59783
0.71217 0.47268 0.61405
0.72447 0.21412 0.43680
0.44333 0.35018 0.67394
0.71809 0.42231 0.54571
0.57121 0.48171 0.58324
0.56235 0.38001 0.58426
0.83391 0.61643 0.64133
0.77048 0.52627 0.53021
0.56469 0.70439 0.65725
0.60134 0.34916 0.43968
0.68029 0.44033 0.78057
0.52833 0.28383 0.62513
0.71509 0.34943 0.51665
0.74014 0.54928 0.45473
0.56452 0.55375 0.69621
0.72723 0.39796 0.50688
0.73271 0.41492 0.50335
0.50386 0.37223 0.51443
0.52821 0.47734 0.58073
0.74904 0.59930 0.60939
0.56971 0.45320 0.60656
0.69984 0.40586 0.71260
0.80469 0.55057 0.67001
0.63987 0.39697 0.58145
0.74372 0.67223 0.45691
0.76616 0.44478 0.49864
0.63513 0.43325 0.60149
0.59410 0.54666 0.62517
0.56385 0.51199 0.57110
0.75038 0.69162 0.44427
0.61148 0.53850 0.49421
0.68412 0.43928 0.59466
0.68876 0.55564 0.64611
0.67208 0.70806 0.69119
0.32783 0.54777 0.67238
0.76688 0.40030 0.48317
0.69841 0.41344 0.48914
0.66201 0.39406 0.71625
0.60457 0.53682 0.66098
0.60542 0.70202 0.57374
0.57306 0.64707 0.57697
0.57871 0.60338 0.60200
0.72053 0.57379 0.60168
0.74731 0.67228 0.75558
0.58232 0.47464 0.56895
0.83275 0.37097 0.39794
0.49458 0.49111 0.61459
0.73646 0.53852 0.45605
0.79735 0.35412 0.41673
0.72457 0.54642 0.52935
0.70605 0.59500 0.42883
0.64287 0.60393 0.56776
0.76238 0.49856 0.49466
0.33352 0.62724 0.69549
0.61749 0.46122 0.65189
0.54218 0.49333 0.49822
0.76197 0.63603 0.40684
0.59249 0.52116 0.58715
0.70697 0.49910 0.57094
0.64044 0.41753 0.52344
0.79126 0.50242 0.44631
0.68354 0.55065 0.54626
0.75467 0.52412 0.46822
0.62198 0.48121 0.42086
0.58096 0.54230 0.48445
0.74970 0.60300 0.45821
0.61271 0.40558 0.52868
0.67494 0.54556 0.44250
0.67806 0.53560 0.61109
0.71722 0.43335 0.61645
0.67158 0.36878 0.40071
0.54964 0.55403 0.65614
0.64700 0.39956 0.48628
0.76823 0.41424 0.55787
0.66980 0.40226 0.55703
0.45900 0.69798 0.63959
0.49473 0.55431 0.64878
0.60504 0.64791 0.62128
0.58779 0.45154 0.41441
0.60067 0.43276 0.49481
0.62014 0.49394 0.49469
0.73911 0.45879 0.48100
0.60856 0.52561 0.55180
0.61799 0.52340 0.45555
0.74848 0.57907 0.53573
0.65305 0.56850 0.45518
0.69244 0.45907 0.52487
0.67996 0.64501 0.51229
0.78543 0.46736 0.43835
0.68474 0.66152 0.65756
0.77576 0.61103 0.34289
0.75128 0.55119 0.54701
0.73294 0.33001 0.46693
0.53971 0.52643 0.59548
0.75435 0.38173 0.37243
0.51167 0.47667 0.65540
0.74706 0.33591 0.54817
0.65970 0.44173 0.52102
0.63081 0.49452 0.58131
0.66464 0.40377 0.66996
0.68880 0.42837 0.53487
0.74954 0.55126 0.69242
0.49959 0.29786 0.59676
0.68659 0.50694 0.46105
0.72909 0.63367 0.46209
0.73932 0.71573 0.49475
0.80771 0.36958 0.43403
0.59756 0.49761 0.56738
0.70474 0.49314 0.69873
0.49504 0.63297 0.73514
0.62977 0.60305 0.61561
0.82238 0.30800 0.57792
0.51149 0.66599 0.65499
0.48262 0.40947 0.64707
0.64723 0.40206 0.57001
0.73407 0.48140 0.71762
0.53728 0.43297 0.57745
0.61223 0.36062 0.60755
0.61666 0.43253 0.61606
0.80125 0.39706 0.56789
0.62091 0.37345 0.46024
0.57015 0.73204 0.59938
0.38556 0.35647 0.63719
0.59814 0.55876 0.57381
0.72639 0.71382 0.51364
0.67051 0.68035 0.45914
0.49068 0.60212 0.65699
0.70661 0.35060 0.50675
0.62232 0.64344 0.55859
0.73352 0.48824 0.42311
0.71116 0.34982 0.39593
0.68185 0.60340 0.61874
0.67922 0.53247 0.45414
0.76474 0.45759 0.62590
0.71212 0.67372 0.51397
0.57938 0.39151 0.44478
0.68276 0.51493 0.60560
0.62830 0.43990 0.60299
0.75434 0.60144 0.52091
0.69512 0.45459 0.48389
0.50507 0.42350 0.63787
0.53105 0.47495 0.72874
0.74002 0.47085 0.57916
0.76196 0.55209 0.37748
0.67545 0.48756 0.50902
0.83715 0.39933 0.56202
0.63332 0.62723 0.56920
0.63922 0.51335 0.48943
0.76711 0.49485 0.64418
0.81501 0.31442 0.39194
0.71144 0.67763 0.46124
0.60480 0.57861 0.49645
0.65819 0.41248 0.44121
0.84807 0.79922 0.48499
0.74630 0.43392 0.50268
0.71023 0.44765 0.57627
0.65264 0.50362 0.59642
0.78360 0.40377 0.42364
0.55913 0.39112 0.51021
0.70677 0.61748 0.51427
0.52309 0.39581 0.61182
0.33446 0.28025 0.63425
0.76977 0.45765 0.67606
0.74116 0.50600 0.57454
0.64543 0.39407 0.40851
0.75203 0.67803 0.57443
0.69680 0.44387 0.50435
0.73183 0.54827 0.53778
0.67347 0.63479 0.58633
0.64485 0.55347 0.65620
0.61595 0.49638 0.54050
0.59074 0.53849 0.47724
0.80196 0.73593 0.57668
0.77050 0.60917 0.64947
0.50668 0.45471 0.50288
0.70955 0.35353 0.60924
0.69209 0.60520 0.67349
0.48927 0.28919 0.56955
0.70857 0.42696 0.38649
0.65929 0.39495 0.45958
0.69134 0.49946 0.44572
0.62846 0.44580 0.55592
0.55309 0.61737 0.60579
0.74669 0.47077 0.49212
0.33282 0.36843 0.65719
0.71012 0.59253 0.56864
0.62006 0.33433 0.66173
0.64398 0.59581 0.56241
0.66874 0.44595 0.57703
0.77160 0.47218 0.48148
0.60998 0.49312 0.58002
0.71317 0.26609 0.47712
0.75834 0.42442 0.48440
0.70853 0.42342 0.53915
0.80731 0.65050 0.51255
0.62065 0.49859 0.55663
0.73481 0.51948 0.52313
0.69408 0.43986 0.52507
0.76665 0.22850 0.67908
0.73460 0.35258 0.39655
0.61330 0.51989 0.62908
0.51746 0.50556 0.57699
0.64777 0.53100 0.49146
0.55947 0.53596 0.52623
0.77213 0.51006 0.46097
0.70443 0.34577 0.45428
0.71947 0.57434 0.63246
0.59916 0.50566 0.49287
0.69044 0.33202 0.66561
0.65360 0.55684 0.70347
0.64280 0.55545 0.39111
0.55420 0.47910 0.50973
0.51651 0.38321 0.55444
0.82709 0.59638 0.45913
0.65923 0.51909 0.60389
0.68415 0.41834 0.52864
0.57443 0.48866 0.75785
0.69492 0.36623 0.67715
0.61342 0.46583 0.61117
0.53042 0.46142 0.49658
0.47800 0.46588 0.63727
0.73838 0.69359 0.50690
0.66289 0.29390 0.41569
0.75261 0.59622 0.53096
0.80278 0.59294 0.32014
0.77728 0.40822 0.59057
0.59696 0.38010 0.55375
0.78992 0.55803 0.53942
0.76129 0.41107 0.50835
0.80750 0.44376 0.30085
0.67705 0.32293 0.50244
0.75377 0.59273 0.40344
0.74014 0.30703 0.40667
0.64163 0.46843 0.50684
0.72704 0.53831 0.43839
0.48884 0.43740 0.49996
0.70101 0.58998 0.63857
0.68795 0.57311 0.46186
0.44350 0.53321 0.61735
0.61730 0.62594 0.56730
0.59155 0.40763 0.56145
0.50102 0.45758 0.67022
0.63723 0.43140 0.56231
0.74533 0.57247 0.46465
0.64165 0.43350 0.48983
0.45936 0.46822 0.66185
0.67953 0.32980 0.52631
0.53716 0.42189 0.60085
0.50713 0.49942 0.54800
0.67186 0.38436 0.47117
0.68441 0.56014 0.63257
0.44379 0.49524 0.64691
0.68799 0.43982 0.46779
0.67782 0.59013 0.47037
0.52737 0.46211 0.64289
0.45815 0.51635 0.72737
0.57509 0.54657 0.62874
0.64815 0.36853 0.49821
0.68786 0.48634 0.38902
0.51818 0.59361 0.61066
0.64689 0.50925 0.51510
0.70009 0.53984 0.50387
0.67868 0.66873 0.45690
0.64968 0.62836 0.52303
0.74217 0.39861 0.54352
0.71180 0.72123 0.59560
0.67359 0.42682 0.51403
0.73118 0.59017 0.59759
0.69269 0.69612 0.37319
0.60223 0.41588 0.45642
0.49289 0.39076 0.55636
0.47289 0.54904 0.58148
0.50794 0.36076 0.68543
0.65574 0.40378 0.52418
0.51127 0.38903 0.51881
0.60036 0.51680 0.50408
0.67663 0.54800 0.46598
0.62058 0.50497 0.49932
0.61494 0.67007 0.67265
0.66557 0.52214 0.53525
0.43203 0.36895 0.62092
0.56088 0.55339 0.59672
0.51427 0.50746 0.68463
0.65986 0.43260 0.52500
0.52497 0.56569 0.53228
0.66464 0.49850 0.67162
0.67343 0.52166 0.74646
0.74336 0.36143 0.53963
0.59797 0.55851 0.49214
0.59243 0.30193 0.58506
0.72658 0.45003 0.35970
0.72865 0.40656 0.69303
0.82191 0.71968 0.38846
0.65902 0.36375 0.47051
0.70057 0.60053 0.65271
0.61959 0.36543 0.53298
0.68223 0.40476 0.44927
0.78520 0.42355 0.52415
0.63985 0.67601 0.50151
0.55437 0.51734 0.66806
0.61766 0.40271 0.64674
0.84555 0.54956 0.47754
0.75971 0.48697 0.39787
0.59826 0.52843 0.64069
0.80333 0.28082 0.46186
