20 14 1000 8450 74
0.79470 0.23494 0.48650
0.64776 0.72321 0.00429
0.92562 0.86453 0.69959
0.40461 0.66330 0.86825
0.10169 0.99720 0.52830
0.54972 0.53520 0.00595
0.86736 0.01549 0.88382
0.59774 0.22255 0.89031
0.60969 0.48307 0.09079
0.00002 0.51849 0.15545
0.93748 0.57391 0.78497
0.31830 0.76191 0.58865
0.11480 0.23358 0.06258
0.22114 0.69748 0.41358
0.60174 0.59077 0.55779
0.51117 0.50791 0.43878
0.63074 0.58209 0.48621
0.67302 0.70350 0.39253
0.54514 0.43109 0.43613
0.33593 0.59871 0.32843
0.56169 0.53542 0.36855
0.57339 0.62750 0.46425
0.52548 0.67767 0.45757
0.53759 0.61620 0.43617
0.58196 0.57040 0.53253
0.35653 0.46257 0.28659
0.61631 0.58036 0.51437
0.35202 0.66573 0.36125
0.49906 0.53907 0.50866
0.52740 0.43700 0.54850
0.52863 0.53642 0.51337
0.48806 0.58389 0.52085
0.55951 0.63597 0.51107
0.49105 0.51385 0.53205
0.62668 0.37548 0.48577
0.55244 0.46333 0.52702
0.57269 0.38819 0.62170
0.62027 0.51456 0.47667
0.54182 0.54734 0.46087
0.55682 0.50044 0.37580
0.52539 0.56035 0.50900
0.49653 0.56824 0.46977
0.34517 0.51660 0.34176
0.64175 0.47574 0.55251
0.43028 0.65455 0.49890
0.41152 0.44031 0.36191
0.55002 0.47626 0.47214
0.42086 0.47090 0.41019
0.48033 0.47738 0.54842
0.35905 0.59965 0.41952
0.52982 0.66902 0.26341
0.47331 0.65002 0.37541
0.38469 0.47050 0.48204
0.53579 0.61074 0.53186
0.57726 0.55196 0.44334
0.34880 0.46351 0.30870
0.48841 0.56463 0.42862
0.70541 0.39227 0.59548
0.53032 0.57431 0.54707
0.56830 0.57106 0.40076
0.46332 0.59057 0.36039
0.48194 0.53649 0.41405
0.49749 0.55274 0.34743
0.50204 0.54912 0.53555
0.45515 0.70125 0.48341
0.30269 0.56490 0.41470
0.43278 0.44372 0.38489
0.50992 0.57612 0.41706
0.55915 0.61623 0.47986
0.49540 0.51290 0.36821
0.55323 0.56799 0.47302
0.45526 0.53411 0.50146
0.57299 0.57102 0.46443
0.54017 0.51674 0.48874
0.41607 0.53964 0.50775
0.51861 0.51968 0.61696
0.60515 0.55337 0.47279
0.51967 0.46543 0.43196
0.38044 0.57711 0.44604
0.53795 0.60305 0.48673
0.47351 0.43010 0.37262
0.53954 0.39992 0.61966
0.33200 0.51945 0.33403
0.45697 0.49842 0.42890
0.59425 0.43506 0.56833
0.48647 0.62579 0.52399
0.50444 0.57812 0.44892
0.62128 0.57224 0.57801
0.42837 0.58125 0.36184
0.51191 0.50831 0.30719
0.57680 0.56872 0.58336
0.53169 0.54844 0.38147
0.55148 0.66211 0.46497
0.44497 0.65262 0.40636
0.45994 0.58782 0.31676
0.46988 0.44160 0.37667
0.45854 0.59197 0.44798
0.57532 0.43738 0.37486
0.48129 0.50565 0.50285
0.41395 0.53411 0.49867
0.33335 0.71032 0.41559
0.62793 0.58346 0.56068
0.57861 0.58363 0.48883
0.55864 0.63229 0.61279
0.55467 0.48652 0.44877
0.52218 0.60856 0.52765
0.45175 0.47773 0.49816
0.39324 0.64661 0.52696
0.52008 0.55662 0.29598
0.50360 0.51853 0.42297
0.49119 0.51887 0.49195
0.58908 0.61836 0.33711
0.42788 0.47960 0.42950
0.49691 0.55654 0.43810
0.51550 0.49857 0.47423
0.53769 0.65702 0.49966
0.49759 0.61034 0.60809
0.41640 0.59438 0.38131
0.45368 0.49991 0.41612
0.48448 0.63966 0.44878
0.57255 0.49212 0.53390
0.50112 0.39482 0.54362
0.39198 0.49549 0.38238
0.56928 0.37428 0.53968
0.45397 0.48354 0.43240
0.47688 0.65526 0.46661
0.44685 0.52058 0.41876
0.51746 0.48340 0.41847
0.44877 0.57852 0.41578
0.38350 0.56264 0.45845
0.43177 0.52503 0.47041
0.47533 0.52344 0.46480
0.46379 0.67852 0.54664
0.56188 0.50698 0.58511
0.49828 0.53594 0.41063
0.40169 0.57178 0.56844
0.43816 0.60951 0.41481
0.50341 0.62788 0.60956
0.47934 0.56558 0.44500
0.46480 0.55559 0.44602
0.49910 0.55236 0.45564
0.53917 0.59646 0.46602
0.40655 0.57529 0.45876
0.48194 0.52016 0.54436
0.46709 0.43013 0.34245
0.40999 0.54294 0.32520
0.40320 0.45840 0.41686
0.44370 0.56668 0.32614
0.60349 0.51068 0.57866
0.52146 0.55967 0.51471
0.63837 0.49049 0.61600
0.40627 0.64369 0.49638
0.50712 0.60520 0.56101
0.56169 0.59472 0.43506
0.42158 0.62315 0.51539
0.56849 0.48839 0.34750
0.51449 0.63671 0.54681
0.56444 0.53753 0.49470
0.51760 0.63670 0.41108
0.47903 0.43233 0.38805
0.52451 0.59063 0.32365
0.40400 0.56462 0.44152
0.53685 0.44527 0.45533
0.59305 0.47364 0.50943
0.54470 0.58564 0.53612
0.42803 0.60625 0.47123
0.31800 0.54131 0.41755
0.51211 0.49200 0.26993
0.55344 0.48903 0.31388
0.31173 0.56219 0.37126
0.53629 0.42318 0.36141
0.49881 0.53439 0.43548
0.44136 0.67230 0.40127
0.62584 0.47823 0.47011
0.51690 0.46929 0.42620
0.57436 0.58343 0.51380
0.61181 0.58497 0.53245
0.47332 0.59595 0.38861
0.53274 0.44651 0.55277
0.45558 0.55838 0.50196
0.46285 0.60098 0.44914
0.51010 0.68317 0.57254
0.66243 0.54853 0.58074
0.54450 0.52971 0.37174
0.60225 0.44600 0.53638
0.58515 0.51940 0.51177
0.67443 0.62738 0.58093
0.63476 0.55705 0.54154
0.39867 0.56422 0.44470
0.60341 0.43333 0.47870
0.67492 0.46762 0.47045
0.51536 0.60448 0.44868
0.42683 0.47056 0.41524
0.54593 0.68510 0.48345
0.62858 0.38642 0.59121
0.56352 0.44631 0.43725
0.50741 0.40208 0.56279
0.53387 0.52046 0.49461
0.36151 0.62071 0.38547
0.54624 0.40281 0.61810
0.49435 0.68612 0.50672
0.50442 0.50661 0.41165
0.47952 0.51549 0.51948
0.50437 0.61850 0.43872
0.58886 0.56489 0.44145
0.55834 0.58485 0.62826
0.41234 0.66615 0.42850
0.58947 0.52164 0.57087
0.55001 0.52342 0.46402
0.42432 0.53976 0.48897
0.49904 0.59670 0.52682
0.35416 0.54975 0.42677
0.68145 0.22818 0.69509
0.41441 0.56283 0.42291
0.39697 0.58212 0.36564
0.48284 0.53466 0.55980
0.53317 0.51097 0.36033
0.61156 0.52714 0.42667
0.44817 0.48487 0.54095
0.47538 0.56216 0.47621
0.53184 0.56630 0.44171
0.48835 0.51128 0.46465
0.47696 0.52909 0.41321
0.53047 0.61638 0.47922
0.54344 0.56982 0.46299
0.52469 0.56679 0.46389
0.46713 0.45093 0.50734
0.56046 0.44070 0.44528
0.45178 0.53927 0.51458
0.49945 0.56018 0.44070
0.60219 0.45251 0.63277
0.64091 0.55067 0.44595
0.51276 0.48498 0.50568
0.46577 0.60195 0.55288
0.47853 0.52086 0.46976
0.48006 0.58001 0.51216
0.49692 0.54813 0.55467
0.56045 0.44735 0.49139
0.71528 0.35121 0.70671
0.61044 0.49358 0.55185
0.57677 0.55471 0.29878
0.64472 0.49687 0.31964
0.47733 0.52252 0.53309
0.45209 0.45954 0.34332
0.62052 0.59235 0.43674
0.53893 0.62953 0.52527
0.44145 0.61743 0.44586
0.48212 0.57156 0.55327
0.46301 0.50164 0.48288
0.33731 0.52297 0.41612
0.41818 0.56129 0.50313
0.56887 0.66542 0.53887
0.44141 0.66591 0.48612
0.51193 0.57705 0.50974
0.44501 0.47902 0.27512
0.44026 0.52755 0.38875
0.52158 0.57405 0.33225
0.48668 0.57706 0.40363
0.58287 0.50482 0.46869
0.51267 0.60676 0.39761
0.51724 0.66406 0.32693
0.50443 0.57513 0.49051
0.35256 0.72782 0.49140
0.46862 0.59455 0.35332
0.53650 0.49767 0.41472
0.42167 0.59631 0.58101
0.46380 0.56720 0.52912
0.45518 0.68791 0.57144
0.67034 0.57145 0.46772
0.53568 0.47066 0.48105
0.54210 0.47863 0.53616
0.52216 0.57979 0.36096
0.39284 0.64349 0.44795
0.55566 0.52575 0.48710
0.48762 0.50998 0.40252
0.54256 0.49109 0.50949
0.56912 0.38743 0.45890
0.58355 0.54453 0.55713
0.58709 0.59587 0.55125
0.41576 0.65885 0.48042
0.44550 0.49602 0.37407
0.54014 0.58476 0.39861
0.58285 0.47885 0.44278
0.47887 0.54426 0.36905
0.50073 0.51584 0.55022
0.46481 0.49212 0.55509
0.60766 0.43737 0.61029
0.56457 0.46224 0.47246
0.50987 0.52462 0.48526
0.53582 0.46571 0.52757
0.55588 0.49395 0.52442
0.47051 0.46277 0.53284
0.42339 0.46374 0.38718
0.55008 0.50238 0.52143
0.47130 0.54095 0.51563
0.38857 0.57175 0.45506
0.49685 0.55685 0.47722
0.56231 0.46481 0.55420
0.49550 0.52068 0.52033
0.50403 0.56564 0.49400
0.49490 0.53889 0.47623
0.38521 0.46681 0.38089
0.51773 0.56375 0.52567
0.57033 0.58697 0.57685
0.56315 0.62196 0.51783
0.57080 0.67650 0.38911
0.62153 0.65426 0.52857
0.50971 0.52422 0.46283
0.55815 0.55794 0.49398
0.44844 0.46444 0.36375
0.44443 0.59997 0.46144
0.52468 0.52216 0.47267
0.38992 0.56159 0.24143
0.46936 0.43986 0.47769
0.60021 0.57613 0.57328
0.60413 0.47151 0.49363
0.52773 0.58177 0.52665
0.66518 0.41253 0.60510
0.59006 0.47798 0.44684
0.56001 0.40413 0.49634
0.43908 0.50259 0.45134
0.59907 0.41668 0.53025
0.59725 0.56493 0.33812
0.49823 0.50514 0.52746
0.58274 0.46213 0.43182
0.57066 0.64492 0.51554
0.39943 0.60898 0.48832
0.52096 0.57052 0.35993
0.56916 0.53003 0.57858
0.63150 0.49469 0.55101
0.55282 0.60109 0.53137
0.50882 0.55959 0.47857
0.43525 0.58157 0.27501
0.44265 0.55098 0.49616
0.42495 0.54372 0.36087
0.63117 0.47091 0.53148
0.53377 0.49153 0.44583
0.50260 0.57554 0.43213
0.54137 0.52073 0.42976
0.58104 0.44308 0.48476
0.58634 0.72692 0.55793
0.57209 0.53047 0.54381
0.44271 0.47920 0.50792
0.53110 0.58724 0.33873
0.65513 0.62460 0.55353
0.42155 0.53172 0.31710
0.51917 0.56726 0.37438
0.65661 0.50128 0.51500
0.43262 0.53741 0.46208
0.59013 0.55481 0.54872
0.44476 0.58022 0.47385
0.44496 0.51443 0.55038
0.43134 0.61107 0.43594
0.43962 0.56054 0.47021
0.53108 0.45128 0.58904
0.52774 0.40700 0.47118
0.60696 0.42666 0.52290
0.49370 0.57512 0.33754
0.50499 0.57339 0.39524
0.54727 0.41171 0.57233
0.55189 0.50122 0.54028
0.49307 0.61307 0.42332
0.57061 0.33290 0.43218
0.44926 0.49957 0.55655
0.51389 0.54781 0.34427
0.50875 0.57819 0.48479
0.39246 0.51007 0.34720
0.52234 0.46264 0.38434
0.53191 0.66229 0.62000
0.54992 0.53063 0.29250
0.46367 0.54727 0.38313
0.47933 0.61598 0.48723
0.45761 0.52484 0.44858
0.45983 0.51536 0.50657
0.52245 0.50162 0.57480
0.53903 0.45147 0.44776
0.54986 0.56919 0.42225
0.54518 0.49754 0.56053
0.53300 0.60794 0.39789
0.41595 0.66508 0.39708
0.41158 0.59884 0.34698
0.59354 0.49522 0.48177
0.50351 0.53718 0.51577
0.34122 0.66184 0.50597
0.53646 0.53013 0.44293
0.40505 0.59938 0.40718
0.43034 0.61624 0.43860
0.57202 0.66735 0.35575
0.55948 0.60327 0.41226
0.56635 0.57935 0.52460
0.54961 0.54508 0.46528
0.49263 0.54128 0.64498
0.59712 0.58140 0.40487
0.54537 0.44495 0.41966
0.39246 0.64883 0.48522
0.68543 0.63507 0.59053
0.55380 0.53467 0.43861
0.55166 0.56408 0.40860
0.56843 0.44343 0.55014
0.52444 0.51937 0.36493
0.50421 0.67935 0.40212
0.62859 0.48171 0.58970
0.60527 0.49644 0.47228
0.34278 0.60827 0.46615
0.51649 0.56472 0.48305
0.50607 0.41930 0.52405
0.60322 0.40024 0.63848
0.53213 0.65574 0.54850
0.55552 0.50254 0.40502
0.52386 0.57206 0.58760
0.52250 0.54087 0.48792
0.41444 0.58045 0.40975
0.36258 0.45434 0.29760
0.61549 0.44443 0.52083
0.55809 0.53735 0.55414
0.44772 0.55722 0.42448
0.60058 0.42762 0.39417
0.59400 0.50029 0.59721
0.55028 0.61101 0.51546
0.65148 0.52151 0.46266
0.36430 0.61559 0.40611
0.47373 0.48275 0.55449
0.61496 0.51348 0.40268
0.41664 0.52752 0.35909
0.63449 0.50575 0.44028
0.37695 0.50183 0.38999
0.57931 0.54238 0.37543
0.52146 0.46477 0.56226
0.57271 0.59090 0.50086
0.44825 0.55389 0.34585
0.51477 0.55713 0.49259
0.46931 0.60429 0.47580
0.42162 0.59176 0.45511
0.35702 0.67310 0.46356
0.43427 0.52336 0.43752
0.42852 0.58177 0.44090
0.49911 0.52549 0.61227
0.46021 0.59936 0.47085
0.62586 0.53828 0.51757
0.55452 0.54987 0.25804
0.60341 0.55062 0.45335
0.56923 0.51689 0.44181
0.45714 0.62274 0.42358
0.48676 0.46581 0.38339
0.45133 0.58322 0.43672
0.57065 0.53088 0.54484
0.40688 0.45529 0.38084
0.50565 0.57912 0.38514
0.31122 0.57226 0.46429
0.44544 0.43633 0.39896
0.46102 0.69951 0.48683
0.65726 0.48016 0.54228
0.51327 0.54093 0.54774
0.49775 0.61247 0.43040
0.57980 0.47967 0.50504
0.44291 0.52531 0.39857
0.57766 0.41446 0.58393
0.43383 0.52987 0.26844
0.52978 0.59229 0.20594
0.47702 0.54827 0.45038
0.51149 0.59014 0.52984
0.47540 0.47243 0.42886
0.43325 0.59592 0.53820
0.44930 0.55705 0.44314
0.53853 0.47874 0.55456
0.49351 0.52901 0.51822
0.71921 0.40363 0.53733
0.47780 0.60590 0.57758
0.55265 0.41485 0.46954
0.32290 0.65527 0.42441
0.51433 0.58295 0.58372
0.36122 0.48208 0.43507
0.37581 0.64628 0.43752
0.48447 0.69118 0.43625
0.44047 0.61889 0.51614
0.62230 0.51887 0.47087
0.52400 0.48600 0.46746
0.67107 0.54376 0.46226
0.61297 0.51077 0.55098
0.49638 0.44185 0.60680
0.54785 0.42396 0.63819
0.46721 0.46883 0.47810
0.42665 0.60171 0.52860
0.59852 0.49646 0.50817
0.65270 0.55207 0.47927
0.43068 0.53779 0.51405
0.53345 0.53058 0.29680
0.50501 0.60302 0.64225
0.54333 0.45124 0.51110
0.44066 0.61639 0.49039
0.59829 0.49550 0.53790
0.48965 0.54284 0.48453
0.53070 0.62902 0.41801
0.55270 0.43272 0.55457
0.54271 0.52796 0.42765
0.45214 0.54162 0.48520
0.59345 0.40048 0.51441
0.39237 0.46732 0.34561
0.45479 0.53315 0.23760
0.52457 0.56526 0.49305
0.60277 0.43721 0.42169
0.51934 0.53686 0.50012
0.43345 0.49619 0.39222
0.41900 0.61124 0.45172
0.49410 0.50877 0.43510
0.52473 0.47947 0.51063
0.59813 0.45889 0.64009
0.58995 0.44204 0.47178
0.53487 0.49166 0.51768
0.51417 0.48676 0.36897
0.62629 0.46530 0.64339
0.44929 0.48918 0.57250
0.61170 0.56198 0.36955
0.43888 0.59322 0.46308
0.46104 0.50970 0.52710
0.52314 0.54943 0.38351
0.48455 0.53689 0.46849
0.41680 0.59489 0.48236
0.49180 0.66428 0.54968
0.54252 0.59145 0.42282
0.52105 0.52761 0.50830
0.50363 0.63607 0.40184
0.40909 0.64376 0.51509
0.63803 0.62011 0.55444
0.47315 0.55661 0.29522
0.43866 0.65048 0.51245
0.63652 0.55631 0.59853
0.42205 0.59831 0.44211
0.70271 0.66856 0.54688
0.49253 0.54208 0.55584
0.64977 0.48493 0.47422
0.42704 0.56043 0.34161
0.41355 0.49814 0.48919
0.48310 0.49217 0.54281
0.53243 0.53546 0.51646
0.49257 0.57273 0.41851
0.61838 0.51108 0.52196
0.40959 0.54890 0.27464
0.62178 0.41755 0.62967
0.56445 0.51058 0.47438
0.61048 0.51596 0.52620
0.57125 0.50272 0.50489
0.45194 0.50846 0.48921
0.52566 0.57231 0.35777
0.53997 0.58372 0.58986
0.51190 0.57931 0.47352
0.63675 0.57149 0.55756
0.55406 0.63240 0.49124
0.53176 0.44094 0.52327
0.53226 0.40579 0.40546
0.51305 0.52749 0.49379
0.42128 0.54021 0.43883
0.48618 0.59552 0.40646
0.52189 0.64393 0.49695
0.52164 0.53694 0.47738
0.48923 0.49705 0.40365
0.48334 0.50217 0.40661
0.55048 0.48388 0.51954
0.52778 0.64635 0.43477
0.64833 0.61563 0.60984
0.45267 0.62598 0.56902
0.49093 0.63929 0.53843
0.50727 0.56238 0.45945
0.47945 0.54056 0.41385
0.40970 0.65720 0.47285
0.64017 0.50047 0.41375
0.59863 0.65305 0.31542
0.56273 0.50860 0.29651
0.44791 0.52197 0.51474
0.56374 0.51274 0.47855
0.56856 0.50562 0.53665
0.46289 0.48212 0.46666
0.47679 0.54716 0.43226
0.47174 0.57071 0.41748
0.55127 0.62230 0.59276
0.59894 0.55201 0.38631
0.42370 0.63894 0.43585
0.51091 0.56305 0.35844
0.43764 0.47354 0.37871
0.46213 0.60010 0.35828
0.58427 0.51988 0.47540
0.50419 0.60187 0.36571
0.61748 0.58215 0.53954
0.53131 0.41962 0.36250
0.42734 0.53348 0.43958
0.55327 0.44638 0.45132
0.57438 0.59284 0.57680
0.42450 0.54493 0.43722
0.43652 0.46236 0.28369
0.46231 0.60186 0.38660
0.39550 0.49783 0.42198
0.46226 0.65241 0.45401
0.53497 0.49875 0.40698
0.40773 0.50537 0.42426
0.39376 0.58418 0.30982
0.42773 0.63476 0.49318
0.45645 0.51485 0.44342
0.50722 0.45074 0.50611
0.59207 0.51750 0.40665
0.45372 0.51473 0.32990
0.59021 0.36729 0.59898
0.46186 0.56878 0.46580
0.53140 0.52333 0.56359
0.59439 0.57082 0.52107
0.43582 0.51757 0.45642
0.45816 0.55219 0.55378
0.48475 0.45611 0.45974
0.38526 0.68198 0.46743
0.49621 0.59138 0.53780
0.47232 0.60499 0.36577
0.49382 0.62071 0.49777
0.56089 0.38461 0.51145
0.52339 0.50518 0.55471
0.52861 0.52456 0.44794
0.55183 0.49140 0.41300
0.52204 0.50774 0.54493
0.65489 0.59238 0.33044
0.45854 0.56879 0.46962
0.49651 0.58840 0.47332
0.59292 0.56590 0.52432
0.37674 0.50383 0.37678
0.32872 0.55628 0.40029
0.41547 0.65458 0.47305
0.55803 0.52721 0.48667
0.34414 0.64572 0.41652
0.50160 0.61720 0.47111
0.48308 0.55577 0.44604
0.58581 0.50904 0.48214
0.49797 0.55289 0.48421
0.60132 0.49019 0.48504
0.40084 0.55083 0.46130
0.61837 0.45831 0.40999
0.44308 0.59379 0.46441
0.39046 0.56857 0.41673
0.54956 0.55777 0.50088
0.45186 0.62283 0.46051
0.39218 0.62844 0.58763
0.55065 0.64519 0.50162
0.45383 0.60371 0.37363
0.57107 0.52588 0.40497
0.42866 0.58535 0.43095
0.39355 0.60746 0.47013
0.59620 0.46754 0.56059
0.51108 0.63321 0.42077
0.53007 0.63294 0.43680
0.51680 0.63061 0.56599
0.47022 0.50042 0.48019
0.56186 0.56559 0.40823
0.49891 0.57695 0.54422
0.52580 0.59029 0.51441
0.44797 0.48647 0.33351
0.50905 0.54247 0.52065
0.64289 0.56499 0.62061
0.50560 0.49683 0.38316
0.43077 0.51619 0.53523
0.58140 0.52961 0.50466
0.50667 0.52343 0.60605
0.50776 0.63626 0.48144
0.52604 0.47930 0.46309
0.53395 0.56213 0.53874
0.62675 0.42984 0.49481
0.44261 0.53953 0.38058
0.54198 0.50200 0.43037
0.47121 0.57705 0.41451
0.40904 0.55825 0.46052
0.59136 0.50708 0.56666
0.49783 0.65433 0.51502
0.45532 0.57375 0.46792
0.63429 0.44845 0.56781
0.56681 0.42703 0.48277
0.56443 0.47382 0.42847
0.51081 0.62053 0.59898
0.48393 0.54226 0.49358
0.60269 0.45740 0.36882
0.61406 0.43753 0.53604
0.40580 0.58290 0.42648
0.62720 0.46955 0.44962
0.59659 0.53842 0.42037
0.57791 0.56065 0.51520
0.68964 0.61688 0.60920
0.43165 0.44662 0.52761
0.45005 0.38687 0.48035
0.50320 0.56650 0.35057
0.49936 0.55439 0.42132
0.63286 0.43571 0.55772
0.52757 0.53877 0.48024
0.42241 0.58306 0.36816
0.56517 0.42562 0.52804
0.56222 0.51406 0.54134
0.42800 0.58533 0.45833
0.48467 0.60059 0.34466
0.42780 0.50250 0.49289
0.40038 0.51714 0.46651
0.41770 0.46450 0.38468
0.61343 0.55092 0.51217
0.52299 0.50328 0.57698
0.36157 0.46911 0.36432
0.61004 0.41195 0.62523
0.47129 0.57586 0.36483
0.52632 0.55061 0.48043
0.58274 0.46371 0.42761
0.54817 0.58124 0.53595
0.48502 0.50821 0.39951
0.54341 0.54325 0.41871
0.54994 0.67702 0.52401
0.51773 0.44178 0.44632
0.35784 0.53582 0.44841
0.57806 0.48395 0.42537
0.64152 0.70612 0.48058
0.50894 0.48070 0.35529
0.61224 0.54127 0.52467
0.44010 0.43688 0.33512
0.58533 0.42066 0.50966
0.55225 0.63666 0.46212
0.38785 0.57677 0.39787
0.55384 0.61501 0.36508
0.53360 0.52503 0.47576
0.52775 0.57804 0.46910
0.56028 0.47589 0.44221
0.43314 0.63065 0.54603
0.61659 0.58742 0.45214
0.49701 0.47516 0.38099
0.60663 0.54183 0.59563
0.43553 0.58090 0.30722
0.44688 0.63852 0.55753
0.47737 0.45073 0.46358
0.53307 0.56946 0.65692
0.61806 0.52390 0.53610
0.58194 0.44614 0.45131
0.63406 0.44042 0.41531
0.55509 0.53926 0.48833
0.48648 0.51536 0.50314
0.48738 0.57215 0.53265
0.45074 0.68205 0.53960
0.55511 0.56346 0.43958
0.43896 0.63044 0.39749
0.49794 0.50652 0.50383
0.41410 0.53681 0.54082
0.48228 0.59078 0.51482
0.52319 0.64151 0.46579
0.64343 0.56726 0.54228
0.55917 0.62727 0.51906
0.49410 0.58297 0.36750
0.55359 0.53832 0.45768
0.57894 0.51304 0.25841
0.57419 0.47905 0.58514
0.53142 0.49555 0.46694
0.42140 0.53695 0.53504
0.43211 0.46526 0.33633
0.43365 0.53108 0.42219
0.44442 0.50450 0.50664
0.58320 0.48461 0.50590
0.50346 0.51840 0.52926
0.51239 0.57411 0.43356
0.52736 0.53925 0.49716
0.46830 0.52247 0.41938
0.42763 0.47051 0.32231
0.52933 0.58387 0.26078
0.61038 0.44588 0.56625
0.43064 0.47560 0.45401
0.56405 0.49074 0.33583
0.43708 0.49799 0.34001
0.46939 0.66688 0.42799
0.49091 0.51752 0.45725
0.47249 0.55487 0.48984
0.59411 0.49010 0.32784
0.36967 0.64454 0.51118
0.55260 0.54942 0.41691
0.56661 0.47807 0.50320
0.49588 0.58356 0.43658
0.48032 0.61546 0.42318
0.31072 0.58176 0.38349
0.50110 0.60114 0.48943
0.58435 0.55862 0.44636
0.59542 0.55789 0.33509
0.69654 0.47395 0.60564
0.40946 0.62937 0.28172
0.53858 0.36751 0.58255
0.47680 0.53369 0.58489
0.57670 0.52686 0.56267
0.48490 0.46093 0.22627
0.52435 0.43840 0.39785
0.44128 0.57166 0.46704
0.66918 0.49117 0.54963
0.42689 0.54283 0.41392
0.47221 0.44331 0.32352
0.42085 0.48859 0.47762
0.62693 0.58174 0.44275
0.58511 0.45663 0.56969
0.47678 0.48638 0.30623
0.39963 0.55423 0.36777
0.56389 0.63244 0.45452
0.55545 0.47382 0.49737
0.51931 0.62993 0.29763
0.40241 0.56836 0.42839
0.44820 0.52312 0.46061
0.61045 0.42012 0.62340
0.59952 0.61034 0.56555
0.48238 0.60803 0.46040
0.45951 0.58452 0.47466
0.47674 0.62956 0.51235
0.58246 0.60795 0.39482
0.49909 0.58187 0.51215
0.51742 0.66968 0.42994
0.37122 0.65820 0.53963
0.45909 0.60617 0.35821
0.52886 0.42791 0.47178
0.28692 0.45135 0.36993
0.48542 0.47461 0.40681
0.40776 0.58642 0.53392
0.52714 0.53878 0.51010
0.55878 0.37105 0.67254
0.57189 0.48633 0.40630
0.42501 0.54554 0.40207
0.51606 0.58372 0.60237
0.49191 0.53879 0.52753
0.42294 0.53925 0.41815
0.44855 0.60258 0.44639
0.55958 0.50374 0.50672
0.31993 0.60993 0.29484
0.45197 0.52701 0.47972
0.34669 0.64473 0.50380
0.46697 0.54734 0.35729
0.59010 0.42632 0.54097
0.53248 0.62708 0.45930
0.53391 0.66238 0.55865
0.51160 0.61582 0.31322
0.47692 0.49584 0.49545
0.45711 0.41085 0.49545
0.62323 0.57373 0.30574
0.54792 0.39885 0.52292
0.42618 0.38895 0.31336
0.44243 0.52802 0.34916
0.51787 0.55599 0.48377
0.67178 0.46492 0.53502
0.49634 0.45817 0.43966
0.54825 0.48351 0.55037
0.55461 0.64846 0.29809
0.51053 0.46366 0.58335
0.59767 0.59829 0.43775
0.50702 0.56046 0.56581
0.75162 0.24265 0.63153
0.44145 0.52771 0.42553
0.38036 0.66424 0.52574
0.47332 0.61229 0.20695
0.45477 0.66124 0.46410
0.55315 0.54547 0.43853
0.41489 0.62850 0.60065
0.47312 0.61898 0.54096
0.50014 0.52554 0.41613
0.41995 0.68530 0.40716
0.51154 0.50494 0.41820
0.52754 0.52964 0.44486
0.52094 0.52024 0.34850
0.46014 0.45283 0.42065
0.69442 0.45917 0.56366
0.43674 0.57389 0.39492
0.38237 0.67695 0.46109
0.52393 0.52981 0.36982
0.47266 0.60610 0.58587
0.48324 0.52305 0.34359
0.44363 0.69482 0.28344
0.52132 0.49416 0.33945
0.63623 0.40928 0.53249
0.55334 0.45101 0.51700
0.53028 0.41963 0.53973
0.54065 0.57625 0.48629
0.57880 0.61511 0.34542
0.47994 0.60016 0.42992
0.55695 0.57839 0.28862
0.36931 0.61355 0.35282
0.48517 0.41161 0.39715
0.51233 0.56767 0.51963
0.49681 0.47488 0.31041
0.62969 0.57208 0.27003
0.42150 0.63961 0.48153
0.44526 0.52188 0.49726
0.56238 0.44000 0.55971
0.60094 0.57230 0.47626
0.47023 0.50820 0.40698
0.36478 0.39719 0.37460
0.44769 0.57181 0.41827
0.42607 0.53042 0.49918
0.49829 0.54213 0.52202
0.46398 0.54812 0.42156
0.54259 0.50054 0.43675
0.62385 0.37323 0.54125
0.48117 0.51988 0.47897
0.40122 0.54312 0.33474
0.58389 0.55080 0.47140
0.39682 0.49518 0.40875
0.47753 0.58576 0.31673
0.56654 0.53276 0.41920
0.52702 0.56037 0.63156
0.53565 0.52016 0.45852
0.58345 0.55567 0.46886
0.54309 0.52678 0.52361
0.54405 0.47788 0.51739
0.56687 0.61590 0.51112
0.49882 0.61820 0.33970
0.50283 0.55571 0.57482
0.56180 0.59842 0.44450
0.50339 0.58352 0.45171
0.49008 0.64832 0.35595
0.64253 0.50045 0.44220
0.44524 0.54868 0.45864
0.42238 0.35449 0.33403
0.61220 0.34160 0.66045
0.43527 0.49869 0.38895
0.50573 0.57324 0.50786
0.57315 0.56280 0.55248
0.55086 0.63400 0.53068
0.58342 0.45056 0.48460
0.62294 0.48660 0.46643
0.46191 0.43754 0.49139
0.51800 0.44969 0.51020
0.56763 0.50242 0.51095
0.48553 0.64625 0.48645
0.53249 0.57384 0.42161
0.58559 0.48951 0.59141
0.33878 0.56426 0.31986
0.45136 0.55589 0.51886
0.58689 0.59427 0.29853
0.52879 0.47031 0.50084
0.49594 0.50992 0.36891
0.49995 0.59412 0.57037
0.55730 0.42921 0.64476
0.32069 0.50384 0.31033
0.47286 0.56803 0.31174
0.48537 0.54264 0.36872
0.40750 0.53448 0.37992
0.55409 0.54536 0.52981
0.52554 0.45721 0.40931
0.49182 0.59895 0.40856
0.56326 0.63518 0.35231
0.44258 0.67034 0.50051
0.51079 0.50112 0.44861
0.43661 0.49674 0.35967
0.46875 0.54895 0.41776
0.40405 0.54017 0.49195
0.56956 0.44255 0.58323
0.32305 0.50272 0.44257
0.51941 0.51546 0.56076
0.53389 0.65103 0.54199
0.50295 0.42443 0.43683
0.46045 0.58717 0.36992
0.54190 0.61069 0.70778
0.41546 0.51297 0.40455
0.50055 0.55997 0.45290
0.52545 0.46734 0.54810
0.54364 0.57300 0.58481
0.53650 0.52050 0.47355
0.40535 0.60260 0.53198
0.48986 0.59531 0.40717
0.40635 0.50399 0.41941
0.50111 0.53994 0.53162
0.54951 0.57631 0.41490
0.62545 0.62986 0.54717
0.51528 0.49254 0.57190
0.53821 0.56495 0.54304
0.46889 0.54062 0.39641
0.53609 0.62283 0.54615
0.57465 0.49844 0.41264
0.50899 0.58166 0.49557
0.54419 0.38235 0.40490
0.42068 0.57398 0.33689
0.45476 0.43610 0.34075
0.52493 0.46899 0.65156
0.66059 0.58472 0.47763
0.51951 0.56125 0.51188
0.62126 0.53922 0.48053
0.49824 0.60479 0.43944
0.49808 0.50290 0.55605
0.44519 0.59193 0.45099
0.49433 0.56995 0.34746
0.43462 0.50588 0.44040
0.46455 0.58765 0.46402
0.58816 0.43838 0.60891
0.42788 0.54101 0.36191
0.58954 0.48890 0.47880
0.51773 0.58920 0.36196
0.51031 0.50661 0.52498
0.46260 0.55430 0.42129
0.42216 0.63375 0.59703
0.51708 0.57175 0.58252
0.50284 0.51880 0.45744
0.46802 0.55752 0.35067
0.42056 0.50541 0.43531
0.52285 0.45646 0.48611
0.36918 0.49732 0.38880
0.51346 0.64175 0.45813
0.43857 0.55459 0.48501
0.56750 0.48349 0.43251
0.54930 0.58120 0.54413
0.44537 0.51101 0.40937
0.52623 0.59718 0.54287
0.55397 0.51514 0.46053
0.51693 0.49684 0.48041
0.62569 0.43171 0.49969
0.52115 0.44635 0.44664
0.57220 0.53328 0.40209
0.45787 0.53431 0.29603
0.52951 0.44962 0.54923
0.46355 0.44767 0.39573
0.56204 0.45006 0.45511
0.55033 0.56504 0.59793
0.59281 0.55438 0.66115
0.53376 0.50747 0.47579
0.51034 0.49268 0.35302
0.50977 0.53050 0.25728
0.41529 0.53303 0.39929
0.54796 0.58219 0.39934
0.54226 0.49522 0.35282
0.46471 0.55503 0.57042
