20 7 1000 5320 17
0.75624 0.38758 0.32246
0.61972 0.11645 0.55483
0.36991 0.27414 0.60213
0.64411 0.05869 0.09283
0.16786 0.94520 0.83355
0.01505 0.33905 0.09187
0.25763 0.05625 0.81918
0.44655 0.27703 0.52088
0.51630 0.24692 0.28920
0.39032 0.48536 0.61898
0.29159 0.22258 0.58524
0.36170 0.48191 0.60747
0.36230 0.45716 0.43648
0.49010 0.23560 0.50437
0.55071 0.27816 0.44894
0.46247 0.21088 0.49362
0.53499 0.25365 0.34796
0.37813 0.37364 0.57969
0.35751 0.29589 0.66977
0.31403 0.12490 0.70927
0.40302 0.44817 0.60373
0.46729 0.20857 0.44612
0.41624 0.39727 0.49940
0.29609 0.42413 0.39853
0.22330 0.27662 0.25246
0.49885 0.29349 0.54511
0.34657 0.46408 0.59706
0.29952 0.40507 0.58034
0.45288 0.35158 0.58503
0.45825 0.22331 0.50250
0.42769 0.27924 0.24844
0.39949 0.42094 0.54323
0.27960 0.52428 0.61189
0.41564 0.38400 0.53801
0.44675 0.39364 0.51434
0.40754 0.40050 0.58843
0.32161 0.31817 0.42254
0.37087 0.38896 0.45563
0.57465 0.22497 0.50885
0.29336 0.62953 0.63353
0.52839 0.37795 0.51999
0.33075 0.23554 0.42978
0.24710 0.39154 0.58784
0.22129 0.35089 0.49229
0.30860 0.41823 0.67755
0.41626 0.29274 0.33838
0.38789 0.22882 0.54528
0.34446 0.36961 0.41097
0.32262 0.49844 0.58617
0.39726 0.23957 0.42652
0.44670 0.43551 0.56606
0.45045 0.23868 0.38195
0.42964 0.27494 0.50614
0.40436 0.41808 0.46364
0.43323 0.15338 0.46372
0.45746 0.37745 0.51325
0.20270 0.29708 0.33071
0.41464 0.18954 0.61063
0.49947 0.25742 0.45244
0.43727 0.24293 0.52821
0.54891 0.33443 0.41999
0.33847 0.34843 0.50715
0.56187 0.33011 0.45715
0.33481 0.28111 0.54636
0.24453 0.28981 0.35071
0.43855 0.20854 0.55691
0.50658 0.36367 0.42976
0.52010 0.25814 0.42288
0.40993 0.44117 0.40896
0.25930 0.20705 0.36128
0.42445 0.31721 0.47554
0.39004 0.19950 0.49028
0.49892 0.22325 0.47872
0.28594 0.52517 0.72158
0.30135 0.12186 0.68865
0.38169 0.22077 0.49872
0.33482 0.44066 0.48842
0.39626 0.25451 0.63528
0.46034 0.23470 0.45874
0.46639 0.21979 0.49932
0.41206 0.20835 0.60382
0.55169 0.21479 0.39483
0.48812 0.23900 0.41748
0.34906 0.26319 0.62800
0.40630 0.24997 0.54784
0.34693 0.25868 0.52961
0.25588 0.52484 0.59453
0.53228 0.12501 0.38739
0.39717 0.47565 0.48832
0.33571 0.24613 0.47001
0.37162 0.25918 0.27714
0.49576 0.23579 0.57616
0.42864 0.23273 0.52432
0.40275 0.35629 0.53268
0.29349 0.24466 0.43693
0.52372 0.29380 0.39890
0.38811 0.47734 0.51024
0.38107 0.37572 0.46802
0.48062 0.32016 0.54083
0.48862 0.30999 0.44955
0.39158 0.33573 0.50136
0.30874 0.32422 0.30516
0.52223 0.10763 0.33687
0.36636 0.34748 0.59652
0.42266 0.26688 0.38944
0.43272 0.19844 0.30340
0.50857 0.19586 0.41724
0.29664 0.31518 0.33845
0.23845 0.31065 0.57827
0.50000 0.30435 0.28426
0.52450 0.17896 0.53188
0.41088 0.31105 0.34898
0.50800 0.26679 0.51130
0.32156 0.38229 0.59807
0.45827 0.25586 0.35157
0.60994 0.28517 0.34912
0.42841 0.40216 0.46166
0.40826 0.33181 0.57663
0.53692 0.36053 0.43861
0.51006 0.38988 0.49828
0.54307 0.25467 0.30951
0.44952 0.29304 0.42600
0.48917 0.25768 0.50719
0.34250 0.38038 0.42941
0.53818 0.34148 0.34238
0.39178 0.34243 0.38659
0.54866 0.33661 0.32391
0.43288 0.18711 0.50246
0.37406 0.34813 0.40013
0.38379 0.15691 0.51587
0.43186 0.38298 0.50508
0.37161 0.26298 0.63723
0.35740 0.28884 0.59936
0.46289 0.27561 0.42800
0.37718 0.29113 0.60468
0.39296 0.52627 0.57024
0.45181 0.24534 0.29341
0.51590 0.26574 0.52678
0.43853 0.22455 0.39325
0.37394 0.29717 0.37751
0.38185 0.29520 0.41313
0.43224 0.28641 0.55436
0.36121 0.32637 0.47970
0.43953 0.38573 0.46471
0.33156 0.17553 0.60236
0.52165 0.34744 0.45627
0.20238 0.53865 0.64047
0.20689 0.26689 0.15707
0.29316 0.29058 0.36650
0.37035 0.24668 0.57886
0.30622 0.43250 0.69974
0.41708 0.33350 0.51374
0.41462 0.36466 0.54542
0.46636 0.23436 0.41634
0.40074 0.42411 0.57555
0.52629 0.27568 0.50443
0.30033 0.44410 0.51710
0.32750 0.21836 0.44771
0.40048 0.48924 0.53767
0.53618 0.26987 0.43312
0.34261 0.49789 0.58080
0.44221 0.20523 0.54650
0.46785 0.20545 0.39452
0.28772 0.18774 0.67361
0.47755 0.24633 0.32150
0.31260 0.21643 0.61023
0.35206 0.43873 0.57874
0.56285 0.09329 0.24651
0.17352 0.25468 0.33277
0.30871 0.16397 0.54096
0.43866 0.31092 0.47675
0.36952 0.20378 0.49085
0.40215 0.28375 0.38835
0.27022 0.40801 0.50762
0.29535 0.18879 0.52713
0.39219 0.22380 0.45076
0.36446 0.26923 0.35506
0.61695 0.20826 0.22448
0.35369 0.29719 0.59550
0.26758 0.44901 0.63755
0.51038 0.19680 0.49324
0.42126 0.16025 0.55167
0.35104 0.20947 0.30830
0.38519 0.28973 0.50970
0.48637 0.34356 0.44657
0.44114 0.19360 0.40288
0.27784 0.43426 0.46371
0.34608 0.22638 0.62380
0.30408 0.43670 0.51434
0.34654 0.44560 0.64867
0.62030 0.21212 0.45459
0.44956 0.29450 0.51638
0.35606 0.25655 0.48780
0.43195 0.30153 0.51428
0.38919 0.21186 0.62832
0.46585 0.33727 0.54094
0.40629 0.23478 0.38853
0.25788 0.60782 0.55690
0.40995 0.25493 0.54501
0.28143 0.43402 0.39581
0.39246 0.38183 0.46408
0.41045 0.28183 0.48881
0.46203 0.18959 0.40843
0.30233 0.34551 0.59804
0.35263 0.25043 0.49684
0.38294 0.41586 0.56204
0.38959 0.21250 0.32801
0.49290 0.21844 0.52535
0.33031 0.46496 0.65356
0.47738 0.26440 0.45404
0.38438 0.48729 0.61599
0.37521 0.37211 0.42975
0.37264 0.31639 0.41888
0.40070 0.18415 0.54995
0.26009 0.24033 0.67345
0.35787 0.24287 0.57790
0.34180 0.35696 0.49238
0.51952 0.17429 0.44367
0.51191 0.27600 0.32787
0.38189 0.27824 0.51275
0.38738 0.19949 0.57428
0.50055 0.21696 0.42380
0.39166 0.43588 0.57259
0.28554 0.17172 0.63303
0.54300 0.17322 0.46930
0.28896 0.18645 0.53814
0.42987 0.22483 0.39128
0.52993 0.13538 0.44342
0.59807 0.28885 0.44124
0.37797 0.25381 0.49154
0.46679 0.29660 0.42911
0.26829 0.31662 0.56190
0.27850 0.24694 0.27925
0.47485 0.25183 0.35022
0.36243 0.32528 0.49850
0.44071 0.21104 0.51088
0.42327 0.25622 0.51833
0.38646 0.15955 0.47413
0.55057 0.20145 0.32649
0.42959 0.24119 0.37783
0.40331 0.55665 0.51372
0.26992 0.29977 0.40085
0.52198 0.30323 0.49155
0.50262 0.26835 0.35214
0.23222 0.73440 0.75647
0.33069 0.30379 0.70046
0.35318 0.23362 0.53373
0.40416 0.15739 0.37739
0.19440 0.44928 0.42027
0.56680 0.28461 0.46147
0.48424 0.27927 0.35019
0.34862 0.16821 0.62206
0.49545 0.22729 0.46989
0.32815 0.58441 0.67319
0.36071 0.25556 0.47217
0.31130 0.28270 0.31669
0.44688 0.38277 0.54955
0.55531 0.17745 0.49847
0.23923 0.58686 0.68427
0.44551 0.20540 0.46239
0.45450 0.24879 0.50090
0.34318 0.21785 0.27219
0.26019 0.20034 0.43997
0.23004 0.25434 0.56508
0.39244 0.41384 0.51696
0.53246 0.23302 0.42998
0.33479 0.46621 0.51358
0.25908 0.54110 0.50150
0.30338 0.34978 0.45396
0.39992 0.29701 0.46790
0.44380 0.14815 0.29340
0.46610 0.29263 0.39729
0.40557 0.20743 0.48025
0.31193 0.43330 0.41050
0.52408 0.24487 0.41432
0.44193 0.16955 0.56475
0.41373 0.41041 0.45310
0.39300 0.14380 0.65121
0.26908 0.31938 0.22969
0.43786 0.34512 0.53892
0.55966 0.15961 0.39020
0.24967 0.24682 0.39193
0.38052 0.38507 0.48538
0.33945 0.24355 0.41106
0.33628 0.28687 0.33935
0.49225 0.43359 0.52110
0.35197 0.39783 0.60164
0.39731 0.12774 0.57264
0.42148 0.28919 0.36738
0.40789 0.37004 0.41791
0.49839 0.18418 0.49486
0.29787 0.30934 0.48323
0.45980 0.33067 0.30920
0.41470 0.37127 0.55363
0.43456 0.30564 0.53540
0.49930 0.18859 0.33589
0.41450 0.22950 0.32014
0.37997 0.29557 0.32319
0.52614 0.14398 0.22780
0.48590 0.20572 0.44856
0.47927 0.28274 0.40423
0.24680 0.34840 0.65425
0.47273 0.41340 0.48978
0.51182 0.30334 0.39006
0.34966 0.25527 0.41443
0.52965 0.32297 0.41735
0.36505 0.51996 0.62109
0.45293 0.20204 0.41404
0.48572 0.33685 0.37506
0.46203 0.20266 0.55453
0.46516 0.34402 0.49195
0.50608 0.22863 0.48935
0.33496 0.24233 0.46154
0.41073 0.43017 0.63314
0.49613 0.32900 0.48090
0.44279 0.38239 0.43763
0.34305 0.21442 0.42884
0.36490 0.24547 0.61351
0.48339 0.31448 0.40642
0.55586 0.20678 0.51353
0.38041 0.31430 0.59733
0.48347 0.15493 0.50088
0.32008 0.22640 0.61215
0.35509 0.24863 0.42398
0.34556 0.32703 0.53166
0.37205 0.26076 0.39295
0.33638 0.44274 0.49180
0.37746 0.30476 0.52243
0.42101 0.31360 0.56286
0.59493 0.34640 0.44162
0.21122 0.36810 0.34928
0.36658 0.39082 0.68354
0.61705 0.30364 0.38534
0.41660 0.34001 0.56011
0.43321 0.27299 0.42402
0.46146 0.17094 0.45269
0.32464 0.36369 0.34352
0.57783 0.35096 0.49571
0.31576 0.43633 0.52965
0.48853 0.24559 0.56141
0.33890 0.30334 0.45337
0.39257 0.24752 0.52462
0.41729 0.48905 0.58071
0.43140 0.27218 0.48084
0.40448 0.30845 0.30894
0.39694 0.26757 0.47205
0.24646 0.29224 0.28776
0.33213 0.19193 0.54593
0.43902 0.23047 0.39438
0.39259 0.12863 0.51251
0.29476 0.73693 0.71684
0.33999 0.35165 0.44382
0.35457 0.43435 0.50770
0.27669 0.35984 0.52824
0.56786 0.19041 0.43092
0.39874 0.21260 0.53232
0.45481 0.22696 0.52377
0.47673 0.37889 0.48669
0.43282 0.35345 0.55163
0.43446 0.33990 0.48880
0.18620 0.35717 0.29284
0.31542 0.41424 0.48017
0.51679 0.25370 0.39024
0.41163 0.21660 0.47911
0.42840 0.17861 0.53017
0.43864 0.19038 0.28148
0.32807 0.17772 0.51462
0.45935 0.37729 0.46483
0.33785 0.54603 0.61342
0.51553 0.16015 0.25726
0.49929 0.22978 0.39829
0.32839 0.24195 0.37731
0.31360 0.28317 0.52707
0.45173 0.31944 0.31088
0.26698 0.30127 0.26452
0.40439 0.19604 0.43965
0.37479 0.51316 0.63048
0.33078 0.29677 0.41215
0.34808 0.35951 0.45743
0.36229 0.27081 0.56761
0.42850 0.35634 0.30286
0.40643 0.16099 0.51117
0.32938 0.30499 0.51094
0.32208 0.39676 0.52095
0.34330 0.33449 0.37215
0.34838 0.15989 0.62493
0.50184 0.18178 0.36334
0.29218 0.51645 0.56949
0.53940 0.37823 0.48342
0.27943 0.30239 0.49084
0.33596 0.25956 0.47886
0.55193 0.28257 0.46297
0.49417 0.20415 0.38014
0.33771 0.50044 0.61943
0.42270 0.43900 0.53525
0.46954 0.35487 0.48919
0.24544 0.45043 0.43043
0.34432 0.32727 0.66940
0.53682 0.45118 0.43227
0.41532 0.22383 0.40269
0.44999 0.29100 0.44486
0.32184 0.36261 0.66360
0.54396 0.35131 0.51088
0.41632 0.29364 0.44153
0.35861 0.30904 0.31383
0.30521 0.38233 0.61912
0.32579 0.61134 0.61230
0.52656 0.32936 0.48083
0.43115 0.24328 0.48962
0.53735 0.18583 0.30546
0.44261 0.28601 0.50592
0.41459 0.29532 0.53145
0.57165 0.36501 0.48356
0.31092 0.50087 0.44797
0.33683 0.44977 0.69335
0.44537 0.24563 0.47035
0.43409 0.24370 0.27785
0.35518 0.54066 0.60853
0.30770 0.28236 0.38550
0.48083 0.21154 0.37500
0.57048 0.30188 0.47821
0.47066 0.24887 0.47574
0.53582 0.20596 0.37828
0.29175 0.52529 0.73636
0.28949 0.23607 0.72885
0.32659 0.25491 0.42577
0.40955 0.30020 0.42357
0.45559 0.34067 0.55367
0.48704 0.21191 0.44129
0.52111 0.27023 0.45197
0.38498 0.47567 0.45608
0.33755 0.49525 0.68228
0.44641 0.34432 0.54132
0.53348 0.23323 0.36516
0.46456 0.23256 0.52445
0.46484 0.42063 0.46963
0.45692 0.48213 0.47852
0.40864 0.36340 0.61583
0.52969 0.19035 0.45699
0.41583 0.20029 0.56232
0.21072 0.54267 0.50253
0.31981 0.45231 0.40543
0.30312 0.17949 0.71443
0.44474 0.32281 0.54436
0.33587 0.30892 0.63436
0.48409 0.20799 0.45654
0.45059 0.21978 0.50604
0.38058 0.18706 0.40131
0.40317 0.22032 0.50249
0.29047 0.31133 0.46147
0.59937 0.35874 0.31452
0.36585 0.35510 0.42767
0.32797 0.38947 0.52826
0.25536 0.36346 0.58046
0.44390 0.19691 0.36138
0.42084 0.33444 0.49739
0.27118 0.40062 0.44439
0.25095 0.27463 0.33427
0.48016 0.20563 0.41324
0.31385 0.23148 0.37338
0.41345 0.33620 0.39207
0.25859 0.33928 0.32911
0.33850 0.30819 0.31696
0.48797 0.17602 0.33991
0.45643 0.35364 0.56663
0.40609 0.27601 0.46352
0.41881 0.26131 0.46021
0.39172 0.20491 0.36859
0.48644 0.53044 0.53231
0.20648 0.40062 0.30829
0.46400 0.28539 0.50008
0.30081 0.40391 0.49085
0.44153 0.29316 0.43589
0.36882 0.15426 0.64570
0.42481 0.23155 0.43800
0.54250 0.17679 0.34140
0.36154 0.17582 0.31486
0.50178 0.15406 0.36814
0.28773 0.56453 0.50402
0.30717 0.37419 0.74808
0.41620 0.22334 0.34150
0.48712 0.28291 0.36767
0.37580 0.48452 0.58070
0.39723 0.14345 0.57305
0.50742 0.24491 0.42195
0.43838 0.30121 0.48118
0.41346 0.26783 0.31093
0.52876 0.32415 0.39299
0.33258 0.20130 0.60786
0.42323 0.22844 0.37487
0.30577 0.32343 0.59899
0.41697 0.29009 0.60580
0.41728 0.26512 0.36203
0.42749 0.22363 0.49278
0.20047 0.32839 0.47764
0.49012 0.26616 0.50588
0.49855 0.21247 0.43974
0.38453 0.32531 0.46352
0.46303 0.20150 0.58618
0.32338 0.32289 0.59205
0.44566 0.20185 0.48445
0.35792 0.43211 0.55708
0.41945 0.31492 0.60075
0.33309 0.52869 0.60009
0.44784 0.25087 0.36411
0.28509 0.16396 0.56581
0.31863 0.22288 0.47350
0.36056 0.29319 0.41179
0.37756 0.27677 0.41639
0.26851 0.24366 0.32781
0.46570 0.16950 0.42839
0.26717 0.37613 0.38722
0.47595 0.17323 0.38140
0.32117 0.59326 0.66545
0.45328 0.35540 0.54873
0.43832 0.25956 0.47616
0.30585 0.44475 0.61822
0.36017 0.29820 0.53853
0.29481 0.30472 0.48174
0.36769 0.32102 0.49354
0.24662 0.21611 0.58576
0.51644 0.31727 0.50170
0.32377 0.67948 0.62048
0.41879 0.30880 0.63117
0.23653 0.25850 0.28627
0.26706 0.66670 0.73973
0.39939 0.47161 0.55895
0.42771 0.16470 0.41651
0.30404 0.19333 0.69808
0.43237 0.30971 0.55214
0.24167 0.32687 0.26096
0.42108 0.39626 0.41179
0.28433 0.27416 0.35804
0.47323 0.26165 0.59987
0.48353 0.17561 0.43777
0.35048 0.39041 0.59585
0.52899 0.36433 0.38158
0.39101 0.29751 0.43515
0.51030 0.24030 0.44183
0.37374 0.40365 0.55658
0.32264 0.25306 0.49112
0.28827 0.24365 0.46455
0.52661 0.30033 0.37838
0.52668 0.23822 0.44986
0.35477 0.44157 0.58824
0.37728 0.19091 0.47238
0.31922 0.27750 0.40065
0.25339 0.45535 0.58179
0.36169 0.30264 0.50482
0.50691 0.33096 0.48352
0.37818 0.23878 0.51152
0.57065 0.12247 0.28345
0.47050 0.21269 0.50590
0.40013 0.33335 0.39073
0.51699 0.26352 0.50619
0.35193 0.38994 0.63778
0.38690 0.29663 0.55527
0.41386 0.39995 0.47059
0.59269 0.28481 0.40432
0.26775 0.41613 0.63546
0.41617 0.22139 0.28821
0.57518 0.28980 0.36858
0.42487 0.28903 0.48166
0.29885 0.37243 0.52455
0.48096 0.26706 0.44679
0.35888 0.24442 0.46887
0.55911 0.13821 0.44355
0.41090 0.37134 0.58634
0.41841 0.31339 0.34644
0.38573 0.21227 0.55507
0.49788 0.27906 0.37380
0.48477 0.34179 0.51842
0.48089 0.30062 0.47321
0.49344 0.28618 0.39984
0.49822 0.25775 0.51679
0.45584 0.31810 0.49729
0.46018 0.25383 0.45239
0.44424 0.32386 0.45027
0.53987 0.14515 0.47442
0.34948 0.26378 0.54915
0.52392 0.30284 0.48130
0.33997 0.27940 0.30354
0.53535 0.24967 0.49422
0.42836 0.20432 0.51967
0.33615 0.34789 0.39894
0.33874 0.27818 0.36059
0.36586 0.19785 0.43991
0.40796 0.39047 0.51013
0.40508 0.22480 0.37473
0.41658 0.22981 0.53751
0.48443 0.23022 0.33110
0.23978 0.67012 0.63993
0.54172 0.44763 0.48320
0.64234 0.36179 0.36609
0.41300 0.32655 0.55650
0.49377 0.27230 0.39340
0.35389 0.33767 0.59532
0.43384 0.31212 0.36618
0.39125 0.35832 0.52173
0.36936 0.31426 0.45808
0.39608 0.26923 0.50781
0.31660 0.20275 0.53239
0.33484 0.29736 0.54975
0.47651 0.21831 0.52296
0.48301 0.20565 0.29869
0.47074 0.20203 0.51363
0.51957 0.38441 0.47224
0.41649 0.26080 0.46519
0.43287 0.29825 0.28771
0.42034 0.15741 0.47247
0.30410 0.33166 0.48631
0.43670 0.31308 0.40607
0.43297 0.20840 0.33106
0.55722 0.25686 0.44446
0.59850 0.21041 0.32826
0.28706 0.33260 0.33913
0.27246 0.30323 0.23662
0.44255 0.36636 0.53686
0.30655 0.39891 0.39432
0.33069 0.34344 0.49419
0.28513 0.33466 0.53987
0.37220 0.33118 0.50782
0.52537 0.25063 0.47335
0.23538 0.29013 0.26050
0.39919 0.27849 0.35304
0.37344 0.40892 0.50369
0.52637 0.20021 0.52854
0.39291 0.32609 0.57069
0.40185 0.26785 0.57291
0.37804 0.29176 0.48057
0.41811 0.27130 0.47347
0.38915 0.31839 0.47148
0.47399 0.19250 0.50761
0.30855 0.50582 0.70773
0.44402 0.20969 0.47573
0.38775 0.39839 0.61306
0.47215 0.34707 0.57333
0.45023 0.21048 0.41715
0.40846 0.51083 0.61585
0.52232 0.33344 0.50368
0.42567 0.29525 0.41977
0.46091 0.23029 0.31880
0.52481 0.21645 0.35216
0.50822 0.23403 0.40014
0.52197 0.21331 0.36627
0.41847 0.22467 0.60696
0.43922 0.21783 0.54291
0.30313 0.27788 0.37046
0.39973 0.21128 0.51469
0.34690 0.30808 0.44797
0.27876 0.24919 0.20957
0.48637 0.20807 0.34543
0.39905 0.44116 0.50629
0.44092 0.18689 0.47820
0.41345 0.21900 0.50469
0.37675 0.29858 0.57403
0.43303 0.35512 0.44631
0.42776 0.27825 0.33908
0.33528 0.22567 0.25240
0.24245 0.23600 0.44978
0.47626 0.27699 0.42506
0.47170 0.45370 0.53373
0.35964 0.21400 0.56779
0.28019 0.31496 0.26519
0.57046 0.21967 0.37367
0.31654 0.21487 0.56565
0.26618 0.36941 0.60262
0.55165 0.24693 0.41322
0.39927 0.24371 0.45383
0.42593 0.38999 0.34235
0.48005 0.35942 0.53779
0.56142 0.31180 0.39003
0.28644 0.21653 0.35978
0.41149 0.18840 0.50450
0.48915 0.28871 0.47809
0.46916 0.19441 0.46118
0.42977 0.27325 0.53811
0.35287 0.28794 0.28781
0.31213 0.29258 0.41366
0.26822 0.45298 0.43936
0.46025 0.19873 0.37861
0.24215 0.55224 0.66236
0.36474 0.52659 0.64902
0.39291 0.23273 0.58450
0.39136 0.39906 0.54542
0.34859 0.55453 0.60565
0.37708 0.26862 0.40905
0.34120 0.33557 0.58154
0.34915 0.39705 0.41939
0.38222 0.21159 0.57834
0.43844 0.24729 0.52749
0.43364 0.34241 0.55184
0.44964 0.22230 0.40062
0.33154 0.23419 0.64623
0.36793 0.45113 0.62597
0.34175 0.29522 0.44028
0.55127 0.35187 0.46628
0.31474 0.51895 0.49729
0.29702 0.22005 0.34090
0.54361 0.21666 0.38354
0.49587 0.24838 0.28802
0.34315 0.39552 0.41886
0.42457 0.16802 0.51789
0.35443 0.32714 0.26024
0.39315 0.16301 0.55815
0.43155 0.16899 0.49253
0.44727 0.32972 0.50481
0.44005 0.34114 0.40352
0.42355 0.32747 0.51948
0.56672 0.25405 0.44445
0.32937 0.37390 0.52327
0.22239 0.29821 0.31846
0.30629 0.57087 0.66846
0.26929 0.16885 0.61487
0.50996 0.32861 0.39495
0.46233 0.44798 0.55065
0.42268 0.41005 0.41213
0.52690 0.30060 0.52195
0.33567 0.23360 0.52909
0.54896 0.19665 0.56205
0.42219 0.21176 0.52312
0.41860 0.41932 0.53928
0.43412 0.33666 0.41752
0.37525 0.28635 0.39147
0.42442 0.29106 0.58534
0.27968 0.34222 0.56277
0.47656 0.31092 0.41279
0.38378 0.38965 0.39235
0.45256 0.22170 0.39751
0.33987 0.38428 0.52110
0.46983 0.38685 0.42588
0.42836 0.44072 0.57677
0.34810 0.58954 0.62894
0.29254 0.55457 0.57618
0.36945 0.14142 0.68573
0.42595 0.23928 0.45918
0.44114 0.28917 0.47504
0.56379 0.37653 0.37007
0.32380 0.22379 0.37540
0.42312 0.24457 0.40837
0.38588 0.31572 0.54394
0.43491 0.29616 0.53791
0.39384 0.20246 0.54323
0.50938 0.17710 0.52217
0.38232 0.30858 0.58910
0.53965 0.46035 0.46942
0.41271 0.41617 0.50505
0.44144 0.19962 0.50515
0.34700 0.42436 0.58561
0.53098 0.24055 0.46243
0.38723 0.35996 0.48293
0.53131 0.25208 0.40032
0.59548 0.23507 0.45315
0.51172 0.27472 0.51126
0.27854 0.25865 0.46283
0.46881 0.25597 0.47288
0.22967 0.26139 0.27480
0.38013 0.16681 0.52663
0.25685 0.51486 0.57561
0.55374 0.22438 0.47585
0.47023 0.26152 0.53978
0.23284 0.40908 0.40513
0.40269 0.20953 0.36205
0.31784 0.26911 0.46598
0.33710 0.30185 0.58390
0.41331 0.39823 0.52884
0.47437 0.39733 0.47642
0.50221 0.29072 0.54089
0.14513 0.35867 0.37838
0.56198 0.40370 0.49199
0.48633 0.18183 0.45408
0.35965 0.22586 0.50493
0.52154 0.41722 0.47333
0.36810 0.32768 0.54405
0.34973 0.29340 0.36638
0.37685 0.37406 0.54645
0.34374 0.20937 0.34148
0.39795 0.39594 0.59784
0.45997 0.40244 0.37348
0.42806 0.24255 0.48902
0.38989 0.33188 0.55946
0.45189 0.23194 0.55178
0.31328 0.41427 0.51621
0.34043 0.43562 0.57334
0.37657 0.22640 0.41099
0.41081 0.33774 0.55100
0.39048 0.30997 0.45852
0.44120 0.28158 0.48930
0.26410 0.36490 0.41706
0.29628 0.57579 0.63747
0.46723 0.25102 0.41557
0.47065 0.33563 0.58797
0.33210 0.32738 0.72031
0.42743 0.26443 0.43105
0.48030 0.18511 0.24376
0.38500 0.17800 0.47544
0.40773 0.31060 0.39589
0.39034 0.29889 0.39486
0.46972 0.20901 0.47761
0.48023 0.19715 0.51740
0.29140 0.33573 0.58005
0.49413 0.33207 0.42738
0.53375 0.29569 0.41537
0.46469 0.21440 0.51998
0.44458 0.34343 0.49080
0.40911 0.17632 0.59501
0.36995 0.38780 0.58362
0.32319 0.48149 0.62882
0.40213 0.42622 0.48688
0.47147 0.34425 0.45105
0.39398 0.36293 0.37186
0.37776 0.28031 0.54650
0.35189 0.41453 0.53570
0.49361 0.29114 0.50104
0.28518 0.36534 0.35969
0.24489 0.44447 0.40525
0.32735 0.36645 0.55855
0.37152 0.24367 0.45003
0.58705 0.19686 0.28940
0.54417 0.33072 0.39436
0.42394 0.30747 0.49277
0.44678 0.35731 0.50319
0.28592 0.57847 0.66792
0.40209 0.35766 0.26750
0.48500 0.26870 0.43606
0.49752 0.28765 0.40169
0.41434 0.39881 0.49492
0.44394 0.24706 0.52919
0.26420 0.28426 0.51656
0.47766 0.41166 0.52205
0.49784 0.30194 0.45693
0.52472 0.14669 0.29223
0.49340 0.25041 0.43818
0.38417 0.46251 0.49709
0.33501 0.15714 0.68007
0.43115 0.30057 0.45426
0.47133 0.26058 0.48642
0.58706 0.30524 0.43820
0.31139 0.42373 0.58975
0.26079 0.46493 0.42455
0.47601 0.30414 0.47946
0.26665 0.40385 0.56931
0.27916 0.36634 0.31086
0.48866 0.19166 0.28365
0.43120 0.25752 0.46535
0.47157 0.23920 0.49145
0.43320 0.19634 0.57276
0.28593 0.28279 0.43504
0.60293 0.24005 0.40415
0.25943 0.39273 0.45270
0.52610 0.35133 0.42169
0.39751 0.32866 0.50501
0.41415 0.34900 0.59509
0.25704 0.51146 0.66856
0.34179 0.48824 0.53326
0.33752 0.23009 0.29103
0.29527 0.35602 0.35993
0.38837 0.33477 0.62758
0.16827 0.28521 0.37243
0.31722 0.37377 0.47768
0.25103 0.31225 0.29291
0.45295 0.20218 0.19478
0.42055 0.37998 0.57327
0.41254 0.21512 0.30102
0.27312 0.33464 0.51073
0.53820 0.28767 0.39028
0.43908 0.40298 0.57298
0.48075 0.21729 0.48614
0.44202 0.20562 0.52780
0.42887 0.26471 0.41378
0.40336 0.42463 0.47827
0.38378 0.39206 0.60269
0.39750 0.21497 0.43484
0.40335 0.36272 0.44250
0.22542 0.32706 0.39402
0.45740 0.33995 0.45127
0.49723 0.15890 0.56531
0.44934 0.25943 0.36027
0.53272 0.20393 0.52100
0.26011 0.44076 0.51509
0.42426 0.29122 0.59398
0.31652 0.52268 0.58969
0.31390 0.47002 0.46785
0.33405 0.30421 0.67733
0.37562 0.31314 0.49944
0.40627 0.20374 0.50128
0.27779 0.32197 0.66223
0.23854 0.50686 0.52558
0.33580 0.49938 0.57142
0.37511 0.32654 0.41413
0.31059 0.34167 0.32515
0.36589 0.21004 0.59682
0.45014 0.45740 0.46525
0.37582 0.38563 0.55114
0.38847 0.40341 0.61668
0.48441 0.26514 0.40116
0.33993 0.31344 0.59745
0.39547 0.46920 0.62889
0.36062 0.28002 0.37382
0.31784 0.22289 0.58097
0.47808 0.26236 0.56383
0.39291 0.15225 0.56482
0.35927 0.24874 0.48350
0.36266 0.27238 0.53973
0.40729 0.36623 0.56253
0.23990 0.51378 0.64632
0.63121 0.30920 0.38556
0.39223 0.19532 0.53777
0.33137 0.40488 0.49279
0.40067 0.25594 0.35905
0.34379 0.52495 0.52777
0.45774 0.18355 0.59011
0.35225 0.26968 0.46705
0.44724 0.34831 0.46945
0.35962 0.23030 0.64986
0.35912 0.25864 0.48955
0.30139 0.24712 0.30994
0.25566 0.32179 0.33582
0.38203 0.16485 0.61429
0.61363 0.16039 0.50854
0.33596 0.20152 0.49910
0.43674 0.20850 0.43803
0.32518 0.27308 0.30982
0.47699 0.22575 0.43265
0.25034 0.18640 0.55544
0.46769 0.30652 0.43490
0.33117 0.35766 0.51598
0.31340 0.32644 0.31627
0.38615 0.29643 0.50979
0.29095 0.18358 0.56383
0.43544 0.29347 0.50542
0.33570 0.26066 0.39263
0.41237 0.40115 0.47465
0.32836 0.26394 0.49880
0.40087 0.18892 0.35389
0.47968 0.13279 0.49481
0.40854 0.44887 0.41084
0.49948 0.25678 0.46751
0.57263 0.26153 0.47798
0.36328 0.24902 0.53688
0.42509 0.21423 0.37390
0.44020 0.48502 0.55948
0.38154 0.27084 0.67161
0.47724 0.25363 0.36361
0.36034 0.49348 0.47716
0.49413 0.27792 0.46732
0.26960 0.38311 0.49210
0.39501 0.59932 0.64239
0.36364 0.61843 0.62602
0.51528 0.22703 0.29260
0.36153 0.28141 0.55655
0.37554 0.23745 0.54935
0.44589 0.31296 0.52217
0.48650 0.20727 0.52235
0.41470 0.33507 0.57876
0.44567 0.39534 0.51542
0.40662 0.23605 0.52070
0.28638 0.40878 0.50568
0.19916 0.37070 0.42530
0.59872 0.24431 0.33759
0.20220 0.63309 0.58456
0.38850 0.21054 0.59957
0.22042 0.42919 0.46718
0.30360 0.30855 0.37939
0.50174 0.34953 0.47714
0.47440 0.32600 0.47492
0.23926 0.44443 0.60255
0.36318 0.31853 0.42146
0.48837 0.31193 0.37594
0.29626 0.25776 0.54756
0.42981 0.25168 0.29507
0.49293 0.35142 0.46088
0.28549 0.25455 0.44884
0.31329 0.23854 0.60868
0.46764 0.47871 0.49589
0.42426 0.22173 0.52297
0.39843 0.31275 0.43888
0.32861 0.34090 0.56940
0.44149 0.35847 0.42158
0.38598 0.29206 0.39885
0.26164 0.36559 0.35974
0.35221 0.33642 0.44523
0.45288 0.34229 0.43552
0.41110 0.45351 0.59960
0.31044 0.43802 0.58124
0.39897 0.30379 0.37293
0.43639 0.21915 0.55641
0.28816 0.63073 0.63871
0.37713 0.44408 0.61488
0.52886 0.23002 0.56536
0.31688 0.38284 0.41140
0.31939 0.25114 0.26431
0.54217 0.15138 0.24878
0.22278 0.38640 0.37305
0.39427 0.41153 0.55960
0.54121 0.18668 0.41359
0.54697 0.17218 0.29528
0.46620 0.20782 0.47101
0.22949 0.42258 0.38171
0.22349 0.30206 0.46489
0.35431 0.52978 0.53779
0.49977 0.19567 0.30979
0.21909 0.33596 0.41185
0.51651 0.24809 0.45314
0.37034 0.19475 0.59496
0.48020 0.24984 0.47642
0.33816 0.37664 0.61000
