20 19 1000 46719 147
0.33718 0.16347 0.41699
0.77430 0.42808 0.52265
0.24363 0.94684 0.15128
0.75788 0.21696 0.66028
0.30098 0.84041 0.90638
0.11588 0.64462 0.15676
0.88684 0.27064 0.17140
0.85633 0.25239 0.76370
0.44516 0.93760 0.42874
0.52701 0.21187 0.42356
0.16453 0.15854 0.34177
0.06236 0.74277 0.19425
0.51845 0.25373 0.18853
0.64303 0.63689 0.51018
0.81533 0.76760 0.01727
0.18111 0.30664 0.05190
0.30213 0.27183 0.14243
0.30268 0.62747 0.64586
0.17091 0.09820 0.14027
0.45428 0.39660 0.34847
0.41815 0.34134 0.33910
0.45251 0.38622 0.34048
0.36986 0.43321 0.34301
0.49589 0.52094 0.35618
0.38486 0.52246 0.35999
0.46049 0.48463 0.38213
0.45650 0.38750 0.29144
0.44738 0.41826 0.30160
0.53759 0.45448 0.41373
0.41850 0.43275 0.42277
0.40960 0.49510 0.30767
0.42769 0.46874 0.37464
0.43684 0.42474 0.42975
0.45005 0.47536 0.24895
0.42479 0.39142 0.27403
0.45586 0.49997 0.30828
0.40419 0.39966 0.30646
0.48755 0.50427 0.37304
0.53472 0.53565 0.33534
0.61338 0.35523 0.37862
0.41696 0.47952 0.41654
0.39262 0.35310 0.32728
0.44074 0.52260 0.34131
0.39908 0.37820 0.33409
0.54382 0.31618 0.41077
0.34082 0.41433 0.31429
0.41406 0.57442 0.43723
0.47985 0.54638 0.31886
0.52409 0.45641 0.40560
0.44972 0.39526 0.34830
0.51913 0.43593 0.41895
0.41260 0.51796 0.35362
0.43072 0.48046 0.28068
0.36220 0.44977 0.28670
0.47320 0.48833 0.36264
0.51749 0.39049 0.32379
0.38744 0.38299 0.35914
0.40256 0.49895 0.41968
0.37366 0.43381 0.36256
0.49327 0.49716 0.46394
0.42828 0.52444 0.39814
0.39149 0.42629 0.26359
0.47401 0.53252 0.30933
0.50503 0.52866 0.42886
0.52697 0.39179 0.32086
0.47379 0.46034 0.27243
0.55107 0.49182 0.33931
0.39271 0.43504 0.35489
0.44545 0.52962 0.25551
0.41475 0.42268 0.36143
0.36041 0.42472 0.35917
0.50389 0.51079 0.23525
0.46332 0.45732 0.32093
0.42727 0.40069 0.34885
0.31356 0.34870 0.30956
0.48239 0.55878 0.29366
0.54638 0.47769 0.41508
0.47785 0.42473 0.35055
0.39631 0.33522 0.30923
0.56531 0.38475 0.36566
0.52830 0.37788 0.41485
0.44348 0.44564 0.35297
0.36936 0.36487 0.33053
0.42271 0.42667 0.30959
0.42072 0.52374 0.41040
0.45639 0.46096 0.37458
0.44577 0.42703 0.27410
0.35575 0.61324 0.36720
0.63288 0.31297 0.42998
0.48905 0.35424 0.37385
0.36808 0.42625 0.34902
0.46847 0.50491 0.36009
0.47831 0.47826 0.41625
0.59369 0.45752 0.48976
0.46734 0.43317 0.32521
0.41231 0.39198 0.42335
0.55898 0.51540 0.31863
0.41865 0.47327 0.39203
0.41041 0.51392 0.36828
0.39795 0.46513 0.36567
0.49323 0.52852 0.49773
0.39915 0.37612 0.34107
0.42759 0.57986 0.39024
0.42271 0.50168 0.38755
0.29504 0.39486 0.18206
0.36555 0.37603 0.31202
0.39409 0.40714 0.32858
0.49867 0.49279 0.32224
0.46707 0.35223 0.25879
0.33462 0.43275 0.28698
0.43074 0.49502 0.35507
0.35622 0.49075 0.44967
0.37347 0.49425 0.35548
0.48955 0.55000 0.44103
0.37877 0.56383 0.37537
0.44576 0.43480 0.34728
0.35346 0.41866 0.28412
0.40134 0.48708 0.50054
0.33256 0.51396 0.27146
0.41215 0.42490 0.34054
0.45619 0.44190 0.27995
0.41380 0.39940 0.25556
0.48876 0.43820 0.36046
0.52360 0.35810 0.41730
0.28649 0.40110 0.26640
0.37422 0.53141 0.40089
0.38312 0.46530 0.25263
0.51270 0.43505 0.37537
0.45941 0.46256 0.31340
0.44440 0.39273 0.38325
0.49943 0.38865 0.33126
0.38582 0.48783 0.35532
0.35601 0.56969 0.25582
0.44828 0.50194 0.39341
0.45114 0.45665 0.32786
0.45750 0.46855 0.34064
0.39684 0.34990 0.32790
0.35721 0.46716 0.32431
0.40846 0.36928 0.26532
0.55555 0.53957 0.35072
0.41256 0.51501 0.37755
0.42222 0.41171 0.42111
0.49643 0.45340 0.41104
0.44849 0.56022 0.29363
0.47526 0.37519 0.43547
0.40042 0.41307 0.36452
0.47248 0.43241 0.33784
0.36608 0.55966 0.33964
0.35248 0.47627 0.35629
0.54123 0.45873 0.31461
0.41676 0.48607 0.33704
0.43218 0.51136 0.30987
0.47018 0.43408 0.32415
0.42521 0.56305 0.36235
0.43860 0.39582 0.32683
0.40273 0.52165 0.36542
0.38466 0.45022 0.36519
0.42738 0.46634 0.32537
0.39968 0.52468 0.43430
0.40487 0.54473 0.42836
0.50627 0.39925 0.32109
0.43437 0.48780 0.36977
0.39502 0.50647 0.32708
0.40221 0.48238 0.34382
0.61373 0.32105 0.37687
0.41605 0.43075 0.41264
0.41740 0.47153 0.51255
0.45987 0.46345 0.39059
0.46518 0.42966 0.42729
0.36044 0.53967 0.39470
0.45827 0.54204 0.29555
0.39161 0.39270 0.33519
0.50352 0.51184 0.46768
0.56801 0.44424 0.36219
0.30497 0.47270 0.30863
0.40689 0.48597 0.31223
0.31758 0.40195 0.27069
0.47338 0.45004 0.36956
0.39555 0.43518 0.29772
0.47021 0.32965 0.30419
0.41644 0.58781 0.32472
0.53734 0.48771 0.40874
0.48567 0.41229 0.34514
0.38986 0.56515 0.37314
0.34248 0.46718 0.29407
0.41321 0.52676 0.37130
0.43833 0.56819 0.28797
0.44578 0.47312 0.37599
0.40306 0.55774 0.29146
0.42274 0.43013 0.39071
0.40719 0.57178 0.37809
0.43101 0.46590 0.39100
0.46769 0.41900 0.39866
0.46684 0.44538 0.35972
0.38271 0.46390 0.32112
0.46938 0.44540 0.33845
0.39322 0.47490 0.33160
0.40301 0.49065 0.33421
0.42513 0.53979 0.33851
0.51106 0.48710 0.36727
0.39129 0.57462 0.37766
0.56369 0.43743 0.39419
0.48404 0.56470 0.32660
0.37252 0.30929 0.32081
0.43152 0.54169 0.37964
0.52597 0.47554 0.27301
0.38763 0.36830 0.36254
0.50646 0.49999 0.36835
0.46142 0.47769 0.36164
0.40421 0.54669 0.33853
0.40047 0.64428 0.36880
0.49815 0.41765 0.40898
0.53084 0.41952 0.34406
0.39669 0.55480 0.42364
0.44720 0.42084 0.35764
0.50794 0.47997 0.48983
0.48359 0.38751 0.47536
0.44326 0.38155 0.28326
0.45013 0.45549 0.40508
0.50586 0.43600 0.37892
0.45236 0.43819 0.35785
0.39879 0.52676 0.36523
0.39549 0.43405 0.38481
0.49067 0.40487 0.41958
0.43177 0.49395 0.39849
0.37639 0.50839 0.33335
0.35994 0.46717 0.27859
0.43537 0.48345 0.37696
0.41410 0.44943 0.31305
0.45994 0.45712 0.32913
0.46829 0.39777 0.34040
0.47307 0.50014 0.38667
0.43730 0.42516 0.39591
0.38406 0.42201 0.31206
0.48692 0.52090 0.24928
0.45680 0.35721 0.45461
0.36019 0.54417 0.34114
0.48632 0.47287 0.37713
0.42101 0.64355 0.42079
0.39676 0.51779 0.34270
0.40673 0.47506 0.38593
0.54665 0.48067 0.41432
0.34531 0.45857 0.37470
0.43184 0.44867 0.32983
0.47176 0.44208 0.31716
0.48691 0.50395 0.28889
0.44701 0.43296 0.38958
0.49834 0.45985 0.28862
0.40694 0.47668 0.30864
0.51332 0.54998 0.36883
0.45644 0.48235 0.31480
0.41541 0.49708 0.40550
0.54753 0.43044 0.34892
0.47074 0.59938 0.28404
0.39822 0.60004 0.40061
0.47736 0.57698 0.36990
0.46957 0.46924 0.44399
0.47999 0.51242 0.32152
0.42295 0.45251 0.28837
0.43712 0.48777 0.36419
0.49034 0.43541 0.34532
0.38526 0.33486 0.31248
0.48330 0.46680 0.33219
0.45041 0.43480 0.41150
0.50403 0.47144 0.46497
0.52741 0.38982 0.35608
0.49650 0.45205 0.44010
0.50915 0.49108 0.31242
0.45099 0.49954 0.49799
0.33574 0.54650 0.35945
0.35325 0.41903 0.37241
0.40744 0.32099 0.30899
0.32608 0.43435 0.30284
0.43025 0.39930 0.30485
0.44800 0.44287 0.40255
0.44078 0.45392 0.34692
0.53157 0.41051 0.30764
0.49536 0.48979 0.45271
0.44821 0.39682 0.35938
0.44111 0.52679 0.29819
0.39116 0.40020 0.26918
0.38670 0.45774 0.38751
0.38203 0.37501 0.28899
0.34198 0.56882 0.29807
0.37958 0.42767 0.28764
0.43306 0.43468 0.36823
0.46352 0.54753 0.42873
0.43101 0.48557 0.36021
0.41641 0.37812 0.36881
0.42010 0.58891 0.37236
0.29099 0.51378 0.28002
0.43448 0.54130 0.39697
0.45388 0.47689 0.42023
0.43423 0.45996 0.33082
0.41846 0.39844 0.30784
0.44570 0.51435 0.40615
0.48117 0.45747 0.32476
0.48913 0.38097 0.34460
0.41363 0.48604 0.26151
0.48359 0.40511 0.36049
0.36475 0.53382 0.39818
0.49188 0.45522 0.34957
0.35198 0.43175 0.36416
0.42704 0.48200 0.39782
0.41742 0.48976 0.38749
0.34647 0.53133 0.45241
0.52543 0.39376 0.31458
0.50831 0.40523 0.41237
0.49653 0.49894 0.25931
0.37146 0.50296 0.38645
0.42048 0.40061 0.34045
0.44484 0.37680 0.38365
0.47416 0.42251 0.37991
0.38380 0.66541 0.49052
0.48817 0.50926 0.35234
0.41189 0.44379 0.39110
0.45674 0.51604 0.37280
0.46095 0.44758 0.26239
0.51081 0.56262 0.31016
0.40118 0.38104 0.29425
0.45063 0.44090 0.40287
0.48159 0.55235 0.49459
0.41214 0.38485 0.28097
0.51235 0.48180 0.30607
0.55698 0.49638 0.43142
0.51105 0.52162 0.21593
0.41319 0.44413 0.25964
0.41841 0.45503 0.30374
0.44886 0.49821 0.42183
0.46771 0.51090 0.30065
0.38100 0.47845 0.37341
0.45600 0.48862 0.28296
0.47990 0.50717 0.39374
0.54359 0.38870 0.45895
0.41825 0.41766 0.20567
0.43065 0.51427 0.33444
0.38625 0.45635 0.29812
0.40422 0.49732 0.31610
0.45665 0.44265 0.36201
0.46978 0.51522 0.33832
0.49374 0.34957 0.40712
0.35994 0.35093 0.27310
0.32343 0.35881 0.27605
0.42182 0.56495 0.37006
0.32248 0.43118 0.26681
0.37977 0.47890 0.38878
0.50304 0.45612 0.39439
0.50976 0.45237 0.35154
0.49662 0.50543 0.33616
0.43567 0.42789 0.24329
0.48130 0.48717 0.27802
0.42301 0.45972 0.34962
0.52254 0.50895 0.37896
0.44660 0.35453 0.26920
0.40920 0.32622 0.35028
0.45062 0.43719 0.30885
0.45375 0.48633 0.28941
0.44790 0.50270 0.31493
0.46028 0.45829 0.43437
0.48148 0.44586 0.38994
0.42486 0.58483 0.35303
0.47667 0.42751 0.41367
0.61428 0.38537 0.35380
0.57572 0.47016 0.29785
0.50009 0.49837 0.32119
0.44967 0.45626 0.33810
0.43529 0.43696 0.31663
0.46848 0.55649 0.39624
0.53602 0.45390 0.37793
0.45740 0.43142 0.34766
0.36231 0.49669 0.39655
0.49218 0.43132 0.32526
0.48802 0.37656 0.39084
0.32718 0.45098 0.38367
0.42161 0.37821 0.36189
0.39647 0.48498 0.33913
0.44528 0.45876 0.39335
0.36773 0.48213 0.29819
0.33882 0.50702 0.38309
0.40129 0.49864 0.39466
0.45775 0.42253 0.41335
0.53239 0.44511 0.27406
0.35348 0.47508 0.29800
0.47585 0.40256 0.41534
0.53472 0.45536 0.36650
0.28686 0.56524 0.32819
0.41523 0.54911 0.39571
0.46566 0.48945 0.35676
0.41007 0.48192 0.23949
0.49392 0.46742 0.41068
0.37860 0.44250 0.32160
0.46926 0.58860 0.30761
0.31050 0.53274 0.33314
0.45418 0.43087 0.37843
0.51532 0.50015 0.42510
0.44322 0.45050 0.43361
0.42146 0.39258 0.38218
0.49208 0.46444 0.38899
0.48822 0.48670 0.30344
0.43565 0.44131 0.31845
0.39886 0.39161 0.35246
0.40502 0.48900 0.37331
0.55016 0.46505 0.37608
0.44614 0.39442 0.34356
0.36745 0.40372 0.29602
0.58416 0.39010 0.37815
0.41246 0.46989 0.32315
0.44217 0.57294 0.35821
0.51548 0.55571 0.41933
0.50347 0.59324 0.33160
0.47010 0.51446 0.33378
0.43806 0.45641 0.43187
0.42762 0.48188 0.41047
0.64436 0.36794 0.34307
0.34975 0.56360 0.40527
0.53579 0.44649 0.35811
0.44944 0.45367 0.39234
0.44289 0.60425 0.44503
0.46584 0.39890 0.33166
0.45086 0.44731 0.35307
0.33955 0.57071 0.31621
0.51921 0.38690 0.40517
0.52950 0.39783 0.39904
0.53021 0.42255 0.44212
0.39483 0.50809 0.35896
0.37020 0.55294 0.39013
0.35877 0.43534 0.31917
0.45341 0.41216 0.37975
0.47861 0.44506 0.36851
0.25417 0.57085 0.27685
0.43238 0.50333 0.33204
0.48906 0.45173 0.39687
0.43793 0.49201 0.37755
0.46125 0.39082 0.33519
0.39926 0.43848 0.25710
0.44836 0.47898 0.40336
0.47292 0.49358 0.44124
0.42971 0.45966 0.32991
0.36406 0.45002 0.29956
0.37024 0.56384 0.37011
0.40860 0.44155 0.37414
0.48890 0.49862 0.38066
0.39411 0.47046 0.34410
0.43819 0.47173 0.45015
0.35493 0.50676 0.37764
0.49017 0.42699 0.32028
0.37862 0.55650 0.39452
0.38425 0.52737 0.30723
0.33002 0.32727 0.32417
0.44172 0.50604 0.37638
0.45010 0.42967 0.32658
0.38382 0.47028 0.38207
0.46743 0.43835 0.32576
0.50245 0.50686 0.41117
0.47779 0.48175 0.44579
0.40208 0.39608 0.30163
0.47229 0.40402 0.37061
0.53225 0.40863 0.43338
0.46368 0.50754 0.35876
0.37675 0.45195 0.37821
0.46122 0.42380 0.33028
0.48143 0.39548 0.40211
0.47393 0.56791 0.34900
0.57334 0.46172 0.40087
0.51703 0.51256 0.34767
0.47159 0.44155 0.38994
0.46721 0.43396 0.33629
0.46300 0.38632 0.33955
0.46218 0.45940 0.39432
0.48095 0.35963 0.36159
0.56966 0.38216 0.42671
0.45442 0.44061 0.38999
0.35910 0.40578 0.33107
0.53200 0.44923 0.40535
0.49137 0.51939 0.33537
0.41541 0.39787 0.25264
0.40306 0.47647 0.32169
0.37803 0.46953 0.27872
0.45605 0.57864 0.29522
0.44803 0.41093 0.42536
0.42292 0.47497 0.29270
0.52604 0.50525 0.35451
0.36885 0.53518 0.26694
0.37631 0.47253 0.31603
0.44744 0.32566 0.27460
0.46147 0.49217 0.32351
0.41930 0.50168 0.32034
0.45776 0.40507 0.25977
0.40198 0.48349 0.40911
0.37797 0.30475 0.30442
0.44694 0.43398 0.36828
0.51406 0.55199 0.32893
0.41107 0.44050 0.28843
0.42503 0.46653 0.36315
0.35713 0.48558 0.40714
0.38985 0.43747 0.37770
0.42980 0.48235 0.28148
0.45611 0.36260 0.32707
0.46315 0.44265 0.35755
0.47851 0.39786 0.40104
0.42684 0.54812 0.28701
0.41042 0.54091 0.44095
0.38324 0.54661 0.33374
0.39649 0.38800 0.33903
0.41792 0.50570 0.28260
0.45066 0.47652 0.43334
0.39301 0.51497 0.43309
0.40319 0.45244 0.26747
0.42444 0.50548 0.33114
0.46571 0.52010 0.30586
0.41226 0.40640 0.37146
0.42021 0.36488 0.35222
0.44114 0.39548 0.37020
0.43203 0.56247 0.28380
0.47404 0.45220 0.36841
0.44675 0.44035 0.37067
0.47096 0.50958 0.52983
0.42307 0.54082 0.30990
0.45249 0.47422 0.39061
0.48989 0.51967 0.37421
0.36800 0.45810 0.38913
0.46223 0.42781 0.39281
0.47220 0.52757 0.39353
0.44977 0.44919 0.29384
0.48338 0.40413 0.36660
0.41328 0.58279 0.38456
0.32816 0.49114 0.35462
0.48005 0.46361 0.40466
0.52921 0.49842 0.39201
0.43596 0.47076 0.38395
0.39099 0.43604 0.36179
0.46298 0.53886 0.33048
0.47380 0.46195 0.35771
0.36839 0.47430 0.35327
0.59871 0.46613 0.37592
0.48791 0.46693 0.35635
0.39732 0.49199 0.43204
0.39157 0.45465 0.38332
0.32749 0.41619 0.25254
0.44253 0.50428 0.42655
0.39440 0.45389 0.27780
0.42802 0.49090 0.35493
0.41245 0.42904 0.34894
0.38611 0.39224 0.34616
0.45428 0.48477 0.46532
0.41260 0.47429 0.32566
0.35450 0.48229 0.34348
0.42465 0.47110 0.31320
0.42916 0.43494 0.41529
0.41201 0.49827 0.34680
0.40134 0.41627 0.25183
0.39775 0.45303 0.29994
0.40668 0.35138 0.32950
0.46657 0.30961 0.42190
0.48899 0.39219 0.39273
0.52540 0.48553 0.35583
0.49737 0.49756 0.40899
0.40935 0.46401 0.34823
0.53469 0.37158 0.30957
0.41316 0.52417 0.41921
0.44915 0.55361 0.31803
0.33596 0.49484 0.28993
0.34585 0.54328 0.33798
0.41650 0.46861 0.35051
0.48068 0.36618 0.31496
0.39152 0.45442 0.33977
0.45615 0.42958 0.28431
0.49603 0.39013 0.39910
0.45409 0.44953 0.31974
0.48850 0.46581 0.43078
0.49985 0.50201 0.30985
0.35258 0.54793 0.28636
0.33207 0.58596 0.31152
0.44999 0.48208 0.33473
0.46181 0.53422 0.27353
0.37099 0.42788 0.36897
0.49050 0.42186 0.39271
0.46347 0.45089 0.37738
0.43591 0.46837 0.30487
0.51188 0.48858 0.40376
0.42589 0.42097 0.33911
0.46535 0.39726 0.51729
0.47784 0.48010 0.33484
0.44196 0.53957 0.40828
0.44207 0.51137 0.36422
0.45135 0.50602 0.24276
0.40654 0.56660 0.30041
0.38868 0.49364 0.40968
0.52825 0.47135 0.36727
0.35610 0.50590 0.33688
0.38818 0.52600 0.34326
0.42474 0.52181 0.32817
0.44944 0.39477 0.37959
0.44493 0.54160 0.25783
0.38471 0.34875 0.36045
0.48581 0.54151 0.35860
0.37110 0.45677 0.31958
0.49040 0.39257 0.28102
0.41344 0.57744 0.32675
0.30032 0.39927 0.36226
0.46125 0.56068 0.40526
0.40310 0.51884 0.41534
0.43823 0.44734 0.36776
0.44775 0.48430 0.51095
0.46420 0.34963 0.41357
0.30301 0.42451 0.34779
0.37696 0.49348 0.37401
0.44807 0.46777 0.43922
0.42835 0.40973 0.32474
0.43501 0.49961 0.31792
0.40802 0.51756 0.34145
0.38286 0.56431 0.29506
0.37010 0.65904 0.38022
0.36635 0.45996 0.36153
0.42410 0.53099 0.40089
0.56083 0.43744 0.32440
0.46326 0.46968 0.39235
0.41975 0.40587 0.35785
0.42652 0.40211 0.39548
0.45785 0.54020 0.36294
0.54624 0.45939 0.36895
0.30366 0.33621 0.30413
0.35992 0.45018 0.30677
0.44947 0.54932 0.29368
0.34651 0.52085 0.32652
0.41994 0.44940 0.37727
0.50588 0.57800 0.42727
0.39326 0.51697 0.34439
0.46103 0.36896 0.31218
0.44376 0.44854 0.30823
0.41407 0.46416 0.42206
0.45633 0.46628 0.38547
0.46369 0.44216 0.36010
0.47786 0.49468 0.35441
0.38456 0.43838 0.40363
0.35885 0.42013 0.31573
0.36212 0.37222 0.37500
0.38284 0.46866 0.34124
0.55229 0.44892 0.42000
0.45073 0.40519 0.43472
0.46473 0.54682 0.35164
0.44493 0.43527 0.44930
0.42093 0.46928 0.33790
0.48839 0.47748 0.45156
0.39425 0.32634 0.30492
0.45259 0.52527 0.36490
0.42605 0.44376 0.38839
0.38311 0.56040 0.36072
0.51482 0.43253 0.38017
0.43061 0.44375 0.34497
0.45927 0.48494 0.36676
0.39829 0.47105 0.39140
0.34420 0.47453 0.40067
0.53444 0.37221 0.40097
0.50999 0.40779 0.40561
0.56396 0.40973 0.45848
0.44353 0.57547 0.44881
0.34880 0.45278 0.27081
0.51024 0.48692 0.52644
0.42586 0.50066 0.38819
0.37511 0.56885 0.35011
0.44858 0.40266 0.38020
0.58514 0.46160 0.42143
0.35725 0.30091 0.35256
0.44132 0.48106 0.45365
0.56766 0.52082 0.25737
0.36900 0.43022 0.33525
0.42417 0.48884 0.31435
0.48075 0.48985 0.37999
0.43504 0.46826 0.28813
0.44192 0.53566 0.39220
0.39861 0.50151 0.38676
0.44258 0.40362 0.24279
0.49000 0.56710 0.39456
0.29035 0.55975 0.31255
0.39788 0.52217 0.32024
0.32963 0.43559 0.25129
0.46868 0.50676 0.35738
0.54719 0.45705 0.35286
0.52608 0.54701 0.41589
0.47642 0.41214 0.38890
0.35405 0.46862 0.26724
0.48845 0.33492 0.35626
0.39751 0.45635 0.40060
0.41028 0.37572 0.34188
0.48189 0.42041 0.39522
0.40667 0.46898 0.46209
0.37400 0.39735 0.36786
0.43692 0.44621 0.39439
0.44043 0.56571 0.36265
0.39362 0.51882 0.36100
0.41894 0.48089 0.34267
0.41598 0.46515 0.44944
0.56249 0.55469 0.25883
0.42049 0.47091 0.34474
0.36510 0.52004 0.32920
0.33745 0.42757 0.28184
0.45389 0.50233 0.46983
0.45688 0.49145 0.35884
0.42940 0.49071 0.37022
0.44014 0.42481 0.29371
0.50727 0.41922 0.39052
0.39335 0.48653 0.37617
0.42704 0.52372 0.32041
0.45244 0.41344 0.45586
0.47243 0.47392 0.43404
0.46044 0.64879 0.44978
0.49961 0.41808 0.35617
0.43733 0.45736 0.42198
0.32346 0.39562 0.31948
0.40034 0.54691 0.32716
0.53488 0.48426 0.37381
0.46005 0.44491 0.36646
0.47726 0.39941 0.27564
0.44650 0.51018 0.46497
0.42999 0.49226 0.36913
0.29407 0.61160 0.33251
0.39840 0.56533 0.43636
0.49807 0.48423 0.28154
0.40398 0.53875 0.37252
0.42394 0.37363 0.36728
0.41399 0.53526 0.49126
0.49257 0.44828 0.27152
0.45960 0.42273 0.34399
0.61099 0.45137 0.36849
0.42654 0.43948 0.36965
0.52737 0.37241 0.43252
0.47368 0.48507 0.37861
0.42446 0.46142 0.40792
0.48407 0.48634 0.39644
0.44621 0.32782 0.30864
0.50782 0.46129 0.36364
0.61332 0.47226 0.35032
0.45651 0.51484 0.42418
0.51204 0.55040 0.28804
0.43075 0.45966 0.42353
0.45036 0.37996 0.31634
0.44219 0.50838 0.32525
0.47679 0.38222 0.43207
0.47434 0.38764 0.40715
0.45580 0.54820 0.36124
0.40060 0.55179 0.31482
0.42356 0.58613 0.35883
0.48491 0.40462 0.34591
0.46652 0.34236 0.34198
0.51376 0.49103 0.36610
0.40252 0.51985 0.35184
0.52263 0.41335 0.38363
0.45416 0.51612 0.40039
0.49050 0.34515 0.48481
0.54105 0.42207 0.29021
0.41587 0.45994 0.37246
0.53022 0.39406 0.27671
0.52223 0.48657 0.37833
0.39220 0.45168 0.37593
0.38305 0.45130 0.33270
0.40521 0.40507 0.32508
0.47211 0.51262 0.32133
0.45905 0.45166 0.33705
0.45218 0.48349 0.37193
0.44078 0.40668 0.34422
0.58510 0.43607 0.29401
0.42429 0.41553 0.33652
0.47206 0.41614 0.38690
0.42422 0.46882 0.35530
0.48991 0.56646 0.43011
0.51228 0.42893 0.28023
0.38692 0.42772 0.37628
0.44414 0.45796 0.37841
0.44295 0.46385 0.43096
0.45668 0.30152 0.37784
0.41652 0.53096 0.29944
0.46462 0.52744 0.37012
0.42585 0.42632 0.22969
0.41939 0.48730 0.36127
0.39533 0.48790 0.31668
0.41166 0.38388 0.30797
0.41049 0.52245 0.24312
0.37961 0.50389 0.31265
0.52798 0.44974 0.34897
0.50966 0.37380 0.34826
0.39640 0.39105 0.33231
0.36832 0.50985 0.23363
0.41032 0.51449 0.36557
0.38784 0.46386 0.34839
0.37720 0.35721 0.32352
0.49099 0.48010 0.32337
0.51925 0.46645 0.33749
0.38864 0.39086 0.25803
0.42479 0.50714 0.37480
0.54635 0.45917 0.31353
0.38040 0.34106 0.41559
0.36380 0.46053 0.35407
0.46441 0.51253 0.40850
0.47157 0.49599 0.40797
0.46240 0.54970 0.27722
0.57096 0.52966 0.31427
0.41377 0.43139 0.33251
0.64322 0.46178 0.36329
0.43566 0.39023 0.31439
0.48153 0.39141 0.45218
0.42735 0.43946 0.39538
0.49326 0.49598 0.29246
0.41917 0.58238 0.33873
0.42552 0.44691 0.38280
0.48524 0.45609 0.41008
0.45082 0.45690 0.35022
0.46421 0.61063 0.31069
0.46024 0.50599 0.44157
0.42868 0.49725 0.40481
0.47407 0.46896 0.30659
0.38353 0.47907 0.37599
0.45291 0.47350 0.44677
0.46119 0.40299 0.41550
0.35873 0.48948 0.34617
0.53683 0.44885 0.47485
0.45836 0.42706 0.43973
0.39440 0.51899 0.37971
0.44385 0.55344 0.40069
0.39922 0.40118 0.34049
0.51461 0.53858 0.43084
0.47245 0.54208 0.35139
0.39224 0.56591 0.30298
0.44894 0.39440 0.42560
0.52713 0.47545 0.42552
0.40527 0.48290 0.43168
0.39841 0.41100 0.29019
0.43269 0.47519 0.42976
0.52129 0.48639 0.41656
0.43925 0.50447 0.39003
0.42224 0.54842 0.46646
0.41756 0.45396 0.43423
0.39443 0.36266 0.34483
0.41912 0.41077 0.38664
0.38824 0.59123 0.43602
0.56460 0.45859 0.39219
0.39347 0.51043 0.41236
0.41882 0.39909 0.36182
0.45295 0.41695 0.27912
0.43533 0.59092 0.44819
0.38043 0.47132 0.37150
0.43774 0.42153 0.45312
0.51424 0.41523 0.26547
0.58042 0.42803 0.50329
0.43908 0.45780 0.44786
0.37059 0.41320 0.30639
0.37643 0.35975 0.29592
0.45686 0.59785 0.43982
0.41416 0.40312 0.28850
0.43643 0.39483 0.32253
0.36957 0.51190 0.31473
0.30349 0.50777 0.37860
0.45726 0.54473 0.39052
0.48605 0.39943 0.35265
0.42111 0.31387 0.34279
0.36165 0.47468 0.24748
0.47801 0.39812 0.33596
0.49643 0.59617 0.34511
0.45631 0.62866 0.43478
0.43003 0.42231 0.34339
0.43442 0.43387 0.33662
0.37732 0.44260 0.31708
0.39245 0.38492 0.24780
0.46971 0.46902 0.35972
0.39321 0.51795 0.47781
0.42926 0.41127 0.37273
0.47549 0.55828 0.35019
0.53800 0.52016 0.43083
0.42089 0.52364 0.33154
0.40165 0.48205 0.33517
0.45770 0.39726 0.39945
0.47301 0.54589 0.41133
0.46866 0.48624 0.35551
0.37041 0.44097 0.29776
0.46911 0.48611 0.40887
0.43071 0.36925 0.36046
0.48682 0.49376 0.33816
0.44924 0.45319 0.43618
0.38179 0.47606 0.35604
0.48808 0.43280 0.37040
0.50346 0.42387 0.44156
0.43200 0.45870 0.34349
0.44512 0.53049 0.50752
0.45918 0.43835 0.37727
0.51934 0.56042 0.39321
0.44087 0.42201 0.33021
0.50091 0.38580 0.45085
0.40920 0.43930 0.30776
0.39896 0.54361 0.51130
0.44265 0.52684 0.42363
0.43552 0.43605 0.36460
0.50841 0.45836 0.34009
0.37350 0.39803 0.31855
0.55405 0.51040 0.55070
0.54362 0.50763 0.29029
0.44371 0.43484 0.43824
0.54254 0.50375 0.44357
0.45518 0.55145 0.40353
0.30329 0.56490 0.28077
0.51405 0.40773 0.33794
0.48390 0.38785 0.27449
0.51954 0.39156 0.35402
0.34654 0.60046 0.26823
0.48338 0.36537 0.35662
0.51103 0.48695 0.44326
0.39374 0.42924 0.35582
0.39472 0.50279 0.43747
0.36829 0.39905 0.36834
0.48632 0.45682 0.35505
0.36670 0.41928 0.28554
0.43623 0.54364 0.32174
0.53230 0.49410 0.34588
0.44265 0.42037 0.37901
0.57367 0.40171 0.31877
0.56657 0.42574 0.39611
0.43833 0.43752 0.33921
0.53292 0.47287 0.32984
0.50292 0.50816 0.38311
0.48606 0.30283 0.37613
0.40075 0.52895 0.35326
0.49545 0.44445 0.43992
0.42020 0.52496 0.33371
0.48353 0.50291 0.42369
0.37776 0.59865 0.32336
0.34229 0.52867 0.43274
0.57689 0.44257 0.36941
0.41316 0.40186 0.29333
0.41526 0.49380 0.35674
0.46203 0.52861 0.34458
0.31374 0.49442 0.41980
0.41279 0.42745 0.45397
0.40986 0.47373 0.34828
0.40363 0.39420 0.37920
0.50055 0.44153 0.39276
0.54048 0.53230 0.38525
0.44603 0.39179 0.25577
0.48090 0.32950 0.35623
0.49540 0.45179 0.41285
0.49939 0.48183 0.34751
0.48591 0.48071 0.31525
0.42367 0.34530 0.40292
0.39582 0.39718 0.31843
0.36706 0.50790 0.33306
0.45864 0.56113 0.29954
0.40512 0.42289 0.32559
0.54303 0.44644 0.33965
0.44610 0.40089 0.43324
0.42707 0.64162 0.25630
0.47866 0.44620 0.25203
0.48013 0.55352 0.45758
0.42277 0.52811 0.25825
0.47313 0.46741 0.32024
0.38236 0.44868 0.35304
0.40466 0.46166 0.32968
0.26000 0.33594 0.24823
0.39977 0.49885 0.24432
0.47422 0.49073 0.37019
0.51050 0.46390 0.36695
0.44778 0.52024 0.47529
0.39112 0.40360 0.32500
0.43186 0.49155 0.34417
0.57924 0.46277 0.36864
0.43484 0.58620 0.40047
0.38525 0.36502 0.27587
0.49549 0.41452 0.40821
0.47520 0.46336 0.38264
0.40153 0.49613 0.29875
0.39654 0.43100 0.32756
0.43542 0.48549 0.31246
0.45474 0.52453 0.33972
0.41030 0.48239 0.36764
0.38518 0.43310 0.26093
0.45840 0.51454 0.45587
0.54989 0.33454 0.47788
0.46369 0.42552 0.31485
0.39075 0.42970 0.33315
0.49695 0.42406 0.40335
0.49005 0.41240 0.34614
0.49748 0.45865 0.34801
0.34617 0.38376 0.29768
0.45498 0.35016 0.36885
0.40286 0.42488 0.40015
0.29742 0.49663 0.24371
0.49134 0.31406 0.30900
0.37510 0.46043 0.32512
0.44619 0.46508 0.26593
0.44962 0.47520 0.40177
0.47199 0.36617 0.25938
0.40450 0.52340 0.31101
0.39671 0.42954 0.37413
0.51192 0.52711 0.37408
0.37352 0.50860 0.31007
0.48048 0.47224 0.40111
0.40429 0.40370 0.39374
0.43936 0.50788 0.36766
0.46952 0.43547 0.39154
0.44419 0.42060 0.21544
0.49843 0.50514 0.40084
0.47580 0.51053 0.42939
0.50028 0.37251 0.42991
0.38095 0.47361 0.31124
0.44941 0.49374 0.25283
0.50071 0.45660 0.38568
0.37931 0.36502 0.25285
0.45899 0.40851 0.35633
0.49386 0.48832 0.36673
0.34433 0.52385 0.24031
0.48428 0.47135 0.39414
0.34909 0.47091 0.30625
0.49835 0.49138 0.23313
0.46217 0.36738 0.41365
0.37416 0.54652 0.33284
0.39179 0.54711 0.37802
0.42325 0.46593 0.35851
0.36896 0.43587 0.32483
0.37871 0.44516 0.33496
0.52198 0.42436 0.30286
0.32310 0.52427 0.33685
0.40916 0.42323 0.36231
