20 10 1000 18813 1488
0.05545 0.46334 0.93931
0.20521 0.51181 0.92280
0.96390 0.97255 0.98112
0.04906 0.06312 0.14985
0.10223 0.68633 0.65007
0.94702 0.89473 0.86271
0.62030 0.56245 0.83297
0.75083 0.43745 0.53896
0.38936 0.53799 0.34793
0.85964 0.36731 0.78963
0.36994 0.55105 0.75471
0.77813 0.77133 0.78389
0.52098 0.51728 0.67491
0.71165 0.58001 0.67874
0.44972 0.55909 0.72104
0.63649 0.64271 0.72630
0.64056 0.62539 0.78179
0.55354 0.54482 0.75539
0.38408 0.52014 0.61200
0.39454 0.44680 0.57264
0.52714 0.53823 0.60597
0.56532 0.63214 0.80714
0.49159 0.48434 0.66253
0.47822 0.63823 0.78955
0.78645 0.69995 0.80042
0.45449 0.41027 0.58628
0.45715 0.58655 0.67517
0.44794 0.53560 0.70040
0.56510 0.58486 0.66709
0.53308 0.58208 0.64675
0.43572 0.61321 0.73470
0.44296 0.54651 0.81346
0.32823 0.49190 0.56791
0.50827 0.56886 0.69094
0.63109 0.64688 0.74273
0.52524 0.54612 0.70459
0.62199 0.50443 0.79532
0.45429 0.49413 0.58222
0.58031 0.46584 0.65815
0.42549 0.48066 0.44987
0.58810 0.48974 0.62006
0.48807 0.46756 0.72823
0.52085 0.62689 0.67547
0.49373 0.45844 0.63087
0.50902 0.62117 0.68998
0.67336 0.56581 0.71966
0.37990 0.49703 0.73366
0.46189 0.51618 0.62220
0.66348 0.54547 0.71334
0.49771 0.51564 0.75644
0.58432 0.51772 0.73107
0.58980 0.56191 0.72960
0.51712 0.58902 0.71659
0.54271 0.53516 0.68161
0.26405 0.43438 0.68542
0.50448 0.47086 0.65349
0.60590 0.45722 0.57405
0.47991 0.46747 0.67843
0.47695 0.53807 0.76532
0.39698 0.49359 0.70637
0.48549 0.61303 0.75946
0.42873 0.62527 0.66767
0.48853 0.52512 0.61443
0.46998 0.50695 0.73697
0.44152 0.50030 0.59031
0.55322 0.68662 0.76473
0.53677 0.63811 0.82376
0.35610 0.50537 0.54733
0.41743 0.52723 0.71277
0.47333 0.40834 0.54940
0.53340 0.61023 0.78507
0.48711 0.48962 0.66685
0.57685 0.60877 0.78661
0.45402 0.58479 0.76812
0.53939 0.61362 0.74654
0.46429 0.54123 0.67434
0.54513 0.59728 0.71666
0.20895 0.45726 0.62858
0.44939 0.54620 0.63916
0.53726 0.58810 0.67054
0.33261 0.47507 0.64261
0.51673 0.50700 0.61906
0.51246 0.45926 0.66618
0.49062 0.67687 0.72322
0.24316 0.34401 0.48570
0.43036 0.52046 0.66888
0.62451 0.41120 0.69646
0.50923 0.49253 0.69317
0.61071 0.57088 0.66040
0.42339 0.60190 0.87087
0.29587 0.47387 0.74816
0.44508 0.36473 0.52559
0.52818 0.59461 0.71636
0.58057 0.61251 0.80707
0.42758 0.57291 0.83027
0.42618 0.54571 0.69820
0.46178 0.50284 0.72352
0.20169 0.52103 0.63063
0.67134 0.56946 0.74571
0.45007 0.48192 0.65360
0.26160 0.47622 0.79513
0.38112 0.53487 0.62509
0.39082 0.51170 0.64484
0.54840 0.65569 0.80798
0.59371 0.56852 0.77053
0.70255 0.63273 0.73983
0.38067 0.58361 0.81782
0.38472 0.52869 0.57423
0.33638 0.44833 0.59927
0.57389 0.57734 0.68544
0.56000 0.45704 0.72254
0.43135 0.47853 0.64107
0.50705 0.53623 0.77779
0.53308 0.58697 0.75864
0.39508 0.51466 0.79900
0.62893 0.48550 0.73954
0.53834 0.43856 0.61088
0.50560 0.44072 0.63638
0.41455 0.47277 0.63953
0.62712 0.51524 0.80433
0.37130 0.35435 0.58327
0.45075 0.60952 0.82669
0.51188 0.57862 0.67594
0.51820 0.54218 0.56180
0.52817 0.53686 0.69731
0.52169 0.59790 0.76957
0.38528 0.63211 0.76522
0.45361 0.47486 0.70539
0.43519 0.43682 0.55672
0.47057 0.52469 0.72364
0.34292 0.47746 0.70078
0.45677 0.62779 0.76612
0.25925 0.46458 0.61006
0.61475 0.58948 0.77800
0.39736 0.58805 0.71762
0.41667 0.50974 0.66100
0.48372 0.52752 0.65785
0.56214 0.50904 0.68924
0.68733 0.60605 0.73499
0.48410 0.59993 0.82310
0.34190 0.59982 0.69428
0.39456 0.59514 0.72675
0.49436 0.50586 0.69059
0.33673 0.46390 0.70315
0.56812 0.56381 0.73302
0.66526 0.49418 0.64892
0.43826 0.41092 0.60678
0.38731 0.54834 0.76328
0.58438 0.55810 0.75070
0.51605 0.62899 0.74420
0.55494 0.59950 0.68748
0.60492 0.50285 0.70408
0.60282 0.57383 0.79538
0.57848 0.47913 0.73246
0.47135 0.51545 0.70537
0.59959 0.65790 0.77175
0.54458 0.59026 0.70818
0.48683 0.59790 0.83977
0.39551 0.48939 0.69104
0.57531 0.68974 0.81192
0.58281 0.58773 0.76211
0.61893 0.61206 0.77176
0.51595 0.57968 0.71320
0.35839 0.47299 0.82612
0.44032 0.54862 0.65394
0.39819 0.53268 0.86829
0.47800 0.53755 0.73601
0.53062 0.61370 0.69523
0.36277 0.53400 0.68813
0.50991 0.57450 0.72719
0.49261 0.38684 0.53394
0.47592 0.44759 0.61591
0.43146 0.49756 0.58894
0.58076 0.64011 0.76978
0.35607 0.42955 0.50529
0.55407 0.51463 0.62090
0.58964 0.65000 0.69346
0.45880 0.51458 0.65746
0.79024 0.71341 0.79085
0.51162 0.59692 0.78528
0.43035 0.55786 0.68364
0.68713 0.66251 0.68820
0.48898 0.63193 0.67359
0.62776 0.52336 0.76440
0.56537 0.64081 0.71870
0.39959 0.47336 0.45211
0.75557 0.70791 0.78482
0.32149 0.35285 0.50355
0.21576 0.35093 0.47176
0.63226 0.63010 0.86595
0.67042 0.76232 0.78929
0.30716 0.58907 0.72568
0.64767 0.61614 0.78274
0.55655 0.69208 0.80708
0.49296 0.52752 0.76301
0.56117 0.62170 0.76264
0.58572 0.61267 0.73759
0.51079 0.59577 0.78956
0.47404 0.60911 0.78258
0.75395 0.76510 0.81785
0.54304 0.57666 0.79658
0.68164 0.62645 0.70575
0.56918 0.66369 0.62975
0.33401 0.35641 0.55157
0.53399 0.59793 0.76871
0.47626 0.42252 0.67011
0.64621 0.60884 0.74402
0.40213 0.48850 0.74427
0.44562 0.54872 0.67882
0.55327 0.53276 0.62797
0.43492 0.57090 0.78600
0.58260 0.56211 0.68202
0.44105 0.45744 0.69097
0.57434 0.41859 0.66617
0.51507 0.62640 0.72744
0.58907 0.50345 0.74197
0.56330 0.63793 0.72632
0.65743 0.57447 0.75458
0.50043 0.64384 0.67071
0.54638 0.56989 0.66446
0.42632 0.48689 0.56579
0.68389 0.53383 0.70890
0.40650 0.52581 0.65008
0.49425 0.51173 0.74499
0.34323 0.42615 0.59974
0.35360 0.49454 0.61141
0.55548 0.57082 0.72570
0.67947 0.68035 0.72914
0.57415 0.63245 0.81109
0.42138 0.55505 0.75134
0.42689 0.49117 0.66657
0.36718 0.43804 0.60456
0.28929 0.53891 0.73777
0.49266 0.53333 0.81024
0.57081 0.54665 0.65745
0.32998 0.45516 0.63451
0.57010 0.48498 0.69026
0.41125 0.55638 0.61831
0.40416 0.60864 0.72668
0.38255 0.40364 0.55258
0.46496 0.61910 0.76711
0.53851 0.62342 0.78273
0.45210 0.52355 0.69880
0.47022 0.59365 0.84086
0.58335 0.60472 0.65396
0.62830 0.53584 0.70791
0.28379 0.37427 0.50321
0.42695 0.47168 0.60408
0.49499 0.55708 0.74810
0.33122 0.43480 0.55515
0.64239 0.61719 0.77874
0.54654 0.59832 0.65971
0.49847 0.52018 0.68425
0.49315 0.55202 0.74250
0.38535 0.56606 0.69571
0.53520 0.53285 0.70278
0.30921 0.47695 0.58676
0.51497 0.61478 0.79964
0.46868 0.47922 0.55084
0.38652 0.53813 0.66582
0.43857 0.57329 0.71858
0.66323 0.69909 0.84444
0.38183 0.42713 0.66427
0.46362 0.51859 0.65086
0.55433 0.51130 0.62385
0.59177 0.58734 0.67668
0.41331 0.61490 0.89761
0.67264 0.59073 0.65858
0.59349 0.63703 0.72362
0.51508 0.59929 0.81869
0.59912 0.49827 0.69237
0.39655 0.49989 0.63765
0.62570 0.61575 0.69705
0.45838 0.67358 0.72806
0.32729 0.44167 0.66131
0.34646 0.45535 0.56751
0.42880 0.64042 0.76450
0.33405 0.47094 0.69837
0.34330 0.40233 0.58074
0.40466 0.46579 0.65492
0.56033 0.57729 0.72830
0.44181 0.46164 0.71044
0.39574 0.54316 0.83295
0.48458 0.60432 0.74972
0.37782 0.52683 0.64206
0.30706 0.48297 0.74269
0.36047 0.36990 0.54129
0.51672 0.52692 0.69266
0.51435 0.46236 0.67371
0.54807 0.42775 0.63757
0.48629 0.54794 0.60646
0.48452 0.53855 0.71951
0.68005 0.60792 0.71594
0.51015 0.53011 0.61865
0.55452 0.57860 0.67733
0.55688 0.61788 0.74464
0.42703 0.58406 0.69668
0.37805 0.44337 0.55460
0.62613 0.62208 0.78387
0.56718 0.58345 0.79364
0.70422 0.54705 0.72197
0.45638 0.56674 0.62121
0.44690 0.39075 0.55167
0.46045 0.51042 0.68209
0.57989 0.57968 0.73073
0.42495 0.49167 0.66854
0.53103 0.53410 0.62785
0.50283 0.59758 0.76591
0.55545 0.61218 0.74336
0.28174 0.50554 0.77320
0.36848 0.56480 0.70030
0.45106 0.54118 0.53626
0.44927 0.52436 0.72163
0.56148 0.56105 0.72310
0.56487 0.62344 0.73792
0.52420 0.51652 0.59125
0.32967 0.49070 0.79662
0.64108 0.55019 0.70285
0.57895 0.44088 0.60383
0.58087 0.65372 0.77991
0.57056 0.49342 0.74737
0.36427 0.42063 0.54647
0.66681 0.57285 0.73923
0.56535 0.49105 0.69947
0.44627 0.67539 0.76415
0.63256 0.54171 0.80059
0.71297 0.72218 0.88040
0.57262 0.49666 0.73935
0.50244 0.62016 0.75844
0.45504 0.50474 0.68567
0.44173 0.54342 0.74627
0.45008 0.41864 0.57634
0.43184 0.42250 0.64677
0.41165 0.56758 0.74028
0.40359 0.53952 0.61745
0.44718 0.63034 0.71436
0.38980 0.45053 0.63251
0.51448 0.55524 0.71651
0.44981 0.61853 0.79840
0.44840 0.65243 0.71768
0.54930 0.64892 0.84872
0.45157 0.54814 0.76352
0.30780 0.47622 0.65377
0.52772 0.61010 0.79819
0.68519 0.53445 0.75815
0.45901 0.59353 0.83887
0.59942 0.64951 0.79487
0.43502 0.59798 0.79335
0.52510 0.51813 0.72772
0.41577 0.55135 0.72379
0.63752 0.62881 0.78093
0.55461 0.45934 0.59905
0.72634 0.74735 0.85371
0.46392 0.49651 0.82379
0.30419 0.44181 0.60784
0.53201 0.64943 0.72461
0.49166 0.52333 0.57258
0.49105 0.54958 0.60231
0.39560 0.47045 0.66613
0.37840 0.57404 0.66680
0.59154 0.63106 0.65148
0.42865 0.37463 0.46385
0.48634 0.61441 0.70114
0.55132 0.58251 0.71571
0.42323 0.48029 0.74600
0.40050 0.58239 0.67243
0.48062 0.69002 0.75986
0.35639 0.51062 0.65862
0.72929 0.65564 0.82276
0.47432 0.51417 0.61424
0.48313 0.58472 0.73780
0.47294 0.53798 0.70947
0.43111 0.51282 0.66231
0.48604 0.57592 0.77892
0.46489 0.56723 0.79074
0.37888 0.56356 0.72852
0.45699 0.59373 0.74180
0.42605 0.49802 0.57934
0.41243 0.64849 0.72306
0.48889 0.46341 0.68460
0.49597 0.47170 0.53986
0.34532 0.54217 0.77017
0.60921 0.60103 0.66487
0.40366 0.49583 0.57173
0.42340 0.57374 0.74581
0.51324 0.59189 0.70967
0.39662 0.54153 0.74193
0.52207 0.53987 0.70239
0.43473 0.55380 0.61666
0.36783 0.47698 0.63244
0.49162 0.64521 0.81816
0.51610 0.55370 0.76049
0.37704 0.46487 0.61205
0.49871 0.61259 0.74754
0.40825 0.59324 0.82504
0.49893 0.46494 0.68044
0.64468 0.57339 0.70120
0.52965 0.65253 0.70684
0.47489 0.54533 0.62730
0.43054 0.47427 0.57871
0.36670 0.44867 0.55547
0.43090 0.57204 0.75734
0.41044 0.42485 0.49609
0.57857 0.59613 0.76316
0.43861 0.55092 0.76600
0.40730 0.55321 0.63968
0.67055 0.58970 0.74793
0.37831 0.41985 0.57152
0.55058 0.60914 0.76975
0.56414 0.59997 0.80596
0.39331 0.51043 0.68048
0.33372 0.59108 0.79145
0.57718 0.51705 0.64150
0.40800 0.48193 0.65302
0.46707 0.49428 0.69341
0.39501 0.57482 0.76482
0.37180 0.49365 0.75647
0.37057 0.46542 0.63113
0.48966 0.62638 0.81603
0.42053 0.62494 0.85300
0.49901 0.45644 0.56197
0.60454 0.59778 0.79743
0.45713 0.42988 0.59293
0.42691 0.45280 0.56131
0.50710 0.50548 0.67712
0.51969 0.55953 0.64226
0.55415 0.51337 0.66050
0.52866 0.53019 0.61549
0.71414 0.64232 0.77190
0.37364 0.61688 0.73986
0.52068 0.53056 0.61232
0.48731 0.54655 0.72513
0.58935 0.59111 0.75173
0.43431 0.56020 0.69422
0.46580 0.57215 0.84632
0.55005 0.51919 0.62259
0.41770 0.54435 0.70213
0.42084 0.49999 0.64561
0.61025 0.73925 0.80518
0.63751 0.64429 0.86160
0.51067 0.52407 0.70154
0.49955 0.50903 0.55306
0.33034 0.42439 0.65895
0.54317 0.50417 0.65402
0.56935 0.52873 0.65794
0.48581 0.62554 0.71459
0.63238 0.50441 0.65410
0.47596 0.58733 0.80839
0.42865 0.45673 0.57488
0.46124 0.61530 0.64125
0.35817 0.56932 0.77207
0.65314 0.66070 0.81383
0.50146 0.60211 0.67022
0.67713 0.67288 0.76370
0.50884 0.53237 0.72101
0.54066 0.59838 0.71160
0.46010 0.58349 0.85030
0.52413 0.56575 0.68735
0.49979 0.55436 0.65324
0.40702 0.53830 0.79270
0.45035 0.47254 0.61488
0.48871 0.55134 0.72781
0.65161 0.53515 0.68157
0.42259 0.50490 0.63881
0.59253 0.57060 0.75994
0.49967 0.62790 0.70279
0.40063 0.50581 0.62233
0.39401 0.40152 0.50356
0.65144 0.59673 0.66074
0.35553 0.58919 0.85095
0.75487 0.58831 0.78221
0.41082 0.50362 0.70591
0.44994 0.50131 0.77968
0.54936 0.61740 0.73750
0.55251 0.59539 0.72303
0.60385 0.54309 0.72436
0.50629 0.49302 0.72306
0.64785 0.57895 0.69209
0.53317 0.43093 0.69212
0.35913 0.46929 0.52101
0.26822 0.39354 0.57243
0.39990 0.57710 0.81855
0.48554 0.54146 0.70201
0.29113 0.33593 0.45562
0.64810 0.61554 0.66976
0.46397 0.51257 0.71790
0.64657 0.70777 0.69972
0.42816 0.50617 0.72147
0.57485 0.58230 0.72830
0.44846 0.47219 0.58658
0.75087 0.55008 0.74380
0.55385 0.50504 0.74490
0.50222 0.59466 0.81476
0.58514 0.60550 0.74747
0.59833 0.57088 0.64137
0.34374 0.51672 0.68054
0.42221 0.45635 0.68386
0.61317 0.67281 0.78976
0.31079 0.47150 0.60563
0.58271 0.60507 0.76092
0.37015 0.53142 0.69744
0.51968 0.65233 0.73910
0.41897 0.57857 0.52778
0.54928 0.62230 0.71479
0.57360 0.59707 0.65516
0.56964 0.41928 0.65946
0.70731 0.62996 0.81373
0.35509 0.61929 0.72267
0.35395 0.53190 0.70149
0.39245 0.56859 0.60882
0.45004 0.49425 0.76774
0.51186 0.54053 0.72121
0.50612 0.57453 0.65129
0.65445 0.64390 0.79448
0.65699 0.45831 0.64320
0.44012 0.51999 0.65842
0.47688 0.63107 0.69766
0.29191 0.53057 0.68369
0.26161 0.38054 0.59672
0.35841 0.57160 0.65352
0.41894 0.54788 0.70970
0.67163 0.62669 0.77157
0.47044 0.53984 0.65359
0.61529 0.57139 0.71552
0.53074 0.64908 0.73380
0.37499 0.40462 0.63517
0.61426 0.49003 0.74729
0.34027 0.49832 0.74774
0.60952 0.63452 0.70157
0.58591 0.54952 0.70118
0.36588 0.55252 0.59573
0.42269 0.55039 0.75380
0.36313 0.51319 0.69079
0.34636 0.56058 0.66055
0.48603 0.59942 0.72667
0.49327 0.58399 0.72548
0.50146 0.56550 0.60702
0.44205 0.60828 0.81843
0.62909 0.54437 0.78056
0.43005 0.54356 0.72609
0.41695 0.62527 0.75128
0.44728 0.52687 0.72102
0.62572 0.72108 0.80510
0.43589 0.58999 0.85283
0.49060 0.50884 0.65940
0.60571 0.48627 0.74651
0.61478 0.65225 0.82312
0.51480 0.62615 0.64204
0.35893 0.34295 0.49844
0.48378 0.52689 0.82196
0.46660 0.63980 0.72918
0.44316 0.48657 0.57989
0.42240 0.50684 0.69990
0.51532 0.55669 0.64857
0.33612 0.52592 0.82043
0.58542 0.59822 0.81373
0.67328 0.60873 0.78500
0.43952 0.58935 0.62390
0.53247 0.53145 0.74443
0.51290 0.56696 0.67919
0.51139 0.55462 0.66170
0.59764 0.55658 0.69090
0.54101 0.51259 0.58401
0.43660 0.52117 0.58741
0.49848 0.54300 0.66612
0.32162 0.40900 0.68838
0.60337 0.54151 0.62542
0.50527 0.58053 0.86556
0.70516 0.68172 0.81905
0.32188 0.52195 0.75352
0.35758 0.54279 0.78429
0.36428 0.43078 0.49232
0.67575 0.68570 0.74115
0.52478 0.69389 0.78293
0.62303 0.51889 0.70408
0.36076 0.51423 0.70331
0.59997 0.63363 0.64909
0.46494 0.49516 0.77408
0.44420 0.52719 0.64959
0.59766 0.62094 0.77142
0.43212 0.52248 0.75162
0.48338 0.53591 0.75495
0.46221 0.55122 0.66897
0.33494 0.51799 0.73867
0.41786 0.58234 0.65388
0.64182 0.59358 0.63266
0.53141 0.58397 0.76380
0.36070 0.51776 0.80478
0.52165 0.58996 0.72981
0.32144 0.40446 0.47618
0.66004 0.55191 0.67478
0.46041 0.53189 0.72807
0.39382 0.60595 0.81228
0.36544 0.49572 0.54073
0.52307 0.61089 0.75566
0.55175 0.62875 0.67976
0.43597 0.50939 0.77604
0.45856 0.53184 0.55801
0.38170 0.58111 0.74346
0.53737 0.57542 0.66634
0.34014 0.55807 0.66334
0.41232 0.58226 0.62128
0.45070 0.55574 0.63463
0.59897 0.55608 0.69196
0.26415 0.36361 0.55259
0.44174 0.48143 0.56026
0.39688 0.49000 0.71918
0.40851 0.53947 0.65249
0.51428 0.54661 0.63595
0.33757 0.42217 0.51081
0.55309 0.54308 0.66883
0.47216 0.61997 0.73713
0.53348 0.55831 0.64239
0.41146 0.58235 0.68998
0.39407 0.55568 0.78372
0.66461 0.51227 0.67482
0.38416 0.58170 0.63138
0.41544 0.45963 0.60318
0.37214 0.51996 0.70919
0.48107 0.55449 0.77715
0.32692 0.43525 0.66864
0.27903 0.44519 0.71342
0.31920 0.47191 0.56187
0.31885 0.46123 0.62094
0.53755 0.59982 0.61187
0.46735 0.42813 0.51863
0.73988 0.54553 0.76273
0.60648 0.63246 0.78073
0.53395 0.58723 0.62253
0.40662 0.60246 0.79125
0.56386 0.56232 0.75714
0.55591 0.57079 0.73571
0.54720 0.56514 0.80274
0.58978 0.53912 0.69783
0.37960 0.45891 0.62861
0.42781 0.45332 0.66486
0.48384 0.57787 0.77554
0.50318 0.44714 0.65069
0.46659 0.49694 0.72065
0.48998 0.47441 0.70446
0.50492 0.59472 0.63873
0.37049 0.49821 0.53927
0.53010 0.42099 0.61630
0.39837 0.52769 0.67201
0.55152 0.59359 0.76074
0.63560 0.63386 0.74075
0.58267 0.69273 0.83880
0.54316 0.55111 0.65204
0.46415 0.58069 0.79228
0.57356 0.46910 0.56003
0.47661 0.48357 0.69946
0.55765 0.51438 0.73250
0.58130 0.57939 0.76615
0.52959 0.43598 0.64509
0.66307 0.73943 0.80268
0.53316 0.57170 0.71297
0.37041 0.57705 0.57368
0.50863 0.54782 0.67853
0.54683 0.49599 0.77227
0.27276 0.50821 0.74372
0.48160 0.53880 0.76135
0.56843 0.66601 0.76279
0.47734 0.44852 0.70125
0.48774 0.54387 0.65900
0.47981 0.53420 0.74935
0.62497 0.48281 0.66709
0.38891 0.51459 0.71770
0.57594 0.63021 0.83412
0.51201 0.48297 0.70976
0.50286 0.62276 0.66641
0.41176 0.62566 0.64605
0.55654 0.60282 0.73241
0.60535 0.62639 0.72182
0.56180 0.56784 0.66222
0.68971 0.63651 0.76056
0.43948 0.49062 0.83057
0.49873 0.54030 0.62954
0.51183 0.55619 0.62067
0.47933 0.55980 0.71077
0.43726 0.62339 0.72840
0.35027 0.49639 0.68872
0.58381 0.67498 0.84189
0.55073 0.63338 0.84225
0.60652 0.67649 0.73272
0.57702 0.66792 0.70703
0.32011 0.56702 0.77343
0.38737 0.53345 0.80212
0.70476 0.48485 0.71048
0.62263 0.58969 0.71395
0.40666 0.53737 0.71960
0.57688 0.51382 0.72540
0.58229 0.50957 0.74103
0.41799 0.57871 0.70267
0.54035 0.48596 0.65689
0.28935 0.57323 0.75391
0.65448 0.63228 0.75110
0.61605 0.61822 0.72576
0.24688 0.42976 0.59971
0.43036 0.57828 0.80789
0.33955 0.53453 0.67894
0.49957 0.46170 0.62782
0.45390 0.51399 0.73761
0.44868 0.45597 0.68386
0.64671 0.54977 0.79989
0.50414 0.62000 0.59294
0.34035 0.42248 0.69650
0.59761 0.62601 0.79919
0.41365 0.51187 0.73230
0.46545 0.54321 0.70368
0.56607 0.47114 0.65503
0.34411 0.40571 0.67191
0.46219 0.57550 0.74281
0.33581 0.56058 0.76224
0.38180 0.59024 0.72482
0.47057 0.56842 0.70877
0.68163 0.70777 0.83239
0.43479 0.61093 0.74460
0.52693 0.54805 0.76133
0.29795 0.35934 0.49840
0.63338 0.63058 0.69739
0.50246 0.52767 0.73503
0.46289 0.54259 0.69067
0.53167 0.56513 0.71883
0.48961 0.66576 0.70697
0.47688 0.57070 0.72047
0.57322 0.53387 0.68761
0.35101 0.53908 0.53818
0.42892 0.55543 0.71829
0.49192 0.49262 0.72219
0.43149 0.55305 0.69120
0.38480 0.44210 0.59147
0.52937 0.55117 0.61142
0.45729 0.47221 0.71104
0.27608 0.39485 0.55553
0.40403 0.54917 0.71073
0.50685 0.58198 0.75151
0.76068 0.59525 0.76875
0.32667 0.52916 0.62471
0.28601 0.49917 0.64656
0.51523 0.58572 0.81348
0.48889 0.57169 0.76186
0.55039 0.61344 0.84245
0.53612 0.64011 0.76169
0.31170 0.45767 0.72160
0.59236 0.63923 0.76234
0.53486 0.45970 0.64279
0.61451 0.48377 0.73530
0.53553 0.46325 0.65526
0.68499 0.72762 0.73159
0.35445 0.38890 0.40782
0.63159 0.58001 0.68390
0.60085 0.57644 0.67050
0.44691 0.46055 0.75532
0.55502 0.53392 0.64314
0.58153 0.57379 0.69528
0.49044 0.59329 0.82051
0.35275 0.43466 0.55399
0.32758 0.47135 0.64418
0.41809 0.50610 0.71537
0.53219 0.65608 0.80740
0.31815 0.40945 0.56964
0.43232 0.57856 0.66940
0.42133 0.51020 0.55034
0.58332 0.53275 0.71921
0.43158 0.56280 0.69429
0.47660 0.56095 0.73365
0.57744 0.61665 0.80069
0.44227 0.50423 0.63351
0.55814 0.60357 0.72965
0.54081 0.62480 0.77511
0.23587 0.46860 0.71266
0.63084 0.69103 0.82930
0.54854 0.57577 0.59196
0.56170 0.54121 0.70526
0.48468 0.58373 0.64775
0.46670 0.48806 0.71043
0.69707 0.68897 0.84631
0.50492 0.57781 0.72536
0.50704 0.58223 0.69318
0.33070 0.51107 0.70429
0.69537 0.65402 0.77521
0.57880 0.52901 0.68567
0.58829 0.63312 0.71257
0.45232 0.57789 0.70055
0.46209 0.54484 0.56963
0.35646 0.48706 0.74802
0.33270 0.55173 0.81630
0.47504 0.60160 0.73616
0.47872 0.57062 0.71315
0.34803 0.51999 0.86023
0.45475 0.54359 0.76980
0.46653 0.49602 0.63662
0.56484 0.56504 0.71202
0.62674 0.61120 0.74214
0.40877 0.50173 0.51170
0.36592 0.53457 0.77716
0.62532 0.64288 0.78141
0.54125 0.62774 0.76221
0.53287 0.54214 0.70798
0.49754 0.51957 0.73292
0.50651 0.53137 0.70867
0.38640 0.45844 0.74542
0.58076 0.48320 0.65853
0.53741 0.65437 0.77189
0.79146 0.69194 0.82172
0.67475 0.61929 0.76542
0.50231 0.67474 0.85041
0.44839 0.52830 0.69474
0.60049 0.57831 0.72625
0.27384 0.48809 0.75686
0.35800 0.36111 0.54531
0.50867 0.42408 0.51887
0.70565 0.67196 0.78979
0.26888 0.36328 0.51732
0.46735 0.44155 0.71119
0.48445 0.40509 0.56514
0.54124 0.48333 0.74006
0.30807 0.57552 0.84375
0.44768 0.55868 0.63953
0.40260 0.55577 0.67886
0.48862 0.52427 0.61640
0.65198 0.66202 0.81621
0.48830 0.55278 0.77421
0.42987 0.47323 0.61778
0.45262 0.52552 0.76217
0.40111 0.49886 0.66606
0.43197 0.45218 0.66653
0.48358 0.61635 0.73386
0.48547 0.52820 0.69894
0.45503 0.47054 0.60173
0.45335 0.53314 0.71205
0.63664 0.66004 0.81896
0.28442 0.51459 0.78807
0.50402 0.54694 0.68433
0.32861 0.52463 0.59544
0.39601 0.46252 0.58321
0.48754 0.56520 0.68010
0.39270 0.52825 0.72660
0.25154 0.48526 0.57028
0.39803 0.46151 0.56307
0.43090 0.57236 0.75163
0.46144 0.52973 0.80682
0.67946 0.76664 0.85613
0.50232 0.50097 0.60229
0.54119 0.57649 0.68829
0.44637 0.56145 0.75594
0.40617 0.50841 0.75755
0.60182 0.49756 0.69108
0.46963 0.49853 0.70201
0.55041 0.51204 0.65170
0.30952 0.58581 0.76656
0.42982 0.52297 0.74090
0.49331 0.45103 0.53303
0.55076 0.57780 0.77598
0.58170 0.61378 0.79724
0.43874 0.52103 0.76839
0.38526 0.56369 0.60493
0.45769 0.58547 0.75945
0.53756 0.55005 0.70176
0.41736 0.53380 0.79858
0.48502 0.51139 0.66019
0.43688 0.47701 0.67310
0.46398 0.51108 0.63643
0.28892 0.58144 0.71057
0.50611 0.45822 0.64190
0.45200 0.34577 0.53556
0.46311 0.46022 0.69673
0.60711 0.57769 0.71363
0.51700 0.51554 0.70130
0.40570 0.34123 0.46353
0.51220 0.58580 0.75804
0.35396 0.32025 0.40771
0.45802 0.62846 0.78421
0.55945 0.56188 0.73071
0.48487 0.61601 0.68681
0.65503 0.66638 0.79562
0.59044 0.60204 0.75423
0.60953 0.67660 0.75241
0.31937 0.47699 0.67126
0.38567 0.57301 0.65571
0.46956 0.58121 0.76414
0.73132 0.61933 0.74603
0.40506 0.49175 0.57318
0.52191 0.48226 0.61280
0.45684 0.57406 0.69841
0.48106 0.53849 0.67306
0.47560 0.55368 0.60830
0.53084 0.53828 0.66084
0.66521 0.61773 0.77347
0.63601 0.51184 0.64443
0.43921 0.54607 0.72265
0.66357 0.77712 0.83769
0.58725 0.62779 0.70500
0.58184 0.52307 0.78109
0.72352 0.72141 0.83514
0.40008 0.47868 0.64158
0.56234 0.59050 0.69590
0.47920 0.35382 0.48055
0.49460 0.56690 0.67217
0.54687 0.50309 0.71256
0.55964 0.57325 0.76004
0.52075 0.58147 0.71453
0.60119 0.54378 0.72727
0.54250 0.67654 0.84408
0.43650 0.49062 0.54960
0.41430 0.62330 0.75587
0.50201 0.57764 0.74160
0.57991 0.48964 0.65405
0.56009 0.48792 0.67745
0.41781 0.55089 0.73264
0.50706 0.50646 0.68268
0.32946 0.52495 0.73697
0.53549 0.48987 0.67384
0.50873 0.46544 0.70458
0.58561 0.52806 0.60477
0.51462 0.58292 0.76896
0.47883 0.52735 0.74491
0.55558 0.50090 0.67169
0.62186 0.55437 0.67485
0.41734 0.56028 0.66466
0.59602 0.56126 0.66437
0.67667 0.68651 0.78900
0.25102 0.52869 0.76809
0.54400 0.53803 0.77352
0.44164 0.47284 0.54976
0.53015 0.60805 0.74793
0.32777 0.60296 0.74706
0.72288 0.64377 0.74966
0.42743 0.54569 0.67324
0.51771 0.49614 0.61659
0.53037 0.53444 0.64784
0.45749 0.40690 0.63297
0.54619 0.64917 0.73257
0.49679 0.55942 0.64361
0.46710 0.59843 0.70560
0.39093 0.60887 0.75680
0.39862 0.56841 0.71798
0.54900 0.61390 0.85364
0.41647 0.52989 0.52963
0.56902 0.59315 0.78674
0.39741 0.39747 0.51828
0.39068 0.34219 0.59998
0.51201 0.46517 0.74281
0.44592 0.55230 0.60875
0.46077 0.59869 0.78275
0.56595 0.60370 0.70863
0.56413 0.72692 0.79670
0.58560 0.59078 0.72454
0.42724 0.49802 0.71259
0.42367 0.54008 0.70396
0.56709 0.63001 0.80329
0.53926 0.67259 0.76431
0.62755 0.68496 0.66511
0.62512 0.45357 0.65664
0.51360 0.51016 0.72627
0.46728 0.52861 0.65561
0.44623 0.46595 0.59283
0.38261 0.50642 0.54017
0.54892 0.60196 0.76305
0.41728 0.36963 0.56361
0.37837 0.50270 0.63314
0.56440 0.51545 0.70664
0.57363 0.52260 0.72111
0.60743 0.64788 0.83161
0.59697 0.61698 0.68733
0.52268 0.58256 0.65171
0.52818 0.56170 0.81156
0.48124 0.65691 0.87753
0.57729 0.60811 0.67166
0.54753 0.59037 0.77598
0.60926 0.53932 0.79321
0.49901 0.61417 0.73016
0.59320 0.56686 0.72729
0.38916 0.60714 0.76774
0.39045 0.53540 0.64328
0.45427 0.55902 0.74006
0.57275 0.45059 0.69009
0.44945 0.45415 0.67315
0.56833 0.54072 0.74412
0.54358 0.52043 0.64215
0.49813 0.51678 0.71072
0.50175 0.53502 0.72219
0.43267 0.48982 0.68000
0.52058 0.59256 0.74493
0.46660 0.58983 0.70150
0.47511 0.55917 0.65898
0.51040 0.45928 0.66379
0.69612 0.67019 0.74142
0.48518 0.63287 0.66916
0.35015 0.52980 0.77143
0.62822 0.66519 0.72056
0.28823 0.33352 0.55654
0.36383 0.49781 0.60896
0.42440 0.53039 0.70273
0.48068 0.56071 0.74935
0.50494 0.63354 0.76961
0.39873 0.61833 0.81217
0.44171 0.51946 0.66842
0.45776 0.56995 0.80771
0.38336 0.53453 0.65398
0.46937 0.65764 0.76167
0.43778 0.49495 0.68722
0.39362 0.50405 0.58355
0.32628 0.42534 0.54284
0.45899 0.58633 0.68961
0.37528 0.46663 0.59807
0.25436 0.52339 0.84472
0.45850 0.49717 0.54390
0.38637 0.52748 0.72401
0.25724 0.47377 0.71954
