20 15 1000 23551 3322
0.01913 0.91713 0.59671
0.66279 0.54034 0.62007
0.81566 0.30095 0.81944
0.51338 0.00035 0.39166
0.41849 0.65744 0.93978
0.46926 0.81575 0.93299
0.77835 0.64678 0.75581
0.30330 0.29011 0.02653
0.46233 0.78641 0.22890
0.93882 0.94198 0.99286
0.72803 0.28000 0.84097
0.06930 0.83550 0.85112
0.89806 0.48425 0.37192
0.93146 0.26404 0.89400
0.17191 0.90480 0.36889
0.64418 0.63440 0.70589
0.64646 0.47568 0.69551
0.58724 0.68080 0.71591
0.50953 0.64321 0.70082
0.65151 0.47169 0.66151
0.59618 0.59842 0.67452
0.50471 0.63352 0.63487
0.60957 0.54911 0.68692
0.55654 0.58566 0.69841
0.54060 0.41864 0.54091
0.61724 0.61375 0.76424
0.53464 0.60931 0.62206
0.50776 0.51514 0.44084
0.51498 0.59255 0.65237
0.59492 0.56208 0.59582
0.51042 0.56108 0.67206
0.53208 0.58004 0.65337
0.50786 0.62714 0.66461
0.59664 0.56489 0.72471
0.56178 0.68003 0.73674
0.55080 0.67149 0.62686
0.41051 0.61511 0.55147
0.51525 0.55665 0.58592
0.46678 0.67571 0.66041
0.50272 0.56200 0.62439
0.52110 0.60574 0.67485
0.62027 0.56815 0.74448
0.54125 0.58092 0.59832
0.71403 0.60133 0.78929
0.44175 0.64591 0.66911
0.74964 0.59796 0.78269
0.50896 0.58016 0.51885
0.64218 0.61764 0.69010
0.52689 0.44793 0.62086
0.52991 0.46791 0.67057
0.45849 0.73021 0.60785
0.42201 0.66709 0.57306
0.58224 0.42999 0.64252
0.44624 0.60684 0.65081
0.45865 0.70920 0.55462
0.57848 0.53875 0.68731
0.61819 0.57072 0.70378
0.57068 0.55087 0.66848
0.45009 0.62745 0.58766
0.44559 0.61643 0.62563
0.63164 0.56106 0.72602
0.64813 0.61037 0.70887
0.62902 0.49093 0.69808
0.53295 0.53235 0.60387
0.52290 0.55637 0.64325
0.43581 0.54521 0.57380
0.48545 0.53754 0.64596
0.57126 0.56157 0.52423
0.41846 0.60082 0.62665
0.57430 0.48517 0.67662
0.58631 0.57137 0.67988
0.55160 0.61650 0.67724
0.68836 0.59969 0.78831
0.44208 0.58887 0.66405
0.53004 0.52760 0.58695
0.53362 0.60204 0.66987
0.60536 0.47052 0.68542
0.43810 0.58913 0.62463
0.61915 0.48716 0.54755
0.57727 0.74366 0.72252
0.58913 0.39484 0.60197
0.50688 0.62884 0.70557
0.64952 0.61615 0.78365
0.48934 0.45635 0.47764
0.58615 0.58682 0.77399
0.63540 0.47037 0.52700
0.48485 0.45919 0.47462
0.48497 0.64361 0.71309
0.52493 0.57859 0.66126
0.58828 0.60196 0.50508
0.53729 0.60451 0.65666
0.62827 0.52566 0.77352
0.51119 0.59082 0.63665
0.39010 0.53098 0.43027
0.39487 0.68963 0.65836
0.44909 0.48698 0.52721
0.56562 0.66576 0.70095
0.53733 0.61280 0.59169
0.56041 0.54042 0.63217
0.52194 0.56405 0.52636
0.60652 0.53266 0.70876
0.42869 0.54066 0.52329
0.60394 0.62741 0.72815
0.64029 0.57005 0.70269
0.49010 0.48454 0.43504
0.55929 0.51208 0.67708
0.60731 0.45453 0.70030
0.58725 0.71163 0.67553
0.56894 0.65682 0.62564
0.52747 0.56947 0.70894
0.66874 0.47313 0.55611
0.59910 0.62854 0.74812
0.47073 0.58724 0.59556
0.65988 0.48276 0.71280
0.55337 0.66671 0.78021
0.58866 0.54914 0.57364
0.56136 0.51943 0.70675
0.55605 0.59883 0.65787
0.55022 0.66246 0.71945
0.52767 0.59837 0.65153
0.58557 0.43882 0.65727
0.65250 0.60548 0.75306
0.55965 0.54293 0.59670
0.54764 0.59265 0.76603
0.54271 0.62770 0.65718
0.62282 0.44414 0.62761
0.58626 0.54479 0.67687
0.44003 0.74269 0.69073
0.45319 0.66410 0.70050
0.53611 0.55956 0.68801
0.62469 0.61555 0.67400
0.58152 0.56525 0.69226
0.53570 0.59778 0.70404
0.59786 0.61198 0.70862
0.57054 0.55295 0.69470
0.48265 0.65537 0.56738
0.53231 0.51703 0.51022
0.52987 0.52745 0.67986
0.54693 0.52248 0.67502
0.52318 0.60422 0.58855
0.56319 0.54535 0.70068
0.57795 0.52555 0.62483
0.40490 0.54093 0.62568
0.65126 0.40338 0.62029
0.46643 0.63501 0.56292
0.60660 0.59106 0.74530
0.63095 0.61331 0.70602
0.46346 0.65991 0.62885
0.48752 0.59982 0.64857
0.46164 0.57257 0.58566
0.56517 0.56701 0.71284
0.48590 0.62257 0.58150
0.58206 0.47783 0.59000
0.51746 0.57054 0.61009
0.57038 0.59106 0.70684
0.60300 0.43835 0.63607
0.47912 0.68486 0.70348
0.60616 0.44993 0.54043
0.61692 0.48543 0.69823
0.67401 0.46464 0.69520
0.62333 0.50044 0.62437
0.56386 0.49585 0.69229
0.66446 0.45515 0.64618
0.46177 0.57896 0.64116
0.50757 0.68003 0.67482
0.62219 0.47199 0.58938
0.59082 0.55762 0.65820
0.50133 0.54483 0.58385
0.59685 0.51286 0.53643
0.68648 0.59455 0.71882
0.52115 0.66997 0.61867
0.45888 0.64847 0.71223
0.63563 0.50367 0.71399
0.46377 0.56639 0.60536
0.71380 0.55698 0.67725
0.59978 0.54802 0.56440
0.40012 0.63165 0.54989
0.69226 0.54536 0.57673
0.43865 0.63220 0.49256
0.50711 0.57985 0.67559
0.68178 0.45581 0.66662
0.59729 0.76420 0.71458
0.49016 0.50101 0.53099
0.48588 0.58284 0.60090
0.65057 0.52630 0.68559
0.57662 0.59830 0.63647
0.57967 0.50077 0.57663
0.48229 0.45741 0.49391
0.67802 0.49293 0.58710
0.58730 0.54669 0.72149
0.56945 0.53240 0.64979
0.57365 0.56315 0.70301
0.57747 0.49201 0.66293
0.63904 0.70253 0.68656
0.69286 0.56726 0.72760
0.53388 0.57292 0.59851
0.58240 0.59699 0.71930
0.63046 0.47552 0.69579
0.54479 0.50852 0.54985
0.37754 0.57748 0.68494
0.40422 0.67040 0.69846
0.59785 0.54073 0.74598
0.57175 0.48600 0.54569
0.59235 0.60233 0.63427
0.46939 0.56127 0.55358
0.59049 0.57645 0.64725
0.68140 0.42305 0.70615
0.48341 0.46939 0.56926
0.45864 0.58697 0.70589
0.56062 0.64433 0.74970
0.46277 0.68415 0.58616
0.57956 0.59813 0.68485
0.62959 0.51340 0.63040
0.55426 0.61451 0.56442
0.60480 0.52196 0.59456
0.61303 0.65196 0.67107
0.60239 0.47359 0.73995
0.60159 0.47120 0.60964
0.53995 0.71190 0.77991
0.57976 0.59650 0.64820
0.49931 0.58150 0.73713
0.65673 0.52339 0.52421
0.49299 0.56913 0.64372
0.29681 0.75148 0.68550
0.67553 0.59827 0.70299
0.54317 0.58122 0.61823
0.52864 0.53540 0.60192
0.58244 0.55328 0.67048
0.63258 0.50890 0.64667
0.45542 0.66697 0.52022
0.49907 0.58910 0.63428
0.59163 0.42173 0.62519
0.63542 0.57587 0.71109
0.60720 0.65545 0.57820
0.55771 0.56090 0.63019
0.46372 0.69377 0.68655
0.55333 0.53198 0.62365
0.54229 0.56044 0.58631
0.46188 0.67178 0.63622
0.53381 0.61070 0.70950
0.47885 0.50298 0.55496
0.52631 0.56792 0.59426
0.50833 0.54053 0.60093
0.50936 0.41015 0.57192
0.64853 0.65218 0.68359
0.53049 0.67878 0.65438
0.62055 0.51280 0.63311
0.56069 0.57688 0.66769
0.58692 0.65047 0.48712
0.58847 0.57520 0.61583
0.54749 0.58150 0.72472
0.45527 0.63128 0.67193
0.49214 0.63072 0.53714
0.54048 0.59877 0.64049
0.57795 0.65533 0.70643
0.64544 0.61406 0.74991
0.54087 0.67961 0.76288
0.50517 0.53635 0.61113
0.52070 0.59897 0.72342
0.38863 0.67831 0.48029
0.57422 0.54698 0.63475
0.53469 0.44834 0.57059
0.56156 0.60256 0.69900
0.50641 0.72892 0.67951
0.61291 0.68861 0.68154
0.54454 0.58328 0.64994
0.50609 0.60624 0.66600
0.49756 0.63275 0.75521
0.64970 0.45469 0.78306
0.53655 0.66516 0.70833
0.62882 0.59271 0.69666
0.48174 0.50965 0.56014
0.63072 0.41258 0.57670
0.63295 0.44233 0.64106
0.53321 0.65347 0.65299
0.39743 0.72636 0.62079
0.53247 0.59185 0.63778
0.47538 0.47931 0.46461
0.56878 0.54434 0.63808
0.44220 0.71781 0.61232
0.42164 0.57708 0.61073
0.57072 0.69195 0.63642
0.35017 0.68251 0.50868
0.57531 0.69986 0.75445
0.42508 0.64243 0.68813
0.55377 0.45648 0.64179
0.49307 0.60683 0.72762
0.53035 0.64997 0.72740
0.55203 0.54670 0.68685
0.64677 0.67000 0.76160
0.56379 0.61576 0.61066
0.47746 0.54998 0.58358
0.40076 0.65962 0.64950
0.43502 0.53611 0.65744
0.57572 0.50625 0.64889
0.50802 0.56865 0.66217
0.54521 0.59069 0.74586
0.61606 0.56012 0.61906
0.56427 0.55787 0.68181
0.51693 0.61010 0.53126
0.49968 0.57600 0.54700
0.64047 0.55475 0.77166
0.53085 0.52323 0.63542
0.54002 0.53878 0.70020
0.36825 0.73246 0.58104
0.68025 0.51092 0.70257
0.63050 0.63759 0.68032
0.51453 0.53139 0.48452
0.58458 0.63956 0.71292
0.53847 0.53546 0.63841
0.42769 0.64842 0.60645
0.59780 0.45491 0.65161
0.53799 0.59550 0.68655
0.48996 0.59226 0.69778
0.47840 0.62966 0.59172
0.53674 0.59112 0.66041
0.61410 0.48083 0.66580
0.47707 0.52418 0.70336
0.45031 0.60495 0.56944
0.57212 0.60768 0.60594
0.70795 0.64612 0.72453
0.53422 0.43886 0.61471
0.51185 0.64827 0.70884
0.52819 0.60711 0.60712
0.44310 0.66863 0.69728
0.58820 0.60414 0.67744
0.56097 0.60370 0.73273
0.65839 0.67661 0.73276
0.56162 0.65865 0.67726
0.64670 0.61352 0.66657
0.53312 0.53040 0.55649
0.51380 0.54521 0.74315
0.65776 0.53362 0.70819
0.51771 0.58451 0.66576
0.50848 0.63125 0.66933
0.49054 0.61881 0.62042
0.55154 0.65897 0.65362
0.52981 0.62821 0.77533
0.50952 0.59836 0.73920
0.54853 0.65658 0.75329
0.58671 0.66367 0.69922
0.51407 0.64993 0.64908
0.48270 0.43614 0.45297
0.49764 0.68209 0.61833
0.48673 0.60025 0.66281
0.73486 0.53774 0.69642
0.64392 0.57537 0.72908
0.52713 0.51267 0.57406
0.46494 0.57801 0.47931
0.57506 0.47067 0.59004
0.45779 0.59498 0.65869
0.65162 0.50432 0.64593
0.60613 0.53107 0.67215
0.56301 0.71423 0.68376
0.56975 0.59412 0.61361
0.48162 0.50828 0.56826
0.54517 0.64055 0.68646
0.54120 0.54565 0.65417
0.50220 0.62441 0.53264
0.71543 0.32970 0.65636
0.61568 0.48237 0.60292
0.63230 0.58215 0.66886
0.62987 0.57927 0.71283
0.45269 0.53824 0.52024
0.56893 0.53850 0.65241
0.55344 0.64535 0.79374
0.46397 0.62467 0.63702
0.49982 0.61433 0.54195
0.56388 0.58697 0.64660
0.54729 0.54630 0.61162
0.50232 0.56233 0.58257
0.49011 0.64454 0.63316
0.51231 0.49824 0.46053
0.50804 0.54296 0.56569
0.63787 0.61703 0.66813
0.63081 0.56089 0.55465
0.48210 0.61889 0.73247
0.63520 0.59372 0.59128
0.57625 0.70470 0.73845
0.57045 0.61197 0.70142
0.50556 0.60367 0.66395
0.63755 0.52469 0.62594
0.67677 0.48780 0.67790
0.53744 0.53517 0.63456
0.54597 0.62868 0.70879
0.58362 0.53767 0.71497
0.45520 0.66772 0.75926
0.67982 0.57371 0.71451
0.60150 0.58341 0.67627
0.55238 0.51948 0.64315
0.47120 0.58703 0.55399
0.64001 0.58598 0.72558
0.69377 0.49046 0.61764
0.67558 0.56682 0.68163
0.47337 0.53484 0.47735
0.60255 0.60803 0.68808
0.40711 0.60129 0.56972
0.58297 0.51361 0.60891
0.64073 0.49034 0.59692
0.49380 0.64776 0.70116
0.54095 0.60309 0.63493
0.45022 0.68397 0.65428
0.57004 0.59604 0.74973
0.57541 0.52144 0.72447
0.59017 0.57523 0.63411
0.69891 0.48248 0.68481
0.42722 0.54894 0.55990
0.46689 0.57553 0.56654
0.51065 0.66892 0.55597
0.54150 0.63226 0.67390
0.44469 0.60122 0.65205
0.63414 0.57134 0.68630
0.46299 0.51984 0.54105
0.49633 0.69184 0.62242
0.49464 0.53897 0.50865
0.56141 0.61959 0.68038
0.53865 0.58087 0.62275
0.42185 0.55075 0.55741
0.40779 0.73850 0.67223
0.50106 0.54243 0.52445
0.54008 0.58633 0.57440
0.59381 0.56893 0.61267
0.52238 0.63314 0.62033
0.50672 0.64557 0.72312
0.58765 0.60463 0.73625
0.38271 0.63118 0.65240
0.30260 0.63367 0.54723
0.50572 0.62364 0.66123
0.53085 0.60891 0.51965
0.57053 0.60177 0.69354
0.51410 0.61049 0.66842
0.58357 0.61461 0.66946
0.44248 0.56235 0.63345
0.36878 0.69676 0.65850
0.60124 0.51520 0.67278
0.46954 0.68253 0.66717
0.62969 0.52390 0.62057
0.47452 0.65467 0.69011
0.46287 0.59540 0.51200
0.55002 0.61823 0.63270
0.56193 0.47981 0.58588
0.50802 0.60111 0.66492
0.50767 0.50681 0.61813
0.60010 0.61135 0.49142
0.53373 0.58567 0.68356
0.52565 0.64227 0.65533
0.52474 0.49568 0.57567
0.51459 0.60554 0.62309
0.64008 0.67775 0.72790
0.48283 0.55410 0.57069
0.47505 0.63612 0.68585
0.69625 0.53089 0.69364
0.58005 0.60650 0.66510
0.55741 0.54808 0.51952
0.66447 0.59922 0.72393
0.47298 0.68355 0.65791
0.40733 0.61615 0.60801
0.55175 0.45866 0.62824
0.62389 0.59536 0.65779
0.50906 0.65333 0.67389
0.59559 0.52871 0.60931
0.53973 0.58216 0.59006
0.45894 0.62146 0.58748
0.42283 0.66892 0.58371
0.51209 0.68220 0.54980
0.53686 0.43638 0.43052
0.47321 0.55327 0.55242
0.64169 0.63356 0.63684
0.66849 0.52548 0.74145
0.63794 0.50806 0.63644
0.49756 0.53663 0.67177
0.67737 0.65146 0.80815
0.58999 0.55140 0.59008
0.53191 0.57660 0.57809
0.44986 0.58244 0.55719
0.56942 0.52523 0.57965
0.51820 0.57056 0.50354
0.61819 0.66466 0.76047
0.56040 0.50418 0.61903
0.50664 0.52436 0.59666
0.66239 0.53039 0.68252
0.38504 0.61671 0.53757
0.59049 0.53693 0.58542
0.57816 0.61763 0.65802
0.41599 0.71425 0.64170
0.43617 0.52592 0.66053
0.57648 0.57125 0.76898
0.48125 0.52775 0.56520
0.58461 0.65366 0.77580
0.46555 0.59692 0.48129
0.55835 0.63143 0.71358
0.55204 0.59131 0.73496
0.50535 0.61497 0.69356
0.61508 0.57573 0.73881
0.65999 0.50061 0.65351
0.56934 0.53365 0.58027
0.58695 0.62083 0.59771
0.53725 0.52547 0.62524
0.63720 0.47385 0.67936
0.55727 0.49099 0.58062
0.59544 0.41635 0.64743
0.57067 0.61622 0.57223
0.46760 0.61984 0.72738
0.56184 0.52575 0.65616
0.52410 0.60982 0.66358
0.56137 0.60028 0.60132
0.61021 0.41946 0.71086
0.52363 0.56071 0.53987
0.48678 0.56762 0.62763
0.51062 0.62860 0.59564
0.53460 0.50985 0.61813
0.47202 0.70050 0.62843
0.57341 0.65663 0.71474
0.62495 0.76132 0.71506
0.40359 0.69208 0.65196
0.66585 0.53990 0.63962
0.58797 0.68220 0.73660
0.59616 0.47430 0.51733
0.44336 0.66557 0.71166
0.63244 0.55747 0.63794
0.51775 0.61134 0.61716
0.43209 0.62725 0.45309
0.63648 0.54230 0.69830
0.50148 0.50000 0.46665
0.75827 0.68393 0.82069
0.66766 0.43173 0.78111
0.43128 0.61617 0.52850
0.51215 0.57094 0.69317
0.58922 0.57103 0.56084
0.55045 0.53041 0.74093
0.69877 0.58719 0.70037
0.59687 0.68726 0.73449
0.31455 0.76928 0.60019
0.55860 0.53579 0.63162
0.45548 0.68641 0.61395
0.51487 0.62063 0.55712
0.54199 0.47656 0.59475
0.51715 0.53780 0.61413
0.52153 0.51757 0.68428
0.47269 0.70140 0.66168
0.69004 0.53531 0.75400
0.50016 0.59953 0.70340
0.71465 0.56515 0.76293
0.48892 0.66840 0.65220
0.48034 0.66192 0.72314
0.55474 0.69320 0.60837
0.44068 0.64829 0.67934
0.59548 0.51936 0.57226
0.56237 0.59490 0.69907
0.72161 0.57093 0.72751
0.46375 0.60051 0.57576
0.45622 0.72415 0.78542
0.56691 0.42979 0.66960
0.60787 0.49264 0.72900
0.49380 0.59843 0.63322
0.64912 0.57749 0.70077
0.45638 0.64727 0.65941
0.63206 0.49461 0.56344
0.60038 0.56325 0.66981
0.41743 0.72659 0.62958
0.57648 0.59894 0.64399
0.66456 0.59384 0.72944
0.62718 0.48814 0.66314
0.59029 0.62182 0.63147
0.46066 0.59998 0.54049
0.59698 0.50837 0.64214
0.52730 0.55566 0.73225
0.57059 0.49834 0.65249
0.57213 0.60969 0.71246
0.66130 0.47540 0.55543
0.48072 0.65628 0.68432
0.51688 0.60000 0.59052
0.62366 0.71898 0.72243
0.56211 0.60986 0.67346
0.55575 0.50567 0.62003
0.49803 0.56656 0.60299
0.57078 0.49804 0.45590
0.59132 0.55556 0.73784
0.50275 0.56717 0.60503
0.44876 0.64202 0.66051
0.60305 0.44184 0.67363
0.54978 0.51885 0.66243
0.60780 0.41293 0.61721
0.47179 0.66942 0.68643
0.64924 0.62680 0.68185
0.52398 0.71610 0.75336
0.53571 0.57228 0.58726
0.54697 0.54251 0.63626
0.52683 0.45704 0.57875
0.47070 0.57635 0.61558
0.49987 0.39214 0.49703
0.54601 0.55573 0.59828
0.60394 0.56800 0.64953
0.60038 0.55818 0.71122
0.63005 0.47890 0.70668
0.49524 0.47857 0.58512
0.46476 0.48823 0.53548
0.58133 0.45387 0.54531
0.47194 0.57171 0.59433
0.63437 0.56818 0.69703
0.62367 0.43770 0.45861
0.50600 0.57361 0.70896
0.57950 0.60938 0.73289
0.53974 0.48033 0.58508
0.60109 0.58423 0.64731
0.37124 0.61818 0.65817
0.58977 0.49010 0.60394
0.42350 0.64433 0.61749
0.47427 0.68071 0.65411
0.48598 0.57157 0.63204
0.51297 0.62252 0.52210
0.54640 0.64414 0.57804
0.52300 0.49908 0.54791
0.60278 0.47880 0.65967
0.51270 0.57772 0.59253
0.64932 0.48733 0.68751
0.60284 0.58213 0.64298
0.43812 0.60288 0.60571
0.54152 0.58081 0.50013
0.42815 0.73545 0.67557
0.58181 0.66193 0.67696
0.49884 0.60477 0.64316
0.51866 0.48697 0.57952
0.71120 0.58416 0.70534
0.45554 0.60647 0.54197
0.56128 0.51813 0.59322
0.55080 0.70614 0.67879
0.64677 0.72178 0.70389
0.61633 0.60898 0.67352
0.41183 0.57616 0.63922
0.50816 0.58338 0.49885
0.54721 0.48663 0.57505
0.59724 0.55478 0.72203
0.49622 0.61848 0.65607
0.56633 0.58478 0.67882
0.63988 0.46853 0.72464
0.68445 0.47614 0.67783
0.40237 0.57225 0.60967
0.54833 0.57864 0.65380
0.42073 0.58476 0.53215
0.54766 0.45993 0.52675
0.62650 0.49169 0.69264
0.53725 0.62151 0.70307
0.57718 0.66251 0.77763
0.53616 0.47754 0.58929
0.43087 0.61823 0.65029
0.39399 0.65747 0.57480
0.58787 0.54021 0.74627
0.56614 0.51987 0.64177
0.55296 0.62825 0.62616
0.41017 0.60953 0.60272
0.68352 0.56630 0.70360
0.52397 0.59428 0.63111
0.59186 0.59547 0.74723
0.49954 0.64260 0.69325
0.56327 0.59481 0.73529
0.51846 0.66140 0.51936
0.47880 0.54836 0.65263
0.53539 0.66166 0.70833
0.58724 0.56514 0.75453
0.47573 0.52868 0.54380
0.43407 0.60786 0.67223
0.43549 0.63792 0.63919
0.53109 0.63544 0.68787
0.52349 0.63228 0.63433
0.63998 0.41192 0.69249
0.44593 0.68551 0.59361
0.55826 0.58581 0.61468
0.62538 0.56984 0.66201
0.63991 0.49166 0.73815
0.60798 0.56020 0.68129
0.69655 0.56026 0.69421
0.60513 0.46595 0.62459
0.55375 0.48634 0.50062
0.57535 0.46297 0.57270
0.35295 0.70970 0.46410
0.60654 0.51486 0.65921
0.53550 0.61744 0.67826
0.50535 0.61965 0.57892
0.52112 0.65127 0.54536
0.60780 0.53146 0.66890
0.67039 0.71221 0.70830
0.57363 0.57099 0.74688
0.56860 0.60608 0.72481
0.54497 0.62024 0.60993
0.44419 0.73007 0.69341
0.44208 0.56795 0.53522
0.60564 0.63712 0.66341
0.57750 0.59934 0.60490
0.57983 0.63637 0.69567
0.52414 0.51954 0.75596
0.49605 0.61067 0.61799
0.44484 0.53040 0.59206
0.53208 0.65910 0.76425
0.44986 0.63471 0.70016
0.62872 0.53620 0.62838
0.64316 0.47373 0.67979
0.52741 0.56600 0.70275
0.61149 0.50404 0.65799
0.63042 0.52876 0.63188
0.51067 0.68076 0.70454
0.37139 0.61371 0.62791
0.58181 0.60504 0.74127
0.54392 0.61537 0.59764
0.55508 0.73193 0.68925
0.51668 0.57344 0.62035
0.47781 0.48422 0.62937
0.67833 0.60958 0.75112
0.61500 0.47378 0.61603
0.55613 0.63019 0.70970
0.61176 0.51322 0.70111
0.63024 0.57520 0.70402
0.57629 0.67988 0.81796
0.59651 0.45980 0.69906
0.47069 0.59176 0.71664
0.54242 0.44166 0.41177
0.50332 0.55443 0.51410
0.51799 0.58273 0.57620
0.60204 0.53106 0.53522
0.62648 0.53570 0.74707
0.57119 0.67257 0.78679
0.58541 0.58950 0.65121
0.49169 0.59471 0.56008
0.62835 0.55749 0.72496
0.56577 0.59354 0.71691
0.58897 0.51252 0.68295
0.55503 0.46620 0.66145
0.59324 0.48558 0.69035
0.60267 0.54472 0.68665
0.64594 0.57778 0.67475
0.45138 0.62692 0.66631
0.53115 0.62597 0.71501
0.51148 0.67961 0.53057
0.57561 0.62450 0.77561
0.64437 0.55620 0.65411
0.53624 0.64181 0.63317
0.49112 0.60523 0.63411
0.58422 0.61144 0.74048
0.56310 0.68052 0.71716
0.59120 0.55416 0.65129
0.59734 0.63577 0.71389
0.55073 0.51193 0.60220
0.58942 0.54810 0.65721
0.55070 0.65337 0.55927
0.57225 0.45701 0.63743
0.57393 0.55085 0.64544
0.54408 0.62478 0.61975
0.63247 0.68367 0.71280
0.51024 0.55066 0.53496
0.39244 0.63638 0.53765
0.37252 0.71653 0.61315
0.44059 0.66955 0.62258
0.61489 0.58490 0.62098
0.55595 0.57643 0.75800
0.40125 0.64091 0.59844
0.57563 0.58090 0.50741
0.49838 0.61457 0.69322
0.63804 0.51695 0.65248
0.47023 0.50568 0.49457
0.54364 0.73971 0.71183
0.66256 0.46756 0.60053
0.53798 0.59108 0.64756
0.54712 0.60103 0.59379
0.48296 0.58791 0.68999
0.55887 0.58123 0.65483
0.54124 0.49182 0.64491
0.50274 0.60060 0.64001
0.49308 0.61913 0.53438
0.48334 0.57502 0.69295
0.52563 0.57383 0.68581
0.63076 0.56496 0.66509
0.55281 0.59231 0.69128
0.53786 0.59661 0.59047
0.49165 0.70721 0.64581
0.60643 0.65891 0.71816
0.55467 0.72686 0.65698
0.53117 0.64222 0.66489
0.50597 0.52804 0.60034
0.66024 0.61955 0.75612
0.46327 0.52093 0.62185
0.54558 0.52396 0.71255
0.50658 0.56853 0.69420
0.43690 0.59670 0.58241
0.49927 0.46391 0.52204
0.57350 0.56241 0.64949
0.41055 0.66093 0.56980
0.67997 0.44747 0.66400
0.50965 0.65084 0.60160
0.41470 0.68259 0.64061
0.47381 0.57938 0.59125
0.65223 0.49101 0.62762
0.50772 0.67838 0.63384
0.59102 0.54210 0.61369
0.41649 0.69223 0.73462
0.60061 0.60088 0.71981
0.62488 0.50268 0.67537
0.49659 0.56473 0.57177
0.53019 0.50788 0.50402
0.53999 0.57747 0.69133
0.65435 0.62276 0.68173
0.50524 0.54595 0.60102
0.49373 0.59913 0.61650
0.45084 0.68352 0.68600
0.60784 0.47457 0.70140
0.56663 0.69423 0.75460
0.58453 0.48638 0.59996
0.53685 0.52596 0.50933
0.56711 0.60538 0.63651
0.57025 0.46932 0.61399
0.62015 0.59767 0.70208
0.55664 0.58260 0.57217
0.48056 0.63407 0.69582
0.54504 0.53003 0.59049
0.58441 0.50887 0.67027
0.54378 0.57917 0.66009
0.62388 0.59642 0.71980
0.55163 0.59232 0.63605
0.40622 0.67568 0.53688
0.69549 0.63842 0.76989
0.44226 0.50330 0.56851
0.63118 0.64628 0.62449
0.63572 0.54284 0.66359
0.67311 0.54746 0.72655
0.53774 0.59486 0.58575
0.63137 0.49694 0.71805
0.63500 0.51468 0.76486
0.39592 0.65804 0.73504
0.55698 0.57576 0.65433
0.54905 0.63767 0.75832
0.67102 0.57590 0.71062
0.58150 0.60241 0.67747
0.62944 0.56485 0.64953
0.57059 0.51955 0.73893
0.64252 0.42737 0.66937
0.57611 0.62843 0.68941
0.41743 0.60572 0.51494
0.52038 0.48077 0.54595
0.53956 0.55565 0.63279
0.57656 0.50347 0.65138
0.49023 0.53153 0.62777
0.57829 0.49938 0.60780
0.41137 0.72662 0.71312
0.58031 0.61422 0.63892
0.57767 0.61684 0.77153
0.43121 0.64430 0.59648
0.57995 0.45694 0.63916
0.53492 0.58455 0.66284
0.50035 0.66360 0.66822
0.54235 0.59243 0.69099
0.45760 0.51084 0.54469
0.42284 0.63798 0.65677
0.60261 0.65675 0.63621
0.56933 0.58504 0.61962
0.44605 0.64256 0.59569
0.57757 0.59875 0.65768
0.57809 0.53557 0.68777
0.51822 0.58320 0.61847
0.62315 0.51789 0.61857
0.37646 0.67520 0.50016
0.64549 0.50049 0.63804
0.59413 0.64172 0.61038
0.60566 0.51025 0.70311
0.58452 0.41469 0.57795
0.49373 0.60980 0.73430
0.58707 0.51668 0.65663
0.52442 0.58761 0.70552
0.47250 0.67659 0.63488
0.50117 0.74810 0.71264
0.57086 0.55625 0.72011
0.57325 0.64932 0.66023
0.53964 0.52046 0.53980
0.52635 0.51354 0.56652
0.56581 0.60382 0.67048
0.38457 0.61758 0.56033
0.53839 0.50043 0.54813
0.51806 0.53019 0.69054
0.45196 0.50696 0.59871
0.61909 0.55836 0.59399
0.54424 0.49586 0.62221
0.51354 0.63631 0.62529
0.60057 0.51142 0.65195
0.46561 0.61483 0.51281
0.52506 0.57037 0.61661
0.51548 0.67915 0.64957
0.59573 0.39077 0.60138
0.44788 0.57493 0.66479
0.39935 0.67034 0.74459
0.58087 0.40892 0.50857
0.48738 0.60752 0.63261
0.52928 0.57985 0.56932
0.51713 0.62650 0.62038
0.52602 0.63745 0.62502
0.61474 0.48255 0.56223
0.53949 0.63934 0.63376
0.53197 0.72254 0.73932
0.52827 0.45817 0.56174
0.52366 0.53761 0.58740
0.51857 0.61569 0.69061
0.59203 0.44884 0.73823
0.58649 0.54256 0.57536
0.45358 0.48929 0.55025
0.59072 0.49597 0.58143
0.66319 0.49869 0.69768
0.51281 0.50158 0.57563
0.45154 0.64854 0.52764
0.55362 0.57038 0.61827
0.63057 0.59918 0.68951
0.44132 0.64387 0.55261
0.54310 0.50623 0.58869
0.72085 0.52382 0.69691
0.62387 0.43098 0.68190
0.42789 0.60378 0.59816
0.49413 0.57189 0.67609
0.59140 0.46055 0.60079
0.52347 0.59096 0.58520
0.54247 0.57236 0.52938
0.57695 0.55593 0.58250
0.44623 0.60291 0.52889
0.56804 0.60126 0.63530
0.45397 0.68760 0.72302
0.53003 0.36686 0.47082
0.49620 0.57602 0.59886
0.56418 0.54035 0.60085
0.52461 0.59498 0.54920
0.43007 0.66017 0.67994
0.60355 0.45304 0.58529
0.68679 0.51829 0.65464
0.60314 0.59122 0.62658
0.48719 0.58766 0.61979
0.43310 0.66246 0.74436
0.42779 0.55414 0.62742
0.57938 0.50052 0.68015
0.47709 0.52787 0.49214
0.54685 0.59863 0.75815
0.55275 0.62745 0.69921
0.52285 0.51467 0.59670
0.50789 0.54489 0.65485
0.48521 0.66491 0.70399
0.54156 0.54663 0.59225
0.58423 0.66546 0.73095
0.51716 0.53944 0.67796
0.48755 0.61005 0.67251
0.49492 0.57924 0.72619
0.51051 0.52413 0.54071
0.60313 0.51935 0.70118
0.68727 0.50078 0.75284
0.59825 0.52045 0.61073
0.41172 0.65167 0.61946
0.45819 0.52833 0.61441
0.50003 0.54453 0.53348
0.59830 0.41648 0.58509
0.57165 0.56932 0.74343
0.50798 0.53971 0.66900
0.44707 0.62621 0.65105
0.58128 0.54642 0.63700
0.59801 0.48837 0.61644
0.51083 0.57070 0.69423
0.57278 0.55164 0.66703
0.53885 0.52445 0.59854
0.53293 0.54165 0.58295
0.47191 0.64869 0.63715
0.56810 0.58295 0.69329
0.50590 0.55074 0.63276
0.47315 0.57154 0.58713
0.54010 0.62589 0.54656
0.53557 0.58331 0.72500
0.58463 0.62693 0.83143
0.45809 0.59111 0.50769
0.56294 0.53133 0.75822
0.69420 0.58922 0.76314
0.48356 0.60330 0.58924
0.51806 0.62754 0.77348
0.53554 0.51263 0.50605
0.43755 0.74836 0.55916
0.52064 0.55993 0.58910
0.59243 0.72100 0.79549
0.55621 0.57632 0.68239
0.61298 0.37907 0.61670
0.64769 0.47827 0.57976
0.52909 0.61884 0.70324
0.51101 0.62085 0.55995
0.44795 0.63333 0.57084
0.53872 0.43838 0.51166
0.66381 0.48395 0.53160
0.53659 0.60865 0.77215
0.60730 0.52598 0.57298
0.60292 0.54938 0.64240
0.60898 0.44368 0.52599
0.47513 0.59823 0.52426
0.54044 0.46911 0.53779
0.60372 0.60973 0.68464
0.50814 0.56435 0.57428
0.59064 0.53843 0.58781
0.56021 0.52115 0.65286
0.48640 0.58508 0.58313
0.43790 0.62018 0.54698
0.50062 0.60479 0.59465
0.55252 0.43626 0.57731
0.62792 0.50352 0.58683
0.54883 0.42262 0.47518
0.47921 0.62844 0.61233
0.57695 0.53612 0.60993
0.64990 0.53427 0.65976
0.64132 0.58413 0.56462
0.47554 0.54857 0.59782
0.56828 0.44998 0.66305
0.43891 0.62572 0.68656
0.51194 0.63209 0.58770
0.62815 0.51390 0.65613
0.54928 0.55696 0.58148
0.64582 0.56487 0.62235
0.52482 0.52517 0.56292
0.53925 0.64265 0.71553
0.45874 0.58343 0.61302
0.61239 0.62085 0.64531
