20 5 1000 58642 272
0.42326 0.76793 0.03757
0.51303 0.35004 0.71269
0.59628 0.42809 0.24515
0.02090 0.15832 0.82592
0.75349 0.52302 0.29764
0.24488 0.29233 0.64052
0.24130 0.40805 0.50297
0.40028 0.53053 0.36372
0.38306 0.52537 0.32119
0.34444 0.31222 0.64491
0.51434 0.54039 0.31766
0.58744 0.47590 0.30991
0.36160 0.36607 0.49074
0.62489 0.45464 0.34009
0.47833 0.61724 0.22449
0.48824 0.51452 0.31836
0.46131 0.37079 0.54717
0.23885 0.33603 0.61319
0.56762 0.45866 0.48184
0.24803 0.27754 0.66815
0.55686 0.42317 0.33757
0.29238 0.33594 0.61319
0.51575 0.42002 0.51006
0.66196 0.53157 0.26860
0.57075 0.42581 0.40612
0.33724 0.31906 0.52242
0.37902 0.34551 0.58799
0.48987 0.56154 0.24316
0.27897 0.40917 0.47186
0.35122 0.36635 0.57758
0.55486 0.60800 0.19646
0.36068 0.34910 0.51706
0.45926 0.38576 0.58700
0.51115 0.67118 0.14684
0.48560 0.56800 0.22207
0.55158 0.42635 0.46008
0.41183 0.64332 0.19835
0.53925 0.39790 0.47926
0.54212 0.47288 0.38710
0.52879 0.47635 0.41651
0.54142 0.43883 0.48485
0.40099 0.40448 0.49777
0.39985 0.54890 0.28739
0.43276 0.66549 0.15406
0.46870 0.56947 0.28146
0.47753 0.38673 0.56968
0.44866 0.37219 0.52034
0.56838 0.52324 0.32340
0.45662 0.55866 0.31612
0.32073 0.30518 0.62786
0.59259 0.48386 0.31876
0.54487 0.45639 0.37425
0.50785 0.46915 0.34423
0.39562 0.50823 0.35862
0.46313 0.44323 0.52620
0.56942 0.47268 0.40582
0.39977 0.50509 0.35134
0.48636 0.45188 0.37218
0.46120 0.43936 0.39657
0.19739 0.28052 0.66458
0.45080 0.55434 0.31399
0.39329 0.36077 0.49653
0.45547 0.46055 0.44113
0.43677 0.57622 0.28164
0.59275 0.44887 0.37054
0.28959 0.31599 0.64408
0.53356 0.41067 0.45276
0.52395 0.40784 0.49840
0.37425 0.44201 0.48633
0.57758 0.51721 0.36079
0.53405 0.49347 0.36736
0.69243 0.54441 0.28140
0.52209 0.54991 0.30613
0.60623 0.45799 0.37350
0.22677 0.24692 0.71402
0.45261 0.46951 0.40825
0.50849 0.40994 0.44491
0.53815 0.46899 0.33714
0.51175 0.41405 0.34762
0.40574 0.41603 0.55949
0.28211 0.33088 0.60608
0.41817 0.38226 0.54462
0.20608 0.34746 0.59162
0.42985 0.49216 0.42759
0.44107 0.50665 0.32239
0.38927 0.50195 0.36834
0.46979 0.52876 0.30018
0.40472 0.43668 0.41499
0.47679 0.40793 0.57825
0.38180 0.39034 0.54296
0.47113 0.46999 0.39342
0.56405 0.49159 0.28705
0.52517 0.38915 0.51824
0.51080 0.39496 0.41341
0.52946 0.42866 0.42740
0.50797 0.54377 0.30883
0.53371 0.47577 0.44198
0.36574 0.31728 0.62632
0.48330 0.39176 0.50524
0.46843 0.62653 0.15866
0.55389 0.43314 0.40710
0.64517 0.48249 0.32198
0.36142 0.38596 0.45361
0.49500 0.40721 0.48805
0.49249 0.49422 0.26598
0.55430 0.45150 0.29573
0.53241 0.39901 0.44272
0.55602 0.41865 0.47019
0.57921 0.46675 0.26388
0.48705 0.54787 0.26348
0.54574 0.46934 0.45618
0.52610 0.56140 0.29633
0.38896 0.46105 0.44626
0.63909 0.49380 0.29340
0.50408 0.40836 0.54274
0.43120 0.53120 0.31590
0.50664 0.50881 0.40528
0.60355 0.46945 0.41583
0.54023 0.50386 0.27923
0.53014 0.42756 0.38538
0.51765 0.53280 0.25540
0.45249 0.46027 0.47616
0.45542 0.43102 0.36168
0.39876 0.49091 0.41974
0.34845 0.49149 0.36779
0.49289 0.39159 0.43258
0.53095 0.42905 0.29009
0.54193 0.53640 0.29176
0.56730 0.42690 0.36992
0.62874 0.53188 0.23974
0.48151 0.58494 0.23174
0.63276 0.54337 0.25965
0.55714 0.55854 0.28652
0.58844 0.53320 0.26391
0.54579 0.42822 0.37194
0.46473 0.46164 0.42569
0.47418 0.55274 0.35847
0.43223 0.35399 0.60202
0.51509 0.39599 0.54909
0.35922 0.32704 0.56968
0.45728 0.37282 0.43074
0.40803 0.39997 0.49249
0.48525 0.48588 0.42719
0.53376 0.41347 0.47829
0.38695 0.35883 0.49607
0.47039 0.37821 0.52900
0.53374 0.47675 0.34929
0.45078 0.35733 0.57872
0.47598 0.42337 0.40071
0.58547 0.48894 0.34161
0.53876 0.39383 0.45940
0.36803 0.33936 0.47942
0.30376 0.38094 0.53616
0.36424 0.40987 0.52645
0.56353 0.45910 0.42284
0.46348 0.38146 0.42166
0.54031 0.42075 0.36474
0.30994 0.40576 0.51259
0.57531 0.45356 0.41442
0.28690 0.30946 0.55694
0.45729 0.51668 0.27540
0.44203 0.39733 0.48085
0.34837 0.34019 0.57130
0.45967 0.50839 0.35178
0.36036 0.42088 0.43670
0.43936 0.47225 0.40763
0.39987 0.52202 0.39607
0.50076 0.39149 0.60916
0.16584 0.23897 0.70777
0.16403 0.22898 0.75033
0.35490 0.36852 0.52770
0.54506 0.42504 0.44256
0.54365 0.45979 0.38794
0.54681 0.47863 0.36170
0.44128 0.35790 0.44720
0.49374 0.50654 0.34308
0.49808 0.54491 0.27947
0.40792 0.44670 0.45733
0.34853 0.52649 0.31994
0.56122 0.43287 0.46155
0.47319 0.41385 0.47217
0.42759 0.38937 0.46364
0.25393 0.28546 0.60037
0.47613 0.43298 0.38075
0.49753 0.45595 0.38631
0.66020 0.53425 0.27366
0.41740 0.44845 0.49599
0.44365 0.67268 0.14935
0.50040 0.55730 0.23664
0.47587 0.45835 0.44499
0.40684 0.50703 0.38752
0.39568 0.33711 0.59300
0.49932 0.47009 0.35894
0.43106 0.41094 0.52007
0.44745 0.38098 0.49326
0.27597 0.29750 0.65646
0.49029 0.65682 0.12859
0.45793 0.37472 0.58099
0.33572 0.32963 0.57151
0.61899 0.45013 0.42844
0.47814 0.40586 0.34311
0.52948 0.48381 0.32504
0.58830 0.44248 0.45905
0.40771 0.35549 0.45949
0.27472 0.33646 0.55833
0.43270 0.58579 0.23520
0.39684 0.58148 0.27701
0.54261 0.44332 0.41874
0.17539 0.27188 0.66010
0.49850 0.49475 0.35841
0.57337 0.45864 0.34177
0.49494 0.39019 0.38769
0.45654 0.47497 0.32619
0.35349 0.35753 0.56446
0.42111 0.65459 0.19190
0.46571 0.45327 0.44879
0.36070 0.42778 0.46388
0.31818 0.37984 0.52152
0.48716 0.43012 0.47821
0.48454 0.56749 0.23644
0.48414 0.47990 0.38152
0.33729 0.34351 0.54275
0.46982 0.58216 0.24010
0.33825 0.35537 0.54736
0.43079 0.40853 0.45903
0.57583 0.43482 0.34877
0.52858 0.37973 0.58711
0.57657 0.51270 0.36890
0.47436 0.39087 0.48737
0.42557 0.37855 0.41576
0.44099 0.43749 0.38336
0.24308 0.29941 0.61125
0.54483 0.45886 0.38235
0.41047 0.44218 0.48471
0.41046 0.42020 0.49547
0.50726 0.42444 0.45938
0.26162 0.28681 0.63954
0.49735 0.59392 0.23135
0.39980 0.40307 0.46469
0.63442 0.49005 0.35940
0.49083 0.59033 0.24525
0.59601 0.43012 0.40099
0.56401 0.46629 0.39710
0.53695 0.41815 0.44696
0.43482 0.39955 0.52538
0.49475 0.40851 0.45904
0.63439 0.49229 0.29804
0.34764 0.38608 0.46693
0.43038 0.36205 0.54848
0.42371 0.48453 0.41405
0.44445 0.43608 0.50691
0.55949 0.50653 0.27537
0.42139 0.44051 0.44667
0.47977 0.46651 0.36021
0.41458 0.41354 0.47616
0.18361 0.28143 0.66252
0.53200 0.44227 0.42952
0.50118 0.56128 0.29887
0.51178 0.41196 0.44882
0.41220 0.44960 0.43193
0.35696 0.45093 0.49744
0.53647 0.49347 0.38379
0.56347 0.45495 0.35592
0.48494 0.49711 0.33807
0.39392 0.36532 0.51541
0.49888 0.42426 0.31458
0.46842 0.39493 0.43408
0.58239 0.50833 0.34132
0.25181 0.26806 0.60927
0.40800 0.39092 0.48297
0.58285 0.54767 0.27465
0.46657 0.44472 0.45347
0.46654 0.58023 0.24426
0.39183 0.41946 0.50813
0.62664 0.48072 0.30939
0.48557 0.44672 0.42417
0.46006 0.40369 0.56487
0.59114 0.57870 0.22971
0.54377 0.48385 0.36003
0.55223 0.42647 0.37723
0.48629 0.38635 0.51015
0.45327 0.45993 0.47126
0.30632 0.28398 0.70819
0.49892 0.49340 0.42906
0.48293 0.57466 0.26462
0.65780 0.49491 0.32437
0.48648 0.46892 0.47070
0.26479 0.33017 0.60517
0.61606 0.46544 0.38196
0.37698 0.33759 0.62359
0.21743 0.26852 0.65631
0.25426 0.26851 0.69466
0.52650 0.52434 0.32867
0.42293 0.46531 0.45115
0.50582 0.45562 0.30156
0.53797 0.57144 0.30481
0.41679 0.33167 0.64171
0.66980 0.47156 0.36006
0.60510 0.46348 0.42351
0.40791 0.36272 0.54173
0.34137 0.39917 0.48761
0.23858 0.40493 0.49940
0.41181 0.33915 0.59494
0.48247 0.36303 0.56001
0.47340 0.66095 0.18238
0.60654 0.44491 0.35605
0.36236 0.34309 0.61488
0.44547 0.58180 0.26980
0.42184 0.53729 0.26915
0.48222 0.53684 0.30928
0.54576 0.59010 0.18898
0.50506 0.39676 0.42673
0.51051 0.40097 0.56169
0.40071 0.36939 0.44657
0.60360 0.48116 0.30889
0.55323 0.45537 0.40576
0.51244 0.43239 0.51252
0.55793 0.40481 0.46040
0.49827 0.47869 0.32179
0.51300 0.61194 0.24615
0.39769 0.38852 0.54625
0.32352 0.30930 0.58998
0.45589 0.65090 0.15723
0.54948 0.61317 0.22170
0.60796 0.46708 0.33408
0.35934 0.37781 0.57890
0.49505 0.56831 0.28468
0.57611 0.49657 0.34861
0.47072 0.36545 0.59577
0.49766 0.42577 0.46425
0.32153 0.32865 0.55247
0.39603 0.32963 0.63284
0.44188 0.61105 0.21713
0.46758 0.36662 0.48705
0.59039 0.52178 0.30926
0.52098 0.44037 0.46825
0.43285 0.35811 0.57321
0.55555 0.50466 0.34004
0.52202 0.40169 0.57803
0.49002 0.61133 0.17491
0.28184 0.40464 0.48135
0.40157 0.42911 0.50461
0.47013 0.54946 0.35821
0.24705 0.41244 0.49597
0.49442 0.37672 0.46385
0.51134 0.38162 0.57310
0.56521 0.42604 0.45456
0.25737 0.31964 0.58121
0.43385 0.41124 0.41718
0.52683 0.51570 0.25642
0.45920 0.44485 0.46122
0.54946 0.44361 0.41096
0.45734 0.36124 0.46218
0.47866 0.61228 0.17610
0.39921 0.40730 0.49387
0.64117 0.55229 0.27168
0.57801 0.43635 0.48077
0.46004 0.49646 0.35834
0.49726 0.47453 0.34676
0.57745 0.50416 0.38924
0.50633 0.45877 0.37518
0.42389 0.39059 0.58184
0.55728 0.41946 0.45738
0.47058 0.46288 0.42697
0.46202 0.54082 0.31866
0.66800 0.48723 0.32162
0.21080 0.25800 0.67725
0.57094 0.51849 0.32454
0.46053 0.54401 0.34919
0.57664 0.42194 0.35131
0.50946 0.48279 0.34020
0.32230 0.40127 0.49202
0.37817 0.33707 0.57492
0.47079 0.36868 0.43534
0.39397 0.31712 0.68455
0.30573 0.44142 0.46234
0.44523 0.62327 0.19429
0.42045 0.41323 0.48951
0.53819 0.43527 0.49656
0.49634 0.36767 0.53296
0.53450 0.41801 0.49882
0.42514 0.47581 0.41506
0.31647 0.41157 0.50775
0.50382 0.45388 0.39320
0.48421 0.43336 0.39425
0.51105 0.46261 0.48046
0.54552 0.48491 0.34609
0.36737 0.38836 0.52688
0.44173 0.39969 0.49293
0.29233 0.31633 0.60810
0.45671 0.53775 0.28987
0.60551 0.48128 0.39458
0.49314 0.40765 0.35789
0.46904 0.43005 0.48660
0.55644 0.41948 0.51448
0.45746 0.64832 0.17455
0.43120 0.47574 0.35906
0.43399 0.38193 0.48688
0.53173 0.52784 0.33346
0.44719 0.59984 0.27905
0.33698 0.31513 0.65200
0.49831 0.38011 0.53580
0.51401 0.41915 0.36841
0.38537 0.48762 0.35279
0.58418 0.44443 0.44970
0.53378 0.45393 0.47918
0.38640 0.44744 0.39135
0.46967 0.38195 0.42054
0.38302 0.34952 0.62841
0.54717 0.55864 0.29949
0.52433 0.43213 0.47039
0.56550 0.53176 0.33970
0.54709 0.45030 0.44309
0.54505 0.47691 0.44135
0.38852 0.39928 0.55778
0.51120 0.40552 0.55918
0.34948 0.31411 0.50468
0.53852 0.40926 0.35087
0.30010 0.46312 0.41782
0.57070 0.41222 0.52135
0.48824 0.53724 0.27618
0.46954 0.41435 0.41820
0.44580 0.38754 0.53016
0.43218 0.43160 0.51869
0.50238 0.46895 0.27943
0.43405 0.38976 0.45082
0.50290 0.55865 0.25175
0.48065 0.45136 0.44586
0.42044 0.49636 0.41146
0.51093 0.48521 0.31706
0.40044 0.56215 0.28670
0.45891 0.39991 0.43576
0.57536 0.46113 0.44353
0.38855 0.34453 0.52679
0.55697 0.41382 0.53333
0.44528 0.46197 0.37281
0.40221 0.55609 0.32669
0.43777 0.39077 0.48796
0.24100 0.26188 0.67523
0.40571 0.39295 0.56178
0.61161 0.44318 0.39212
0.54184 0.44207 0.31727
0.52429 0.39563 0.42174
0.58433 0.48280 0.33448
0.32109 0.45051 0.42713
0.29532 0.31292 0.64749
0.53330 0.56259 0.22620
0.51995 0.38216 0.50020
0.40932 0.42928 0.42637
0.51067 0.41405 0.44620
0.65790 0.46760 0.32717
0.40085 0.44944 0.44588
0.48343 0.57501 0.25740
0.56957 0.39756 0.52147
0.51941 0.58280 0.17189
0.57146 0.45943 0.36468
0.39037 0.34169 0.61571
0.40282 0.40640 0.48725
0.47969 0.41078 0.47996
0.36740 0.40800 0.56657
0.40466 0.45459 0.42367
0.48347 0.50533 0.31263
0.32193 0.38152 0.56891
0.26378 0.33737 0.54851
0.36764 0.34739 0.57789
0.43114 0.36638 0.40119
0.50875 0.41272 0.38423
0.43921 0.43296 0.41346
0.24550 0.32861 0.60691
0.46272 0.40543 0.56166
0.48360 0.39996 0.58022
0.18295 0.25081 0.69064
0.28256 0.41089 0.52401
0.39518 0.37497 0.58276
0.49111 0.55956 0.26949
0.49427 0.39663 0.57850
0.53934 0.42360 0.49754
0.53375 0.43259 0.42222
0.58605 0.56683 0.28746
0.52465 0.47111 0.36664
0.53912 0.39056 0.54266
0.43139 0.48976 0.34979
0.54536 0.46403 0.26548
0.64616 0.45382 0.42736
0.24492 0.27672 0.66994
0.35259 0.50680 0.35992
0.45781 0.54568 0.33291
0.42561 0.39001 0.45110
0.55369 0.60911 0.22160
0.40166 0.35619 0.60879
0.54497 0.42701 0.35385
0.36175 0.54420 0.28468
0.49300 0.38435 0.40075
0.47452 0.40336 0.51310
0.27178 0.50106 0.38052
0.52115 0.39612 0.52099
0.33195 0.36235 0.51059
0.58206 0.44268 0.45235
0.50861 0.38605 0.55867
0.51369 0.40631 0.48333
0.34522 0.56581 0.28407
0.63884 0.46410 0.38475
0.36768 0.36763 0.54395
0.68435 0.52765 0.31014
0.54756 0.42617 0.48915
0.49527 0.41919 0.53686
0.32887 0.32479 0.57841
0.52705 0.43700 0.49118
0.62470 0.46205 0.37986
0.44698 0.41789 0.44564
0.41839 0.41473 0.49020
0.37498 0.62651 0.20848
0.40735 0.41158 0.42964
0.30521 0.32267 0.60625
0.62125 0.45433 0.29531
0.48247 0.41398 0.52484
0.58139 0.44294 0.31027
0.55475 0.42585 0.31351
0.49286 0.39380 0.56754
0.53500 0.39528 0.48801
0.28255 0.31039 0.60700
0.52022 0.38859 0.51665
0.30502 0.38528 0.55194
0.46150 0.40596 0.56923
0.52894 0.54808 0.27355
0.57955 0.46808 0.29287
0.53249 0.44573 0.37106
0.28806 0.39810 0.51236
0.34097 0.43325 0.48751
0.52372 0.49148 0.34825
0.53850 0.43728 0.40344
0.35708 0.34833 0.55935
0.49444 0.45671 0.34652
0.23313 0.34352 0.59096
0.39707 0.39601 0.48190
0.56403 0.41610 0.47033
0.52025 0.43325 0.53030
0.54138 0.45098 0.34955
0.45226 0.45691 0.40131
0.51557 0.40904 0.40913
0.38351 0.37920 0.55466
0.43155 0.34497 0.61695
0.45213 0.39056 0.43811
0.45648 0.43104 0.38053
0.46051 0.41025 0.47583
0.50008 0.46406 0.35714
0.40163 0.42932 0.44511
0.63908 0.46868 0.34069
0.48740 0.36603 0.65458
0.61359 0.49458 0.29584
0.49930 0.39450 0.54110
0.52752 0.55631 0.29100
0.56418 0.43385 0.39930
0.47890 0.37632 0.46187
0.47213 0.63282 0.18910
0.44929 0.39283 0.51895
0.46623 0.43503 0.43170
0.57229 0.48088 0.43570
0.47292 0.60388 0.24156
0.38853 0.35881 0.60531
0.49392 0.51171 0.31846
0.48732 0.37523 0.56265
0.37545 0.43704 0.44341
0.47268 0.52556 0.34052
0.53964 0.47696 0.39764
0.42871 0.47653 0.37590
0.39804 0.37587 0.54179
0.38286 0.45899 0.44711
0.38045 0.40715 0.52418
0.57739 0.42749 0.49532
0.28925 0.44713 0.43830
0.55042 0.41914 0.50334
0.57563 0.57673 0.25512
0.57995 0.58515 0.23081
0.36242 0.50216 0.35578
0.45267 0.44381 0.35349
0.42730 0.61627 0.23805
0.49957 0.37666 0.64625
0.24586 0.32249 0.58242
0.55012 0.57384 0.25965
0.45237 0.38960 0.41351
0.49699 0.60842 0.21721
0.38106 0.38293 0.56067
0.49719 0.38562 0.59062
0.49451 0.46972 0.40986
0.40758 0.44145 0.41131
0.39649 0.38868 0.50673
0.32456 0.35698 0.56932
0.32015 0.41353 0.48740
0.53872 0.40802 0.36601
0.43748 0.41798 0.51254
0.46164 0.42109 0.45280
0.48393 0.38926 0.46847
0.57901 0.44197 0.35362
0.48020 0.39065 0.44413
0.60180 0.44720 0.31668
0.55276 0.41511 0.35670
0.26047 0.28139 0.67192
0.43644 0.46747 0.40854
0.48606 0.60653 0.24566
0.42505 0.44112 0.48100
0.57010 0.41947 0.50291
0.36831 0.37969 0.60278
0.46422 0.55289 0.29901
0.31158 0.42305 0.47168
0.56489 0.54005 0.26435
0.56493 0.51614 0.30755
0.47936 0.41703 0.47476
0.39673 0.32992 0.61628
0.54238 0.50996 0.23398
0.59248 0.44674 0.39089
0.52470 0.48045 0.39631
0.34605 0.43347 0.45265
0.51740 0.35621 0.68873
0.47439 0.64084 0.16129
0.59176 0.45642 0.31609
0.38000 0.39380 0.41780
0.50436 0.57655 0.29554
0.61353 0.54002 0.24991
0.45832 0.49767 0.37395
0.49236 0.44331 0.42359
0.58763 0.44871 0.41191
0.40365 0.55036 0.27215
0.53630 0.46961 0.43748
0.28765 0.46807 0.40640
0.26553 0.30215 0.62021
0.45152 0.39652 0.58113
0.55152 0.46692 0.40407
0.38820 0.36401 0.46980
0.47120 0.41748 0.54916
0.54242 0.39543 0.52171
0.32823 0.49051 0.39795
0.23437 0.25583 0.69743
0.47613 0.46359 0.40695
0.56558 0.41127 0.50040
0.40680 0.45248 0.48613
0.39113 0.37906 0.42971
0.48467 0.49780 0.28586
0.50763 0.43270 0.38105
0.35921 0.55180 0.30972
0.43475 0.55887 0.29173
0.38259 0.38242 0.50606
0.53149 0.40446 0.44116
0.49030 0.55662 0.26328
0.60708 0.50920 0.26883
0.55679 0.46986 0.35294
0.45930 0.37393 0.52644
0.41077 0.36756 0.57622
0.56533 0.47269 0.33136
0.45369 0.57135 0.24417
0.35913 0.32427 0.63095
0.34802 0.37609 0.57251
0.34588 0.35517 0.51059
0.65647 0.47179 0.37985
0.40523 0.44182 0.38740
0.36207 0.54429 0.28884
0.56186 0.45695 0.40372
0.49585 0.52144 0.27327
0.55837 0.49375 0.24090
0.21903 0.33170 0.58440
0.49296 0.44187 0.41033
0.42138 0.55824 0.26355
0.44304 0.43477 0.49236
0.49272 0.50939 0.32873
0.38986 0.36702 0.51057
0.31328 0.29149 0.66867
0.45729 0.60592 0.21320
0.51201 0.45063 0.41475
0.40896 0.36170 0.47560
0.60345 0.51589 0.32583
0.51497 0.67391 0.14203
0.46396 0.46240 0.46733
0.30998 0.33818 0.58193
0.48271 0.58432 0.18253
0.32410 0.30619 0.53876
0.42466 0.44260 0.47658
0.36799 0.33167 0.65229
0.50971 0.57199 0.27209
0.58144 0.59745 0.21719
0.57776 0.56772 0.22226
0.50949 0.57456 0.30446
0.52856 0.46717 0.37457
0.47214 0.66630 0.15001
0.44041 0.42855 0.54372
0.56742 0.52605 0.28590
0.44481 0.38306 0.40593
0.61828 0.56909 0.22850
0.52570 0.51663 0.21664
0.49509 0.50250 0.32551
0.50112 0.61418 0.20552
0.44421 0.40581 0.49103
0.54262 0.47017 0.35583
0.27861 0.30957 0.61874
0.48764 0.43604 0.36599
0.42989 0.39301 0.50106
0.54399 0.44270 0.39486
0.32188 0.35310 0.57512
0.60401 0.45456 0.31867
0.51683 0.54141 0.23683
0.40865 0.38497 0.43365
0.56191 0.49746 0.35372
0.53781 0.49084 0.39892
0.38563 0.40309 0.43275
0.49869 0.40070 0.40580
0.52347 0.51803 0.26464
0.50102 0.50711 0.33322
0.50281 0.58168 0.26190
0.38951 0.43202 0.44423
0.23411 0.30328 0.61013
0.52136 0.38669 0.54348
0.51639 0.54479 0.28081
0.45682 0.38776 0.42375
0.53559 0.45547 0.38406
0.61685 0.47411 0.36506
0.40326 0.37140 0.52939
0.56273 0.48609 0.37187
0.45874 0.47766 0.38505
0.48052 0.56643 0.27706
0.47587 0.46699 0.43108
0.40981 0.41580 0.39953
0.45352 0.53981 0.36920
0.43827 0.35421 0.58311
0.44159 0.37316 0.45031
0.39057 0.36352 0.57955
0.45387 0.66424 0.15736
0.30947 0.36174 0.52031
0.37042 0.44351 0.47457
0.54460 0.43182 0.45281
0.42087 0.69312 0.12705
0.43271 0.37937 0.57761
0.48645 0.44778 0.41044
0.53184 0.44713 0.45760
0.52801 0.46466 0.38449
0.46347 0.55563 0.36758
0.39977 0.35166 0.58430
0.51687 0.55282 0.28195
0.49618 0.54497 0.32282
0.33636 0.44606 0.48135
0.57210 0.57601 0.23735
0.56366 0.47387 0.31272
0.51887 0.39752 0.46538
0.59136 0.52337 0.22852
0.36493 0.43380 0.50716
0.67064 0.47800 0.38468
0.41575 0.51257 0.32526
0.46365 0.53295 0.28321
0.27614 0.42219 0.50794
0.38571 0.40296 0.49634
0.50030 0.57768 0.23258
0.60033 0.49239 0.35463
0.27137 0.28271 0.64725
0.45430 0.65419 0.16434
0.48605 0.52313 0.26780
0.41241 0.38225 0.41200
0.32482 0.34646 0.59897
0.50794 0.44128 0.47380
0.53988 0.62262 0.15387
0.45814 0.42311 0.51631
0.34318 0.40208 0.45930
0.53755 0.42478 0.44691
0.47495 0.39730 0.52704
0.33547 0.39652 0.49942
0.54161 0.50575 0.32797
0.56295 0.49022 0.28728
0.30540 0.35155 0.51444
0.40657 0.36420 0.56307
0.53098 0.59439 0.17422
0.57717 0.47695 0.43653
0.58217 0.45650 0.29687
0.48189 0.54014 0.26560
0.56457 0.51478 0.31873
0.62415 0.48128 0.26806
0.67129 0.49193 0.32850
0.53444 0.46696 0.43417
0.48403 0.49374 0.32517
0.49843 0.42235 0.47276
0.54131 0.43922 0.34297
0.36346 0.35009 0.58792
0.52800 0.39057 0.43065
0.47902 0.37924 0.49369
0.48190 0.41349 0.48571
0.52975 0.44420 0.34700
0.48795 0.52739 0.35242
0.52823 0.45005 0.43745
0.58119 0.41073 0.50831
0.33261 0.44051 0.47279
0.32836 0.35502 0.56318
0.50125 0.55321 0.23083
0.50929 0.49211 0.36592
0.36587 0.33727 0.49441
0.26853 0.34924 0.61876
0.47011 0.48608 0.34245
0.34377 0.33470 0.57211
0.40074 0.40713 0.45699
0.25258 0.30359 0.64533
0.47023 0.60118 0.25276
0.44364 0.38027 0.52360
0.53927 0.47678 0.33105
0.57973 0.43229 0.39701
0.44971 0.34925 0.59541
0.62539 0.48890 0.31258
0.37264 0.53636 0.33507
0.59452 0.46857 0.32163
0.49194 0.69328 0.12561
0.53874 0.47014 0.31440
0.45115 0.57374 0.25354
0.38842 0.47954 0.39782
0.16227 0.27169 0.69084
0.55496 0.42250 0.50861
0.46915 0.44936 0.41111
0.42782 0.59937 0.25375
0.41757 0.39189 0.52635
0.40969 0.32165 0.66783
0.49855 0.37494 0.52021
0.55056 0.42509 0.44428
0.41343 0.41805 0.51220
0.57408 0.43191 0.42230
0.53496 0.48955 0.31169
0.58241 0.43058 0.32029
0.51378 0.48876 0.32172
0.49058 0.37246 0.53508
0.51168 0.62299 0.17961
0.46259 0.40171 0.53563
0.50362 0.47177 0.34296
0.46849 0.44639 0.40466
0.44861 0.60296 0.23202
0.55220 0.57865 0.23054
0.51316 0.44164 0.50745
0.49644 0.50937 0.40963
0.47197 0.47163 0.48809
0.38117 0.34285 0.45268
0.62198 0.47370 0.43524
0.61401 0.44452 0.33190
0.43441 0.35028 0.67776
0.48451 0.47562 0.43182
0.51940 0.42419 0.37447
0.51426 0.36929 0.62201
0.61742 0.45066 0.29241
0.33731 0.39070 0.46520
0.49085 0.64452 0.13126
0.38321 0.44292 0.42292
0.51249 0.41200 0.52143
0.57319 0.42392 0.36588
0.36553 0.38882 0.56354
0.38054 0.52222 0.33616
0.57284 0.46038 0.37021
0.49064 0.52242 0.31610
0.41872 0.45251 0.50322
0.50824 0.44423 0.46594
0.45104 0.50739 0.39109
0.38186 0.44514 0.38899
0.40904 0.46572 0.42503
0.48642 0.52610 0.31240
0.40868 0.39153 0.52808
0.47575 0.48750 0.42449
0.26193 0.27520 0.72321
0.31133 0.30128 0.57141
0.31347 0.32959 0.62395
0.62051 0.48273 0.31744
0.63396 0.44859 0.43388
0.46988 0.64109 0.17764
0.55582 0.42921 0.40534
0.33182 0.36035 0.51015
0.44663 0.43570 0.40190
0.36904 0.47885 0.44698
0.38300 0.51300 0.39570
0.36188 0.45361 0.45089
0.55724 0.47366 0.36860
0.58746 0.41335 0.53097
0.54310 0.41272 0.54009
0.49985 0.63966 0.17524
0.65247 0.50597 0.36418
0.49433 0.42363 0.46033
0.47638 0.40369 0.44034
0.46821 0.34929 0.57657
0.55771 0.41805 0.28570
0.34106 0.34138 0.57607
0.55712 0.48941 0.37492
0.50211 0.55105 0.28752
0.60523 0.44663 0.39278
0.35363 0.32498 0.52294
0.50121 0.53654 0.35839
0.38170 0.65582 0.18097
0.56337 0.54271 0.20647
0.41958 0.38426 0.48123
0.43931 0.36763 0.45517
0.47474 0.59315 0.27641
0.43750 0.43127 0.46218
0.43708 0.59739 0.21384
0.48767 0.39214 0.55308
0.51323 0.51070 0.32280
0.46800 0.51265 0.41525
0.17104 0.31012 0.63686
0.46693 0.37944 0.44610
0.49369 0.46059 0.40392
0.52848 0.51455 0.31837
0.44935 0.36118 0.47504
0.39910 0.36042 0.52681
0.54640 0.42560 0.48815
0.56467 0.48416 0.38201
0.57358 0.55308 0.28460
0.44546 0.39065 0.45133
0.45322 0.36998 0.43910
0.54101 0.48135 0.35569
0.49516 0.53441 0.27709
0.59441 0.43899 0.48358
0.50682 0.38325 0.46821
0.49966 0.41840 0.36557
0.47665 0.52395 0.33556
0.50555 0.45110 0.40673
0.62176 0.46389 0.36636
0.40820 0.51960 0.38496
0.44872 0.51648 0.38550
0.50335 0.59352 0.16900
0.47943 0.40228 0.51776
0.44293 0.54189 0.37137
0.51610 0.55717 0.28980
0.55222 0.48420 0.35863
0.36311 0.40425 0.47753
0.66322 0.48158 0.35498
0.57914 0.47577 0.41932
0.40712 0.42659 0.47258
0.28371 0.33588 0.58711
0.55846 0.46882 0.36358
0.45688 0.41486 0.49065
0.47199 0.46587 0.38980
0.13177 0.27859 0.66518
0.43335 0.68810 0.12538
0.53557 0.40080 0.41521
0.52674 0.47187 0.38397
0.44129 0.37164 0.49183
0.37871 0.41646 0.42009
0.54781 0.46311 0.41925
0.51944 0.53372 0.28896
0.42775 0.43945 0.48817
0.57164 0.45094 0.43536
0.45535 0.37434 0.47582
0.60984 0.44029 0.43409
0.61080 0.51721 0.25416
0.65348 0.46620 0.39401
0.56493 0.45084 0.42405
0.51888 0.43377 0.51019
0.35662 0.45963 0.42324
0.41586 0.39511 0.48565
0.48860 0.36327 0.60063
0.51953 0.37485 0.51225
0.53572 0.62431 0.17042
0.23203 0.26674 0.65096
0.34334 0.46429 0.45154
0.47708 0.64737 0.19203
0.48324 0.39896 0.43059
0.40429 0.38423 0.50738
0.50941 0.44254 0.42132
0.54655 0.42375 0.39421
0.54562 0.45700 0.36844
0.62027 0.46414 0.28780
0.61527 0.55847 0.26444
0.46451 0.45160 0.44577
0.63539 0.51675 0.29883
0.52024 0.39651 0.47223
0.54941 0.50443 0.33451
0.43616 0.48578 0.36243
0.36312 0.46099 0.38643
0.60158 0.44291 0.25877
0.58651 0.49378 0.33272
0.28131 0.30378 0.59979
0.38556 0.61741 0.22019
0.40773 0.37581 0.50803
0.43145 0.36383 0.50105
0.54672 0.45640 0.32799
0.19776 0.25869 0.70055
0.48571 0.47272 0.30344
0.43560 0.49128 0.36797
0.53231 0.51964 0.35586
0.54920 0.48263 0.38730
0.58672 0.46968 0.39567
0.38176 0.48207 0.41784
0.54028 0.40385 0.55621
0.54906 0.40589 0.48405
0.46698 0.38862 0.54602
0.39802 0.37798 0.47386
0.42005 0.34332 0.46378
0.43697 0.43793 0.44009
0.50793 0.58094 0.24062
0.51557 0.45330 0.44534
0.10916 0.26933 0.68160
0.39662 0.38880 0.59852
0.48089 0.53078 0.38286
0.54307 0.53851 0.28612
0.46297 0.40564 0.56227
0.51530 0.48848 0.33976
0.49738 0.49944 0.31048
0.52333 0.55651 0.25957
0.48387 0.48133 0.44832
0.60196 0.51788 0.29347
0.49988 0.37689 0.52713
0.36671 0.46202 0.40390
0.28244 0.45711 0.42299
0.54634 0.47296 0.43955
0.30101 0.28259 0.64225
0.42822 0.42916 0.54265
0.49941 0.45932 0.35404
0.45408 0.47782 0.41249
0.28833 0.28991 0.64863
0.54487 0.61306 0.20676
