20 4 1000 14660 9318
0.22359 0.43271 0.71687
0.48833 0.43148 0.40868
0.10676 0.37209 0.71953
0.18696 0.74405 0.87614
0.28132 0.41457 0.60420
0.20573 0.51949 0.75217
0.38895 0.46629 0.52938
0.25382 0.63847 0.75361
0.20775 0.46068 0.72952
0.26151 0.47449 0.68715
0.25185 0.60896 0.73874
0.25298 0.52932 0.70381
0.26325 0.47441 0.68335
0.32782 0.43202 0.55845
0.28091 0.47126 0.63877
0.25782 0.57705 0.72069
0.21800 0.40590 0.65437
0.12754 0.40832 0.72997
0.21648 0.41261 0.66792
0.30633 0.46168 0.61461
0.20426 0.63535 0.81239
0.17451 0.42612 0.70400
0.17629 0.46485 0.73053
0.23158 0.51923 0.73920
0.19561 0.41640 0.68770
0.25607 0.46347 0.68514
0.33858 0.43222 0.54691
0.25429 0.44697 0.65835
0.17264 0.45633 0.73451
0.22479 0.51312 0.73892
0.25418 0.41720 0.61383
0.23649 0.45900 0.66457
0.18167 0.40969 0.70773
0.27032 0.57850 0.71131
0.24595 0.42442 0.66635
0.24242 0.53667 0.72059
0.19398 0.45347 0.69296
0.25322 0.48755 0.68299
0.33160 0.46043 0.57354
0.20601 0.48544 0.73019
0.19136 0.65843 0.82818
0.30551 0.43180 0.61177
0.21841 0.55654 0.75408
0.16968 0.42593 0.72193
0.21378 0.51793 0.73001
0.26819 0.48369 0.67954
0.24813 0.44475 0.63624
0.17857 0.59933 0.80095
0.25576 0.45242 0.66089
0.27641 0.46674 0.65475
0.28872 0.42182 0.61182
0.20609 0.54561 0.77251
0.29358 0.58545 0.68156
0.30270 0.41990 0.57133
0.22299 0.51799 0.74721
0.24632 0.61292 0.75058
0.17135 0.40971 0.71199
0.29421 0.45019 0.61441
0.17606 0.49583 0.75300
0.31522 0.47948 0.61387
0.31657 0.43431 0.60074
0.22670 0.59817 0.76152
0.20664 0.60626 0.78541
0.24387 0.63275 0.75842
0.11769 0.38115 0.72082
0.30776 0.45803 0.59652
0.27074 0.63691 0.73784
0.22453 0.59468 0.76790
0.26024 0.65085 0.75279
0.28100 0.51791 0.67484
0.18253 0.45363 0.71397
0.19543 0.42118 0.67944
0.41932 0.42879 0.48014
0.28964 0.50558 0.64156
0.24978 0.51397 0.71447
0.23258 0.42000 0.63466
0.28567 0.58097 0.69502
0.34883 0.46148 0.56248
0.26754 0.61848 0.73034
0.25330 0.47157 0.68102
0.29963 0.43294 0.61691
0.16899 0.54678 0.77732
0.25078 0.47062 0.66500
0.37682 0.50775 0.55765
0.19278 0.44804 0.71532
0.19551 0.50201 0.75325
0.20464 0.53153 0.73607
0.22167 0.42100 0.64861
0.26392 0.52371 0.70408
0.38773 0.48795 0.53807
0.17992 0.44293 0.72888
0.21319 0.55099 0.75981
0.35058 0.52137 0.59643
0.20328 0.41007 0.67369
0.29725 0.53399 0.66576
0.24600 0.42968 0.63673
0.22766 0.42845 0.67943
0.29768 0.50340 0.64127
0.27321 0.49211 0.65511
0.24870 0.56862 0.71242
0.16398 0.42020 0.72552
0.16953 0.40978 0.68979
0.20963 0.39381 0.64613
0.20837 0.44269 0.67611
0.26394 0.56432 0.70199
0.34347 0.45161 0.57904
0.23202 0.48019 0.69304
0.27653 0.47945 0.63719
0.28920 0.43944 0.59580
0.20089 0.54607 0.75116
0.16275 0.42694 0.71513
0.15591 0.39937 0.71737
0.18274 0.59599 0.79628
0.38977 0.43534 0.51770
0.18361 0.65059 0.82613
0.23445 0.48296 0.69287
0.18544 0.68331 0.84078
0.18093 0.54218 0.75848
0.22117 0.50993 0.73874
0.28638 0.50648 0.64998
0.38443 0.43290 0.51199
0.25245 0.45000 0.64874
0.16085 0.51003 0.76586
0.20300 0.65348 0.82234
0.22446 0.65670 0.79458
0.36807 0.44393 0.54153
0.16208 0.40034 0.69081
0.43507 0.46173 0.47913
0.35093 0.45973 0.55803
0.20694 0.56472 0.75943
0.35870 0.52721 0.58900
0.32502 0.44491 0.58469
0.30155 0.41222 0.57492
0.18397 0.49320 0.74800
0.25500 0.42312 0.64910
0.21099 0.47173 0.73804
0.18498 0.49076 0.73438
0.22890 0.63303 0.77701
0.29013 0.47331 0.63307
0.24883 0.53523 0.70151
0.26731 0.43621 0.63698
0.18696 0.50364 0.73600
0.16871 0.51974 0.76257
0.28177 0.52732 0.66754
0.23034 0.49516 0.73074
0.16464 0.51089 0.76798
0.32032 0.54059 0.63126
0.19594 0.43368 0.69697
0.27643 0.41665 0.59742
0.18978 0.63406 0.82094
0.21695 0.45920 0.73087
0.20120 0.59767 0.78463
0.26113 0.60445 0.73092
0.26453 0.56478 0.70672
0.24070 0.60850 0.75844
0.26972 0.45485 0.62305
0.17621 0.42980 0.70695
0.14296 0.45402 0.74311
0.14969 0.40410 0.72129
0.28146 0.51485 0.65605
0.18754 0.50830 0.76263
0.24330 0.46801 0.69976
0.16487 0.41691 0.69821
0.22481 0.63643 0.78287
0.16248 0.46301 0.74753
0.22986 0.43937 0.69641
0.22810 0.44526 0.71090
0.18862 0.51920 0.73663
0.32577 0.49764 0.61549
0.22911 0.45612 0.71698
0.28513 0.57297 0.68143
0.36645 0.45389 0.54790
0.28826 0.47821 0.64354
0.20471 0.47125 0.72739
0.15242 0.48500 0.75648
0.37642 0.43937 0.53457
0.23745 0.46238 0.70874
0.22425 0.44419 0.69271
0.38785 0.45607 0.51793
0.24504 0.47341 0.66028
0.19228 0.43816 0.68831
0.29527 0.43590 0.63099
0.15896 0.46124 0.73075
0.20518 0.53676 0.76129
0.27550 0.49475 0.64831
0.38579 0.44723 0.51842
0.22177 0.44105 0.68738
0.15308 0.39744 0.70849
0.17278 0.58434 0.80280
0.35822 0.44418 0.55218
0.30732 0.53133 0.65267
0.29623 0.48973 0.64244
0.25689 0.46177 0.67437
0.20800 0.64144 0.81122
0.20463 0.55814 0.78189
0.22258 0.52268 0.71474
0.20820 0.42814 0.67661
0.34526 0.45521 0.56277
0.23732 0.63291 0.76789
0.24553 0.49341 0.67640
0.37984 0.47821 0.53969
0.37566 0.49404 0.55780
0.21498 0.52172 0.74399
0.27217 0.46669 0.62790
0.37286 0.46620 0.55067
0.24916 0.54415 0.70167
0.18964 0.52006 0.76263
0.25059 0.44783 0.64710
0.22232 0.41946 0.67065
0.17496 0.49706 0.76006
0.18184 0.49880 0.74008
0.25587 0.53570 0.70302
0.18259 0.59854 0.79719
0.15431 0.39939 0.71183
0.34100 0.46342 0.58137
0.24517 0.51844 0.72305
0.24299 0.48411 0.69681
0.19641 0.41899 0.66745
0.30032 0.58608 0.67909
0.21944 0.49514 0.71197
0.30801 0.50223 0.63154
0.17712 0.49563 0.73456
0.23625 0.57054 0.75158
0.15500 0.42108 0.72923
0.21244 0.49929 0.74754
0.21377 0.43161 0.66740
0.21410 0.43479 0.70333
0.20904 0.49766 0.73858
0.35773 0.53445 0.59339
0.21543 0.45118 0.68366
0.21992 0.45641 0.72057
0.27948 0.56916 0.69260
0.22088 0.55789 0.75663
0.16822 0.46618 0.73619
0.23659 0.49355 0.70432
0.23780 0.55963 0.74073
0.32223 0.45650 0.60748
0.32954 0.43580 0.58525
0.19220 0.43496 0.71610
0.25442 0.54342 0.69086
0.26798 0.54084 0.69874
0.25147 0.48209 0.68710
0.37893 0.44101 0.52248
0.40924 0.47210 0.51570
0.19017 0.55439 0.76580
0.25797 0.56004 0.71856
0.22034 0.66678 0.80670
0.30155 0.44418 0.61546
0.21082 0.51632 0.73067
0.30909 0.54784 0.65463
0.37549 0.48262 0.55280
0.21946 0.62522 0.78423
0.30813 0.50128 0.63534
0.14811 0.46377 0.74940
0.19872 0.43900 0.69366
0.24060 0.55076 0.73759
0.38119 0.48877 0.54480
0.28826 0.62784 0.71388
0.22481 0.45077 0.69933
0.25555 0.43060 0.63502
0.32121 0.51083 0.61369
0.23151 0.58873 0.74408
0.18155 0.53991 0.77419
0.17728 0.42651 0.70253
0.30426 0.48687 0.63358
0.19721 0.42851 0.69000
0.20681 0.40721 0.67352
0.24068 0.44683 0.67798
0.31446 0.43471 0.61043
0.32253 0.44871 0.57656
0.29741 0.49443 0.64759
0.25460 0.55409 0.70495
0.18247 0.51211 0.74471
0.22827 0.40805 0.65749
0.27298 0.49387 0.67570
0.25536 0.52801 0.70128
0.33248 0.53320 0.61679
0.25288 0.47723 0.68503
0.15367 0.40460 0.71332
0.31599 0.43485 0.60721
0.17205 0.40453 0.70685
0.21971 0.46724 0.69209
0.21530 0.46038 0.68481
0.22046 0.48679 0.68944
0.30191 0.43249 0.60849
0.20787 0.52903 0.72996
0.28100 0.56169 0.68014
0.41173 0.43646 0.48832
0.25269 0.46653 0.68524
0.27912 0.48340 0.66202
0.20598 0.50558 0.72208
0.38395 0.43492 0.52251
0.35083 0.44934 0.56262
0.26541 0.49506 0.65223
0.25887 0.49376 0.66749
0.26664 0.43973 0.63583
0.17658 0.43527 0.72387
0.23013 0.45935 0.70977
0.17694 0.44546 0.70161
0.31861 0.58075 0.66017
0.22345 0.47471 0.68009
0.22247 0.49600 0.73480
0.29145 0.45544 0.63598
0.26575 0.44123 0.64202
0.20485 0.62762 0.79553
0.17553 0.43985 0.72681
0.27026 0.48770 0.65015
0.22822 0.56801 0.73117
0.27182 0.40443 0.59219
0.22590 0.59599 0.75348
0.33822 0.44361 0.55558
0.33577 0.48725 0.59172
0.26026 0.44765 0.64193
0.25874 0.50467 0.67770
0.32965 0.51855 0.62136
0.20322 0.47692 0.74360
0.29830 0.45410 0.63632
0.41221 0.46259 0.49889
0.12579 0.43849 0.74464
0.24117 0.46101 0.70566
0.41213 0.47644 0.50832
0.24154 0.53437 0.71476
0.37401 0.42478 0.52174
0.25952 0.60845 0.72851
0.27303 0.45133 0.64603
0.29411 0.49520 0.64768
0.20790 0.47055 0.71671
0.24410 0.53250 0.71025
0.13483 0.40740 0.72264
0.18197 0.67128 0.83909
0.20339 0.45386 0.72128
0.34281 0.51875 0.60499
0.30714 0.44730 0.59112
0.34599 0.49361 0.59692
0.27962 0.43598 0.62959
0.19888 0.47591 0.71948
0.28633 0.59218 0.69964
0.24496 0.56913 0.72257
0.32590 0.45404 0.59116
0.35075 0.50673 0.59454
0.22278 0.52468 0.71723
0.32232 0.51901 0.61882
0.36111 0.44523 0.55866
0.18868 0.53338 0.76220
0.23981 0.45584 0.67723
0.33758 0.44537 0.55883
0.39192 0.47579 0.53499
0.34527 0.49372 0.59641
0.14734 0.42890 0.73199
0.16222 0.57482 0.80012
0.19413 0.71671 0.85715
0.19592 0.66807 0.83717
0.27026 0.42679 0.62162
0.23235 0.51554 0.71121
0.27793 0.50580 0.65648
0.25473 0.50102 0.68420
0.25049 0.51682 0.68552
0.19282 0.50614 0.75708
0.35007 0.44162 0.54353
0.22970 0.62365 0.76536
0.19591 0.52681 0.76623
0.21057 0.51231 0.74482
0.20260 0.60336 0.79334
0.28678 0.47853 0.62175
0.21003 0.39882 0.64464
0.19776 0.53960 0.74928
0.32191 0.47502 0.60853
0.22341 0.52099 0.72788
0.38806 0.46636 0.53528
0.29126 0.45417 0.64599
0.19759 0.43768 0.72626
0.24418 0.45249 0.66230
0.19769 0.50148 0.75577
0.32712 0.48104 0.61447
0.28592 0.46075 0.62499
0.23561 0.46530 0.67971
0.26755 0.56863 0.70640
0.34135 0.46006 0.58966
0.29874 0.43245 0.60628
0.31415 0.58107 0.66356
0.18584 0.51454 0.76310
0.21567 0.53849 0.74921
0.19419 0.61583 0.79747
0.25630 0.42850 0.65362
0.18318 0.47139 0.72039
0.24332 0.64403 0.76869
0.33020 0.53923 0.63272
0.24503 0.63701 0.75961
0.16940 0.41388 0.70254
0.25858 0.54374 0.69119
0.28007 0.44835 0.60981
0.26912 0.43859 0.64062
0.21833 0.45594 0.71363
0.36246 0.45030 0.55305
0.25451 0.64519 0.75503
0.24356 0.60368 0.75277
0.24570 0.57162 0.72361
0.22784 0.55668 0.73894
0.19950 0.51889 0.72635
0.21942 0.45407 0.69715
0.27016 0.60607 0.72686
0.20191 0.46509 0.70583
0.38861 0.49184 0.54251
0.19339 0.55699 0.76318
0.31976 0.56492 0.64998
0.19299 0.53278 0.74181
0.25008 0.49064 0.70549
0.33127 0.47738 0.58746
0.19631 0.67484 0.83082
0.22000 0.59318 0.77795
0.37339 0.46837 0.54670
0.24073 0.54607 0.71738
0.32933 0.46096 0.57328
0.29439 0.43140 0.58839
0.21815 0.52725 0.72497
0.27841 0.52759 0.67724
0.30885 0.47881 0.62773
0.29842 0.43908 0.60760
0.36941 0.50877 0.57524
0.17980 0.60639 0.79809
0.18875 0.44205 0.72244
0.25682 0.53559 0.70438
0.23045 0.52500 0.73253
0.25934 0.42018 0.61136
0.24336 0.47142 0.68709
0.34023 0.45718 0.57314
0.20667 0.42105 0.70199
0.21185 0.43676 0.66400
0.31377 0.48976 0.60735
0.31217 0.41999 0.57670
0.22093 0.45842 0.67268
0.34872 0.45879 0.55449
0.23551 0.53357 0.72048
0.21302 0.49190 0.71859
0.19192 0.46446 0.73560
0.20209 0.48393 0.72466
0.34147 0.48374 0.59573
0.25131 0.57562 0.72205
0.29378 0.54703 0.65931
0.25620 0.43809 0.66365
0.35983 0.50442 0.57474
0.21815 0.54644 0.75382
0.25364 0.61300 0.73524
0.28410 0.49310 0.64846
0.37307 0.50952 0.56863
0.21408 0.52779 0.76177
0.27014 0.50440 0.66764
0.35619 0.52396 0.58735
0.27792 0.43571 0.60849
0.19234 0.41568 0.69380
0.16630 0.53619 0.77985
0.23028 0.45905 0.67166
0.19230 0.47964 0.72248
0.34020 0.45747 0.58485
0.22723 0.43591 0.69736
0.15054 0.45043 0.73057
0.17858 0.45152 0.71441
0.23117 0.47668 0.69022
0.25208 0.40946 0.62315
0.20025 0.49968 0.71340
0.30478 0.53589 0.65802
0.28527 0.52541 0.65251
0.35165 0.48748 0.58458
0.28521 0.60609 0.70708
0.22066 0.48018 0.71186
0.17022 0.41067 0.69294
0.29113 0.44576 0.63219
0.29747 0.57182 0.67222
0.25782 0.39843 0.60114
0.24258 0.46311 0.70287
0.19806 0.64158 0.81545
0.21335 0.41961 0.65587
0.30602 0.46640 0.61293
0.25886 0.44612 0.65286
0.29272 0.51088 0.64010
0.23401 0.44174 0.65779
0.21453 0.64578 0.80517
0.17422 0.51028 0.75679
0.24936 0.64051 0.76178
0.28708 0.43784 0.64133
0.25302 0.56988 0.72472
0.21259 0.56428 0.77801
0.18499 0.48590 0.72674
0.26560 0.55433 0.68886
0.21483 0.43354 0.67994
0.34227 0.55604 0.62495
0.20542 0.50273 0.74601
0.30249 0.51599 0.65228
0.20536 0.54247 0.76304
0.20645 0.60702 0.78640
0.17722 0.40910 0.69159
0.18538 0.53098 0.76741
0.30521 0.53378 0.64486
0.30647 0.55066 0.65581
0.36666 0.45857 0.54185
0.30974 0.45695 0.59950
0.19468 0.54151 0.74553
0.35089 0.47987 0.57622
0.18857 0.54683 0.76511
0.22586 0.43908 0.71203
0.26034 0.43725 0.67117
0.27498 0.43039 0.62574
0.27033 0.43649 0.61391
0.29973 0.49997 0.64113
0.26401 0.50071 0.65950
0.21125 0.44371 0.69773
0.17964 0.44008 0.70349
0.27021 0.49456 0.65565
0.32860 0.51317 0.61435
0.25169 0.44368 0.67603
0.22227 0.49708 0.73513
0.18307 0.62047 0.81766
0.33079 0.52183 0.61254
0.22479 0.68978 0.81008
0.21868 0.53578 0.74065
0.16304 0.58549 0.80146
0.34249 0.51280 0.59736
0.24745 0.48530 0.66559
0.17284 0.44160 0.70537
0.20331 0.44615 0.68203
0.20430 0.56314 0.76723
0.14769 0.40925 0.71101
0.19344 0.44252 0.69771
0.35241 0.47398 0.56586
0.22922 0.41417 0.63795
0.29705 0.52857 0.65553
0.28312 0.46126 0.62074
0.19548 0.42360 0.70927
0.26309 0.42430 0.64205
0.15254 0.48870 0.75242
0.21449 0.58792 0.77722
0.18183 0.44980 0.72024
0.30927 0.47543 0.60359
0.19410 0.57886 0.78367
0.20558 0.52964 0.75709
0.24666 0.48331 0.67441
0.17543 0.55952 0.78952
0.41096 0.47366 0.51229
0.15672 0.43264 0.72303
0.21115 0.50700 0.74623
0.20644 0.43729 0.68767
0.34008 0.50021 0.59544
0.19262 0.69316 0.84299
0.16612 0.39678 0.69683
0.21172 0.39727 0.65249
0.22669 0.57943 0.74654
0.41088 0.49149 0.51831
0.42744 0.42589 0.46225
0.17153 0.43749 0.70932
0.31995 0.44069 0.58170
0.26046 0.44472 0.62979
0.16324 0.48071 0.74781
0.22665 0.47135 0.70718
0.13777 0.44556 0.74514
0.22474 0.52398 0.70763
0.22138 0.54152 0.73961
0.25411 0.41514 0.62740
0.33081 0.46767 0.59894
0.30811 0.44698 0.60348
0.20186 0.52503 0.75300
0.29482 0.44522 0.62882
0.30142 0.44537 0.62852
0.35206 0.54076 0.60327
0.19129 0.56004 0.77790
0.17075 0.53094 0.77237
0.34794 0.42166 0.53285
0.18723 0.40768 0.68938
0.20304 0.53172 0.76655
0.30037 0.50832 0.63408
0.30551 0.54361 0.65839
0.37551 0.44670 0.52594
0.20787 0.57687 0.77261
0.21240 0.43129 0.71390
0.27351 0.47676 0.65238
0.35529 0.42864 0.53737
0.24026 0.49794 0.69554
0.26769 0.63650 0.73723
0.22263 0.60836 0.78362
0.16676 0.55438 0.79015
0.18933 0.44306 0.69365
0.28439 0.45183 0.61552
0.31053 0.55505 0.65777
0.28376 0.44127 0.64612
0.24473 0.44723 0.67269
0.23208 0.51377 0.71431
0.26878 0.49449 0.65954
0.21771 0.40437 0.65528
0.21208 0.49950 0.71387
0.22639 0.52250 0.72469
0.21871 0.42078 0.68014
0.25775 0.55673 0.71600
0.16483 0.56411 0.79367
0.24921 0.46896 0.65472
0.42087 0.47339 0.50199
0.23174 0.45020 0.67241
0.18831 0.41864 0.68463
0.40088 0.48510 0.52291
0.24269 0.50137 0.70760
0.20087 0.70319 0.84436
0.18945 0.58089 0.78146
0.33649 0.55943 0.62702
0.20259 0.44581 0.71637
0.20707 0.54872 0.74029
0.21052 0.63927 0.79443
0.24138 0.49639 0.70176
0.32091 0.46533 0.60603
0.15592 0.39511 0.71202
0.18586 0.52904 0.76471
0.27311 0.46116 0.66635
0.12884 0.39581 0.71517
0.27977 0.42429 0.63250
0.31012 0.49646 0.62704
0.28827 0.56982 0.67722
0.44096 0.42751 0.45202
0.23739 0.55174 0.72094
0.15749 0.47622 0.75010
0.27488 0.56770 0.68867
0.23120 0.44178 0.68876
0.24098 0.53060 0.72176
0.25281 0.44427 0.67170
0.20860 0.42987 0.67684
0.21533 0.42404 0.68939
0.16171 0.53265 0.77461
0.22737 0.64236 0.78833
0.29543 0.47371 0.61742
0.21098 0.63781 0.79083
0.18903 0.50205 0.75531
0.19609 0.66097 0.82389
0.26821 0.51801 0.68950
0.25892 0.58678 0.72796
0.41540 0.42946 0.47666
0.22161 0.61190 0.78507
0.19382 0.52598 0.75825
0.21581 0.45298 0.69970
0.21223 0.48361 0.72379
0.19371 0.72879 0.86232
0.19530 0.45888 0.73652
0.35546 0.43228 0.55618
0.37532 0.51090 0.56516
0.22359 0.56207 0.74414
0.22975 0.44135 0.67920
0.32796 0.55975 0.64299
0.33794 0.50520 0.60832
0.16911 0.46372 0.73696
0.21154 0.40182 0.65639
0.19773 0.41751 0.67395
0.25669 0.55831 0.70824
0.39911 0.44505 0.49887
0.19417 0.59515 0.78986
0.20933 0.44756 0.70555
0.22625 0.42223 0.68022
0.20878 0.47904 0.70012
0.26386 0.48129 0.65330
0.22448 0.46984 0.69321
0.21785 0.60483 0.78059
0.16989 0.47370 0.73274
0.20911 0.55368 0.75617
0.23974 0.50810 0.68282
0.23917 0.52909 0.71369
0.22030 0.42989 0.68659
0.21640 0.61119 0.77870
0.20314 0.56862 0.77109
0.24929 0.53301 0.69695
0.31139 0.49728 0.62486
0.22530 0.43494 0.65445
0.17261 0.41010 0.70845
0.20485 0.46830 0.72699
0.27378 0.44559 0.62751
0.18055 0.43339 0.72564
0.35629 0.43920 0.53814
0.27002 0.51187 0.68412
0.27029 0.46537 0.67089
0.21274 0.59912 0.79124
0.16947 0.46305 0.74472
0.27052 0.49950 0.66890
0.21338 0.66202 0.80542
0.24998 0.47937 0.65684
0.26624 0.51554 0.69485
0.22023 0.60588 0.78473
0.20399 0.42120 0.70916
0.29703 0.48393 0.64376
0.21103 0.51610 0.71727
0.16328 0.41596 0.72374
0.31537 0.50890 0.61834
0.21832 0.47260 0.69836
0.18942 0.42980 0.70902
0.26737 0.47174 0.66098
0.24315 0.50969 0.70557
0.40711 0.44160 0.49118
0.22219 0.56292 0.74410
0.27954 0.44127 0.64651
0.34111 0.47766 0.58114
0.21946 0.44657 0.70335
0.35740 0.46185 0.56383
0.13533 0.44207 0.73873
0.27263 0.47782 0.64483
0.19719 0.53411 0.75829
0.24700 0.62976 0.75663
0.23178 0.61640 0.75855
0.21521 0.62609 0.79217
0.36523 0.49083 0.56115
0.21494 0.50062 0.74163
0.22589 0.45142 0.68584
0.23899 0.45821 0.68109
0.17900 0.42881 0.72390
0.20671 0.58471 0.78253
0.34454 0.49575 0.59427
0.21395 0.52606 0.75836
0.37032 0.42695 0.52143
0.25728 0.44767 0.68245
0.32938 0.51712 0.60800
0.28322 0.57921 0.69841
0.24729 0.46796 0.69378
0.22553 0.50623 0.71172
0.31034 0.49401 0.61619
0.18878 0.50572 0.73952
0.21725 0.60406 0.77375
0.32375 0.49885 0.62145
0.21169 0.41950 0.69936
0.16965 0.44570 0.71898
0.22671 0.53336 0.73978
0.28108 0.42389 0.60585
0.17072 0.56332 0.78251
0.26084 0.42557 0.61929
0.16301 0.53955 0.78036
0.31485 0.49250 0.61128
0.26297 0.45483 0.64608
0.34192 0.43293 0.55993
0.21629 0.68219 0.81678
0.23797 0.44304 0.67774
0.17191 0.51259 0.75345
0.19762 0.50973 0.75764
0.21743 0.54813 0.73424
0.30187 0.47118 0.61662
0.18807 0.69769 0.85166
0.23961 0.44061 0.67892
0.22968 0.45306 0.69733
0.18916 0.44695 0.72071
0.22062 0.54193 0.75970
0.23711 0.50189 0.70075
0.27988 0.43556 0.61417
0.20163 0.61218 0.79241
0.22897 0.40651 0.64076
0.15766 0.41552 0.70840
0.31267 0.49291 0.61009
0.21572 0.45249 0.67381
0.43375 0.44493 0.46744
0.29832 0.60776 0.69398
0.30402 0.45233 0.60641
0.16964 0.41186 0.71289
0.20247 0.50326 0.72743
0.19416 0.65504 0.82877
0.15047 0.44732 0.73165
0.21968 0.40684 0.65038
0.17221 0.54007 0.78029
0.35392 0.47420 0.57555
0.23166 0.47502 0.69700
0.29671 0.45309 0.62756
0.17793 0.60048 0.80771
0.28986 0.55218 0.67361
0.35526 0.54005 0.60304
0.25251 0.43183 0.64107
0.19461 0.42823 0.70334
0.37552 0.47575 0.54451
0.24792 0.51574 0.69297
0.32263 0.47020 0.60807
0.18490 0.59533 0.80448
0.21959 0.48106 0.68733
0.22249 0.42643 0.65446
0.24724 0.40976 0.63834
0.27196 0.41932 0.61204
0.25391 0.44595 0.66243
0.31691 0.53737 0.64027
0.21544 0.46261 0.69366
0.33033 0.49122 0.59516
0.24726 0.55254 0.70373
0.32020 0.51401 0.61330
0.20956 0.67313 0.81760
0.28929 0.60906 0.70377
0.30078 0.47494 0.62060
0.28049 0.59320 0.69978
0.23154 0.42211 0.66147
0.23467 0.44156 0.64865
0.34226 0.47811 0.58561
0.18026 0.58336 0.79271
0.19638 0.46997 0.70905
0.22547 0.59051 0.76962
0.18673 0.60447 0.79412
0.24862 0.53686 0.71192
0.32056 0.50491 0.60927
0.18736 0.51322 0.74943
0.28489 0.50931 0.66527
0.30635 0.50334 0.63085
0.42485 0.45792 0.48352
0.19446 0.53853 0.74958
0.20070 0.59934 0.77475
0.26646 0.51859 0.68277
0.39965 0.43053 0.49890
0.24019 0.42929 0.67858
0.39242 0.49031 0.54002
0.20637 0.51522 0.75457
0.24780 0.44511 0.64993
0.30357 0.49999 0.62211
0.34874 0.46453 0.56562
0.11418 0.38640 0.72231
0.30994 0.53777 0.65482
0.16814 0.51797 0.75649
0.25344 0.53157 0.68955
0.27172 0.49011 0.65707
0.22841 0.51323 0.71686
0.19007 0.59508 0.78607
0.14817 0.40105 0.71939
0.21589 0.44505 0.68348
0.27532 0.52186 0.68276
0.23402 0.40699 0.64037
0.14100 0.39416 0.71218
0.28677 0.44284 0.63568
0.23209 0.47290 0.68603
0.21133 0.61683 0.78093
0.17511 0.43580 0.71670
0.34972 0.43216 0.54057
0.27875 0.42845 0.61978
0.34531 0.48153 0.58965
0.27034 0.40549 0.59308
0.18158 0.58130 0.79824
0.24115 0.55928 0.72969
0.22593 0.53500 0.71557
0.30342 0.47430 0.63048
0.22483 0.45938 0.71369
0.25650 0.45515 0.65110
0.24963 0.56321 0.72089
0.20316 0.45843 0.68981
0.29029 0.43830 0.61794
0.21366 0.50560 0.74888
0.25115 0.43240 0.62850
0.37843 0.41821 0.50630
0.42390 0.45860 0.48916
0.27613 0.59196 0.70778
0.33319 0.49919 0.59298
0.22932 0.54822 0.74470
0.39910 0.48657 0.52411
0.27988 0.52071 0.67066
0.36398 0.48390 0.56391
0.25537 0.44134 0.66203
0.20662 0.47513 0.69759
0.20910 0.55883 0.76857
0.34080 0.55358 0.62176
0.24016 0.47780 0.69079
0.15536 0.40058 0.69316
0.32199 0.42922 0.56225
0.31280 0.48530 0.62049
0.13638 0.44310 0.73995
0.24184 0.49910 0.69251
0.24040 0.43922 0.64178
0.24269 0.50323 0.69309
0.28245 0.55789 0.68414
0.31001 0.46301 0.61423
0.20618 0.46032 0.71775
0.44402 0.44085 0.46163
0.39872 0.45094 0.50481
0.33353 0.53727 0.62767
0.28510 0.48842 0.66610
0.34501 0.51387 0.59416
0.40832 0.45542 0.50644
0.20769 0.51994 0.73104
0.20275 0.61460 0.78432
0.14991 0.52468 0.77519
0.31234 0.57448 0.66595
0.19758 0.57935 0.77435
0.29743 0.53265 0.66255
0.29078 0.54164 0.66717
0.28371 0.45222 0.61984
0.24756 0.55188 0.71811
0.25994 0.42715 0.65722
0.37498 0.42268 0.51700
0.18319 0.40960 0.69706
0.27881 0.53123 0.67456
0.41033 0.45471 0.50412
0.35634 0.47384 0.57748
0.22786 0.52381 0.72790
0.19871 0.48575 0.72100
0.38964 0.43135 0.51239
0.31591 0.43567 0.58840
0.30673 0.51435 0.62552
0.41406 0.46273 0.50479
0.20429 0.41572 0.69820
0.31142 0.52677 0.63705
0.24917 0.54315 0.70084
0.13889 0.39854 0.71802
0.24589 0.61997 0.74735
0.19881 0.44515 0.70493
0.20716 0.42651 0.66385
0.33334 0.51363 0.60318
0.20807 0.42906 0.70637
0.16665 0.51697 0.75452
0.20899 0.49963 0.71806
0.30815 0.44360 0.61168
0.20412 0.49543 0.74241
0.26509 0.53605 0.68302
0.23948 0.49560 0.68792
0.19113 0.61482 0.80995
0.31224 0.51896 0.62483
0.20705 0.42430 0.70091
0.17955 0.64587 0.82874
0.23401 0.40391 0.63488
0.38699 0.46614 0.52651
0.16202 0.45361 0.72082
0.42268 0.47097 0.49344
0.22638 0.47028 0.67925
0.34861 0.45628 0.56590
0.31130 0.53271 0.64867
0.30543 0.54928 0.65426
0.19239 0.40113 0.67178
0.21340 0.52511 0.74718
0.33985 0.46972 0.57010
0.37929 0.46790 0.53510
0.19077 0.55230 0.77231
0.21905 0.57157 0.76641
0.29323 0.42664 0.60286
0.35550 0.43777 0.54389
0.21177 0.50929 0.72881
0.25061 0.54882 0.72101
0.24043 0.41720 0.66276
0.17251 0.43078 0.70082
0.15058 0.43107 0.73234
0.19528 0.42005 0.67713
0.20502 0.47487 0.72111
0.15630 0.49296 0.75617
0.18880 0.46283 0.72971
0.26263 0.49718 0.66967
0.31229 0.54050 0.65128
0.44439 0.43613 0.45681
0.17159 0.44918 0.71766
0.14705 0.39585 0.71878
0.24080 0.44877 0.67831
0.21638 0.54261 0.75807
0.35073 0.42017 0.53832
0.30394 0.49147 0.64021
0.17497 0.40921 0.68754
0.27680 0.46215 0.63752
0.32954 0.43608 0.56701
0.21209 0.52794 0.76553
0.27689 0.56400 0.70002
0.24290 0.45120 0.65930
0.30267 0.55332 0.66998
0.26779 0.47795 0.64076
0.20892 0.45780 0.69032
0.18140 0.59289 0.79789
0.23241 0.43982 0.69866
0.18990 0.49890 0.72276
0.35169 0.43954 0.54006
0.22133 0.51701 0.72455
0.20854 0.44090 0.67277
0.22784 0.51231 0.72712
0.18934 0.52280 0.76374
0.15480 0.49865 0.75613
0.22354 0.49474 0.73747
0.22263 0.53000 0.72310
0.38708 0.45532 0.52385
0.31137 0.57953 0.66411
0.27891 0.46870 0.63747
0.20412 0.43280 0.70382
0.22238 0.42231 0.69022
0.22333 0.57479 0.75781
0.30717 0.47494 0.62018
0.33512 0.50964 0.59966
0.20879 0.55918 0.77173
0.21279 0.47393 0.69883
0.26247 0.41202 0.61249
0.23116 0.50626 0.69249
0.31375 0.43103 0.58257
0.25117 0.46278 0.66293
0.33577 0.50462 0.60870
0.25933 0.49006 0.69529
0.23902 0.43344 0.66496
0.11547 0.40665 0.73334
0.22708 0.64996 0.78742
0.25170 0.49485 0.68175
0.23015 0.42752 0.64340
0.24874 0.45239 0.68768
0.21848 0.68069 0.81069
0.27598 0.51834 0.67683
0.28648 0.52560 0.67050
0.26486 0.53635 0.70493
0.24214 0.53349 0.73182
0.26171 0.42752 0.65623
0.16828 0.52490 0.76042
0.13431 0.43707 0.73721
0.27086 0.40489 0.59726
0.24170 0.48035 0.69954
0.15979 0.42969 0.72861
0.40429 0.44027 0.50497
0.19043 0.58603 0.79552
0.23678 0.43110 0.67228
0.30180 0.46593 0.61703
0.21939 0.58724 0.77576
0.15882 0.44813 0.72333
0.36505 0.49837 0.56726
0.19712 0.44445 0.68719
0.18260 0.51751 0.76775
0.31738 0.52853 0.64186
0.30025 0.50480 0.63604
0.23639 0.45454 0.67372
0.32199 0.52469 0.63361
