20 4 1000 19921 915
0.35989 0.61581 0.84427
0.51934 0.75707 0.95557
0.31800 0.47242 0.68611
0.68596 0.96057 0.93711
0.51226 0.74305 0.88912
0.51725 0.76656 0.86752
0.41329 0.61131 0.77827
0.51206 0.74745 0.93484
0.52518 0.76738 0.94541
0.44197 0.66151 0.85326
0.48522 0.73534 0.90298
0.57585 0.82819 0.92240
0.51451 0.74584 0.86696
0.38019 0.57650 0.76229
0.39712 0.61253 0.79895
0.39273 0.60141 0.80228
0.43004 0.64477 0.83115
0.36604 0.55272 0.74875
0.47253 0.70065 0.85926
0.51202 0.74348 0.86638
0.53354 0.78126 0.90545
0.50320 0.73533 0.85168
0.49273 0.74277 0.87195
0.49570 0.72836 0.87746
0.38092 0.59620 0.81085
0.46399 0.71779 0.86803
0.48472 0.73711 0.88228
0.55239 0.79703 0.94555
0.42057 0.66200 0.87660
0.63510 0.89925 0.92621
0.47602 0.69484 0.82901
0.54051 0.78255 0.93962
0.43832 0.69065 0.87203
0.38000 0.56439 0.74283
0.50186 0.73261 0.89457
0.41144 0.64438 0.84035
0.53895 0.79817 0.91012
0.42704 0.65794 0.85392
0.47353 0.69961 0.88697
0.48308 0.69553 0.82336
0.42080 0.65522 0.83787
0.44064 0.64437 0.79314
0.52411 0.77947 0.89080
0.53734 0.77793 0.89605
0.52716 0.78144 0.90495
0.60623 0.86847 0.93300
0.60011 0.85036 0.88613
0.38944 0.57448 0.75513
0.38256 0.56378 0.74902
0.46072 0.70158 0.84646
0.34521 0.51375 0.72591
0.35948 0.54747 0.76087
0.36355 0.57548 0.78248
0.59268 0.85110 0.90002
0.41653 0.65774 0.85369
0.33965 0.52998 0.74554
0.44993 0.66148 0.85014
0.50831 0.75777 0.86968
0.44666 0.65101 0.83233
0.49960 0.71818 0.82318
0.40666 0.60882 0.78059
0.46062 0.70364 0.91134
0.49886 0.72873 0.84109
0.55139 0.79506 0.92615
0.45271 0.69108 0.84253
0.46301 0.69822 0.90244
0.56218 0.79866 0.85755
0.45622 0.68580 0.86986
0.42360 0.62112 0.80612
0.51634 0.76225 0.92974
0.56084 0.81606 0.89222
0.40648 0.62496 0.82947
0.45240 0.69161 0.86752
0.45640 0.71764 0.87197
0.54523 0.79141 0.88169
0.40047 0.64402 0.83477
0.50228 0.75096 0.91642
0.40002 0.59196 0.75872
0.40497 0.61747 0.80183
0.44490 0.68244 0.84365
0.59521 0.84586 0.89993
0.44239 0.66868 0.84380
0.38141 0.57587 0.76961
0.34265 0.51919 0.72855
0.55745 0.80915 0.92003
0.42311 0.65538 0.84155
0.39428 0.61708 0.80566
0.56517 0.81745 0.90735
0.43977 0.67435 0.84111
0.45512 0.69019 0.87944
0.53393 0.77738 0.91415
0.40970 0.64024 0.82514
0.46672 0.67617 0.81346
0.40012 0.60573 0.81277
0.46049 0.70245 0.85610
0.44854 0.65681 0.79922
0.38661 0.59790 0.79752
0.51001 0.73597 0.87419
0.44502 0.68274 0.88662
0.44521 0.68096 0.84502
0.54383 0.79455 0.88713
0.52221 0.76324 0.92327
0.43633 0.68239 0.84857
0.46282 0.70557 0.84957
0.48289 0.70611 0.88650
0.43147 0.66604 0.87062
0.46574 0.68209 0.83944
0.45485 0.67293 0.80805
0.41237 0.61965 0.78980
0.47808 0.71560 0.90746
0.41607 0.61684 0.77950
0.45231 0.67183 0.84672
0.50639 0.74486 0.89966
0.37415 0.58343 0.77942
0.56558 0.81119 0.88932
0.54127 0.77966 0.87913
0.42273 0.62704 0.81636
0.49285 0.72604 0.85632
0.50601 0.73895 0.90895
0.49275 0.75196 0.88026
0.47263 0.69290 0.82451
0.56956 0.80950 0.86730
0.50486 0.74819 0.89901
0.41281 0.64994 0.85304
0.52347 0.76268 0.92723
0.38754 0.62202 0.82504
0.37898 0.59772 0.79381
0.41757 0.64566 0.82309
0.44139 0.68719 0.89348
0.55594 0.80964 0.89725
0.47573 0.71507 0.87535
0.45302 0.70232 0.88567
0.41190 0.65456 0.85441
0.50036 0.73830 0.85795
0.50551 0.75669 0.91201
0.53449 0.79572 0.89796
0.44607 0.67070 0.84200
0.41457 0.63207 0.83851
0.52904 0.77299 0.89331
0.45404 0.69181 0.84990
0.51962 0.75953 0.85577
0.44666 0.65364 0.79304
0.43698 0.69527 0.87064
0.63675 0.90294 0.92614
0.47792 0.69249 0.85063
0.54528 0.78835 0.92282
0.44523 0.67403 0.87341
0.53850 0.77696 0.91302
0.41024 0.61973 0.80787
0.45860 0.70052 0.89902
0.43621 0.67110 0.86428
0.55211 0.79857 0.92019
0.42819 0.64456 0.81882
0.44019 0.66942 0.85097
0.39307 0.58586 0.76382
0.45006 0.70873 0.87317
0.44406 0.65238 0.81674
0.54280 0.80302 0.88961
0.43931 0.68953 0.88767
0.46485 0.68040 0.84170
0.45674 0.68734 0.88237
0.39300 0.62066 0.81803
0.40545 0.61695 0.81074
0.45385 0.68145 0.88059
0.42369 0.67886 0.86594
0.57641 0.83460 0.91560
0.45215 0.69155 0.90005
0.44302 0.67598 0.83199
0.50834 0.74731 0.85576
0.48947 0.72325 0.87216
0.44532 0.68450 0.83927
0.38657 0.57746 0.75808
0.56719 0.81172 0.90035
0.57649 0.83891 0.91429
0.56692 0.81062 0.89648
0.48081 0.69998 0.84411
0.41795 0.61704 0.80676
0.41822 0.63433 0.82825
0.48107 0.70274 0.81987
0.42301 0.67023 0.87792
0.51603 0.76688 0.89106
0.46771 0.70968 0.89275
0.49364 0.73292 0.89105
0.48730 0.70437 0.82642
0.45750 0.69576 0.85296
0.60153 0.85367 0.91549
0.53225 0.77737 0.88796
0.41550 0.61453 0.78686
0.38330 0.58564 0.79665
0.50388 0.75261 0.90596
0.48389 0.71595 0.86579
0.47185 0.72444 0.89752
0.50069 0.75101 0.91281
0.46918 0.69144 0.89190
0.40562 0.65027 0.86712
0.58812 0.84162 0.93050
0.39399 0.62610 0.82547
0.51584 0.74683 0.84146
0.45918 0.68074 0.87984
0.53205 0.76330 0.86087
0.33381 0.52248 0.74061
0.47944 0.71597 0.87202
0.40244 0.60270 0.79235
0.40330 0.63510 0.84359
0.41781 0.62368 0.82302
0.52537 0.76013 0.91132
0.49931 0.71841 0.83854
0.49569 0.71724 0.83902
0.50945 0.76044 0.90136
0.51893 0.75965 0.92857
0.45780 0.70382 0.85288
0.41761 0.63119 0.83201
0.46053 0.68921 0.84432
0.38570 0.61213 0.81410
0.44463 0.68994 0.90002
0.52035 0.75129 0.84655
0.46148 0.68748 0.82577
0.44889 0.66127 0.82925
0.40357 0.60782 0.79953
0.43641 0.64714 0.79470
0.41548 0.64587 0.84058
0.48926 0.72685 0.88269
0.53116 0.77308 0.92424
0.44449 0.65396 0.80877
0.40566 0.60970 0.80910
0.47499 0.69551 0.87622
0.43673 0.68792 0.88514
0.37510 0.56430 0.76828
0.41037 0.61012 0.79683
0.47554 0.70333 0.89113
0.48163 0.71233 0.89805
0.46555 0.70085 0.85395
0.45151 0.70297 0.88460
0.38220 0.58046 0.78855
0.54249 0.79296 0.89000
0.47286 0.72026 0.88593
0.42056 0.63593 0.84322
0.47092 0.69675 0.87793
0.45061 0.66768 0.86633
0.46056 0.69940 0.88244
0.43660 0.64487 0.79970
0.45438 0.69558 0.88431
0.41668 0.62125 0.79555
0.54863 0.78839 0.86715
0.56118 0.81088 0.93590
0.40575 0.60833 0.79892
0.37986 0.59060 0.78218
0.57709 0.82030 0.87039
0.48999 0.74199 0.88816
0.54353 0.77658 0.84865
0.50462 0.73939 0.93260
0.37347 0.56810 0.77978
0.51266 0.74439 0.86603
0.36862 0.62089 0.84669
0.50914 0.72918 0.83838
0.56528 0.81227 0.90407
0.47723 0.71074 0.86486
0.40152 0.58746 0.76238
0.58221 0.84261 0.91337
0.46468 0.70574 0.87566
0.35116 0.53572 0.74146
0.51807 0.78024 0.89600
0.44225 0.68178 0.88315
0.47138 0.69587 0.85254
0.53012 0.76570 0.86402
0.47029 0.68486 0.81775
0.47453 0.69077 0.81270
0.54885 0.79911 0.87418
0.44439 0.68051 0.88510
0.56844 0.82579 0.89241
0.40427 0.60005 0.77561
0.42266 0.66224 0.83729
0.39558 0.59271 0.80047
0.51084 0.73964 0.86293
0.65141 0.91745 0.92381
0.45422 0.68523 0.83884
0.62260 0.88732 0.93219
0.44127 0.68118 0.84942
0.43146 0.64623 0.83422
0.40781 0.64770 0.86371
0.47682 0.70842 0.88805
0.45768 0.68833 0.84642
0.41414 0.63748 0.83005
0.52321 0.76107 0.91361
0.49820 0.75016 0.87895
0.37283 0.55591 0.75719
0.37342 0.55200 0.75749
0.50648 0.72619 0.84214
0.54323 0.78735 0.87606
0.47402 0.69127 0.85961
0.53025 0.76946 0.92165
0.42368 0.67608 0.86333
0.50508 0.76364 0.89487
0.45810 0.66951 0.84387
0.50359 0.74522 0.92547
0.45038 0.66182 0.86568
0.42613 0.64530 0.83443
0.50268 0.75098 0.91406
0.49188 0.73387 0.89543
0.49086 0.72745 0.87602
0.41851 0.66231 0.84672
0.46229 0.70058 0.83979
0.51046 0.75736 0.90995
0.38440 0.58083 0.78952
0.43289 0.64580 0.82664
0.49721 0.71072 0.81003
0.46475 0.69344 0.83978
0.40533 0.60810 0.79477
0.55752 0.81612 0.88972
0.43766 0.68278 0.85212
0.48191 0.73123 0.90375
0.50196 0.73358 0.85952
0.38751 0.62977 0.84830
0.41756 0.65962 0.83744
0.38147 0.56057 0.75836
0.45923 0.67644 0.84938
0.50228 0.75756 0.88986
0.40092 0.59281 0.77522
0.57917 0.82883 0.91611
0.60812 0.87529 0.91324
0.64978 0.91765 0.93364
0.47168 0.70392 0.86759
0.58379 0.83008 0.88863
0.44476 0.68850 0.86079
0.47108 0.70174 0.87735
0.43206 0.64018 0.79447
0.45828 0.65938 0.78421
0.46074 0.69259 0.88990
0.44029 0.66470 0.82844
0.38167 0.62476 0.83622
0.51384 0.74543 0.87732
0.37271 0.58546 0.79249
0.39399 0.57701 0.76213
0.39067 0.59539 0.77624
0.58290 0.84572 0.90473
0.48846 0.72566 0.84288
0.54121 0.77883 0.89305
0.45929 0.69532 0.86145
0.37102 0.54805 0.74368
0.39958 0.64092 0.85552
0.38893 0.63306 0.84606
0.50623 0.73149 0.87386
0.40337 0.65068 0.85190
0.42050 0.66933 0.88085
0.39762 0.58766 0.77027
0.49258 0.71192 0.82447
0.40343 0.61576 0.81407
0.52118 0.75038 0.86644
0.35903 0.58222 0.80106
0.38517 0.57255 0.77129
0.41776 0.65169 0.85107
0.56941 0.82535 0.88693
0.33772 0.53045 0.74796
0.42674 0.65930 0.85712
0.48850 0.71473 0.90496
0.51888 0.75365 0.84981
0.44138 0.68401 0.88890
0.52686 0.77503 0.92380
0.47300 0.68799 0.85500
0.43718 0.67236 0.82978
0.48032 0.70966 0.86534
0.37225 0.58793 0.79255
0.35282 0.52396 0.73252
0.42264 0.67714 0.85939
0.47168 0.68226 0.83296
0.51999 0.74422 0.84521
0.44438 0.69046 0.89319
0.46285 0.72024 0.87551
0.44509 0.66291 0.83763
0.61420 0.87594 0.92880
0.56832 0.81144 0.90043
0.42261 0.61320 0.77244
0.40121 0.59151 0.75986
0.48219 0.72529 0.91466
0.47311 0.71859 0.91072
0.49982 0.71839 0.83826
0.50702 0.75265 0.89684
0.47315 0.70650 0.84921
0.56482 0.81467 0.91011
0.41569 0.62124 0.81925
0.54573 0.78691 0.89564
0.48284 0.72751 0.85999
0.54462 0.79877 0.88357
0.38873 0.62304 0.81911
0.50172 0.73515 0.90518
0.55366 0.79420 0.89880
0.41581 0.65367 0.85072
0.45583 0.68091 0.85217
0.51422 0.76200 0.90646
0.52596 0.75365 0.84177
0.47270 0.69072 0.86161
0.55512 0.80544 0.89359
0.41357 0.62680 0.81164
0.38955 0.63328 0.83787
0.38735 0.57307 0.77032
0.43169 0.64615 0.83152
0.40293 0.60661 0.79406
0.49513 0.75057 0.88650
0.47763 0.72946 0.86725
0.44296 0.65080 0.85086
0.37872 0.57750 0.77003
0.37436 0.57658 0.77775
0.36751 0.61022 0.82801
0.62283 0.87908 0.90371
0.60633 0.85827 0.90069
0.51839 0.75713 0.86564
0.45624 0.67313 0.83463
0.47451 0.72025 0.88054
0.51026 0.75249 0.86927
0.56550 0.82306 0.91413
0.37074 0.58255 0.78442
0.45320 0.67918 0.87835
0.52841 0.78174 0.88147
0.52171 0.76240 0.92006
0.39513 0.60229 0.78569
0.39178 0.59579 0.79867
0.42395 0.61972 0.77485
0.48667 0.71685 0.85905
0.47138 0.71189 0.90039
0.40813 0.64418 0.84447
0.37002 0.55987 0.75873
0.53485 0.78372 0.87740
0.50007 0.73039 0.92517
0.40414 0.64073 0.83711
0.53375 0.76677 0.85494
0.39589 0.58125 0.75140
0.38580 0.63604 0.84932
0.55183 0.79249 0.86821
0.47143 0.68967 0.82199
0.45392 0.67222 0.83773
0.35326 0.55933 0.77784
0.58130 0.84300 0.92155
0.46969 0.70754 0.87016
0.40334 0.58978 0.76389
0.44563 0.65784 0.81048
0.61572 0.87237 0.91567
0.55383 0.79721 0.92183
0.57723 0.82712 0.89408
0.35533 0.53644 0.74222
0.40532 0.62852 0.82001
0.42101 0.66671 0.86373
0.46246 0.67537 0.82783
0.39497 0.62223 0.82053
0.42760 0.64219 0.80687
0.51353 0.75641 0.90410
0.52268 0.75837 0.91419
0.43268 0.65356 0.83571
0.59162 0.84623 0.93662
0.49961 0.73637 0.88246
0.33739 0.50671 0.71766
0.54535 0.78333 0.89044
0.49541 0.74145 0.89174
0.50351 0.73295 0.85800
0.57111 0.82537 0.93506
0.51928 0.74326 0.83505
0.37519 0.62099 0.83306
0.38581 0.62745 0.84841
0.54888 0.79551 0.88265
0.45295 0.67334 0.84213
0.43974 0.65600 0.80882
0.66058 0.93042 0.93519
0.52715 0.78285 0.91322
0.44978 0.66901 0.82129
0.47033 0.71439 0.87471
0.56392 0.81949 0.91657
0.48078 0.73140 0.90119
0.40150 0.61987 0.80245
0.46575 0.70464 0.88448
0.40444 0.62438 0.80344
0.54266 0.79610 0.90561
0.50320 0.74549 0.92048
0.37894 0.56586 0.77498
0.60701 0.86504 0.91285
0.52154 0.75799 0.88464
0.52937 0.78141 0.88206
0.44604 0.65595 0.84574
0.45656 0.69944 0.86827
0.42958 0.62597 0.79531
0.58635 0.84708 0.90574
0.56430 0.80799 0.87072
0.43863 0.65137 0.80629
0.39701 0.61257 0.81304
0.50571 0.74245 0.85035
0.49204 0.74581 0.86789
0.46079 0.68046 0.84453
0.43587 0.65100 0.84646
0.48253 0.70966 0.89784
0.58894 0.85046 0.90408
0.40391 0.63676 0.82213
0.40702 0.61728 0.79142
0.51162 0.74845 0.94225
0.42420 0.66757 0.85697
0.45504 0.67401 0.82098
0.44439 0.67219 0.83003
0.49489 0.73783 0.87844
0.46567 0.71282 0.87681
0.38024 0.57641 0.78464
0.39340 0.62336 0.83954
0.44054 0.67764 0.88428
0.40019 0.60120 0.79538
0.43737 0.64607 0.82325
0.55433 0.80767 0.90484
0.37966 0.57943 0.78026
0.49827 0.72169 0.85517
0.47605 0.72145 0.90324
0.53998 0.78895 0.88079
0.35938 0.55958 0.77380
0.54733 0.79876 0.89150
0.40534 0.64952 0.85990
0.43265 0.63646 0.83487
0.52184 0.77616 0.90813
0.49666 0.72582 0.86611
0.41323 0.62163 0.82529
0.61975 0.88324 0.92968
0.50416 0.73956 0.90167
0.43366 0.63911 0.84389
0.38508 0.61718 0.83054
0.33682 0.51429 0.72855
0.46241 0.70676 0.89334
0.45024 0.66864 0.84077
0.43127 0.63352 0.82250
0.55344 0.81648 0.90317
0.44600 0.67319 0.83241
0.38605 0.63128 0.84266
0.53900 0.77689 0.85640
0.39773 0.60035 0.80992
0.52321 0.75172 0.87501
0.53171 0.78219 0.87758
0.43224 0.63529 0.79600
0.40756 0.61656 0.81270
0.52419 0.76245 0.92809
0.41605 0.62055 0.80381
0.45623 0.66330 0.79454
0.51846 0.76065 0.88385
0.51406 0.75787 0.89132
0.44042 0.64319 0.80946
0.44447 0.68536 0.85438
0.41514 0.61950 0.80807
0.44694 0.67933 0.84677
0.44205 0.69402 0.85623
0.40112 0.59248 0.76747
0.35916 0.53862 0.73942
0.48750 0.71487 0.83843
0.39994 0.59840 0.77515
0.38865 0.63682 0.84922
0.48421 0.70542 0.85753
0.43261 0.63387 0.79661
0.39560 0.59632 0.78313
0.51564 0.75767 0.92603
0.38302 0.63418 0.85148
0.60521 0.86530 0.92845
0.39422 0.59713 0.79347
0.56149 0.80669 0.89099
0.65084 0.91993 0.93049
0.44355 0.64846 0.82523
0.43933 0.67933 0.88407
0.51743 0.77803 0.88466
0.42871 0.67975 0.86246
0.37636 0.58673 0.78728
0.42127 0.62411 0.78818
0.50465 0.73671 0.90772
0.39330 0.63695 0.83919
0.43882 0.67933 0.87671
0.48344 0.71777 0.91421
0.54957 0.78481 0.85409
0.36707 0.59405 0.81046
0.45946 0.67997 0.86016
0.38063 0.61643 0.82293
0.55811 0.80972 0.91676
0.42487 0.62559 0.82496
0.39414 0.60308 0.81479
0.46185 0.69185 0.89401
0.59041 0.85542 0.91779
0.46131 0.68149 0.81427
0.44779 0.66148 0.86428
0.53258 0.78036 0.90360
0.50325 0.74586 0.90743
0.41367 0.61984 0.79180
0.50399 0.73125 0.84430
0.37114 0.58530 0.80222
0.45202 0.68174 0.87158
0.50237 0.73878 0.89454
0.42119 0.66811 0.88338
0.60591 0.86732 0.91799
0.58518 0.84368 0.92382
0.43169 0.66486 0.87131
0.58272 0.84157 0.91156
0.36091 0.56079 0.77323
0.45048 0.66077 0.85320
0.53579 0.79056 0.88779
0.39446 0.58507 0.75769
0.47709 0.69000 0.82746
0.46276 0.69378 0.84675
0.42694 0.64382 0.80118
0.38899 0.62442 0.84291
0.53330 0.77131 0.87827
0.45610 0.68090 0.86175
0.45534 0.67368 0.84497
0.41541 0.62447 0.80693
0.41785 0.66357 0.84478
0.36152 0.55328 0.76168
0.54012 0.80196 0.89102
0.49959 0.73868 0.93612
0.47326 0.72498 0.86802
0.53025 0.78020 0.89818
0.48310 0.70764 0.87919
0.42861 0.67081 0.87732
0.53560 0.77970 0.93405
0.55918 0.80526 0.90466
0.45136 0.68984 0.83950
0.47731 0.70958 0.90994
0.34638 0.52205 0.72329
0.39975 0.61965 0.82864
0.46214 0.66733 0.80613
0.47989 0.71387 0.88241
0.49569 0.71386 0.82070
0.38543 0.59010 0.78556
0.46210 0.68187 0.84067
0.53440 0.76886 0.90223
0.53795 0.80128 0.89892
0.41991 0.62374 0.81202
0.46410 0.71281 0.89885
0.41851 0.65044 0.84771
0.46200 0.67539 0.82174
0.50416 0.74977 0.91244
0.51506 0.74428 0.86730
0.35586 0.52502 0.72569
0.38263 0.61845 0.83767
0.56352 0.81241 0.93649
0.42084 0.62823 0.80577
0.63119 0.89602 0.93719
0.37137 0.57132 0.77810
0.52397 0.76094 0.91883
0.46235 0.70970 0.88242
0.54195 0.78427 0.91801
0.51545 0.76327 0.86708
0.37814 0.58995 0.79219
0.53876 0.78785 0.92880
0.51027 0.74426 0.85048
0.47467 0.70341 0.84457
0.33442 0.50897 0.72179
0.42663 0.64162 0.82781
0.36312 0.57825 0.78631
0.41547 0.65807 0.86113
0.50710 0.73352 0.84706
0.52977 0.78224 0.88782
0.40930 0.62282 0.80571
0.60760 0.86388 0.89949
0.64498 0.91067 0.92458
0.44019 0.64493 0.79691
0.39402 0.59238 0.77178
0.53349 0.76869 0.90043
0.47172 0.69476 0.83284
0.39573 0.59137 0.76540
0.58849 0.83837 0.91632
0.50514 0.74465 0.93783
0.37488 0.59838 0.80416
0.53132 0.77036 0.87639
0.51540 0.75184 0.92458
0.39422 0.63160 0.83529
0.48758 0.74016 0.87654
0.57327 0.82087 0.91105
0.36269 0.56526 0.77198
0.41739 0.62212 0.79283
0.46250 0.68903 0.84012
0.50646 0.75999 0.89785
0.50801 0.73729 0.89872
0.51555 0.74716 0.86052
0.38308 0.58355 0.77311
0.43130 0.66804 0.83742
0.42996 0.65505 0.85405
0.35341 0.56137 0.77230
0.53732 0.79175 0.88893
0.47815 0.69094 0.81024
0.37674 0.58825 0.78449
0.48267 0.71457 0.91596
0.52015 0.75624 0.90524
0.38125 0.58085 0.78705
0.42329 0.64647 0.85542
0.56256 0.81636 0.92221
0.46426 0.69733 0.84352
0.46932 0.67443 0.79188
0.48363 0.70657 0.88111
0.39518 0.60171 0.81079
0.51101 0.76063 0.91502
0.48956 0.70579 0.83794
0.38350 0.60113 0.80469
0.47698 0.73383 0.87145
0.44032 0.64938 0.80933
0.39978 0.61161 0.80526
0.46620 0.67699 0.84389
0.36823 0.60240 0.81413
0.50884 0.74240 0.89079
0.57577 0.82167 0.87983
0.46642 0.70036 0.84458
0.55859 0.82208 0.90971
0.59169 0.84507 0.90317
0.37824 0.59038 0.80162
0.47667 0.72763 0.87952
0.56952 0.81755 0.93802
0.52607 0.77458 0.87174
0.42609 0.65543 0.86682
0.42711 0.64926 0.81964
0.51855 0.74866 0.87004
0.35341 0.57560 0.79586
0.54490 0.78866 0.93297
0.38945 0.63161 0.84624
0.50337 0.73861 0.93345
0.51616 0.77356 0.89065
0.56568 0.82488 0.91228
0.46569 0.71420 0.88113
0.41974 0.62119 0.81438
0.50779 0.74841 0.92092
0.42165 0.67190 0.87092
0.48125 0.71023 0.83502
0.62582 0.89051 0.92300
0.58446 0.83173 0.90752
0.45720 0.68078 0.82564
0.43468 0.64550 0.84641
0.57289 0.82247 0.90564
0.40581 0.62173 0.82665
0.43015 0.65679 0.82243
0.60177 0.86332 0.91883
0.45695 0.70208 0.85587
0.38762 0.58054 0.77014
0.53277 0.78263 0.93094
0.46798 0.70494 0.83882
0.36773 0.57220 0.77471
0.42303 0.67073 0.88446
0.42675 0.64097 0.82933
0.42851 0.65382 0.85933
0.41403 0.60654 0.78525
0.36764 0.54587 0.74471
0.48451 0.73306 0.90475
0.42600 0.62175 0.77356
0.53785 0.77852 0.88687
0.49404 0.74284 0.86212
0.40246 0.63341 0.82866
0.51003 0.75702 0.89719
0.50761 0.74379 0.89005
0.49753 0.71756 0.83190
0.39916 0.64916 0.86895
0.44413 0.67656 0.86022
0.38465 0.56696 0.74407
0.46970 0.68992 0.85696
0.44082 0.69353 0.86700
0.52839 0.75671 0.85399
0.37824 0.58274 0.79641
0.48941 0.73056 0.89376
0.50631 0.74961 0.85956
0.47003 0.69436 0.82894
0.48258 0.71949 0.87187
0.45946 0.68527 0.85440
0.42482 0.62270 0.77258
0.42607 0.66653 0.85048
0.45595 0.69143 0.84724
0.49887 0.71684 0.82738
0.44355 0.66730 0.83511
0.42296 0.64316 0.84574
0.39042 0.61692 0.83359
0.47637 0.69680 0.82442
0.46613 0.68155 0.81868
0.54177 0.78254 0.88030
0.51109 0.74741 0.93249
0.43058 0.63365 0.80346
0.36629 0.57646 0.78271
0.36326 0.55278 0.74787
0.54211 0.77447 0.86932
0.41847 0.62378 0.82658
0.38319 0.62823 0.83993
0.65913 0.92906 0.93638
0.46300 0.69041 0.82426
0.39381 0.58007 0.77213
0.43444 0.64512 0.82839
0.34187 0.52540 0.74127
0.49846 0.72768 0.85706
0.52570 0.76369 0.88157
0.49943 0.73784 0.87641
0.40787 0.63086 0.84134
0.41934 0.64929 0.83209
0.53718 0.78697 0.91061
0.41953 0.64781 0.81651
0.46244 0.67626 0.80683
0.49652 0.73889 0.87500
0.54046 0.79824 0.88344
0.40618 0.62134 0.80266
0.46441 0.68826 0.83288
0.41397 0.61920 0.80853
0.51544 0.75022 0.88816
0.52104 0.75479 0.92114
0.54388 0.78838 0.86459
0.45504 0.70685 0.88855
0.47379 0.71732 0.86171
0.54495 0.79819 0.90970
0.54824 0.80403 0.91982
0.55892 0.80240 0.88087
0.51458 0.75011 0.86171
0.57769 0.82380 0.88735
0.54583 0.78166 0.86849
0.52621 0.77202 0.90955
0.49692 0.74590 0.90856
0.36668 0.60805 0.83130
0.45459 0.69786 0.86571
0.46146 0.67509 0.84425
0.42370 0.67016 0.86828
0.44803 0.65466 0.83364
0.55888 0.82291 0.90731
0.50862 0.74123 0.89983
0.60166 0.85187 0.89216
0.44513 0.65725 0.84971
0.35308 0.56087 0.77791
0.40474 0.62544 0.81792
0.56434 0.81753 0.88327
0.63474 0.90326 0.91838
0.48424 0.72011 0.87245
0.55660 0.80883 0.88563
0.51209 0.76486 0.91564
0.55363 0.80200 0.87361
0.45068 0.68490 0.89223
0.48994 0.70467 0.81262
0.43270 0.66670 0.83068
0.48000 0.70514 0.88687
0.46904 0.72416 0.88584
0.38567 0.60291 0.79438
0.44652 0.66202 0.84613
0.48861 0.70531 0.81706
0.48835 0.72138 0.86441
0.44713 0.66852 0.86394
0.43857 0.66102 0.86576
0.60044 0.85314 0.89721
0.40539 0.63663 0.83578
0.58299 0.83385 0.90988
0.43725 0.64781 0.84284
0.65089 0.91849 0.92112
0.45387 0.66814 0.82165
0.41471 0.65594 0.85752
0.46255 0.69889 0.83633
0.37214 0.55647 0.76607
0.44607 0.66389 0.81918
0.49655 0.72441 0.86524
0.41216 0.66803 0.85834
0.41075 0.64082 0.83675
0.49354 0.72995 0.90145
0.54580 0.78369 0.87585
0.61676 0.86940 0.89260
0.45015 0.66640 0.80921
0.43801 0.69421 0.86606
0.51455 0.74324 0.84423
0.58586 0.84311 0.91575
0.63515 0.89875 0.92288
0.50455 0.73149 0.83548
0.43178 0.63458 0.82385
0.40744 0.63433 0.84594
0.54443 0.79296 0.93361
0.47313 0.72514 0.88485
0.46730 0.68579 0.85834
0.53784 0.78580 0.91464
0.51769 0.74916 0.89732
0.60359 0.85768 0.91790
0.45197 0.68845 0.89681
0.47915 0.70625 0.90620
0.46500 0.69230 0.88574
0.55745 0.80679 0.89570
0.37769 0.58425 0.79918
0.46199 0.66521 0.79636
0.39547 0.60325 0.78636
0.54355 0.77465 0.84758
0.47758 0.72160 0.87450
0.46595 0.70317 0.90644
0.46273 0.69138 0.86867
0.49954 0.73514 0.91710
0.36633 0.57236 0.78018
0.49752 0.72766 0.85321
0.45156 0.66814 0.82500
0.49809 0.74519 0.91021
0.48770 0.72141 0.90570
0.50690 0.74653 0.86054
0.62784 0.88848 0.91037
0.41069 0.60287 0.79775
0.41117 0.61670 0.80937
0.43183 0.65594 0.83325
0.43331 0.63895 0.82503
0.46974 0.71744 0.86819
0.44190 0.68957 0.86757
0.47449 0.69187 0.81537
0.50205 0.74801 0.88054
0.41513 0.62208 0.82850
0.46937 0.70094 0.88200
0.55673 0.80304 0.93853
0.38341 0.59944 0.80010
0.45550 0.66743 0.83515
0.53036 0.78876 0.89134
0.46448 0.68464 0.83043
0.44800 0.66487 0.84659
0.50083 0.74301 0.85278
0.37101 0.57559 0.78520
0.46836 0.69592 0.86297
0.52615 0.77802 0.89978
0.48849 0.71011 0.88775
0.41439 0.66999 0.86175
0.57916 0.83859 0.90222
0.35072 0.51791 0.72002
0.38990 0.63236 0.83225
0.51092 0.75255 0.93101
0.47506 0.70155 0.84689
0.45725 0.68737 0.84397
0.43187 0.63253 0.81293
0.52688 0.77272 0.90094
0.50061 0.73080 0.83853
0.41547 0.63340 0.80846
0.47738 0.71401 0.85513
0.43988 0.65112 0.80060
0.40266 0.64651 0.83550
0.36587 0.55928 0.76810
0.56691 0.81466 0.90542
0.48770 0.73273 0.89234
0.55735 0.82027 0.89949
0.37659 0.60000 0.80959
0.42399 0.65535 0.86357
0.64065 0.90233 0.91217
0.43961 0.65530 0.83203
0.41319 0.60852 0.77715
0.48768 0.73506 0.91715
0.40247 0.60883 0.81848
0.55283 0.80090 0.88247
0.55847 0.82366 0.90405
0.51894 0.77555 0.87723
0.49379 0.74093 0.89231
0.64000 0.90598 0.91683
0.35219 0.52580 0.72454
0.43376 0.64920 0.80208
0.66510 0.93337 0.92510
0.58082 0.83360 0.88474
0.39951 0.59740 0.77911
0.46536 0.71615 0.90022
0.34204 0.53467 0.74829
0.44524 0.65072 0.83486
0.42593 0.62230 0.77836
0.43647 0.64604 0.80381
0.43497 0.64265 0.83312
0.41442 0.61031 0.78010
0.39018 0.58613 0.77494
0.35646 0.54706 0.74820
0.52403 0.75752 0.88594
0.42035 0.61737 0.77991
0.51887 0.76822 0.86728
0.44407 0.65837 0.85483
0.39651 0.57952 0.74591
0.40095 0.63535 0.82767
0.42624 0.62623 0.82690
0.55140 0.80014 0.92759
0.51786 0.75883 0.88903
0.45264 0.65586 0.80546
0.42634 0.63072 0.83382
0.62063 0.87961 0.91651
0.43847 0.63599 0.79239
0.52826 0.76178 0.85987
0.48876 0.73964 0.90139
0.38022 0.57605 0.76183
0.39865 0.58961 0.76131
0.47322 0.69626 0.84378
0.50134 0.73330 0.90232
0.65991 0.93056 0.93339
0.50311 0.74539 0.92471
0.51431 0.73661 0.83810
0.43881 0.69242 0.87589
0.44066 0.67476 0.85889
0.59774 0.84915 0.89627
0.56599 0.81878 0.91687
0.39689 0.63205 0.84574
0.37149 0.58387 0.79668
0.44286 0.69470 0.86419
0.51632 0.76121 0.93213
0.54976 0.79096 0.91832
0.48574 0.72179 0.88918
0.50713 0.75316 0.87068
0.55873 0.79703 0.86484
0.59129 0.84817 0.93236
0.59256 0.84437 0.90884
0.39751 0.57898 0.74374
0.44490 0.65575 0.81264
0.43769 0.67599 0.88543
0.42252 0.67189 0.85992
0.57975 0.82973 0.93993
0.38979 0.59151 0.80323
0.40545 0.65917 0.86581
0.54797 0.80433 0.90719
0.46466 0.71238 0.90053
0.43943 0.65593 0.84434
0.50652 0.73663 0.87212
0.43317 0.63559 0.81953
0.60636 0.86801 0.93343
0.38098 0.59439 0.78957
0.49997 0.71963 0.84595
0.45577 0.70129 0.88347
0.49069 0.73304 0.88230
0.53597 0.78817 0.92233
0.44885 0.65859 0.85059
0.45757 0.68163 0.87568
0.52048 0.77097 0.88606
0.49556 0.72798 0.89697
0.50949 0.73609 0.88614
0.56531 0.81732 0.92347
0.45848 0.67030 0.82270
