20 17 1000 52450 1238
0.57761 0.56067 0.35868
0.07778 0.73931 0.57455
0.45033 0.90683 0.53428
0.00867 0.84335 0.28085
0.92610 0.01887 0.47530
0.06784 0.77832 0.86934
0.06548 0.72418 0.94216
0.24225 0.91826 0.52546
0.08088 0.56951 0.18078
0.17815 0.58488 0.46467
0.31309 0.64675 0.64021
0.02485 0.85998 0.51411
0.76651 0.14739 0.67814
0.43120 0.89971 0.76680
0.20090 0.19905 0.59697
0.55577 0.06157 0.83004
0.48937 0.73864 0.80662
0.30747 0.51088 0.61601
0.30568 0.65913 0.64845
0.18609 0.70826 0.56952
0.44432 0.51707 0.64278
0.28866 0.65732 0.58722
0.36443 0.56884 0.59239
0.32247 0.63219 0.64248
0.41442 0.51910 0.55674
0.22672 0.65251 0.68281
0.33075 0.53058 0.70538
0.40469 0.62389 0.61588
0.26684 0.67240 0.61510
0.36010 0.59453 0.55933
0.28605 0.66319 0.62270
0.33687 0.53154 0.56666
0.24757 0.54730 0.53645
0.20139 0.69492 0.66056
0.50579 0.40019 0.62042
0.30659 0.65943 0.65454
0.23754 0.70766 0.64685
0.25771 0.62843 0.50400
0.20480 0.69957 0.64749
0.27481 0.65294 0.60843
0.39378 0.39898 0.68635
0.36565 0.41959 0.56991
0.36275 0.66546 0.61985
0.38218 0.55133 0.56641
0.29338 0.69776 0.57636
0.35952 0.45862 0.68408
0.36026 0.57611 0.61633
0.18582 0.62309 0.52092
0.47396 0.51172 0.59020
0.28981 0.73373 0.60422
0.25408 0.61372 0.62082
0.18790 0.70378 0.52597
0.31839 0.66542 0.50958
0.26232 0.65005 0.66244
0.37654 0.56921 0.57394
0.45586 0.47371 0.54459
0.29969 0.60063 0.67707
0.19652 0.64332 0.58342
0.30234 0.69748 0.58172
0.30952 0.67141 0.65980
0.28047 0.64361 0.60858
0.34161 0.58202 0.57197
0.29718 0.55182 0.53138
0.31936 0.45785 0.57491
0.35588 0.60159 0.54505
0.25754 0.60253 0.49563
0.25012 0.66438 0.49188
0.33204 0.58771 0.55560
0.25271 0.57345 0.65741
0.28593 0.64448 0.57426
0.26516 0.56823 0.62200
0.28246 0.68526 0.62131
0.25089 0.65505 0.56696
0.28033 0.60326 0.56529
0.29025 0.52830 0.64224
0.29537 0.62716 0.58250
0.34612 0.54125 0.68050
0.39739 0.55789 0.61414
0.26553 0.53550 0.58798
0.37256 0.53021 0.58523
0.34134 0.51349 0.62665
0.37693 0.58125 0.56307
0.34917 0.54709 0.57225
0.28484 0.53652 0.50347
0.32546 0.62107 0.55358
0.28918 0.64175 0.60673
0.35171 0.64887 0.55391
0.36359 0.58827 0.57158
0.32478 0.65423 0.62532
0.39316 0.62864 0.61400
0.32308 0.63960 0.56718
0.38209 0.51645 0.61495
0.20450 0.69309 0.53888
0.31554 0.59480 0.60163
0.29346 0.62352 0.56219
0.33690 0.62400 0.62888
0.22349 0.64714 0.65718
0.39110 0.50273 0.60602
0.31882 0.61968 0.52654
0.29884 0.63571 0.54294
0.32272 0.66699 0.58522
0.29562 0.68643 0.63211
0.27938 0.56162 0.64525
0.30629 0.67143 0.53852
0.37134 0.55275 0.58570
0.39317 0.56295 0.66233
0.27343 0.62379 0.59000
0.23941 0.63068 0.56332
0.40565 0.57976 0.50568
0.25619 0.62438 0.57319
0.45912 0.44987 0.62475
0.40267 0.48990 0.59736
0.25843 0.67802 0.55947
0.21458 0.64171 0.58738
0.31294 0.64632 0.59001
0.30986 0.64345 0.57470
0.32195 0.61033 0.65507
0.18153 0.71883 0.61342
0.33486 0.47893 0.58039
0.31782 0.58146 0.56519
0.25448 0.65457 0.59069
0.38154 0.59541 0.60637
0.34577 0.59232 0.61150
0.34367 0.67395 0.61396
0.27644 0.57585 0.55346
0.38430 0.57151 0.61056
0.32228 0.58471 0.53465
0.31779 0.63348 0.64320
0.27293 0.70545 0.60788
0.29314 0.55149 0.53622
0.26647 0.51353 0.54326
0.32568 0.52334 0.56220
0.30880 0.58148 0.57983
0.38838 0.55782 0.54775
0.41232 0.55950 0.62310
0.23464 0.66552 0.68092
0.24253 0.66443 0.47877
0.26644 0.63867 0.60150
0.29279 0.64518 0.61542
0.27004 0.64189 0.65131
0.28350 0.76784 0.58576
0.28295 0.62212 0.49598
0.31065 0.66832 0.59947
0.30805 0.61295 0.63251
0.21535 0.69273 0.64944
0.24620 0.53415 0.57115
0.38456 0.66279 0.54831
0.26865 0.60247 0.68045
0.39508 0.52973 0.59879
0.30068 0.70603 0.62330
0.43902 0.49817 0.56617
0.30185 0.62930 0.56453
0.25984 0.61071 0.60909
0.32827 0.56608 0.64889
0.30574 0.62326 0.61184
0.21711 0.70680 0.58021
0.28895 0.67972 0.60011
0.31120 0.64765 0.57987
0.30304 0.56688 0.53822
0.22059 0.68273 0.60858
0.20014 0.68126 0.61109
0.37403 0.56080 0.59497
0.32756 0.57990 0.58384
0.42549 0.44699 0.56867
0.30044 0.60630 0.62172
0.41753 0.62363 0.62656
0.23256 0.64028 0.56887
0.34865 0.53589 0.53816
0.31839 0.64936 0.62601
0.34916 0.56230 0.66870
0.29434 0.54709 0.52679
0.27604 0.59513 0.50271
0.39289 0.51157 0.59717
0.30553 0.68959 0.60236
0.40260 0.53365 0.63568
0.26444 0.63739 0.45880
0.29868 0.68229 0.59904
0.19891 0.65979 0.61791
0.23032 0.74811 0.59536
0.36629 0.61325 0.62331
0.37640 0.66100 0.59538
0.27441 0.62913 0.49495
0.26752 0.64331 0.63432
0.42342 0.56279 0.57092
0.33408 0.63925 0.67415
0.30118 0.68482 0.65238
0.39586 0.52317 0.62306
0.27532 0.64662 0.52000
0.38731 0.64232 0.56865
0.35800 0.66107 0.51101
0.31009 0.68020 0.59070
0.36911 0.48647 0.60365
0.50856 0.38758 0.62316
0.27794 0.61589 0.51785
0.38532 0.53080 0.59914
0.32359 0.64048 0.56621
0.36499 0.53597 0.67196
0.28462 0.54470 0.56157
0.49626 0.37250 0.57817
0.37771 0.48946 0.59090
0.27562 0.62958 0.50782
0.24518 0.67010 0.59803
0.32725 0.56898 0.55495
0.46683 0.47606 0.65796
0.32724 0.65291 0.65104
0.33062 0.56760 0.58679
0.35913 0.54979 0.56649
0.26137 0.55080 0.72919
0.24334 0.63624 0.51828
0.36398 0.61960 0.51308
0.23588 0.71661 0.46896
0.21748 0.66792 0.53247
0.28467 0.54424 0.63608
0.46874 0.48697 0.58362
0.43871 0.47404 0.55783
0.32657 0.59326 0.55556
0.47566 0.48584 0.60619
0.31168 0.59666 0.65258
0.35188 0.57471 0.54345
0.34659 0.59671 0.54248
0.24204 0.67343 0.61060
0.37720 0.45827 0.50859
0.28642 0.58275 0.55649
0.30221 0.52846 0.55566
0.34281 0.66930 0.63416
0.33476 0.61900 0.57901
0.35140 0.66790 0.65508
0.49637 0.46011 0.55972
0.26050 0.66467 0.69218
0.27443 0.67549 0.61528
0.38332 0.47042 0.61194
0.31408 0.57745 0.60073
0.25707 0.54179 0.62133
0.37988 0.51845 0.69531
0.27242 0.58169 0.51097
0.29066 0.53376 0.56293
0.30590 0.55676 0.61851
0.26531 0.69452 0.60224
0.25995 0.66858 0.60261
0.49447 0.41348 0.59808
0.26286 0.57936 0.55232
0.29028 0.68275 0.59082
0.17920 0.70408 0.67211
0.28532 0.68532 0.63297
0.30968 0.70877 0.54563
0.22791 0.63154 0.59807
0.33417 0.63530 0.61732
0.38006 0.52777 0.56440
0.30943 0.60235 0.62118
0.39690 0.47920 0.51953
0.19786 0.64248 0.51627
0.34171 0.67869 0.56662
0.29986 0.69173 0.62837
0.45785 0.46653 0.60222
0.22088 0.74462 0.66964
0.24079 0.64067 0.62716
0.37273 0.52831 0.61857
0.48705 0.48595 0.52937
0.27203 0.63478 0.64142
0.23641 0.70591 0.56892
0.29531 0.64042 0.63498
0.31257 0.67112 0.58862
0.25513 0.62554 0.60510
0.41290 0.59477 0.63940
0.23389 0.68772 0.62583
0.29616 0.63398 0.49549
0.37796 0.57493 0.50278
0.35156 0.66049 0.58511
0.27138 0.62026 0.54383
0.48227 0.45562 0.61568
0.32070 0.62429 0.52260
0.31642 0.61042 0.63477
0.32568 0.63465 0.52730
0.40342 0.48719 0.63209
0.23587 0.65723 0.69941
0.33765 0.69754 0.67529
0.41180 0.53227 0.61954
0.34810 0.53646 0.60975
0.38697 0.59822 0.59436
0.32312 0.66314 0.58927
0.28591 0.65415 0.59563
0.40473 0.53456 0.63973
0.34722 0.56819 0.61032
0.43971 0.61971 0.56698
0.34817 0.58624 0.54405
0.39376 0.57470 0.60470
0.36226 0.59678 0.58567
0.35069 0.66467 0.58302
0.28225 0.69604 0.58681
0.30554 0.59004 0.58909
0.25177 0.63788 0.62744
0.35887 0.55457 0.60457
0.24634 0.65205 0.60835
0.40603 0.46836 0.66565
0.28121 0.70097 0.60153
0.27016 0.73875 0.66105
0.31410 0.64739 0.47994
0.35716 0.65069 0.60348
0.37357 0.63576 0.57245
0.23658 0.67256 0.63403
0.23029 0.68110 0.60163
0.36095 0.60228 0.57822
0.21938 0.60758 0.63330
0.30625 0.56440 0.60405
0.32177 0.60039 0.56278
0.30260 0.51654 0.54059
0.25606 0.64899 0.52091
0.36977 0.59802 0.72261
0.31734 0.63848 0.62496
0.31809 0.62430 0.60416
0.24094 0.62430 0.67588
0.40752 0.58690 0.55191
0.21501 0.67421 0.58477
0.29978 0.60227 0.62766
0.41222 0.48027 0.59568
0.37293 0.61317 0.52078
0.30936 0.66727 0.56624
0.29245 0.58073 0.55415
0.26041 0.69069 0.66734
0.32031 0.65060 0.63230
0.28245 0.57496 0.61756
0.34734 0.64199 0.59191
0.46828 0.57234 0.55610
0.41028 0.61865 0.58973
0.41268 0.36986 0.61058
0.37965 0.49178 0.57458
0.38241 0.62484 0.58552
0.26262 0.67170 0.60015
0.40086 0.51298 0.56651
0.32459 0.65918 0.60777
0.28464 0.60246 0.61382
0.36326 0.68029 0.65292
0.35381 0.53439 0.57356
0.23899 0.62317 0.54076
0.36288 0.49802 0.59002
0.32811 0.59013 0.55276
0.31646 0.64584 0.56805
0.40445 0.61341 0.56433
0.27120 0.64301 0.66851
0.26545 0.66501 0.64621
0.19132 0.68411 0.66672
0.37731 0.59054 0.58607
0.37983 0.58136 0.60728
0.34961 0.67047 0.62580
0.35270 0.61932 0.58326
0.31143 0.60472 0.60828
0.42368 0.45920 0.61123
0.19909 0.65698 0.61873
0.36249 0.61495 0.63000
0.49006 0.51211 0.57366
0.28274 0.66340 0.60124
0.30877 0.62136 0.64444
0.25414 0.66800 0.53205
0.24836 0.58627 0.64047
0.40069 0.50903 0.49929
0.42331 0.48401 0.64272
0.31421 0.52412 0.69823
0.41862 0.50320 0.61071
0.36048 0.63548 0.59532
0.38072 0.54990 0.59133
0.30630 0.73615 0.56056
0.19707 0.62973 0.49104
0.39302 0.71599 0.55726
0.36104 0.66654 0.65165
0.33102 0.54699 0.56633
0.24313 0.67857 0.64368
0.27123 0.65797 0.55024
0.35559 0.58689 0.62019
0.25686 0.62467 0.49927
0.17660 0.70103 0.58673
0.33500 0.59872 0.56512
0.32959 0.57215 0.62138
0.33105 0.66616 0.57543
0.23836 0.63998 0.58118
0.49425 0.50567 0.61087
0.41500 0.54505 0.58245
0.41605 0.56528 0.56048
0.31575 0.61938 0.57470
0.34318 0.53682 0.64195
0.19013 0.73299 0.58582
0.40433 0.47024 0.65839
0.38895 0.56086 0.59381
0.38310 0.53990 0.61844
0.26776 0.62680 0.58221
0.25986 0.62214 0.53941
0.35672 0.61327 0.56568
0.29464 0.64888 0.56947
0.21022 0.69911 0.52270
0.30826 0.58011 0.55923
0.44553 0.50955 0.57585
0.38670 0.52436 0.67426
0.25712 0.72139 0.60398
0.26885 0.63762 0.53766
0.25896 0.62789 0.54691
0.28490 0.60374 0.62627
0.30294 0.60741 0.61603
0.33838 0.60368 0.64946
0.44047 0.61859 0.63430
0.27786 0.58770 0.65593
0.21383 0.61077 0.69316
0.30811 0.64280 0.56705
0.33742 0.64329 0.56169
0.28043 0.62083 0.59244
0.31600 0.56333 0.59228
0.30155 0.63583 0.55438
0.38551 0.54351 0.67795
0.28559 0.63138 0.58469
0.24514 0.68550 0.52919
0.28073 0.61869 0.59764
0.53237 0.48539 0.67455
0.21124 0.66191 0.63068
0.36304 0.51174 0.59067
0.33066 0.52946 0.67509
0.35844 0.65832 0.58728
0.36042 0.53130 0.51540
0.33663 0.54619 0.65057
0.22238 0.62556 0.58167
0.25090 0.54793 0.60851
0.32047 0.71616 0.64385
0.35013 0.58557 0.58835
0.27093 0.65913 0.57778
0.36218 0.54996 0.59790
0.32120 0.61576 0.62113
0.30737 0.66931 0.58786
0.28367 0.62252 0.52847
0.34875 0.63449 0.61623
0.26439 0.63923 0.64004
0.36108 0.65190 0.57177
0.44549 0.50188 0.65117
0.35702 0.53551 0.51026
0.42703 0.53615 0.57528
0.20860 0.72276 0.54074
0.29969 0.63867 0.68913
0.32432 0.67613 0.54573
0.32272 0.64402 0.48817
0.37522 0.55420 0.54928
0.28453 0.63271 0.65056
0.25497 0.64435 0.56902
0.32467 0.70809 0.62343
0.25650 0.65692 0.49845
0.28151 0.69975 0.62253
0.31092 0.57458 0.63702
0.35793 0.61973 0.55111
0.28907 0.70506 0.58729
0.32478 0.67395 0.64346
0.25497 0.68574 0.68872
0.38743 0.63577 0.62211
0.40316 0.58159 0.59318
0.36002 0.54428 0.63636
0.28946 0.60554 0.59342
0.33430 0.51258 0.59628
0.45641 0.39808 0.64597
0.27073 0.60671 0.54445
0.23598 0.66259 0.57264
0.24578 0.72115 0.53352
0.37629 0.67751 0.66508
0.37171 0.69726 0.59852
0.32158 0.60393 0.63411
0.25212 0.77291 0.52525
0.31460 0.71856 0.59945
0.33558 0.63316 0.61852
0.30549 0.70443 0.56675
0.28962 0.65439 0.57943
0.27413 0.59710 0.62360
0.39668 0.49600 0.63622
0.44150 0.50769 0.63416
0.33928 0.60789 0.62519
0.43749 0.49586 0.63258
0.27446 0.55415 0.57797
0.41260 0.53410 0.64039
0.29885 0.61491 0.52343
0.27439 0.57917 0.61044
0.24485 0.66776 0.57253
0.19951 0.58668 0.49682
0.26058 0.57326 0.60118
0.34699 0.55343 0.58918
0.32907 0.61015 0.58041
0.30247 0.56286 0.63876
0.26706 0.78227 0.53810
0.34353 0.62191 0.50609
0.30618 0.65851 0.50497
0.35358 0.51619 0.57371
0.22852 0.71636 0.62628
0.27798 0.62576 0.64410
0.31324 0.60951 0.58342
0.36970 0.70245 0.57823
0.28475 0.61181 0.56349
0.31422 0.49879 0.58010
0.34673 0.55390 0.57166
0.25410 0.61897 0.60365
0.42228 0.52873 0.67135
0.25069 0.62027 0.56573
0.41565 0.48410 0.66676
0.26703 0.59191 0.51295
0.39716 0.63646 0.63993
0.42571 0.54087 0.58550
0.32783 0.65388 0.56337
0.29127 0.61631 0.54676
0.30648 0.60921 0.61096
0.31404 0.58263 0.61769
0.27079 0.57771 0.64667
0.27764 0.66651 0.66941
0.27237 0.59722 0.50007
0.33755 0.59178 0.59117
0.29259 0.59285 0.57676
0.34082 0.63348 0.67995
0.29831 0.64944 0.60903
0.35686 0.55055 0.62876
0.26784 0.59808 0.63781
0.27283 0.73492 0.57722
0.25226 0.57963 0.52485
0.30134 0.62034 0.50480
0.29749 0.65336 0.65454
0.38291 0.67767 0.58533
0.41354 0.53848 0.58844
0.31720 0.61888 0.58126
0.38435 0.56844 0.63032
0.48407 0.45912 0.61081
0.25691 0.65803 0.56819
0.37251 0.54049 0.59474
0.27505 0.62126 0.50985
0.36168 0.53474 0.60018
0.28787 0.58698 0.58711
0.29255 0.63159 0.64095
0.33535 0.54774 0.60238
0.28385 0.52563 0.63399
0.31245 0.58069 0.68785
0.44037 0.43399 0.65312
0.36554 0.59419 0.62375
0.37315 0.39679 0.61726
0.25980 0.64946 0.65062
0.35179 0.73950 0.64426
0.26041 0.68417 0.60476
0.33727 0.64686 0.61745
0.31755 0.54308 0.59836
0.31244 0.61010 0.59161
0.37964 0.53118 0.55544
0.23600 0.58783 0.59785
0.28821 0.70917 0.57978
0.38984 0.59636 0.59734
0.28526 0.60902 0.60633
0.30226 0.58007 0.49310
0.31212 0.66603 0.56327
0.23821 0.69258 0.49630
0.43000 0.44500 0.53480
0.31206 0.50670 0.63985
0.39167 0.51617 0.54082
0.29473 0.65330 0.59419
0.32673 0.68272 0.55338
0.40170 0.66249 0.59751
0.34268 0.52781 0.61016
0.35756 0.50700 0.48709
0.31114 0.60960 0.52065
0.34322 0.52628 0.60947
0.38754 0.52499 0.59170
0.26681 0.70750 0.58799
0.29308 0.58933 0.60522
0.28963 0.59684 0.58996
0.36029 0.51563 0.63206
0.32268 0.63828 0.58277
0.30623 0.65363 0.57720
0.22494 0.66259 0.61355
0.23812 0.60734 0.66382
0.57589 0.39387 0.58118
0.36908 0.55647 0.60140
0.29938 0.63438 0.62455
0.31500 0.62922 0.55701
0.26139 0.73252 0.53839
0.36212 0.64166 0.57838
0.31135 0.59676 0.59583
0.35384 0.57775 0.55425
0.28346 0.69501 0.63414
0.27656 0.57793 0.57735
0.33029 0.56768 0.66132
0.31436 0.63728 0.57099
0.27989 0.64214 0.55204
0.32794 0.66975 0.58615
0.38401 0.58274 0.55842
0.30100 0.65744 0.57616
0.33019 0.58395 0.61120
0.20206 0.64725 0.49528
0.30922 0.70493 0.63290
0.33872 0.59878 0.58501
0.35305 0.68062 0.57867
0.37346 0.55443 0.59809
0.30767 0.59904 0.53207
0.26230 0.64463 0.58543
0.31448 0.62459 0.62346
0.34284 0.58495 0.58306
0.33821 0.50759 0.59088
0.33022 0.67359 0.54423
0.37037 0.54698 0.64008
0.42268 0.58309 0.63032
0.32969 0.66793 0.60463
0.34981 0.50723 0.59219
0.30189 0.63603 0.58985
0.29628 0.69153 0.52520
0.35294 0.61274 0.74964
0.38808 0.64169 0.58259
0.38037 0.49494 0.56392
0.24441 0.65739 0.69522
0.27416 0.59895 0.57007
0.19221 0.64784 0.52602
0.25831 0.63962 0.58680
0.39071 0.57054 0.57979
0.29902 0.65458 0.55520
0.41470 0.56139 0.57448
0.31708 0.68829 0.60836
0.39307 0.48841 0.60957
0.32610 0.53033 0.65212
0.44491 0.49537 0.55679
0.28969 0.59054 0.60685
0.27812 0.58549 0.51038
0.29521 0.61496 0.61736
0.24399 0.63864 0.60668
0.37245 0.52255 0.51242
0.36783 0.45240 0.66979
0.41835 0.44719 0.53779
0.41651 0.59462 0.54180
0.20660 0.67021 0.64199
0.29927 0.58420 0.58947
0.24575 0.70486 0.57218
0.40035 0.48899 0.60942
0.34298 0.55310 0.50130
0.29206 0.68479 0.60978
0.29302 0.57119 0.52595
0.29556 0.69038 0.67525
0.41112 0.57669 0.63913
0.22398 0.67792 0.58568
0.25998 0.64607 0.54685
0.35272 0.52412 0.58600
0.29081 0.63018 0.52672
0.40734 0.56774 0.59798
0.30169 0.66623 0.63549
0.23917 0.63801 0.54396
0.28689 0.71125 0.56877
0.40114 0.41463 0.67136
0.36068 0.52422 0.57382
0.26757 0.65596 0.59443
0.36637 0.61462 0.58466
0.30039 0.65605 0.63970
0.28196 0.66978 0.66855
0.26418 0.67219 0.50819
0.37120 0.58562 0.64364
0.39030 0.49472 0.53849
0.41103 0.48827 0.66602
0.25485 0.61178 0.59692
0.27383 0.57780 0.65726
0.42907 0.60349 0.57552
0.28962 0.60635 0.53387
0.28620 0.66958 0.57058
0.32491 0.58350 0.64496
0.31771 0.55114 0.58897
0.31331 0.60202 0.54615
0.37430 0.57873 0.59232
0.32462 0.56068 0.56330
0.20777 0.66570 0.67894
0.32499 0.64773 0.67684
0.28775 0.62484 0.55986
0.29517 0.65355 0.65258
0.30500 0.70867 0.59933
0.33485 0.62709 0.51631
0.29685 0.49693 0.64761
0.29866 0.66123 0.61179
0.36882 0.42989 0.61923
0.38278 0.61365 0.54700
0.32809 0.56306 0.60610
0.27052 0.67700 0.60496
0.38809 0.59512 0.60928
0.44712 0.43482 0.57374
0.34947 0.56775 0.56525
0.38547 0.62878 0.65681
0.36961 0.58418 0.57868
0.28521 0.53312 0.57288
0.39702 0.54336 0.63227
0.36693 0.65327 0.61833
0.23708 0.66075 0.58189
0.23016 0.65790 0.52915
0.29872 0.64748 0.55880
0.36018 0.52493 0.54687
0.33281 0.53163 0.65712
0.46827 0.49807 0.55874
0.25376 0.69760 0.62515
0.32810 0.72444 0.59662
0.46805 0.58332 0.53366
0.28666 0.64415 0.57757
0.36719 0.60786 0.66582
0.37789 0.58855 0.57013
0.35038 0.58715 0.61892
0.28891 0.66051 0.61927
0.45480 0.46259 0.60226
0.24497 0.61791 0.59669
0.42941 0.52297 0.57352
0.17787 0.66341 0.50852
0.31332 0.57870 0.55546
0.36930 0.59415 0.55590
0.23819 0.67155 0.50983
0.24549 0.66248 0.62100
0.19279 0.70874 0.48814
0.43974 0.57429 0.56019
0.25534 0.68737 0.60265
0.34080 0.49811 0.62662
0.35932 0.65964 0.60776
0.24099 0.62887 0.64841
0.25098 0.58080 0.59591
0.34593 0.61729 0.59780
0.27515 0.56316 0.61341
0.23628 0.65201 0.54600
0.41315 0.47857 0.64394
0.33492 0.54380 0.52184
0.40885 0.51024 0.60150
0.29417 0.68314 0.65646
0.27900 0.65377 0.46628
0.32432 0.61361 0.62743
0.25199 0.65694 0.52310
0.25743 0.63975 0.58949
0.23375 0.62167 0.67477
0.30061 0.55289 0.66197
0.22803 0.65497 0.58128
0.38116 0.53982 0.52715
0.26607 0.63906 0.59797
0.30046 0.52127 0.57768
0.31582 0.57863 0.61283
0.41587 0.41925 0.60530
0.32062 0.62367 0.61342
0.25330 0.61850 0.60592
0.32301 0.53727 0.62028
0.34530 0.52263 0.55036
0.31631 0.54153 0.54350
0.37800 0.62164 0.61159
0.24309 0.58244 0.61221
0.28032 0.65267 0.60568
0.41844 0.53184 0.58340
0.23249 0.74311 0.51995
0.38987 0.53602 0.62707
0.30571 0.58373 0.70648
0.34982 0.69498 0.59348
0.36950 0.65534 0.60322
0.33382 0.59826 0.59241
0.37223 0.53512 0.63517
0.31058 0.56808 0.57040
0.33959 0.59194 0.68260
0.32437 0.66085 0.62966
0.31221 0.60196 0.57587
0.39512 0.63821 0.62778
0.40255 0.58790 0.65935
0.37003 0.52974 0.62720
0.32170 0.58880 0.54487
0.41412 0.43171 0.60200
0.41709 0.55535 0.51893
0.24202 0.58822 0.53733
0.27111 0.54558 0.55703
0.22979 0.69299 0.53691
0.29376 0.63140 0.56904
0.29869 0.60735 0.52709
0.30866 0.68143 0.56033
0.26623 0.66266 0.59648
0.33509 0.65770 0.56011
0.27964 0.54540 0.54404
0.30387 0.61897 0.61706
0.37488 0.47608 0.60465
0.32489 0.61548 0.58904
0.26469 0.62059 0.63455
0.29737 0.73822 0.57606
0.22626 0.61470 0.57919
0.27180 0.66552 0.66184
0.29711 0.66919 0.58509
0.34280 0.62125 0.60164
0.29994 0.57268 0.57808
0.42351 0.49936 0.56683
0.30299 0.61966 0.58037
0.38081 0.53090 0.64282
0.28240 0.67204 0.58493
0.36800 0.56123 0.60684
0.28880 0.64138 0.59088
0.31884 0.66158 0.61767
0.33925 0.54473 0.59852
0.41144 0.66489 0.59657
0.38857 0.62992 0.59742
0.38733 0.53210 0.60545
0.29330 0.67279 0.62649
0.36107 0.55317 0.53566
0.44989 0.54626 0.60534
0.32019 0.68634 0.59233
0.33536 0.70834 0.61286
0.28560 0.59078 0.58699
0.31906 0.61391 0.62238
0.37519 0.57119 0.62966
0.41855 0.39571 0.60166
0.38558 0.50701 0.65700
0.31097 0.64916 0.56019
0.29895 0.59248 0.54564
0.25688 0.73098 0.57058
0.25752 0.61665 0.55660
0.35452 0.56424 0.51185
0.32658 0.63562 0.60009
0.28936 0.66514 0.57310
0.36592 0.55063 0.64119
0.33011 0.56402 0.57343
0.29669 0.63891 0.55540
0.25740 0.60488 0.56318
0.29224 0.60222 0.62935
0.42152 0.54871 0.55044
0.32757 0.60458 0.55880
0.37474 0.60364 0.63276
0.40729 0.51772 0.62997
0.37572 0.55756 0.59368
0.29060 0.67438 0.70027
0.27486 0.64017 0.58767
0.31798 0.56988 0.59903
0.31341 0.56671 0.57140
0.35312 0.58797 0.64477
0.35967 0.68036 0.62290
0.20744 0.66010 0.60053
0.41886 0.55272 0.64842
0.47433 0.41476 0.61846
0.44396 0.51797 0.61381
0.35773 0.56330 0.60638
0.28113 0.60019 0.58777
0.28090 0.62369 0.51604
0.50325 0.45926 0.61070
0.26875 0.61487 0.64942
0.29196 0.55836 0.58158
0.27734 0.58526 0.58792
0.33632 0.54321 0.61582
0.36427 0.54385 0.60691
0.46453 0.48191 0.59852
0.34486 0.56320 0.59724
0.22890 0.75238 0.61492
0.37088 0.58634 0.62715
0.44754 0.45928 0.62161
0.39226 0.51230 0.47828
0.32920 0.61805 0.65635
0.39339 0.61428 0.58079
0.29451 0.59709 0.60821
0.46649 0.39628 0.52000
0.34087 0.68259 0.53785
0.31618 0.56632 0.54417
0.30725 0.62574 0.52834
0.29613 0.65072 0.57465
0.39027 0.39050 0.65932
0.32004 0.62945 0.59514
0.40298 0.50539 0.60543
0.27012 0.56526 0.53493
0.26791 0.62278 0.52769
0.28079 0.59461 0.51867
0.31958 0.60577 0.64596
0.37403 0.53931 0.59144
0.28228 0.50883 0.55898
0.41727 0.55705 0.60070
0.33505 0.61553 0.57639
0.23729 0.63264 0.64893
0.35142 0.57779 0.65186
0.41938 0.42563 0.55979
0.24270 0.62737 0.53425
0.37238 0.66684 0.61594
0.23630 0.67362 0.57205
0.37835 0.65366 0.58258
0.37510 0.47697 0.74842
0.34253 0.50876 0.54385
0.33736 0.58584 0.58746
0.36559 0.57941 0.55433
0.26725 0.63626 0.64493
0.31972 0.61404 0.60423
0.35072 0.63042 0.60238
0.27821 0.65379 0.62427
0.28050 0.61594 0.58484
0.29588 0.59325 0.50133
0.25294 0.63459 0.59813
0.31668 0.67402 0.62898
0.33662 0.63849 0.66725
0.27693 0.60090 0.57636
0.32517 0.48947 0.59700
0.22551 0.67990 0.59494
0.31272 0.69227 0.56857
0.40596 0.49169 0.69939
0.19492 0.72764 0.57724
0.42643 0.50770 0.59288
0.36106 0.62041 0.67149
0.28687 0.66427 0.68087
0.29931 0.52947 0.54515
0.29100 0.68560 0.61581
0.27474 0.71439 0.51984
0.34230 0.50366 0.57143
0.29432 0.67630 0.50593
0.32261 0.65660 0.64292
0.26359 0.58519 0.53512
0.39589 0.45229 0.50502
0.42489 0.52764 0.55236
0.31448 0.70219 0.67187
0.34553 0.58249 0.62941
0.32489 0.59051 0.51284
0.28294 0.62988 0.65256
0.31774 0.72793 0.71416
0.23928 0.57723 0.57277
0.23952 0.70481 0.57745
0.33822 0.66492 0.55248
0.37213 0.55282 0.52052
0.49481 0.48048 0.54476
0.34800 0.59111 0.57968
0.31584 0.57900 0.61766
0.30839 0.63228 0.55285
0.25077 0.64921 0.52991
0.29533 0.61973 0.53963
0.32728 0.57810 0.55085
0.34713 0.63774 0.56017
0.33531 0.63208 0.55748
0.29854 0.65421 0.61548
0.31764 0.57498 0.58306
0.37148 0.57026 0.60467
0.29667 0.62128 0.60663
0.32814 0.56386 0.59311
0.32019 0.58704 0.57532
0.38091 0.64306 0.63278
0.39499 0.66250 0.61065
0.26602 0.64605 0.56801
0.33942 0.72942 0.62305
0.26374 0.70918 0.60221
0.32214 0.60406 0.63190
0.33893 0.62198 0.61599
0.22847 0.65491 0.57428
0.26056 0.61670 0.54717
0.41105 0.50160 0.46740
0.26354 0.60868 0.56055
0.31842 0.49238 0.53012
0.24811 0.61816 0.52644
0.37359 0.58446 0.61620
0.25755 0.60087 0.48889
0.43867 0.53415 0.64840
0.22554 0.63351 0.51377
0.41086 0.48803 0.66426
0.40757 0.49076 0.62294
0.32483 0.58618 0.63884
0.27417 0.48774 0.58868
0.23313 0.68690 0.60438
0.29425 0.63831 0.58187
0.20019 0.67485 0.55903
0.42965 0.60055 0.62958
0.25105 0.62327 0.63640
0.20787 0.67450 0.56950
0.24218 0.70233 0.61417
0.25275 0.71645 0.61635
0.26194 0.60795 0.46542
0.23876 0.72085 0.63352
0.46620 0.45417 0.58426
0.29994 0.60561 0.56409
0.22415 0.69609 0.62660
0.32840 0.50556 0.67234
0.27719 0.65710 0.58083
0.23025 0.46781 0.50267
0.44723 0.39478 0.61338
0.22229 0.72549 0.50805
0.33256 0.58691 0.60593
0.44764 0.56146 0.63059
0.32480 0.74640 0.56488
0.35305 0.61683 0.71488
0.28692 0.53008 0.59546
0.49475 0.43852 0.58356
0.23813 0.64260 0.57375
0.41665 0.48225 0.66000
0.33786 0.51469 0.58905
0.25972 0.57862 0.56584
0.32167 0.52235 0.56265
0.31510 0.62309 0.55158
0.45420 0.43007 0.61563
0.37006 0.54410 0.53045
0.31851 0.49587 0.53223
0.22067 0.59110 0.54890
0.38205 0.56014 0.56817
0.40045 0.60071 0.62305
0.39546 0.48250 0.56364
0.33683 0.66352 0.59557
0.34236 0.57256 0.55000
0.28285 0.67360 0.56777
0.27711 0.65485 0.62980
0.40177 0.51183 0.59215
0.33283 0.61230 0.63245
0.39299 0.58618 0.61792
0.31574 0.60391 0.53815
0.29048 0.59437 0.54250
0.27322 0.67080 0.54286
0.40930 0.59035 0.62150
0.35791 0.47582 0.59889
0.28968 0.62870 0.47511
0.35006 0.53956 0.56904
0.28441 0.66542 0.58091
0.30279 0.61852 0.54860
0.38975 0.63170 0.56124
0.33311 0.55870 0.50233
0.48563 0.46117 0.53466
0.26467 0.65386 0.56056
0.39269 0.64507 0.53766
0.33733 0.62811 0.54216
0.35449 0.45760 0.62838
0.24834 0.62768 0.53890
0.44024 0.59146 0.63144
0.23599 0.61413 0.70110
0.39645 0.55851 0.54941
0.24494 0.68257 0.58377
0.42173 0.45544 0.57739
0.34803 0.62702 0.61129
0.42413 0.50653 0.67162
0.25260 0.46213 0.54270
0.22708 0.68566 0.59032
0.31793 0.67479 0.68475
0.19902 0.74106 0.50700
0.36492 0.60757 0.64294
0.36254 0.57526 0.59975
0.32043 0.66397 0.58567
0.38778 0.50492 0.60830
0.39747 0.51848 0.56798
0.37792 0.52810 0.61198
0.37419 0.49465 0.56180
0.26571 0.64285 0.57430
0.25635 0.67663 0.57656
0.29264 0.59347 0.51753
0.32453 0.61152 0.61552
