20 15 1000 19996 5157
0.26401 0.15333 0.57819
0.40221 0.38317 0.38513
0.82157 0.82480 0.55255
0.16271 0.07125 0.49817
0.29002 0.92600 0.78868
0.83119 0.63604 0.78072
0.05127 0.65602 0.93841
0.14111 0.26173 0.02625
0.81279 0.67162 0.50294
0.09629 0.18763 0.10292
0.00771 0.68101 0.16014
0.80938 0.72970 0.14617
0.57470 0.14690 0.54123
0.26012 0.60114 0.12291
0.94588 0.98507 0.88561
0.44256 0.45838 0.46443
0.46300 0.55963 0.31655
0.37203 0.56454 0.59515
0.42365 0.64179 0.54318
0.35663 0.53518 0.42610
0.39382 0.54103 0.45037
0.38248 0.49162 0.35033
0.41921 0.56898 0.46894
0.39080 0.49436 0.37924
0.45091 0.56677 0.40503
0.33269 0.41713 0.48991
0.35702 0.44639 0.41694
0.44845 0.51961 0.51624
0.48879 0.51821 0.40937
0.41545 0.50135 0.48007
0.25837 0.40128 0.47723
0.44317 0.58387 0.44259
0.41123 0.63598 0.47624
0.40121 0.59595 0.43126
0.45605 0.50839 0.45057
0.43589 0.51959 0.46613
0.35297 0.51543 0.52682
0.45410 0.44350 0.48497
0.29097 0.49375 0.43997
0.52273 0.60075 0.46656
0.43468 0.54490 0.41152
0.55059 0.62153 0.60062
0.45566 0.51125 0.38400
0.40763 0.48699 0.44685
0.42347 0.54788 0.52429
0.45598 0.48398 0.55378
0.33830 0.47761 0.43127
0.45887 0.50308 0.34267
0.40028 0.49931 0.44383
0.42873 0.50184 0.42141
0.54512 0.60667 0.54641
0.36359 0.39474 0.32189
0.43025 0.54731 0.53921
0.41784 0.52952 0.50946
0.37394 0.51426 0.38577
0.38154 0.60290 0.32526
0.28121 0.52140 0.43598
0.45453 0.44878 0.47284
0.42125 0.56344 0.48677
0.35582 0.47049 0.45300
0.48128 0.58134 0.40714
0.60607 0.64904 0.50747
0.47203 0.65927 0.47123
0.36078 0.47115 0.48416
0.29926 0.51907 0.36835
0.34867 0.59764 0.42695
0.47697 0.49667 0.51060
0.35937 0.49875 0.39483
0.41213 0.56837 0.47244
0.47591 0.45424 0.37041
0.33371 0.45013 0.40597
0.36488 0.39499 0.50845
0.50605 0.53612 0.40363
0.41260 0.51979 0.44532
0.29671 0.50899 0.50842
0.57408 0.55795 0.44707
0.38894 0.45246 0.52482
0.46299 0.61721 0.70427
0.54351 0.57125 0.48227
0.47222 0.59301 0.50257
0.41227 0.44618 0.48160
0.34228 0.39427 0.41796
0.45201 0.37659 0.52360
0.35973 0.50056 0.47628
0.41584 0.59085 0.50058
0.45273 0.46805 0.52742
0.46867 0.50723 0.46324
0.35882 0.50371 0.57443
0.42381 0.52339 0.47850
0.38163 0.58871 0.42942
0.55709 0.61702 0.48733
0.36053 0.44612 0.50373
0.36526 0.56092 0.51386
0.42242 0.53705 0.43983
0.42558 0.57390 0.43379
0.44844 0.41878 0.50973
0.50717 0.51351 0.48950
0.45116 0.52898 0.51741
0.38750 0.43668 0.48607
0.37562 0.51128 0.35957
0.51093 0.45253 0.50751
0.54336 0.53113 0.47433
0.46332 0.39798 0.52457
0.57642 0.62461 0.40534
0.41215 0.62561 0.38369
0.62565 0.59069 0.59660
0.40043 0.61175 0.42706
0.40372 0.49503 0.45401
0.51198 0.67021 0.48313
0.43773 0.45120 0.53031
0.41612 0.55502 0.50498
0.48286 0.57649 0.48998
0.52477 0.47153 0.53508
0.47341 0.46571 0.34379
0.49060 0.51868 0.31886
0.49986 0.64457 0.56348
0.53104 0.51266 0.47830
0.43737 0.48490 0.43299
0.50923 0.57869 0.51611
0.42845 0.56488 0.54673
0.40068 0.51201 0.41997
0.28924 0.40511 0.45684
0.47447 0.50435 0.32413
0.42992 0.54244 0.51784
0.40448 0.52333 0.51365
0.64723 0.57274 0.46726
0.40826 0.54623 0.40458
0.52647 0.60268 0.49081
0.37402 0.45912 0.46189
0.37605 0.52150 0.52286
0.35964 0.47759 0.44126
0.47968 0.58271 0.48108
0.47225 0.61638 0.55764
0.43812 0.54919 0.45854
0.46949 0.45764 0.56294
0.30158 0.66991 0.51929
0.47984 0.52502 0.45434
0.45443 0.52341 0.46023
0.42724 0.51850 0.50946
0.58140 0.58745 0.46243
0.55027 0.59629 0.49270
0.42883 0.53461 0.43166
0.29443 0.37074 0.47880
0.47688 0.41166 0.36963
0.45257 0.43760 0.50685
0.48788 0.52532 0.45210
0.51221 0.45976 0.48093
0.44917 0.48063 0.44059
0.42866 0.41563 0.51876
0.53526 0.54969 0.52831
0.57572 0.62790 0.59591
0.55865 0.50148 0.55938
0.51010 0.62033 0.51124
0.52916 0.45424 0.44277
0.31803 0.42297 0.42383
0.42955 0.66886 0.40563
0.31363 0.40832 0.51097
0.41994 0.56479 0.46139
0.34100 0.54746 0.46594
0.36330 0.48492 0.63033
0.37736 0.49333 0.33942
0.29347 0.46509 0.38784
0.43563 0.53151 0.46381
0.41091 0.49022 0.42601
0.28708 0.43015 0.40098
0.47874 0.53450 0.52096
0.42392 0.48631 0.48083
0.59189 0.64030 0.47440
0.37828 0.55522 0.53647
0.35246 0.55625 0.37191
0.37687 0.50798 0.34892
0.34810 0.56427 0.44547
0.44971 0.43481 0.49168
0.58856 0.54326 0.48531
0.53255 0.53818 0.42500
0.44073 0.49014 0.40512
0.46702 0.48825 0.45026
0.48406 0.45057 0.44172
0.47301 0.55369 0.49100
0.41828 0.45648 0.46242
0.46337 0.53825 0.45559
0.34474 0.60075 0.55008
0.32304 0.49402 0.50610
0.40447 0.45190 0.49828
0.48706 0.59506 0.52350
0.43648 0.40181 0.42961
0.50151 0.54342 0.51113
0.32743 0.39944 0.40995
0.32148 0.49192 0.43617
0.34910 0.51058 0.38373
0.48540 0.58869 0.50938
0.33906 0.52384 0.33003
0.41414 0.62316 0.49990
0.38633 0.46847 0.43535
0.32709 0.57134 0.54788
0.29729 0.40665 0.48508
0.50378 0.54660 0.40136
0.51118 0.62876 0.49489
0.30377 0.46649 0.35820
0.49878 0.54283 0.52531
0.30774 0.50755 0.48357
0.54599 0.60979 0.48305
0.38456 0.51595 0.47343
0.48039 0.58552 0.52382
0.44600 0.56617 0.53107
0.27754 0.47208 0.33741
0.41839 0.34792 0.48054
0.47197 0.62531 0.55199
0.45177 0.49396 0.44346
0.37334 0.49637 0.52099
0.36298 0.51767 0.36883
0.44132 0.63719 0.56325
0.47533 0.64761 0.49722
0.26770 0.60000 0.60247
0.43029 0.55757 0.35428
0.43865 0.48183 0.51632
0.61471 0.62250 0.43513
0.46595 0.52351 0.53924
0.38282 0.47345 0.40209
0.38184 0.51893 0.45501
0.41452 0.40278 0.51520
0.36194 0.44290 0.48252
0.51347 0.58351 0.47556
0.46331 0.52310 0.55220
0.42950 0.69827 0.66084
0.42425 0.42735 0.46148
0.38280 0.39431 0.46211
0.41692 0.48986 0.32639
0.46289 0.54224 0.50756
0.34204 0.48258 0.37185
0.57460 0.61848 0.64909
0.25810 0.53654 0.44039
0.33311 0.45332 0.38670
0.44795 0.49572 0.37827
0.36758 0.42714 0.38846
0.43372 0.47212 0.40144
0.33878 0.52544 0.44113
0.44584 0.42875 0.46072
0.36909 0.48954 0.61411
0.57105 0.60611 0.50938
0.46125 0.58193 0.46865
0.55203 0.71002 0.61002
0.40571 0.40524 0.39865
0.35380 0.48533 0.52998
0.41731 0.52834 0.45236
0.36382 0.48789 0.45224
0.34247 0.48688 0.56177
0.48663 0.55499 0.44309
0.47637 0.52630 0.50463
0.36630 0.56371 0.60478
0.48800 0.48388 0.43217
0.28372 0.46033 0.43723
0.39259 0.50346 0.38922
0.39335 0.47405 0.49458
0.32227 0.46998 0.56192
0.47151 0.64106 0.58658
0.39677 0.50252 0.50076
0.29816 0.47864 0.51765
0.43232 0.50094 0.36317
0.38174 0.50379 0.32127
0.37439 0.44852 0.41999
0.36773 0.36853 0.48355
0.32501 0.43010 0.44717
0.41574 0.51188 0.40042
0.42825 0.58411 0.42488
0.52221 0.49139 0.46417
0.42868 0.53779 0.45318
0.47622 0.49126 0.51850
0.49168 0.46896 0.45465
0.37547 0.55328 0.49708
0.31233 0.37224 0.44372
0.44782 0.52903 0.50162
0.50139 0.51369 0.47026
0.42651 0.60296 0.51482
0.38181 0.51233 0.60684
0.48617 0.54428 0.49351
0.31335 0.59336 0.50690
0.26523 0.50915 0.55431
0.51466 0.44423 0.53508
0.38209 0.39621 0.39390
0.45121 0.51191 0.55381
0.46380 0.53554 0.49251
0.37554 0.40564 0.42332
0.40845 0.46790 0.47670
0.44607 0.46714 0.57691
0.43538 0.51862 0.51157
0.30959 0.49619 0.50067
0.44696 0.48397 0.50294
0.42338 0.59172 0.50906
0.45965 0.59250 0.47316
0.38684 0.57859 0.62786
0.43705 0.46882 0.47830
0.38501 0.60375 0.35167
0.40715 0.50129 0.45018
0.31839 0.35253 0.36649
0.44665 0.56426 0.49178
0.42800 0.43764 0.43139
0.36846 0.46639 0.59053
0.45620 0.56950 0.43575
0.62665 0.60164 0.58257
0.50487 0.39220 0.52291
0.45468 0.49595 0.56350
0.48391 0.62785 0.46092
0.36422 0.48755 0.45464
0.52002 0.62203 0.51798
0.50197 0.47951 0.41663
0.36918 0.50402 0.41732
0.44777 0.53721 0.48514
0.57833 0.58207 0.43535
0.39464 0.41258 0.44421
0.45362 0.54637 0.59582
0.47060 0.50849 0.49950
0.42401 0.45554 0.43726
0.39152 0.41805 0.41649
0.45012 0.59489 0.45329
0.50437 0.55446 0.47286
0.53752 0.60693 0.42037
0.45624 0.52249 0.38181
0.43923 0.59335 0.40074
0.49901 0.54800 0.50580
0.41477 0.55733 0.33071
0.42344 0.54866 0.45918
0.39750 0.53035 0.40891
0.35656 0.42207 0.39896
0.42716 0.49210 0.42981
0.48748 0.54876 0.43153
0.44195 0.49514 0.51771
0.34566 0.53422 0.52364
0.34456 0.52630 0.46799
0.54881 0.48412 0.48909
0.46669 0.55771 0.58221
0.35928 0.48547 0.36339
0.49645 0.54410 0.46698
0.55661 0.63867 0.43421
0.45370 0.44870 0.57023
0.32488 0.46637 0.40927
0.61043 0.64982 0.59284
0.38493 0.46649 0.47098
0.43057 0.51195 0.41918
0.58355 0.64009 0.52266
0.48539 0.46484 0.47384
0.42035 0.47575 0.43367
0.42915 0.50289 0.53179
0.38685 0.40184 0.51033
0.53125 0.48209 0.43903
0.39547 0.59276 0.39663
0.46163 0.54974 0.58595
0.48250 0.57899 0.54406
0.59107 0.53444 0.45412
0.52812 0.62153 0.47650
0.39145 0.46237 0.34560
0.55534 0.58794 0.60059
0.43394 0.49949 0.45523
0.44488 0.41342 0.51331
0.37942 0.57221 0.48754
0.32218 0.39025 0.42642
0.59985 0.58027 0.49064
0.49960 0.54352 0.36046
0.33016 0.35918 0.46654
0.39815 0.45234 0.59732
0.58952 0.63401 0.51066
0.39688 0.50561 0.51398
0.46363 0.53460 0.60116
0.44515 0.52510 0.47175
0.41816 0.61265 0.49422
0.38161 0.42380 0.40469
0.45691 0.54783 0.55599
0.56506 0.51198 0.60119
0.42655 0.47206 0.40388
0.45935 0.50636 0.42097
0.55645 0.54334 0.56472
0.44196 0.52107 0.50443
0.35586 0.35344 0.52204
0.52008 0.63504 0.53077
0.40388 0.56039 0.41618
0.41439 0.44059 0.52340
0.43158 0.50969 0.46255
0.53959 0.58409 0.42741
0.46744 0.51166 0.51671
0.43987 0.52385 0.43768
0.34185 0.52408 0.57615
0.33404 0.45003 0.48824
0.50324 0.52096 0.41435
0.43267 0.62063 0.51560
0.44704 0.54077 0.43951
0.50814 0.57374 0.51790
0.35671 0.44191 0.51367
0.42596 0.49859 0.44036
0.36463 0.54508 0.38499
0.39305 0.48562 0.48312
0.36514 0.49581 0.47377
0.44395 0.47477 0.41861
0.28750 0.54432 0.35101
0.40616 0.55749 0.41812
0.24272 0.40108 0.41080
0.46782 0.41873 0.48238
0.36705 0.56299 0.46892
0.45825 0.50047 0.39279
0.46664 0.51855 0.37111
0.46335 0.51381 0.50876
0.40895 0.53862 0.43040
0.61456 0.53083 0.61766
0.41136 0.50084 0.43247
0.55327 0.57367 0.42001
0.39613 0.46860 0.44927
0.47601 0.61841 0.59677
0.44215 0.56775 0.42632
0.52750 0.62295 0.56399
0.32970 0.43847 0.43273
0.41004 0.56728 0.48911
0.46300 0.53429 0.52371
0.46843 0.53216 0.52948
0.44408 0.49226 0.46670
0.44055 0.51051 0.49581
0.48730 0.54877 0.43715
0.47736 0.62208 0.38511
0.42554 0.48437 0.46160
0.33013 0.35693 0.40344
0.46080 0.48022 0.42763
0.51244 0.60268 0.54042
0.32982 0.59047 0.59228
0.37109 0.62363 0.43074
0.50072 0.57207 0.52785
0.26713 0.51138 0.54580
0.49590 0.66727 0.42574
0.45969 0.37547 0.53518
0.52709 0.60808 0.44082
0.39076 0.46825 0.35957
0.50884 0.62512 0.48062
0.44756 0.61503 0.50359
0.40603 0.47329 0.44013
0.40899 0.51283 0.44422
0.45288 0.55325 0.46145
0.30835 0.42359 0.43003
0.45045 0.70111 0.56160
0.43867 0.46678 0.48558
0.36104 0.56551 0.49814
0.29783 0.53394 0.44873
0.49392 0.50550 0.49855
0.33710 0.44464 0.36098
0.38989 0.38772 0.39862
0.34037 0.36263 0.48609
0.35098 0.43738 0.41930
0.29833 0.54602 0.60052
0.37358 0.55101 0.35508
0.49335 0.64027 0.47539
0.41205 0.50437 0.44313
0.40685 0.45105 0.40060
0.36897 0.47930 0.38657
0.38252 0.50513 0.48255
0.49733 0.56527 0.52095
0.37141 0.56514 0.53436
0.42448 0.67316 0.49284
0.47049 0.45559 0.44018
0.53065 0.55953 0.44703
0.46512 0.59575 0.60084
0.42168 0.43550 0.36059
0.40742 0.58507 0.50943
0.37421 0.51859 0.44023
0.41181 0.43202 0.47883
0.43113 0.48032 0.40724
0.47720 0.61970 0.50305
0.35001 0.57681 0.37438
0.43961 0.40530 0.47666
0.49821 0.54820 0.57122
0.44761 0.51039 0.51861
0.41740 0.46793 0.43690
0.49080 0.38395 0.51014
0.29231 0.64338 0.58111
0.66713 0.73710 0.65128
0.27652 0.44085 0.30833
0.36782 0.40041 0.32486
0.31540 0.49320 0.46458
0.41365 0.46897 0.54251
0.47749 0.45457 0.42765
0.48967 0.57555 0.43763
0.45449 0.52094 0.45678
0.54404 0.61555 0.48354
0.49893 0.60882 0.50545
0.52108 0.58416 0.51555
0.30921 0.44124 0.47139
0.42837 0.48758 0.40142
0.45837 0.53294 0.50984
0.44011 0.59771 0.47253
0.51343 0.55168 0.48673
0.44978 0.54274 0.52792
0.40179 0.45976 0.51491
0.34560 0.51768 0.46612
0.57747 0.47034 0.53341
0.39390 0.47464 0.56677
0.29596 0.41085 0.42207
0.41951 0.65166 0.59054
0.44996 0.50152 0.38948
0.36415 0.55532 0.37508
0.54092 0.71570 0.61840
0.41771 0.57707 0.49735
0.36795 0.62200 0.52775
0.55428 0.58367 0.57455
0.56030 0.53635 0.40809
0.36294 0.35583 0.39298
0.33903 0.54869 0.42722
0.31388 0.38486 0.48065
0.44317 0.54275 0.45372
0.36640 0.59091 0.54829
0.51143 0.53112 0.52746
0.33519 0.41036 0.31979
0.44637 0.60396 0.42896
0.37326 0.50599 0.46576
0.45058 0.57405 0.52540
0.46367 0.59348 0.49802
0.46151 0.43158 0.49757
0.46115 0.50307 0.38567
0.39125 0.53042 0.47468
0.28766 0.49039 0.41844
0.31051 0.45082 0.37464
0.52022 0.59575 0.50061
0.50888 0.50053 0.52787
0.36860 0.50497 0.37685
0.57498 0.56891 0.45735
0.49246 0.48918 0.42024
0.49882 0.60582 0.52910
0.30463 0.48213 0.35153
0.54596 0.66471 0.52257
0.65069 0.50783 0.55472
0.35543 0.50780 0.42612
0.53699 0.54678 0.55799
0.52650 0.53565 0.55048
0.37597 0.58494 0.38173
0.53159 0.52791 0.49822
0.38964 0.52203 0.43483
0.31765 0.48860 0.45474
0.52916 0.49954 0.51320
0.36000 0.57702 0.45262
0.47408 0.48397 0.41186
0.45843 0.53420 0.51165
0.52214 0.53335 0.51517
0.52297 0.60712 0.45137
0.45053 0.53427 0.33837
0.32977 0.44059 0.44652
0.50998 0.57456 0.58367
0.54762 0.56251 0.49208
0.43953 0.60126 0.53345
0.32194 0.47440 0.42186
0.47807 0.53920 0.49911
0.42656 0.59913 0.63011
0.46079 0.47547 0.43470
0.51599 0.63230 0.45785
0.37785 0.35783 0.41255
0.44960 0.56091 0.34542
0.54682 0.63555 0.41464
0.29702 0.55791 0.46204
0.49707 0.49121 0.53254
0.57602 0.53753 0.48289
0.31760 0.51441 0.45283
0.34924 0.59631 0.45088
0.36631 0.41801 0.45311
0.44474 0.49166 0.28455
0.43132 0.60904 0.49073
0.37099 0.46841 0.39418
0.40498 0.37430 0.37573
0.42628 0.54488 0.51764
0.32117 0.50666 0.38720
0.46118 0.52983 0.39564
0.53460 0.60231 0.45906
0.38433 0.58974 0.56608
0.46347 0.61235 0.50924
0.59043 0.66249 0.53366
0.42972 0.49164 0.50796
0.41597 0.55187 0.43746
0.37580 0.48179 0.38089
0.38387 0.56466 0.49779
0.59124 0.51908 0.58896
0.40847 0.48914 0.49762
0.40619 0.53156 0.45029
0.26028 0.55524 0.46149
0.48740 0.64897 0.54674
0.41892 0.49840 0.39330
0.38522 0.51310 0.51521
0.30010 0.38234 0.42329
0.43575 0.52219 0.48382
0.27643 0.37686 0.28399
0.44879 0.51557 0.44547
0.44955 0.53138 0.33434
0.44491 0.46620 0.50996
0.43586 0.55721 0.34957
0.45123 0.48208 0.50099
0.40797 0.52755 0.46524
0.54443 0.66507 0.65696
0.45836 0.47674 0.53598
0.52069 0.73353 0.59695
0.42365 0.54783 0.41270
0.47968 0.58640 0.53201
0.54056 0.67534 0.51631
0.45372 0.45740 0.39842
0.53977 0.65162 0.55477
0.48549 0.52459 0.46929
0.56550 0.65312 0.55879
0.47282 0.60478 0.69897
0.45069 0.49100 0.50003
0.53598 0.57731 0.51575
0.33105 0.72716 0.55744
0.38673 0.50622 0.51448
0.53187 0.65920 0.49412
0.47753 0.50518 0.41400
0.35924 0.47026 0.44820
0.58358 0.52526 0.45007
0.52412 0.55719 0.49175
0.53419 0.51141 0.62024
0.42795 0.51036 0.42115
0.36757 0.49367 0.42006
0.32921 0.47006 0.47982
0.42169 0.55185 0.53216
0.47111 0.37797 0.45765
0.59980 0.73096 0.55908
0.48378 0.54993 0.48728
0.53060 0.51617 0.46380
0.42578 0.63058 0.44712
0.36755 0.38312 0.33582
0.26969 0.43300 0.40570
0.44511 0.51793 0.37050
0.38417 0.57817 0.39535
0.46452 0.47719 0.46136
0.33221 0.45335 0.51191
0.45675 0.57853 0.48127
0.39251 0.54601 0.54478
0.49675 0.48693 0.42148
0.45879 0.45301 0.55453
0.27662 0.57617 0.36588
0.49227 0.50709 0.53236
0.55711 0.60728 0.49943
0.46885 0.37152 0.46508
0.41215 0.61271 0.40160
0.45045 0.53517 0.47081
0.54106 0.52584 0.47908
0.37321 0.50048 0.38856
0.47302 0.64081 0.54449
0.40696 0.40458 0.38103
0.36364 0.64663 0.63532
0.39402 0.57596 0.56267
0.44134 0.59472 0.50467
0.43768 0.51537 0.40747
0.27241 0.34797 0.39204
0.39711 0.51085 0.46614
0.26453 0.53492 0.41168
0.54960 0.61754 0.50650
0.47189 0.55003 0.49676
0.40032 0.56941 0.33550
0.43424 0.55368 0.48819
0.55401 0.61892 0.50328
0.34302 0.51049 0.51271
0.51501 0.57663 0.53012
0.38715 0.54100 0.36693
0.44949 0.38730 0.44906
0.48114 0.56910 0.38607
0.37866 0.35587 0.46521
0.33808 0.35225 0.43606
0.42337 0.51119 0.58097
0.48138 0.54829 0.44897
0.31295 0.51617 0.46349
0.50918 0.53501 0.48340
0.36609 0.53185 0.40147
0.44765 0.62768 0.50251
0.36750 0.45802 0.54318
0.32104 0.35591 0.44831
0.37488 0.46189 0.35730
0.31043 0.39906 0.33335
0.46664 0.56574 0.32476
0.49796 0.54631 0.56646
0.23991 0.60877 0.37496
0.39847 0.57504 0.46957
0.40931 0.52543 0.45197
0.35598 0.65704 0.61679
0.43748 0.52462 0.45935
0.30813 0.46612 0.34343
0.27291 0.56461 0.45923
0.41788 0.63615 0.58396
0.44323 0.51233 0.54452
0.43242 0.48353 0.43668
0.39982 0.54794 0.47638
0.51024 0.64726 0.43788
0.34480 0.47378 0.34352
0.39638 0.41944 0.45254
0.47509 0.54511 0.55632
0.48678 0.53485 0.46591
0.49398 0.49212 0.48271
0.36960 0.57259 0.39774
0.40028 0.58636 0.36145
0.50068 0.57733 0.58426
0.54915 0.58593 0.49666
0.36181 0.59426 0.49117
0.38862 0.45343 0.42955
0.43423 0.45166 0.42295
0.43405 0.52779 0.32573
0.50404 0.57614 0.30066
0.44213 0.54138 0.45028
0.37459 0.51982 0.42349
0.50697 0.63212 0.62207
0.47125 0.62131 0.40256
0.29475 0.44437 0.49876
0.51220 0.49987 0.49711
0.45875 0.57879 0.47310
0.52106 0.60247 0.48882
0.42973 0.54100 0.54858
0.31202 0.50473 0.50389
0.37750 0.42124 0.51583
0.51167 0.52474 0.39489
0.37009 0.52671 0.31586
0.46016 0.60987 0.44416
0.59773 0.65870 0.58195
0.48236 0.54178 0.32754
0.46042 0.47811 0.50504
0.39770 0.55218 0.48643
0.45940 0.54210 0.40481
0.29790 0.44600 0.35512
0.39353 0.53172 0.57281
0.24373 0.34387 0.29315
0.54105 0.66859 0.48041
0.40403 0.46035 0.41880
0.61907 0.62526 0.54705
0.39322 0.63679 0.56632
0.32727 0.45104 0.49075
0.26949 0.36443 0.31849
0.30332 0.39378 0.33470
0.41543 0.61296 0.34813
0.40044 0.54783 0.38543
0.51168 0.56417 0.60026
0.44805 0.54163 0.52632
0.34591 0.62251 0.32208
0.45890 0.55304 0.54578
0.30168 0.52327 0.47010
0.33026 0.54225 0.49385
0.41387 0.45943 0.32231
0.34541 0.47832 0.36951
0.50673 0.57854 0.50110
0.43937 0.53090 0.38256
0.37829 0.47455 0.60350
0.41229 0.52763 0.36091
0.44955 0.50305 0.46202
0.52514 0.56204 0.49571
0.51557 0.58719 0.49544
0.38775 0.54333 0.47890
0.20775 0.53796 0.27118
0.35048 0.41612 0.39895
0.24586 0.46149 0.39348
0.48208 0.57615 0.48862
0.44728 0.49183 0.43619
0.58551 0.70311 0.47619
0.42642 0.53377 0.45694
0.26567 0.30929 0.38239
0.29417 0.53339 0.52043
0.31500 0.56417 0.55676
0.55971 0.51792 0.53946
0.58771 0.48992 0.53765
0.45507 0.47098 0.55152
0.18043 0.49358 0.41173
0.49844 0.54763 0.54469
0.36384 0.40603 0.40646
0.37814 0.64027 0.58922
0.37836 0.53599 0.47335
0.43916 0.52245 0.49972
0.47179 0.54878 0.53405
0.33673 0.39678 0.35275
0.37355 0.61277 0.48712
0.40142 0.44134 0.44377
0.34412 0.60529 0.48585
0.39074 0.55796 0.44262
0.49158 0.63178 0.53921
0.41796 0.59029 0.51942
0.50725 0.59851 0.51300
0.51140 0.51073 0.35795
0.40050 0.55524 0.53101
0.32261 0.50658 0.40128
0.36561 0.62468 0.65931
0.37783 0.51841 0.56703
0.40024 0.48759 0.33233
0.50337 0.52390 0.41261
0.60196 0.54541 0.52599
0.36876 0.53865 0.53748
0.42086 0.56695 0.47042
0.34152 0.52383 0.59402
0.41508 0.45943 0.53030
0.37441 0.49883 0.37156
0.32107 0.46953 0.46764
0.46510 0.50671 0.56089
0.46475 0.51689 0.56069
0.38578 0.54516 0.54406
0.42529 0.41112 0.47175
0.44152 0.60734 0.44990
0.45274 0.50058 0.40267
0.46194 0.55867 0.50749
0.49652 0.49074 0.40487
0.59709 0.52216 0.52730
0.50011 0.47539 0.52169
0.38938 0.65867 0.47497
0.39469 0.40438 0.43158
0.50769 0.51535 0.49516
0.56639 0.62269 0.50489
0.56082 0.62026 0.50923
0.45600 0.59297 0.46451
0.44365 0.56132 0.57771
0.46441 0.45599 0.36692
0.51441 0.59466 0.43636
0.49285 0.49393 0.48977
0.31392 0.53858 0.55688
0.55285 0.57189 0.59524
0.37375 0.44093 0.47817
0.34223 0.55062 0.45604
0.51839 0.55225 0.53007
0.32843 0.50862 0.52347
0.36595 0.56172 0.43711
0.48449 0.41388 0.53993
0.43606 0.51025 0.39329
0.51167 0.60855 0.52473
0.37522 0.49360 0.57506
0.63525 0.66540 0.55988
0.36738 0.49305 0.39981
0.33935 0.44225 0.35727
0.40932 0.43956 0.53926
0.35897 0.61990 0.53913
0.39493 0.52463 0.45287
0.41095 0.47078 0.38901
0.36124 0.59352 0.40615
0.45992 0.55905 0.46796
0.43539 0.46824 0.53339
0.31663 0.47976 0.43777
0.48751 0.46232 0.52856
0.36161 0.49001 0.46753
0.41556 0.64511 0.58753
0.48572 0.60644 0.51413
0.48523 0.65726 0.51076
0.49864 0.54596 0.29732
0.35340 0.38893 0.42926
0.38548 0.48568 0.47752
0.46943 0.48325 0.48142
0.54839 0.40347 0.46433
0.39962 0.59777 0.51484
0.50201 0.66543 0.51844
0.34740 0.42542 0.38593
0.37119 0.49893 0.34559
0.38069 0.62393 0.50301
0.34822 0.47275 0.35820
0.58506 0.55681 0.42502
0.38911 0.40594 0.44980
0.55978 0.55010 0.53258
0.43582 0.44413 0.47600
0.45412 0.49839 0.43460
0.29381 0.37253 0.32338
0.46107 0.56489 0.45470
0.60131 0.63470 0.67908
0.46683 0.52892 0.51914
0.31630 0.52588 0.57416
0.51025 0.53402 0.44725
0.49659 0.56719 0.58034
0.31577 0.47344 0.37918
0.38125 0.66141 0.58207
0.37017 0.52880 0.43182
0.25449 0.47962 0.56708
0.38330 0.53266 0.41802
0.51947 0.58815 0.45207
0.35510 0.49599 0.42640
0.43170 0.47864 0.38367
0.35580 0.57219 0.54037
0.40737 0.51581 0.40071
0.48169 0.49409 0.42638
0.45086 0.60472 0.67602
0.48674 0.63935 0.43559
0.36243 0.41274 0.41763
0.42120 0.45185 0.49611
0.46747 0.43022 0.47106
0.46608 0.51507 0.48420
0.50063 0.55285 0.40142
0.42535 0.51199 0.41459
0.54710 0.65423 0.66099
0.48541 0.61693 0.45033
0.39732 0.52741 0.42802
0.44194 0.47545 0.35912
0.30530 0.55028 0.36197
0.55976 0.57261 0.48063
0.36069 0.48979 0.40236
0.34613 0.44774 0.30287
0.48405 0.47685 0.43775
0.45914 0.50580 0.51770
0.37628 0.48092 0.42136
0.32494 0.55511 0.38028
0.46716 0.59479 0.56055
0.46407 0.44714 0.41051
0.59836 0.59598 0.47751
0.53147 0.61463 0.58892
0.28999 0.63528 0.47956
0.49486 0.49945 0.41835
0.58050 0.64830 0.40739
0.46423 0.63220 0.49715
0.56570 0.62851 0.49677
0.48418 0.55071 0.49966
0.45231 0.50720 0.37235
0.46549 0.47463 0.50093
0.32907 0.40046 0.39929
0.44133 0.49887 0.45919
0.48885 0.60477 0.46659
0.47024 0.53585 0.51214
0.46223 0.56660 0.44842
0.41404 0.45213 0.39446
0.51106 0.57835 0.45968
0.48398 0.46682 0.60858
0.38946 0.49147 0.45718
0.42394 0.54502 0.45657
0.48982 0.55143 0.50386
0.29214 0.46585 0.41715
0.60221 0.49857 0.54443
0.46941 0.50799 0.45813
0.48391 0.50041 0.41185
0.41264 0.51953 0.41919
0.61276 0.50672 0.56111
0.38332 0.48909 0.29739
0.55683 0.45649 0.57644
0.42497 0.48593 0.42266
0.38432 0.49663 0.31588
0.38830 0.49397 0.29439
0.34069 0.52278 0.41172
0.61941 0.69085 0.56850
0.48907 0.50444 0.39939
0.30810 0.37057 0.43596
0.43477 0.47516 0.37901
0.39310 0.35546 0.48246
0.47102 0.49995 0.42234
0.34412 0.53668 0.32467
0.38830 0.43048 0.48770
0.43691 0.54589 0.45014
0.56234 0.61681 0.55357
0.47713 0.52410 0.42462
0.47844 0.50248 0.35956
0.38639 0.46439 0.44126
0.55895 0.52446 0.54437
0.49222 0.57877 0.54366
0.40838 0.59595 0.57930
0.52096 0.59842 0.43053
0.36602 0.49538 0.43159
0.39951 0.45455 0.39265
0.41578 0.50578 0.27816
0.77963 0.78113 0.73197
0.39217 0.58037 0.50897
0.49115 0.63178 0.48518
0.51200 0.49915 0.45514
0.31899 0.41988 0.50689
0.42855 0.55462 0.44537
0.31732 0.54869 0.55079
0.34657 0.47584 0.49878
0.40866 0.61836 0.50492
0.43113 0.51227 0.45731
0.46366 0.53197 0.55234
0.45224 0.54605 0.44041
0.42825 0.57184 0.42704
0.38817 0.55042 0.37927
0.45346 0.50625 0.47873
0.29485 0.48395 0.41860
0.40544 0.39424 0.53340
0.27280 0.54400 0.60203
0.32727 0.56493 0.50580
0.38058 0.57289 0.43294
0.45071 0.61289 0.50182
0.47040 0.54524 0.57259
0.56570 0.56940 0.58615
0.50843 0.66966 0.46748
0.41754 0.50821 0.52459
0.46340 0.50669 0.40312
0.30621 0.55924 0.63944
0.41400 0.54297 0.38437
0.34085 0.52737 0.51309
0.50389 0.63720 0.43351
0.53177 0.57498 0.50441
0.38107 0.40713 0.45703
0.28242 0.39430 0.35672
0.33601 0.50402 0.39005
0.41074 0.57811 0.48151
0.50483 0.57308 0.50657
0.45258 0.63158 0.54167
0.44300 0.53831 0.48921
0.42207 0.63418 0.47705
0.44162 0.47329 0.31129
0.45400 0.45813 0.50184
0.41478 0.53653 0.42780
0.38219 0.56566 0.53056
0.50831 0.58460 0.51375
0.40009 0.55015 0.51958
0.45602 0.56408 0.45234
0.57801 0.48080 0.50156
0.38390 0.40041 0.38831
0.42412 0.47029 0.41813
0.53628 0.51963 0.44197
0.49704 0.61684 0.45428
0.36802 0.57434 0.36627
0.43753 0.31255 0.45947
0.39029 0.45349 0.35457
0.34618 0.52832 0.45765
0.30342 0.44458 0.42913
0.45935 0.45268 0.44633
0.48848 0.53560 0.43957
0.55616 0.65889 0.59775
0.50603 0.53120 0.52524
0.66904 0.73145 0.60269
0.32687 0.41409 0.34891
0.46143 0.54227 0.55285
0.36196 0.51889 0.44837
0.47775 0.55513 0.46847
0.54336 0.52703 0.44743
0.61053 0.57511 0.49277
0.38853 0.38773 0.45958
0.45646 0.55892 0.52768
0.49675 0.63851 0.60231
0.41911 0.52462 0.43791
0.55705 0.67189 0.48787
0.46744 0.57352 0.54250
0.48247 0.51740 0.34768
0.40222 0.62870 0.48515
0.37649 0.57279 0.52527
