20 18 1000 5683 1408
0.82122 0.20271 0.98256
0.59928 0.59082 0.98979
0.48639 0.99509 0.85976
0.95940 0.98017 0.53529
0.65636 0.39817 0.49239
0.64293 0.86400 0.09909
0.24053 0.82314 0.34979
0.76530 0.37534 0.41024
0.24335 0.24871 0.34287
0.84509 0.88495 0.06874
0.64210 0.03792 0.06508
0.33293 0.55258 0.74421
0.91614 0.91564 0.25115
0.19892 0.30052 0.18799
0.84174 0.59772 0.68314
0.15104 0.07468 0.84195
0.54056 0.35844 0.68125
0.17616 0.00291 0.29897
0.59880 0.57829 0.60779
0.64377 0.57407 0.49681
0.61648 0.48276 0.48026
0.54975 0.37864 0.44052
0.57930 0.55300 0.42483
0.45135 0.39258 0.45024
0.55882 0.59855 0.53107
0.59265 0.55378 0.44846
0.57127 0.61001 0.55261
0.54549 0.54848 0.58286
0.52575 0.52805 0.42177
0.51284 0.45674 0.51328
0.56879 0.48650 0.39290
0.52844 0.53528 0.48953
0.48381 0.51802 0.44107
0.61411 0.57279 0.59527
0.43125 0.35749 0.54968
0.64263 0.58931 0.63974
0.54641 0.43408 0.54831
0.59607 0.42912 0.58938
0.55808 0.45465 0.39331
0.58169 0.50199 0.36303
0.58159 0.55159 0.48762
0.62596 0.44759 0.44480
0.63882 0.55637 0.36891
0.58658 0.54534 0.46866
0.41164 0.32675 0.49119
0.47976 0.54136 0.48778
0.64819 0.49993 0.51902
0.59444 0.49808 0.50192
0.61448 0.67223 0.52190
0.56486 0.47851 0.39390
0.50422 0.41198 0.38414
0.53650 0.43752 0.64276
0.49268 0.51681 0.57239
0.58903 0.51400 0.50642
0.58906 0.63282 0.38460
0.40678 0.41413 0.46887
0.46793 0.40602 0.51944
0.62055 0.48647 0.55930
0.57278 0.42839 0.57986
0.49807 0.40923 0.38206
0.52296 0.52865 0.48137
0.62247 0.46918 0.56529
0.62798 0.42156 0.63557
0.43168 0.41964 0.36971
0.60844 0.42481 0.63935
0.62919 0.54759 0.43102
0.62192 0.53475 0.56672
0.58172 0.44726 0.51638
0.52258 0.54821 0.59775
0.53585 0.55916 0.40725
0.53666 0.51346 0.50773
0.51152 0.37585 0.62666
0.60405 0.60510 0.54263
0.55939 0.54719 0.50320
0.55960 0.52436 0.36194
0.52476 0.53681 0.42507
0.61037 0.48377 0.39936
0.53504 0.56990 0.51481
0.58469 0.47461 0.47296
0.66457 0.51938 0.48228
0.60235 0.45512 0.52312
0.47775 0.37143 0.50843
0.64331 0.58855 0.50042
0.62972 0.51979 0.54498
0.51009 0.46743 0.54103
0.51933 0.54257 0.40136
0.49363 0.41731 0.55730
0.42838 0.46007 0.45245
0.54412 0.50791 0.43281
0.59604 0.63598 0.52717
0.59496 0.48463 0.52214
0.66316 0.47764 0.34835
0.62942 0.54562 0.34942
0.51411 0.49217 0.35766
0.60469 0.54166 0.61890
0.54667 0.55389 0.39927
0.62014 0.47985 0.41413
0.56782 0.56170 0.52811
0.47642 0.39876 0.46920
0.61115 0.49840 0.56044
0.60853 0.56835 0.51239
0.46825 0.47859 0.53319
0.46774 0.48702 0.52986
0.61452 0.51926 0.50818
0.58298 0.47194 0.36606
0.58565 0.57681 0.63988
0.59563 0.56021 0.59226
0.55983 0.52119 0.58454
0.62146 0.56325 0.47850
0.69012 0.67786 0.44478
0.54727 0.47352 0.44598
0.42583 0.52620 0.51287
0.51201 0.53124 0.50757
0.61915 0.47239 0.45093
0.60856 0.52586 0.49970
0.59189 0.61531 0.46206
0.52113 0.46303 0.60337
0.64054 0.65934 0.45808
0.55729 0.50903 0.40758
0.59445 0.58084 0.44426
0.56076 0.61006 0.48643
0.58813 0.54757 0.47473
0.51085 0.37481 0.48788
0.54022 0.55110 0.64282
0.47987 0.50634 0.61631
0.59964 0.53450 0.63633
0.57761 0.53856 0.40112
0.54878 0.42812 0.45022
0.56077 0.65573 0.57977
0.61148 0.65188 0.50248
0.60677 0.53118 0.47740
0.70010 0.51548 0.57329
0.54928 0.48737 0.51826
0.59337 0.64771 0.60032
0.54015 0.46264 0.61614
0.62827 0.57514 0.43053
0.45005 0.57049 0.44791
0.59494 0.63870 0.45868
0.62531 0.61530 0.43992
0.53422 0.44090 0.45196
0.60351 0.62540 0.44244
0.58834 0.57436 0.41427
0.54950 0.54595 0.43389
0.53898 0.47572 0.39831
0.45566 0.37305 0.49218
0.52277 0.47621 0.46450
0.52564 0.46610 0.53369
0.40102 0.52082 0.47107
0.56747 0.56698 0.48933
0.54520 0.62920 0.57140
0.56626 0.48671 0.52644
0.59836 0.56657 0.46473
0.55480 0.55477 0.33302
0.50859 0.56908 0.56334
0.53681 0.47489 0.49608
0.53364 0.53612 0.48210
0.70250 0.59805 0.49036
0.63543 0.47963 0.54482
0.62674 0.52088 0.46080
0.57223 0.52426 0.66181
0.47549 0.31969 0.60670
0.37095 0.31028 0.52999
0.55536 0.40939 0.61661
0.47112 0.40757 0.46936
0.59142 0.64444 0.53382
0.58445 0.47765 0.57257
0.58042 0.56915 0.42726
0.56563 0.47494 0.49128
0.65059 0.61775 0.47851
0.57950 0.49416 0.50045
0.60885 0.48486 0.46317
0.55949 0.46583 0.44384
0.60435 0.62236 0.52948
0.56160 0.54682 0.47315
0.57500 0.47723 0.50435
0.53171 0.51031 0.49010
0.56520 0.46180 0.52659
0.55064 0.59393 0.44560
0.56544 0.52516 0.46588
0.64142 0.43028 0.46917
0.55738 0.51278 0.40628
0.54527 0.57154 0.51985
0.57054 0.47406 0.52954
0.47351 0.53863 0.44662
0.56109 0.53716 0.53315
0.62999 0.52191 0.46522
0.47317 0.50227 0.47370
0.63426 0.43209 0.54078
0.49225 0.43709 0.57864
0.63874 0.42913 0.65725
0.60890 0.50596 0.43151
0.69447 0.47290 0.47216
0.58734 0.60896 0.44888
0.60505 0.59975 0.51176
0.59854 0.58559 0.38454
0.55054 0.51223 0.44887
0.56574 0.49626 0.52596
0.49184 0.53317 0.42078
0.59925 0.50562 0.41851
0.46027 0.59097 0.51570
0.47130 0.41968 0.48505
0.60240 0.58056 0.44214
0.46343 0.46578 0.43416
0.58139 0.49051 0.56048
0.50338 0.41510 0.59826
0.50339 0.54746 0.36258
0.48256 0.62576 0.60353
0.55075 0.60609 0.39261
0.58958 0.47189 0.55891
0.46927 0.47701 0.49397
0.55047 0.54117 0.46679
0.50935 0.46281 0.50669
0.50214 0.40633 0.58341
0.49596 0.54206 0.48231
0.64140 0.51716 0.50622
0.56671 0.67662 0.36114
0.67391 0.59628 0.46915
0.60561 0.53328 0.43017
0.43859 0.37500 0.54659
0.63958 0.57435 0.46412
0.61418 0.50800 0.56865
0.56298 0.41315 0.48371
0.74143 0.68319 0.41837
0.48505 0.50590 0.39448
0.57227 0.54834 0.64684
0.54681 0.50730 0.49092
0.55180 0.53299 0.51894
0.50346 0.46348 0.62218
0.58384 0.64748 0.30922
0.54274 0.41751 0.46965
0.56569 0.48930 0.38681
0.63055 0.59252 0.57051
0.60981 0.49185 0.45111
0.51000 0.49173 0.55426
0.51485 0.45069 0.59253
0.59417 0.59219 0.49322
0.53030 0.41549 0.48444
0.56796 0.48759 0.43597
0.54843 0.51668 0.45013
0.65645 0.49130 0.36132
0.51769 0.47708 0.45746
0.64194 0.64661 0.36499
0.58115 0.54663 0.41266
0.51760 0.54037 0.38966
0.56076 0.60567 0.43362
0.49387 0.52137 0.52719
0.49276 0.42914 0.51496
0.57464 0.46960 0.44804
0.50175 0.50118 0.47536
0.49196 0.41174 0.65739
0.64813 0.59783 0.45000
0.62011 0.56639 0.50516
0.58233 0.47828 0.45396
0.45101 0.45018 0.41276
0.67306 0.68482 0.50457
0.52090 0.49520 0.35229
0.48325 0.56808 0.40610
0.46077 0.42274 0.60514
0.52693 0.43053 0.45928
0.48905 0.54443 0.48711
0.59008 0.42536 0.53328
0.52160 0.43818 0.53315
0.58626 0.65330 0.68370
0.47666 0.49525 0.41340
0.55380 0.45525 0.50582
0.58063 0.40744 0.48102
0.57882 0.50351 0.42317
0.56314 0.54000 0.41296
0.59495 0.60008 0.65369
0.59938 0.45396 0.53191
0.54001 0.59692 0.41392
0.54279 0.54465 0.48331
0.51935 0.44346 0.53070
0.60508 0.61902 0.45651
0.58505 0.48067 0.64714
0.46918 0.37466 0.53890
0.58864 0.56351 0.54846
0.61727 0.53990 0.43974
0.64430 0.68534 0.39760
0.64455 0.46781 0.66987
0.57495 0.49311 0.35704
0.55353 0.66645 0.43696
0.63091 0.56113 0.51961
0.64467 0.59330 0.48964
0.54435 0.55152 0.53597
0.61800 0.40487 0.38431
0.52284 0.46269 0.47122
0.41276 0.40362 0.52888
0.59174 0.34374 0.55903
0.65981 0.60845 0.47101
0.61335 0.63319 0.36539
0.53959 0.51784 0.47282
0.43231 0.46035 0.48608
0.39093 0.44524 0.56186
0.59329 0.51004 0.50957
0.61936 0.58733 0.48631
0.60871 0.60668 0.48646
0.55747 0.48128 0.44291
0.57830 0.57889 0.42656
0.56563 0.47940 0.45147
0.61167 0.53416 0.56647
0.46504 0.47606 0.50023
0.53944 0.46444 0.43144
0.51420 0.59489 0.53929
0.48391 0.45000 0.39721
0.54543 0.45425 0.56551
0.55892 0.53960 0.47747
0.56647 0.48242 0.52229
0.62665 0.56052 0.41339
0.59106 0.44032 0.40295
0.50972 0.46122 0.38773
0.57653 0.57129 0.49917
0.54558 0.50274 0.42985
0.61992 0.51758 0.35144
0.49248 0.34265 0.54059
0.63697 0.61946 0.34877
0.62638 0.51054 0.59222
0.49837 0.41325 0.48545
0.66752 0.59771 0.46011
0.69904 0.70546 0.40136
0.56119 0.55350 0.55315
0.55336 0.53802 0.56367
0.68017 0.55786 0.48637
0.50678 0.45845 0.43362
0.45354 0.43902 0.37683
0.53482 0.37317 0.51251
0.59107 0.54517 0.49470
0.58284 0.48260 0.48928
0.54520 0.48889 0.39044
0.48121 0.31456 0.36492
0.58643 0.50106 0.41541
0.51478 0.52627 0.60262
0.53882 0.49173 0.47040
0.66286 0.60745 0.54202
0.50160 0.43170 0.53616
0.52806 0.64572 0.50129
0.57102 0.59724 0.44632
0.59168 0.59644 0.63383
0.44588 0.49489 0.40832
0.52465 0.53093 0.46426
0.59303 0.48747 0.54579
0.53029 0.52376 0.43224
0.61641 0.52584 0.44910
0.54975 0.61702 0.51778
0.53046 0.41788 0.52283
0.62998 0.53062 0.58965
0.64115 0.50317 0.59277
0.66224 0.52502 0.45879
0.49724 0.53181 0.45702
0.60854 0.52001 0.48132
0.43635 0.44316 0.37942
0.53947 0.42009 0.58823
0.54134 0.44611 0.55495
0.48295 0.45618 0.56104
0.55579 0.40469 0.48050
0.55559 0.51623 0.62135
0.55998 0.48057 0.59410
0.59841 0.60018 0.48888
0.53760 0.60198 0.54058
0.53608 0.49888 0.60052
0.51843 0.57946 0.42826
0.51308 0.47852 0.57497
0.48308 0.44638 0.53145
0.58079 0.54579 0.45324
0.51820 0.53234 0.40751
0.52526 0.49596 0.48995
0.58274 0.51540 0.59625
0.62558 0.56908 0.44153
0.67655 0.55318 0.36555
0.53212 0.52218 0.52961
0.51042 0.34216 0.56951
0.50096 0.46506 0.49379
0.60375 0.56761 0.37862
0.42210 0.42117 0.56937
0.63282 0.51974 0.50875
0.61347 0.53558 0.44745
0.61403 0.66360 0.54927
0.51852 0.51375 0.60708
0.50040 0.47645 0.62751
0.55601 0.48489 0.48727
0.57374 0.43855 0.55923
0.61212 0.49991 0.45191
0.41779 0.31915 0.49558
0.56475 0.48929 0.48630
0.61929 0.58446 0.55787
0.46174 0.52593 0.36885
0.44916 0.46503 0.55036
0.57705 0.45465 0.57210
0.60999 0.57570 0.33850
0.61932 0.62685 0.44956
0.48093 0.52112 0.39330
0.62184 0.63445 0.46784
0.57382 0.57018 0.51747
0.56054 0.49524 0.48791
0.55576 0.48930 0.51027
0.59723 0.46381 0.45505
0.62208 0.48891 0.48857
0.54048 0.45123 0.54887
0.54699 0.55311 0.57056
0.62710 0.51275 0.36580
0.50369 0.48733 0.57713
0.62406 0.52381 0.44044
0.59853 0.55733 0.48467
0.51459 0.47671 0.48136
0.63769 0.58739 0.42036
0.67890 0.65067 0.45695
0.60746 0.54539 0.48761
0.54046 0.63241 0.64544
0.47995 0.52232 0.53344
0.61869 0.47833 0.31443
0.54941 0.55122 0.58727
0.67386 0.54932 0.57386
0.53842 0.59072 0.49734
0.57687 0.53274 0.51934
0.49366 0.41029 0.42041
0.50967 0.40301 0.42826
0.54451 0.52935 0.41701
0.56767 0.53690 0.49023
0.70609 0.55445 0.52097
0.42199 0.46500 0.40758
0.58979 0.55812 0.41428
0.57009 0.45542 0.52294
0.63990 0.57540 0.36746
0.56926 0.46745 0.44993
0.45080 0.56866 0.40162
0.49979 0.46419 0.44144
0.54440 0.49914 0.51817
0.59238 0.63764 0.48236
0.57267 0.45950 0.58240
0.59563 0.48454 0.49180
0.45877 0.50368 0.45126
0.51384 0.33531 0.55725
0.61194 0.71118 0.44452
0.64561 0.52787 0.39022
0.58941 0.48117 0.45386
0.58877 0.55020 0.49521
0.50702 0.58353 0.57704
0.54745 0.40661 0.57511
0.63740 0.52910 0.55067
0.52402 0.43096 0.43759
0.59726 0.51570 0.51617
0.56614 0.55037 0.50938
0.52852 0.49602 0.48913
0.60705 0.53582 0.54253
0.59693 0.52587 0.51869
0.46506 0.38656 0.52040
0.48838 0.54928 0.51511
0.47883 0.52951 0.36196
0.64862 0.47904 0.49833
0.52490 0.53765 0.43876
0.53954 0.56169 0.50245
0.67969 0.61628 0.54102
0.58637 0.63652 0.55827
0.52317 0.42892 0.49450
0.57641 0.58224 0.50443
0.51754 0.42271 0.45211
0.57310 0.57749 0.40936
0.59480 0.49071 0.54562
0.62322 0.51805 0.48742
0.49789 0.57351 0.53266
0.65904 0.51541 0.53939
0.66819 0.46678 0.48506
0.58025 0.44034 0.54184
0.52593 0.49973 0.43104
0.54592 0.51650 0.39264
0.58803 0.48539 0.37845
0.58933 0.39230 0.45466
0.58507 0.70590 0.63250
0.45827 0.58713 0.49000
0.70056 0.62040 0.52969
0.68133 0.50385 0.59248
0.52174 0.49853 0.56105
0.53693 0.59517 0.60352
0.48737 0.50836 0.37693
0.58902 0.46416 0.45092
0.45241 0.41015 0.52984
0.55413 0.65482 0.45471
0.61392 0.56307 0.56903
0.54066 0.55087 0.43318
0.44265 0.41311 0.50417
0.58688 0.46868 0.54954
0.52647 0.36613 0.48772
0.52421 0.37587 0.37672
0.63470 0.39320 0.61596
0.56438 0.41461 0.43945
0.51302 0.52998 0.40221
0.66673 0.69998 0.43084
0.52213 0.52141 0.53066
0.66219 0.63236 0.47674
0.74132 0.62719 0.44827
0.58158 0.51932 0.50325
0.53401 0.54172 0.50483
0.61042 0.50278 0.54498
0.55719 0.53064 0.38180
0.54821 0.57451 0.56140
0.59743 0.42893 0.61441
0.52058 0.46367 0.47148
0.59281 0.50092 0.47044
0.45081 0.55271 0.54245
0.57988 0.53057 0.47904
0.46408 0.37120 0.38832
0.47101 0.41461 0.44851
0.63367 0.48366 0.52482
0.52889 0.56385 0.53875
0.49543 0.37013 0.50908
0.60326 0.57074 0.51741
0.52206 0.52038 0.52687
0.58280 0.55752 0.48107
0.52589 0.51583 0.40616
0.61439 0.62605 0.52883
0.60681 0.46079 0.55483
0.56590 0.49547 0.63487
0.57969 0.56747 0.48663
0.50145 0.34351 0.48011
0.43084 0.40945 0.40048
0.42574 0.36724 0.51788
0.66295 0.46647 0.38937
0.54564 0.38399 0.47492
0.66351 0.62306 0.44547
0.56479 0.58062 0.50471
0.55121 0.44378 0.49305
0.58868 0.36067 0.49511
0.71640 0.63686 0.58235
0.53739 0.46461 0.52048
0.56880 0.52261 0.51132
0.51005 0.42980 0.48432
0.54240 0.48117 0.61055
0.49562 0.53886 0.38826
0.66710 0.61665 0.45754
0.63212 0.55704 0.41210
0.53082 0.51811 0.48774
0.58312 0.54057 0.65676
0.46858 0.53665 0.41329
0.55911 0.46729 0.68211
0.67080 0.51755 0.47668
0.54216 0.47535 0.46383
0.55024 0.54219 0.64105
0.60886 0.55823 0.54710
0.47291 0.43631 0.55415
0.58617 0.46533 0.46812
0.57355 0.54196 0.47463
0.49771 0.49371 0.46101
0.54077 0.45724 0.53628
0.68918 0.42579 0.48558
0.51070 0.40389 0.51697
0.68056 0.43411 0.51994
0.50510 0.48468 0.55836
0.46093 0.39760 0.55957
0.64128 0.52313 0.49556
0.48689 0.53033 0.53168
0.62768 0.58113 0.49490
0.59658 0.53052 0.45389
0.56821 0.61592 0.45867
0.55119 0.37704 0.48050
0.54681 0.45749 0.47873
0.54339 0.56154 0.42745
0.56440 0.57547 0.43899
0.60628 0.64372 0.33941
0.63117 0.41484 0.45894
0.57442 0.60967 0.52540
0.54291 0.47931 0.48998
0.55598 0.53298 0.50110
0.62866 0.53778 0.59940
0.56841 0.54593 0.61243
0.42371 0.53425 0.38092
0.46039 0.64695 0.42823
0.54907 0.52832 0.43118
0.46564 0.56211 0.49509
0.65017 0.56404 0.51195
0.60245 0.54145 0.53464
0.58737 0.46900 0.57173
0.58876 0.52183 0.51563
0.51999 0.47441 0.50357
0.41821 0.39854 0.60390
0.50990 0.52210 0.56958
0.53858 0.57837 0.62695
0.66926 0.64445 0.49344
0.49236 0.41696 0.41269
0.58070 0.52632 0.50697
0.55689 0.58519 0.46479
0.50377 0.53518 0.54916
0.50785 0.44238 0.49547
0.55595 0.50745 0.47345
0.60894 0.58510 0.46479
0.59601 0.52604 0.56271
0.56688 0.66870 0.45943
0.45227 0.51494 0.49570
0.53341 0.65548 0.53206
0.56848 0.48135 0.52302
0.47975 0.43631 0.56762
0.61826 0.52595 0.34843
0.57931 0.51052 0.48856
0.51582 0.41296 0.52253
0.64055 0.50465 0.63003
0.59914 0.44616 0.53187
0.49538 0.37164 0.39882
0.52804 0.56144 0.55786
0.57450 0.47332 0.51679
0.56475 0.56308 0.32542
0.56898 0.53905 0.43692
0.42793 0.40109 0.54147
0.56563 0.46642 0.44056
0.62569 0.48603 0.49284
0.64999 0.61494 0.50467
0.51757 0.49430 0.57849
0.52572 0.52897 0.52561
0.54055 0.53366 0.68304
0.55995 0.52795 0.54107
0.55139 0.48368 0.50131
0.57676 0.57076 0.52494
0.49150 0.48778 0.55454
0.65738 0.62114 0.45342
0.58176 0.61745 0.45701
0.56253 0.45279 0.42424
0.44861 0.38980 0.43713
0.44943 0.46712 0.54918
0.62836 0.47456 0.29016
0.52517 0.59472 0.51476
0.53166 0.46874 0.52035
0.56219 0.53526 0.56108
0.51296 0.45972 0.57399
0.65375 0.48448 0.52035
0.54061 0.51369 0.47138
0.59906 0.57866 0.47174
0.58410 0.46135 0.45024
0.62375 0.47573 0.44382
0.65908 0.45691 0.53689
0.52443 0.46272 0.38210
0.54167 0.43356 0.59330
0.57284 0.56798 0.50154
0.57698 0.39823 0.45896
0.49440 0.44196 0.40599
0.57219 0.62213 0.54519
0.55619 0.57237 0.55001
0.47611 0.46602 0.44814
0.49996 0.43082 0.47464
0.56895 0.49083 0.54100
0.55014 0.51582 0.65197
0.48023 0.45012 0.45574
0.43125 0.34738 0.51040
0.52003 0.46893 0.56892
0.55683 0.40349 0.52968
0.67007 0.60484 0.50359
0.63401 0.58195 0.46383
0.59129 0.50732 0.51607
0.50335 0.42208 0.56967
0.64179 0.55294 0.53074
0.49927 0.41813 0.41893
0.51604 0.54166 0.53517
0.62763 0.59375 0.48532
0.56120 0.49046 0.48681
0.55969 0.42973 0.53848
0.54329 0.45047 0.47590
0.49380 0.39431 0.38670
0.54294 0.54199 0.52434
0.61244 0.43522 0.62079
0.52060 0.62494 0.55147
0.54819 0.48967 0.51769
0.52377 0.34082 0.46328
0.43332 0.43956 0.51647
0.50027 0.44065 0.52779
0.57275 0.58472 0.45014
0.55796 0.48272 0.62805
0.57567 0.46205 0.55480
0.49080 0.47438 0.34317
0.47331 0.44313 0.50856
0.57556 0.34234 0.40438
0.55907 0.58266 0.48819
0.52067 0.48602 0.36299
0.54725 0.44504 0.44295
0.44752 0.48248 0.50714
0.54435 0.38643 0.47895
0.45264 0.46130 0.51698
0.58051 0.54285 0.45829
0.57453 0.56423 0.49067
0.53039 0.37805 0.64590
0.56765 0.45238 0.50418
0.53699 0.56413 0.48223
0.64816 0.54480 0.53751
0.59503 0.46974 0.46170
0.59554 0.50138 0.56505
0.57975 0.57720 0.53028
0.50559 0.46647 0.56176
0.71701 0.72466 0.43714
0.47168 0.46638 0.51032
0.65556 0.59715 0.43195
0.53649 0.58097 0.48443
0.59625 0.61292 0.52032
0.51289 0.46415 0.50858
0.62436 0.56374 0.47784
0.61155 0.62857 0.52979
0.46930 0.56529 0.52816
0.53859 0.56928 0.50401
0.47931 0.50639 0.54130
0.47152 0.59737 0.43607
0.49407 0.58880 0.53273
0.60833 0.54274 0.43011
0.54368 0.50698 0.54812
0.55155 0.46657 0.55452
0.50701 0.51376 0.57072
0.45076 0.36495 0.57159
0.59792 0.47484 0.57478
0.68713 0.64967 0.44585
0.46252 0.58933 0.41476
0.57193 0.52877 0.36376
0.49978 0.37722 0.45320
0.54425 0.34065 0.32558
0.53313 0.49090 0.56353
0.54646 0.49598 0.42773
0.55392 0.43380 0.49089
0.57348 0.58056 0.41519
0.57073 0.48561 0.42714
0.52405 0.57420 0.47057
0.63997 0.65931 0.50397
0.45630 0.36550 0.57873
0.51510 0.48028 0.49318
0.55876 0.45072 0.45827
0.51191 0.42827 0.49930
0.66580 0.65630 0.53033
0.46889 0.45872 0.61075
0.58348 0.54098 0.42905
0.60165 0.48758 0.44006
0.61934 0.52939 0.38603
0.45792 0.38644 0.42986
0.64688 0.49544 0.49620
0.61469 0.48831 0.42252
0.45601 0.38532 0.51341
0.60400 0.64885 0.42550
0.48740 0.40670 0.41816
0.60477 0.48653 0.53870
0.62616 0.55812 0.62226
0.61817 0.43493 0.58444
0.59486 0.47934 0.47704
0.46587 0.54472 0.34010
0.53088 0.48982 0.47069
0.51453 0.54466 0.67739
0.66414 0.71109 0.38597
0.48669 0.40966 0.36974
0.53610 0.42257 0.39748
0.59169 0.56856 0.48686
0.58448 0.45428 0.60920
0.53536 0.50593 0.51823
0.54906 0.49526 0.51978
0.63648 0.51446 0.44987
0.47932 0.43834 0.33241
0.52498 0.50365 0.57210
0.46081 0.50868 0.47735
0.55957 0.51100 0.45171
0.67630 0.68362 0.41532
0.52099 0.43461 0.45979
0.55821 0.54195 0.48293
0.55054 0.44111 0.51022
0.59810 0.64231 0.63281
0.59439 0.50749 0.65955
0.57024 0.50435 0.54532
0.63500 0.61724 0.54827
0.58184 0.48197 0.50303
0.54287 0.40692 0.66095
0.58888 0.49430 0.44077
0.53121 0.49268 0.41782
0.56174 0.39976 0.65600
0.47932 0.44951 0.46429
0.49665 0.49060 0.46768
0.51210 0.54921 0.54383
0.54407 0.42934 0.48578
0.47755 0.49696 0.52017
0.56930 0.44936 0.46760
0.60905 0.52568 0.46323
0.56052 0.43611 0.49541
0.46890 0.49422 0.51764
0.58459 0.53764 0.52016
0.58588 0.55232 0.54953
0.58028 0.47536 0.54781
0.61333 0.51570 0.44103
0.50560 0.49788 0.52535
0.49120 0.41266 0.44840
0.43320 0.44477 0.48061
0.61079 0.53717 0.49405
0.53377 0.53684 0.46081
0.55782 0.50088 0.46396
0.61471 0.47924 0.54248
0.49143 0.41211 0.37235
0.50720 0.47548 0.50885
0.39894 0.40443 0.58493
0.50562 0.48215 0.51661
0.63540 0.52142 0.38454
0.58117 0.58796 0.42678
0.48221 0.55197 0.51563
0.52585 0.40816 0.38061
0.54155 0.47462 0.60638
0.59830 0.58506 0.56873
0.60617 0.50112 0.47604
0.44145 0.45402 0.41130
0.59769 0.58108 0.42560
0.49678 0.40962 0.46139
0.56868 0.42365 0.60440
0.51596 0.42936 0.67511
0.50230 0.51313 0.48240
0.55542 0.55495 0.44863
0.55821 0.65894 0.53143
0.49807 0.63079 0.49299
0.59467 0.44206 0.40794
0.56760 0.50251 0.54020
0.54284 0.57732 0.50263
0.67143 0.48203 0.45233
0.54171 0.46642 0.49579
0.55833 0.48469 0.51039
0.52538 0.48993 0.56776
0.53004 0.44010 0.47991
0.66402 0.62064 0.50010
0.60232 0.38409 0.40922
0.57865 0.49239 0.39420
0.52391 0.51695 0.50033
0.58298 0.54111 0.37306
0.51479 0.59599 0.52975
0.51043 0.40285 0.62239
0.66688 0.65547 0.53883
0.46232 0.42491 0.51771
0.63065 0.47836 0.39603
0.51395 0.45308 0.44502
0.54417 0.49689 0.41598
0.59117 0.45374 0.55462
0.56169 0.51976 0.50753
0.52974 0.52519 0.54876
0.59549 0.49993 0.44266
0.53132 0.46489 0.58309
0.47268 0.46084 0.64084
0.64544 0.56302 0.41271
0.58745 0.52251 0.44218
0.53206 0.46481 0.51958
0.61555 0.39998 0.38967
0.54736 0.57082 0.33062
0.49654 0.58829 0.53375
0.63432 0.60869 0.42280
0.36888 0.46443 0.35928
0.60538 0.50165 0.40958
0.56947 0.36584 0.54630
0.48189 0.58244 0.50927
0.62815 0.49631 0.56085
0.54619 0.52984 0.61807
0.56594 0.49793 0.47855
0.58144 0.60908 0.36430
0.52568 0.44768 0.48272
0.66784 0.59486 0.50462
0.62688 0.64645 0.42353
0.68461 0.60488 0.41651
0.48506 0.45654 0.43914
0.63595 0.63563 0.52257
0.49087 0.55345 0.52048
0.57716 0.44814 0.53436
0.57816 0.52773 0.65966
0.52737 0.50071 0.42000
0.59768 0.52057 0.49978
0.47905 0.41331 0.56844
0.52687 0.58145 0.44276
0.66338 0.54040 0.56677
0.51453 0.49036 0.47105
0.45666 0.46442 0.37251
0.48912 0.47489 0.51515
0.56413 0.51789 0.47122
0.60211 0.57416 0.55146
0.56317 0.46949 0.48917
0.56387 0.44513 0.51198
0.47466 0.36449 0.55286
0.71419 0.57279 0.51961
0.48602 0.51761 0.64283
0.55063 0.55700 0.55607
0.56385 0.50576 0.44310
0.63835 0.61447 0.53250
0.54942 0.53252 0.51229
0.58076 0.57994 0.51439
0.60465 0.53521 0.38371
0.53073 0.40353 0.49282
0.53397 0.62326 0.55114
0.53444 0.37190 0.53893
0.54834 0.66581 0.45860
0.61893 0.52239 0.40149
0.65546 0.63254 0.30949
0.45682 0.37716 0.54079
0.61391 0.57123 0.49793
0.63008 0.55369 0.54721
0.59361 0.47520 0.54794
0.62652 0.46663 0.61503
0.60967 0.62178 0.52456
0.73598 0.69513 0.48508
0.61681 0.46205 0.48831
0.59617 0.52422 0.46762
0.57270 0.46544 0.40489
0.50946 0.55209 0.44200
0.56619 0.41117 0.54417
0.56129 0.42827 0.52096
0.57209 0.51839 0.55049
0.60905 0.45391 0.45424
0.46433 0.44145 0.54747
0.65435 0.72571 0.36032
0.59523 0.53338 0.42033
0.56654 0.55629 0.46248
0.47500 0.39732 0.45019
0.56908 0.56264 0.51400
0.56943 0.55322 0.57192
0.57568 0.49913 0.54139
0.61052 0.56192 0.56494
0.55442 0.51464 0.45327
0.61264 0.62085 0.43449
0.58373 0.54992 0.55172
0.50061 0.49382 0.62129
0.53478 0.53206 0.48703
0.52678 0.43531 0.38105
0.57757 0.47150 0.51304
0.52926 0.48400 0.56231
0.54521 0.63700 0.56129
0.52554 0.52243 0.53805
0.45914 0.45644 0.60523
0.70317 0.67434 0.56363
0.55212 0.55628 0.59355
0.49965 0.46947 0.43754
0.65805 0.58007 0.32657
0.49284 0.55810 0.51505
0.53339 0.45420 0.52351
0.55859 0.49913 0.47351
0.53124 0.42496 0.39920
0.50712 0.61127 0.56568
0.57793 0.55096 0.49183
0.54196 0.50415 0.42647
0.47262 0.47992 0.56435
0.56596 0.52161 0.43692
0.64538 0.52773 0.56882
0.58900 0.42106 0.49887
0.47909 0.47615 0.37332
0.60173 0.42609 0.49906
0.52248 0.42698 0.57820
0.60866 0.51107 0.61408
0.54781 0.41395 0.41986
0.39937 0.34765 0.45123
0.51883 0.50561 0.53145
0.38381 0.37024 0.44839
0.65962 0.55928 0.51664
0.55285 0.49535 0.42952
0.57942 0.43312 0.41453
0.59748 0.43407 0.45308
0.59082 0.46137 0.55102
0.59091 0.48415 0.52205
0.64350 0.55154 0.43670
0.66198 0.64126 0.59236
0.63420 0.43267 0.43415
0.56378 0.50297 0.42969
0.58218 0.54656 0.48420
0.56722 0.51375 0.40374
0.47968 0.48236 0.48173
0.54492 0.56650 0.51486
0.53386 0.42058 0.48064
0.55665 0.55159 0.48041
0.56782 0.47956 0.43077
0.64961 0.54624 0.60691
0.56592 0.47843 0.58237
0.56853 0.50229 0.53670
0.57157 0.55158 0.41065
0.45299 0.49185 0.56599
0.60234 0.58297 0.52193
0.60007 0.47647 0.52508
0.46739 0.38010 0.42105
0.64837 0.60301 0.54745
0.57428 0.65226 0.33141
0.53006 0.56997 0.47077
0.54513 0.43752 0.55458
0.74775 0.67852 0.44111
0.50804 0.46304 0.49369
0.40102 0.41950 0.41373
0.55723 0.49632 0.53128
0.61468 0.55742 0.58911
0.48865 0.50252 0.42895
0.52446 0.43326 0.61304
0.52854 0.56169 0.48787
0.53012 0.53007 0.52179
0.47068 0.57821 0.43988
0.56939 0.52588 0.47521
0.51082 0.48865 0.42972
0.44258 0.42313 0.47631
0.60228 0.51370 0.32351
0.64209 0.48074 0.56604
0.55160 0.55098 0.56319
0.57018 0.59960 0.56375
0.65852 0.52025 0.53887
0.54635 0.33678 0.45572
0.60654 0.63100 0.51958
0.54591 0.48171 0.48400
0.53980 0.42257 0.47282
0.59645 0.47616 0.50878
0.62110 0.61492 0.29451
0.59784 0.53352 0.54418
0.59348 0.65378 0.51466
0.58594 0.50708 0.49444
0.49024 0.50322 0.47078
0.63139 0.55367 0.51577
0.61876 0.52677 0.47045
0.58842 0.54754 0.52666
0.64498 0.60144 0.50956
0.59658 0.50903 0.63240
0.52558 0.42597 0.47094
0.58905 0.58301 0.45363
0.52909 0.47376 0.38421
0.55505 0.51299 0.46621
0.50702 0.57205 0.49200
0.62003 0.60198 0.50642
0.66284 0.48876 0.59320
0.68290 0.63403 0.54608
0.40525 0.53635 0.54678
0.35982 0.32203 0.38024
0.54776 0.52987 0.55161
0.62706 0.43218 0.61763
0.54489 0.45961 0.45807
0.59050 0.54024 0.32262
0.71511 0.62684 0.43762
0.63499 0.64191 0.44570
0.53169 0.55699 0.51857
0.59922 0.51258 0.58233
0.53894 0.46553 0.56980
0.53884 0.61086 0.47965
