20 13 1000 10662 95
0.11449 0.37973 0.70241
0.60961 0.83690 0.32757
0.14536 0.90107 0.27783
0.90594 0.20541 0.04664
0.16135 0.00846 0.30852
0.61491 0.63857 0.81479
0.30503 0.40750 0.82809
0.18015 0.43448 0.51810
0.99159 0.50729 0.66644
0.29464 0.07991 0.02295
0.91811 0.00302 0.71288
0.59216 0.66250 0.43053
0.92000 0.24912 0.53251
0.44423 0.43103 0.47224
0.31199 0.48143 0.40704
0.44971 0.41032 0.57758
0.49989 0.37105 0.51233
0.60362 0.50622 0.52404
0.48573 0.29841 0.51448
0.57819 0.47410 0.54635
0.53310 0.42687 0.58584
0.65158 0.44880 0.49125
0.63719 0.42717 0.35915
0.48578 0.45213 0.40251
0.70027 0.52597 0.48955
0.49359 0.40367 0.47821
0.38092 0.42429 0.40976
0.53858 0.48001 0.50753
0.57443 0.37957 0.49617
0.66433 0.40379 0.54019
0.51481 0.36552 0.50647
0.34062 0.53226 0.53620
0.52383 0.51913 0.41580
0.50184 0.35724 0.40036
0.54041 0.26421 0.52852
0.45337 0.58736 0.45912
0.50716 0.37449 0.49560
0.50324 0.37310 0.54526
0.71513 0.38462 0.50292
0.51840 0.38047 0.53640
0.42380 0.58829 0.46156
0.44111 0.43248 0.44657
0.53042 0.44448 0.57206
0.60703 0.46078 0.50065
0.48109 0.46940 0.42190
0.56730 0.50990 0.65608
0.68037 0.35953 0.43394
0.53104 0.40876 0.46650
0.47998 0.40605 0.49037
0.49089 0.49534 0.53937
0.36983 0.30728 0.36095
0.63248 0.40166 0.33882
0.44690 0.36838 0.40887
0.55065 0.48266 0.53994
0.48103 0.52875 0.42612
0.58804 0.26879 0.32315
0.45956 0.35620 0.54413
0.60280 0.38023 0.43000
0.53006 0.32962 0.43079
0.42538 0.42147 0.54970
0.49807 0.43729 0.48433
0.48141 0.57352 0.41682
0.54416 0.44675 0.44978
0.52559 0.41749 0.54562
0.49637 0.38458 0.53206
0.48984 0.46775 0.52969
0.49472 0.50706 0.44356
0.37721 0.30142 0.43799
0.46778 0.20710 0.50718
0.56032 0.27489 0.49576
0.52106 0.41487 0.59124
0.56077 0.38001 0.46192
0.50037 0.28674 0.50796
0.56158 0.38322 0.57869
0.54216 0.39585 0.40601
0.50824 0.38544 0.47267
0.50393 0.35679 0.31689
0.42200 0.47858 0.51861
0.60256 0.39497 0.50367
0.56311 0.45706 0.39627
0.34481 0.35984 0.43393
0.50649 0.32970 0.47274
0.39097 0.40746 0.39585
0.41582 0.36801 0.47369
0.58037 0.44746 0.47153
0.62241 0.41377 0.37459
0.57804 0.36292 0.38603
0.60206 0.48855 0.52043
0.46745 0.41270 0.51292
0.59334 0.33327 0.44456
0.50533 0.38555 0.56228
0.70559 0.39946 0.54544
0.40949 0.49232 0.51465
0.59809 0.20377 0.49601
0.51919 0.37301 0.38101
0.43756 0.34754 0.42506
0.42955 0.42102 0.55071
0.51808 0.23882 0.39953
0.67459 0.31524 0.44136
0.55758 0.42987 0.44536
0.53266 0.33023 0.42040
0.59315 0.40645 0.52209
0.53942 0.40941 0.46031
0.66900 0.41143 0.43746
0.60174 0.51709 0.63382
0.49262 0.36919 0.45837
0.57791 0.29464 0.53874
0.46972 0.46196 0.37617
0.49294 0.49807 0.52864
0.51164 0.50806 0.40978
0.53839 0.49130 0.50840
0.49997 0.39001 0.45178
0.63046 0.38529 0.41305
0.44079 0.47744 0.56674
0.62781 0.40148 0.48784
0.52990 0.41864 0.42943
0.64533 0.38613 0.60983
0.53973 0.35900 0.53290
0.47891 0.46894 0.43477
0.61786 0.40504 0.52955
0.51277 0.38343 0.51164
0.70429 0.28595 0.33804
0.63963 0.31179 0.49294
0.42008 0.35251 0.36673
0.54495 0.31175 0.57690
0.63481 0.34354 0.47803
0.58165 0.33548 0.56575
0.59834 0.34246 0.56487
0.64900 0.37408 0.56679
0.46906 0.45543 0.44942
0.47971 0.51120 0.49983
0.69831 0.48853 0.53868
0.55855 0.36388 0.37284
0.52463 0.35021 0.42347
0.49301 0.36748 0.52410
0.57505 0.24708 0.48636
0.53461 0.30773 0.44924
0.56071 0.35130 0.58645
0.51586 0.33307 0.38472
0.50718 0.40655 0.51080
0.69145 0.34010 0.56544
0.48394 0.38697 0.50766
0.54931 0.35275 0.51665
0.48022 0.22158 0.38787
0.36526 0.31614 0.46160
0.55928 0.50140 0.49429
0.60506 0.37924 0.51815
0.63727 0.40900 0.56878
0.47239 0.39077 0.59856
0.79362 0.34447 0.31978
0.46249 0.48877 0.55951
0.36043 0.40252 0.52805
0.66460 0.35284 0.36267
0.48136 0.48228 0.58152
0.42250 0.40090 0.51143
0.48273 0.39574 0.52167
0.49552 0.40153 0.45342
0.42003 0.35890 0.48546
0.56238 0.35226 0.39614
0.41722 0.38581 0.52907
0.59508 0.39322 0.45742
0.47632 0.34430 0.39352
0.60237 0.49885 0.44885
0.45887 0.36396 0.53403
0.57820 0.33024 0.41307
0.51879 0.40734 0.44057
0.41281 0.24712 0.44822
0.50090 0.45913 0.56154
0.53792 0.47987 0.38533
0.36902 0.33907 0.41195
0.61899 0.41004 0.58683
0.43708 0.42690 0.57871
0.48435 0.45964 0.42831
0.45312 0.23733 0.42656
0.55116 0.50354 0.47601
0.65636 0.29747 0.50723
0.55709 0.29730 0.49665
0.58315 0.23967 0.46212
0.44458 0.53185 0.41434
0.52701 0.52364 0.64393
0.58677 0.42294 0.39565
0.37366 0.44169 0.29065
0.48238 0.42096 0.45434
0.51604 0.43987 0.51503
0.64312 0.35506 0.60256
0.62590 0.38298 0.55253
0.61131 0.40915 0.49301
0.44868 0.60330 0.40854
0.42664 0.36158 0.41587
0.43071 0.47669 0.58462
0.41102 0.46171 0.50987
0.55650 0.61601 0.60753
0.57884 0.39472 0.52978
0.46207 0.47559 0.60566
0.63539 0.23132 0.46259
0.62096 0.42660 0.44145
0.64139 0.50214 0.34872
0.64057 0.33328 0.50145
0.68227 0.44003 0.32965
0.54853 0.43959 0.41534
0.57863 0.32614 0.41274
0.65047 0.39500 0.46460
0.46008 0.50306 0.44837
0.52496 0.44786 0.54611
0.62020 0.43859 0.56896
0.51623 0.45220 0.37122
0.42299 0.47924 0.45062
0.52319 0.38467 0.53660
0.39697 0.39897 0.40384
0.55211 0.28449 0.49952
0.49582 0.45701 0.49954
0.38275 0.40227 0.53113
0.68280 0.44787 0.43116
0.55605 0.39238 0.51053
0.61042 0.37301 0.48499
0.59714 0.39941 0.51573
0.49119 0.33053 0.39003
0.59823 0.47900 0.48133
0.41354 0.45768 0.51964
0.51398 0.49104 0.36702
0.63771 0.27103 0.50073
0.49237 0.41191 0.54947
0.42629 0.47881 0.54505
0.39466 0.50943 0.42563
0.48463 0.40335 0.47357
0.49768 0.35648 0.42159
0.69933 0.32497 0.43323
0.48634 0.45874 0.52895
0.52109 0.55162 0.50469
0.42364 0.44308 0.61151
0.44056 0.35245 0.44558
0.47379 0.39806 0.49815
0.49258 0.42664 0.48869
0.48954 0.47338 0.53844
0.33950 0.39354 0.58696
0.56293 0.38980 0.46314
0.39837 0.38940 0.30343
0.53219 0.33704 0.41327
0.54778 0.47891 0.48803
0.52265 0.37861 0.52510
0.33990 0.39528 0.31473
0.36786 0.57873 0.38952
0.48721 0.49711 0.56921
0.49151 0.34482 0.40788
0.43394 0.51330 0.43957
0.60635 0.35627 0.39877
0.64079 0.30781 0.54863
0.40542 0.50223 0.43978
0.53060 0.40572 0.57077
0.53033 0.42854 0.39076
0.57379 0.54862 0.51508
0.58393 0.34898 0.53958
0.53854 0.33345 0.43815
0.43835 0.48007 0.37092
0.43922 0.48520 0.47883
0.47653 0.36983 0.51634
0.61045 0.35373 0.45564
0.59069 0.42433 0.54681
0.46286 0.57235 0.45749
0.39508 0.29137 0.33876
0.59801 0.40997 0.48878
0.46291 0.52173 0.34973
0.57031 0.46042 0.45991
0.50507 0.38240 0.44461
0.60023 0.46508 0.39155
0.46939 0.43011 0.61667
0.46481 0.35453 0.45678
0.59355 0.41138 0.52986
0.47602 0.34634 0.50917
0.55702 0.44681 0.57495
0.66861 0.43977 0.48646
0.53300 0.36448 0.38408
0.47190 0.41426 0.48869
0.52628 0.34264 0.43791
0.56225 0.53025 0.37559
0.69489 0.52569 0.39717
0.54012 0.37850 0.37837
0.53922 0.42154 0.43376
0.36312 0.51007 0.53903
0.58700 0.52012 0.38804
0.55208 0.46136 0.52887
0.63103 0.30669 0.36993
0.55898 0.34365 0.49111
0.49685 0.23664 0.61551
0.55929 0.46433 0.56406
0.63280 0.35196 0.48813
0.50312 0.55650 0.49013
0.58976 0.35249 0.38487
0.39825 0.27457 0.44071
0.48811 0.56422 0.57079
0.48015 0.56856 0.56300
0.43720 0.33727 0.56961
0.61220 0.35248 0.51328
0.53478 0.49340 0.47917
0.36437 0.42224 0.52923
0.58075 0.39543 0.44128
0.36172 0.52095 0.32082
0.70100 0.49791 0.45723
0.54837 0.35994 0.38023
0.49350 0.54531 0.38533
0.50032 0.59128 0.51500
0.45017 0.52085 0.46087
0.50202 0.45528 0.57073
0.37827 0.40445 0.47942
0.57612 0.45276 0.44218
0.46257 0.33301 0.49581
0.42135 0.28056 0.39444
0.54041 0.34557 0.51019
0.36903 0.48722 0.54693
0.54698 0.40216 0.52024
0.47208 0.37035 0.44349
0.49505 0.26488 0.43198
0.43686 0.48664 0.33297
0.69910 0.34954 0.47227
0.44999 0.38180 0.50577
0.52771 0.46222 0.42482
0.58135 0.38928 0.49329
0.49544 0.29198 0.31613
0.46382 0.33301 0.40030
0.53987 0.34985 0.43852
0.69302 0.39820 0.50016
0.53663 0.34668 0.52720
0.65736 0.19961 0.55281
0.63248 0.37523 0.37414
0.65579 0.46806 0.54836
0.59450 0.40354 0.46315
0.43124 0.49224 0.48860
0.57859 0.42476 0.60538
0.47121 0.48027 0.40144
0.67123 0.40140 0.52479
0.55642 0.49799 0.58743
0.46085 0.35011 0.48510
0.49699 0.50109 0.61932
0.61970 0.33821 0.53150
0.43537 0.33922 0.45289
0.45306 0.40005 0.47932
0.35442 0.52251 0.47659
0.45162 0.34179 0.45785
0.51547 0.28446 0.43442
0.42436 0.29883 0.32378
0.39473 0.53235 0.49045
0.44126 0.32192 0.41286
0.42903 0.37783 0.53502
0.51039 0.37394 0.47044
0.54619 0.43517 0.59056
0.62660 0.33652 0.40852
0.53542 0.39100 0.48406
0.46261 0.53582 0.51737
0.59067 0.49986 0.53716
0.47008 0.36819 0.50957
0.47340 0.49909 0.48759
0.62357 0.47308 0.56830
0.55911 0.39842 0.50328
0.57814 0.32148 0.52727
0.47797 0.50672 0.36879
0.65763 0.28907 0.49273
0.43601 0.50854 0.52810
0.49999 0.37475 0.58324
0.63366 0.42579 0.64618
0.43967 0.43027 0.61110
0.62193 0.44647 0.55140
0.41739 0.48145 0.39398
0.43732 0.46254 0.50893
0.55403 0.40584 0.50697
0.50418 0.26061 0.58102
0.73662 0.40996 0.55885
0.44809 0.41864 0.43831
0.71176 0.38447 0.53013
0.49077 0.48790 0.47336
0.59822 0.29240 0.30807
0.58269 0.55672 0.46427
0.55611 0.35774 0.48807
0.43749 0.43687 0.52679
0.44992 0.54336 0.46427
0.37844 0.41407 0.38640
0.49530 0.53483 0.45366
0.66943 0.26766 0.46666
0.54653 0.42394 0.55628
0.40996 0.48183 0.46405
0.57897 0.42692 0.48061
0.44837 0.44315 0.53798
0.47187 0.38869 0.41407
0.45891 0.55108 0.48048
0.58339 0.35257 0.42798
0.60361 0.39264 0.45262
0.70346 0.28762 0.58877
0.51357 0.35714 0.43966
0.64023 0.37640 0.48736
0.57937 0.39624 0.47071
0.51961 0.40937 0.50556
0.56923 0.36696 0.41953
0.53711 0.39310 0.52422
0.63283 0.40869 0.52273
0.41036 0.38283 0.49807
0.44047 0.39917 0.59804
0.58375 0.50699 0.56608
0.54707 0.51257 0.44112
0.56455 0.38732 0.59917
0.62076 0.34370 0.55588
0.46463 0.41257 0.55019
0.40927 0.43219 0.50024
0.49602 0.32312 0.24816
0.56582 0.56165 0.44543
0.31821 0.57370 0.35334
0.51512 0.42198 0.43460
0.50135 0.31668 0.37737
0.53185 0.54808 0.46281
0.62457 0.33163 0.48785
0.44972 0.38405 0.47083
0.61979 0.31859 0.54652
0.37066 0.40871 0.51883
0.57834 0.53578 0.52986
0.50609 0.46634 0.53699
0.38978 0.33053 0.35355
0.46153 0.35918 0.41209
0.52857 0.41245 0.55488
0.52803 0.38661 0.55423
0.49691 0.43729 0.62516
0.57647 0.44333 0.52503
0.44586 0.22751 0.42014
0.48640 0.29723 0.38314
0.44688 0.41868 0.43896
0.61615 0.54340 0.51222
0.49330 0.51099 0.46339
0.44659 0.42388 0.55976
0.49650 0.39155 0.56341
0.38788 0.35601 0.45489
0.49652 0.46408 0.50578
0.59403 0.33581 0.56431
0.44588 0.50464 0.47088
0.60671 0.40824 0.58937
0.48902 0.35056 0.37905
0.64876 0.38494 0.49177
0.69274 0.45486 0.49274
0.57355 0.46771 0.57850
0.57078 0.36486 0.48502
0.47089 0.31404 0.42739
0.68213 0.53420 0.61266
0.59644 0.29675 0.51037
0.49612 0.47526 0.49181
0.41559 0.29836 0.43902
0.46807 0.41448 0.52360
0.61756 0.39448 0.57386
0.55064 0.41303 0.38333
0.64136 0.32393 0.41555
0.51190 0.27759 0.33639
0.48704 0.46571 0.41221
0.43581 0.38360 0.52366
0.58206 0.37417 0.55591
0.57556 0.41344 0.42421
0.46122 0.40071 0.45936
0.68844 0.42129 0.50760
0.69947 0.27005 0.51537
0.62459 0.34320 0.37797
0.57408 0.46264 0.47015
0.55821 0.31349 0.46961
0.51386 0.58975 0.52437
0.68592 0.37394 0.51066
0.53900 0.46764 0.52058
0.53531 0.50061 0.50298
0.43719 0.50700 0.49162
0.49703 0.36268 0.45338
0.55363 0.38772 0.54099
0.38635 0.40650 0.46456
0.55968 0.26262 0.46467
0.53012 0.35116 0.46707
0.57527 0.35727 0.47819
0.45395 0.38068 0.37259
0.53931 0.38074 0.44572
0.58252 0.48097 0.48024
0.39450 0.48892 0.45863
0.57157 0.43919 0.45471
0.54261 0.40042 0.45476
0.64529 0.40524 0.47675
0.60224 0.35423 0.41655
0.33603 0.50486 0.52201
0.53801 0.45312 0.44407
0.60519 0.42004 0.49774
0.58754 0.40561 0.48525
0.46336 0.45942 0.45464
0.46185 0.54490 0.54785
0.45513 0.41467 0.38516
0.54313 0.45529 0.52316
0.53545 0.32372 0.41419
0.46062 0.34970 0.36314
0.34813 0.55224 0.39111
0.56435 0.45013 0.52255
0.56778 0.40347 0.53791
0.64605 0.42592 0.41265
0.65986 0.47107 0.31879
0.59790 0.43655 0.39149
0.49814 0.40118 0.48267
0.63670 0.43036 0.63807
0.42034 0.37329 0.38903
0.58343 0.46777 0.38692
0.32836 0.41279 0.54980
0.48231 0.44496 0.44336
0.61145 0.35587 0.47634
0.51591 0.46338 0.43572
0.62846 0.45099 0.57274
0.53054 0.35994 0.59038
0.61831 0.50172 0.55804
0.61190 0.39209 0.43142
0.45617 0.26117 0.37281
0.46548 0.53796 0.46477
0.47898 0.33337 0.47412
0.51374 0.42539 0.53224
0.57348 0.40316 0.39497
0.29984 0.42929 0.46951
0.58640 0.35445 0.52494
0.65086 0.42804 0.52181
0.56082 0.38371 0.38328
0.40303 0.40086 0.53199
0.51649 0.47557 0.51260
0.54774 0.34405 0.51334
0.66224 0.28572 0.33278
0.58268 0.42188 0.57159
0.46627 0.36549 0.54302
0.54445 0.32714 0.53540
0.60588 0.44841 0.44302
0.51795 0.26554 0.41889
0.45185 0.56490 0.38697
0.56279 0.38073 0.55608
0.61318 0.37860 0.51769
0.48350 0.53523 0.53062
0.45488 0.35582 0.50237
0.63615 0.42291 0.52120
0.40920 0.34126 0.38398
0.46441 0.39274 0.53320
0.38502 0.25803 0.36829
0.71116 0.36356 0.57769
0.43543 0.33991 0.46512
0.53647 0.27842 0.34373
0.57699 0.35721 0.55966
0.59111 0.40983 0.47898
0.48442 0.47030 0.40537
0.65992 0.42439 0.47312
0.46394 0.41151 0.39990
0.49550 0.40702 0.52859
0.56253 0.25929 0.49580
0.46738 0.50435 0.43517
0.48071 0.40658 0.58422
0.34513 0.56936 0.43318
0.44828 0.50916 0.48144
0.38283 0.32257 0.33795
0.41305 0.39342 0.46953
0.35799 0.47081 0.46552
0.50218 0.52234 0.50602
0.73985 0.25628 0.46072
0.41753 0.52107 0.57754
0.56394 0.35574 0.33614
0.42084 0.45024 0.46483
0.39789 0.43278 0.53758
0.57442 0.41179 0.48353
0.53392 0.34760 0.31140
0.53267 0.33660 0.51447
0.46783 0.38107 0.56188
0.43052 0.41117 0.49965
0.56790 0.44526 0.44145
0.57988 0.42559 0.54322
0.41693 0.45909 0.51216
0.45359 0.32644 0.58732
0.37822 0.34501 0.40305
0.62279 0.26631 0.49772
0.46313 0.39610 0.41326
0.42259 0.42099 0.55440
0.46704 0.41852 0.46135
0.54250 0.44487 0.49552
0.61467 0.42183 0.58913
0.52321 0.33830 0.46193
0.42532 0.42051 0.45722
0.49773 0.39381 0.45893
0.47447 0.40538 0.60843
0.51703 0.44543 0.38903
0.52288 0.47572 0.47693
0.54231 0.45565 0.39755
0.44242 0.46460 0.55116
0.51662 0.26696 0.47691
0.56836 0.39400 0.48732
0.36952 0.46326 0.47847
0.47907 0.33152 0.46822
0.37937 0.32992 0.44556
0.45336 0.40192 0.59545
0.50010 0.24452 0.35775
0.56939 0.49789 0.51300
0.58589 0.51883 0.44425
0.47928 0.35758 0.28437
0.60881 0.59247 0.58155
0.67891 0.45137 0.51503
0.46589 0.55791 0.45867
0.47166 0.38012 0.50025
0.39916 0.44946 0.51477
0.61467 0.51471 0.47932
0.57095 0.34853 0.54361
0.54354 0.40607 0.44492
0.58060 0.35462 0.41127
0.49528 0.40440 0.50669
0.48761 0.27284 0.46816
0.54469 0.50352 0.56933
0.48752 0.43567 0.51133
0.52467 0.34253 0.40055
0.49610 0.39460 0.47965
0.45366 0.49626 0.51962
0.56297 0.46206 0.53134
0.35331 0.25227 0.31590
0.51100 0.46336 0.60085
0.51989 0.45367 0.46599
0.51136 0.45700 0.58831
0.54730 0.60478 0.39532
0.57152 0.50967 0.52024
0.51905 0.39353 0.44338
0.50162 0.44001 0.51113
0.46952 0.38148 0.53747
0.65117 0.41409 0.54692
0.51782 0.22231 0.43451
0.58908 0.44778 0.41891
0.53556 0.39409 0.42071
0.34662 0.51071 0.47989
0.40075 0.40190 0.33079
0.50502 0.41085 0.49469
0.53694 0.53038 0.52851
0.54197 0.41350 0.64486
0.45486 0.33955 0.44373
0.42263 0.20979 0.41567
0.53776 0.44834 0.54195
0.52238 0.52241 0.49446
0.51110 0.38693 0.60782
0.53404 0.32714 0.55336
0.50186 0.45166 0.52505
0.58854 0.40033 0.60074
0.61231 0.51235 0.48587
0.54994 0.41489 0.57360
0.56992 0.35657 0.54387
0.57371 0.33908 0.42951
0.57901 0.35733 0.55073
0.45748 0.37564 0.47040
0.68880 0.26047 0.51404
0.68239 0.37481 0.33827
0.51471 0.45111 0.52684
0.44659 0.33010 0.47609
0.62359 0.40881 0.59931
0.58489 0.45498 0.41502
0.53254 0.45633 0.49031
0.50633 0.54748 0.55979
0.64160 0.30357 0.37265
0.55519 0.34608 0.41180
0.60569 0.29070 0.60408
0.51562 0.54186 0.46660
0.65811 0.45938 0.57771
0.55678 0.40527 0.39000
0.60395 0.50031 0.54445
0.51318 0.39409 0.49619
0.67528 0.26051 0.51923
0.61040 0.54429 0.31782
0.61249 0.36790 0.49398
0.50342 0.41233 0.35191
0.55332 0.34242 0.48372
0.47534 0.41424 0.62756
0.56451 0.34284 0.47922
0.55406 0.46242 0.53528
0.42491 0.30082 0.47354
0.51935 0.42580 0.56424
0.39175 0.25191 0.37538
0.60331 0.37430 0.39817
0.52887 0.33012 0.38938
0.49773 0.40216 0.46166
0.54371 0.48331 0.55750
0.39656 0.39149 0.48252
0.46202 0.45990 0.53238
0.65675 0.48068 0.44693
0.56687 0.32859 0.38259
0.43920 0.39489 0.53326
0.55622 0.35899 0.41672
0.45137 0.35904 0.47701
0.68616 0.35124 0.45222
0.43189 0.42087 0.62500
0.38634 0.38138 0.31659
0.44900 0.30909 0.54876
0.68588 0.39736 0.41593
0.50300 0.49174 0.61197
0.55111 0.55613 0.51263
0.42491 0.46254 0.55671
0.45828 0.40271 0.44908
0.57693 0.37347 0.44929
0.58430 0.28563 0.48308
0.50734 0.37316 0.52587
0.46998 0.42391 0.43026
0.43354 0.22397 0.37401
0.57686 0.40567 0.48662
0.44640 0.50703 0.43006
0.55303 0.32455 0.50195
0.49010 0.45356 0.52824
0.46578 0.52471 0.54369
0.57678 0.39099 0.47949
0.55149 0.42185 0.60358
0.46219 0.31193 0.41978
0.42294 0.40545 0.54622
0.42475 0.26287 0.45402
0.64122 0.41100 0.56791
0.45070 0.40935 0.44013
0.44951 0.43489 0.56032
0.38664 0.50095 0.53236
0.49786 0.40930 0.51468
0.33133 0.27905 0.43009
0.64011 0.28748 0.48361
0.51647 0.39790 0.47182
0.34284 0.44400 0.43109
0.61380 0.52708 0.48594
0.64899 0.28712 0.49618
0.47326 0.35056 0.34812
0.45498 0.37704 0.38376
0.49699 0.48445 0.43951
0.54471 0.44086 0.40131
0.40625 0.39181 0.39988
0.57018 0.27176 0.53122
0.66293 0.30197 0.48950
0.59661 0.26395 0.35608
0.44953 0.51758 0.46026
0.55434 0.42141 0.55856
0.39305 0.47873 0.42442
0.59270 0.43908 0.46368
0.40461 0.49783 0.54761
0.50872 0.37488 0.36552
0.55303 0.43013 0.54295
0.47924 0.39910 0.57601
0.47264 0.39930 0.52612
0.52522 0.43319 0.45137
0.52348 0.34557 0.43771
0.47167 0.47673 0.48322
0.40441 0.39412 0.45401
0.58744 0.49840 0.45858
0.50922 0.47315 0.42110
0.55430 0.41260 0.52823
0.41518 0.49850 0.54048
0.44756 0.43176 0.56467
0.50995 0.48855 0.54077
0.53685 0.43700 0.52533
0.59427 0.39581 0.41697
0.54207 0.46573 0.37384
0.63716 0.30382 0.43954
0.62490 0.38054 0.36765
0.47606 0.52783 0.37168
0.42898 0.37007 0.53686
0.55709 0.41021 0.45977
0.46811 0.40623 0.36260
0.53808 0.41624 0.38259
0.54911 0.37464 0.53192
0.43698 0.31566 0.40902
0.52432 0.38213 0.37158
0.44553 0.30639 0.35483
0.61261 0.25805 0.47488
0.61299 0.51409 0.47632
0.54222 0.32936 0.53008
0.39187 0.20429 0.38662
0.54001 0.32911 0.48743
0.51203 0.30562 0.53663
0.39591 0.52391 0.54663
0.40120 0.40942 0.50785
0.50273 0.49675 0.53857
0.71586 0.30250 0.25942
0.49530 0.38521 0.43645
0.51740 0.48911 0.53266
0.56638 0.24428 0.55034
0.64193 0.31934 0.54661
0.50836 0.33337 0.47053
0.64463 0.39757 0.44033
0.52581 0.32969 0.44114
0.53329 0.45859 0.44665
0.63093 0.37525 0.40534
0.45152 0.41506 0.48286
0.58908 0.30484 0.56413
0.36831 0.42643 0.45419
0.50041 0.42157 0.46147
0.62020 0.40590 0.48577
0.49857 0.39811 0.29648
0.59118 0.45785 0.47371
0.35949 0.40101 0.54353
0.53081 0.33760 0.43789
0.62606 0.40431 0.58489
0.33928 0.43556 0.49881
0.43939 0.36878 0.47083
0.59024 0.43842 0.51469
0.42807 0.45385 0.45865
0.59641 0.29969 0.52685
0.53728 0.46714 0.46860
0.46537 0.41630 0.44760
0.46435 0.43906 0.56581
0.63741 0.36865 0.45389
0.65409 0.33547 0.45726
0.39585 0.47463 0.52281
0.61134 0.43561 0.49620
0.41097 0.44869 0.41159
0.50393 0.40513 0.44151
0.46018 0.45734 0.44467
0.43296 0.35799 0.43414
0.35371 0.35403 0.50419
0.49562 0.30949 0.39610
0.50396 0.39922 0.55666
0.37915 0.38983 0.43797
0.59783 0.52221 0.50081
0.63193 0.39434 0.42360
0.56636 0.34625 0.46209
0.47666 0.53842 0.43298
0.52901 0.42664 0.45268
0.50946 0.45584 0.52036
0.50860 0.53250 0.56202
0.44619 0.36355 0.46901
0.43117 0.50848 0.39518
0.67672 0.25056 0.52157
0.56132 0.50092 0.50615
0.42782 0.31188 0.50833
0.41348 0.37173 0.58145
0.60971 0.42057 0.52107
0.45220 0.46487 0.63897
0.40170 0.27557 0.50042
0.56237 0.40083 0.47848
0.54740 0.39191 0.55591
0.46960 0.50043 0.50756
0.45908 0.43630 0.46850
0.53617 0.33546 0.43727
0.68226 0.30988 0.47359
0.55697 0.44484 0.44727
0.38017 0.43995 0.32847
0.52199 0.46844 0.47114
0.69988 0.33468 0.60006
0.56882 0.38039 0.58715
0.42402 0.31116 0.40184
0.58874 0.42058 0.45184
0.42048 0.51103 0.49889
0.43437 0.43572 0.44481
0.37179 0.44486 0.55555
0.43088 0.32166 0.44635
0.52236 0.46291 0.44198
0.63948 0.43209 0.47747
0.67941 0.40966 0.48332
0.47596 0.43957 0.54500
0.46809 0.57101 0.46169
0.56383 0.43639 0.39187
0.57651 0.45291 0.49099
0.44046 0.38796 0.54835
0.37198 0.51190 0.48612
0.40389 0.38787 0.53444
0.62172 0.42828 0.39991
0.48480 0.36019 0.39214
0.41282 0.41752 0.39659
0.59998 0.26975 0.53911
0.50825 0.32639 0.44967
0.46192 0.49754 0.55666
0.58945 0.41741 0.48407
0.41897 0.37951 0.55774
0.50518 0.54081 0.37445
0.37830 0.54437 0.52053
0.55926 0.40283 0.45978
0.46982 0.44754 0.40393
0.62957 0.33921 0.30934
0.41047 0.35355 0.54412
0.61632 0.42577 0.53234
0.59528 0.21562 0.44917
0.42142 0.33699 0.32532
0.59681 0.42591 0.44976
0.47030 0.44028 0.49260
0.61615 0.41715 0.44084
0.44304 0.30152 0.30844
0.56105 0.41671 0.39692
0.50978 0.34034 0.35669
0.60402 0.35950 0.50757
0.54166 0.36002 0.53437
0.68812 0.34481 0.56537
0.62837 0.45833 0.51952
0.55761 0.34872 0.54502
0.50432 0.52729 0.49047
0.68542 0.36890 0.56321
0.33691 0.39519 0.48259
0.57759 0.24748 0.47976
0.46378 0.30570 0.48045
0.57391 0.40046 0.46797
0.43019 0.53906 0.46455
0.36633 0.26542 0.27799
0.60824 0.37166 0.54603
0.47107 0.36973 0.53024
0.62447 0.36487 0.40204
0.44469 0.40004 0.39169
0.49950 0.56343 0.53554
0.54853 0.44698 0.60215
0.56081 0.47882 0.52299
0.67808 0.31283 0.41805
0.59672 0.43442 0.41378
0.43833 0.33815 0.34778
0.48658 0.50197 0.42832
0.48043 0.36803 0.46493
0.40415 0.38335 0.45149
0.34614 0.42717 0.35870
0.57763 0.37963 0.48305
0.57741 0.26785 0.41717
0.49270 0.36386 0.37612
0.68025 0.48686 0.44964
0.53230 0.37466 0.67765
0.52215 0.44076 0.59883
0.58449 0.46129 0.40868
0.56700 0.40611 0.46332
0.46390 0.36912 0.50877
0.49450 0.54373 0.58633
0.70974 0.41467 0.36156
0.51847 0.43612 0.41716
0.42943 0.52719 0.35341
0.50577 0.42011 0.52389
0.38898 0.41031 0.52475
0.53446 0.33205 0.41232
0.51404 0.38633 0.34037
0.62028 0.49850 0.40003
0.51746 0.43132 0.53356
0.41637 0.30508 0.30945
0.45410 0.50159 0.50245
0.48894 0.38493 0.50753
0.42234 0.41342 0.55671
0.55085 0.37350 0.35050
0.50740 0.43394 0.48776
0.48769 0.41238 0.45836
0.64263 0.26183 0.37005
0.48259 0.42114 0.43783
0.58457 0.35053 0.47863
0.44581 0.47052 0.50514
0.55657 0.29344 0.38710
0.68003 0.41835 0.47083
0.73060 0.28597 0.49515
0.46590 0.31091 0.41123
0.40545 0.33986 0.46712
0.48296 0.29458 0.50959
0.45683 0.41163 0.61761
0.59609 0.42360 0.44594
0.42519 0.55213 0.51527
0.47409 0.41485 0.46404
0.52765 0.48445 0.52910
0.41329 0.47887 0.55727
0.44430 0.33483 0.44587
0.62044 0.54525 0.45554
0.39924 0.40203 0.54931
0.39114 0.53953 0.48195
0.42733 0.36739 0.44000
0.49600 0.54856 0.37632
0.46802 0.48847 0.66294
0.48999 0.29912 0.55345
0.60610 0.41527 0.41081
0.52986 0.54147 0.50699
0.51962 0.38211 0.48885
0.43709 0.26881 0.34909
0.53543 0.38925 0.54035
0.56642 0.42267 0.49882
0.51226 0.49776 0.58273
0.36090 0.51731 0.47602
0.55483 0.38434 0.51431
0.49087 0.33558 0.35021
0.57766 0.36136 0.54626
0.52072 0.47979 0.43083
0.60253 0.47944 0.42563
0.37960 0.29069 0.38699
0.52109 0.59442 0.42151
0.57571 0.32882 0.45631
0.52707 0.40279 0.46207
0.53239 0.51929 0.48100
0.75574 0.43411 0.43791
0.35938 0.44781 0.48119
0.56820 0.44898 0.45529
0.57560 0.41968 0.45369
0.45149 0.54678 0.41187
0.43393 0.50190 0.39131
0.52165 0.44836 0.49094
0.47154 0.52092 0.44891
0.51299 0.32698 0.47106
0.41813 0.28718 0.38944
0.50021 0.47900 0.44764
0.37011 0.39572 0.48865
0.58076 0.42055 0.54507
0.50784 0.46808 0.41240
0.58805 0.50971 0.40391
0.53700 0.32000 0.44493
0.51409 0.42299 0.52178
0.74084 0.39386 0.55904
0.29333 0.41617 0.41220
0.58895 0.49677 0.45171
0.40888 0.36616 0.50675
0.50520 0.26587 0.45681
0.48761 0.39087 0.42428
0.43915 0.34622 0.51816
0.51139 0.39590 0.46744
0.50768 0.54873 0.45883
0.45314 0.36399 0.53619
0.50714 0.51847 0.51509
0.52544 0.44915 0.52653
0.39146 0.36900 0.36369
0.69058 0.38533 0.44704
0.47143 0.41394 0.48168
0.54968 0.39226 0.46995
0.51539 0.49080 0.46293
0.57543 0.35692 0.35731
0.45496 0.51533 0.52186
0.48922 0.42534 0.45115
0.43452 0.46470 0.52344
0.54817 0.45014 0.52158
0.50684 0.43440 0.42755
0.48653 0.40712 0.49530
0.53164 0.48964 0.51733
0.57756 0.37735 0.53901
0.61113 0.34514 0.53162
0.61336 0.43844 0.53171
0.42540 0.47706 0.41925
0.60263 0.31209 0.44091
0.49816 0.36719 0.46892
0.55393 0.38773 0.50528
0.72082 0.36000 0.52354
0.55333 0.32179 0.47437
0.51972 0.44586 0.48257
0.54433 0.48787 0.42374
