20 17 1000 25361 2343
0.49753 0.30060 0.96822
0.00874 0.27023 0.34685
0.08969 0.85413 0.98984
0.94635 0.51980 0.02005
0.01586 0.29964 0.18466
0.38775 0.79988 0.09569
0.62215 0.52732 0.85313
0.81705 0.86479 0.92361
0.10738 0.75663 0.49501
0.06889 0.88241 0.93375
0.54096 0.75285 0.92281
0.53122 0.64540 0.32198
0.75855 0.02705 0.61801
0.46678 0.33837 0.23799
0.64244 0.65189 0.55315
0.92347 0.91495 0.51339
0.63439 0.76856 0.30168
0.36283 0.58671 0.55227
0.49702 0.56014 0.57095
0.45680 0.64591 0.43308
0.40388 0.66611 0.52191
0.53052 0.60268 0.52751
0.31284 0.60839 0.51189
0.62143 0.51420 0.42158
0.41625 0.71428 0.80478
0.53960 0.62442 0.43317
0.41494 0.69253 0.59830
0.44379 0.58706 0.51186
0.45751 0.67080 0.56822
0.52422 0.62247 0.47753
0.44511 0.63125 0.59813
0.58831 0.66061 0.56380
0.56903 0.59120 0.58297
0.47613 0.50809 0.54438
0.51560 0.59672 0.50787
0.32280 0.55141 0.52561
0.46277 0.58709 0.57294
0.50793 0.53485 0.62983
0.59380 0.48541 0.59285
0.44858 0.57767 0.55976
0.47617 0.61656 0.48927
0.33179 0.62712 0.48742
0.56266 0.56241 0.45900
0.33758 0.62075 0.41216
0.47269 0.67876 0.55652
0.58590 0.56336 0.35384
0.45595 0.63980 0.68379
0.56283 0.57137 0.37025
0.53759 0.57800 0.52421
0.43087 0.63302 0.55968
0.48790 0.62830 0.61454
0.56775 0.66128 0.56813
0.28044 0.48643 0.53426
0.61116 0.52340 0.48821
0.54540 0.69712 0.55643
0.44863 0.60092 0.50473
0.48041 0.57820 0.57859
0.47332 0.57074 0.48167
0.53667 0.62191 0.54086
0.46748 0.66137 0.59390
0.46008 0.51969 0.56466
0.54971 0.66680 0.57966
0.37020 0.56217 0.56757
0.39871 0.49225 0.54326
0.54389 0.67198 0.44817
0.43707 0.71119 0.44873
0.59638 0.59633 0.44953
0.62720 0.51812 0.59912
0.55664 0.59081 0.45305
0.49490 0.70526 0.63205
0.37273 0.66166 0.67939
0.59479 0.55047 0.46226
0.35756 0.60617 0.54622
0.35705 0.64188 0.64531
0.51226 0.58902 0.70530
0.47301 0.57016 0.64484
0.49660 0.53182 0.44335
0.51847 0.59037 0.51454
0.48374 0.65324 0.42300
0.49972 0.51684 0.44741
0.49112 0.52122 0.48240
0.42794 0.58937 0.59569
0.48103 0.53097 0.52433
0.47845 0.46512 0.45374
0.48587 0.61570 0.59254
0.55568 0.63478 0.58343
0.48248 0.61394 0.38052
0.40415 0.55703 0.54519
0.46966 0.56694 0.35978
0.46618 0.65476 0.64186
0.56094 0.65526 0.48342
0.46933 0.57153 0.52161
0.39616 0.57214 0.57511
0.38622 0.49011 0.38441
0.38844 0.57259 0.44693
0.57127 0.60939 0.55241
0.46435 0.54958 0.52929
0.39204 0.59244 0.39160
0.48951 0.65306 0.58448
0.62927 0.70783 0.57878
0.42403 0.51522 0.46518
0.45610 0.54556 0.51771
0.46811 0.49368 0.46471
0.50611 0.57220 0.51195
0.44949 0.58458 0.55035
0.43383 0.65266 0.45590
0.50175 0.67048 0.46026
0.34100 0.61650 0.52674
0.57801 0.44506 0.58261
0.45363 0.67517 0.57200
0.49566 0.56289 0.50236
0.44559 0.60312 0.56955
0.46184 0.54615 0.59345
0.35877 0.51371 0.51292
0.44118 0.59442 0.52741
0.44536 0.70667 0.55410
0.43875 0.63874 0.60723
0.35273 0.61399 0.52904
0.54812 0.70867 0.59120
0.46120 0.47959 0.52662
0.56303 0.59077 0.50770
0.44839 0.69169 0.50280
0.36547 0.63797 0.57392
0.49531 0.56297 0.51538
0.37280 0.63734 0.53017
0.48396 0.62458 0.53846
0.54579 0.52157 0.52415
0.44451 0.53263 0.49646
0.63634 0.70357 0.51932
0.57289 0.65389 0.56267
0.40116 0.57331 0.49708
0.45450 0.66913 0.57204
0.54411 0.60437 0.60169
0.49117 0.55318 0.61707
0.50417 0.50873 0.38608
0.38970 0.55504 0.54488
0.35747 0.47659 0.43747
0.45739 0.54848 0.46321
0.48128 0.54601 0.47992
0.55156 0.61814 0.45780
0.57302 0.63477 0.59083
0.57325 0.58312 0.45681
0.51402 0.48473 0.48236
0.49742 0.55981 0.49134
0.41806 0.68419 0.51285
0.40782 0.56963 0.44394
0.50349 0.71987 0.65306
0.41654 0.52812 0.44866
0.61707 0.64566 0.42852
0.52859 0.70845 0.56459
0.56542 0.54462 0.49728
0.41586 0.51737 0.42865
0.52292 0.59974 0.54887
0.44252 0.53494 0.55671
0.45014 0.58332 0.49362
0.43005 0.48011 0.48082
0.49982 0.62565 0.50383
0.52444 0.63266 0.56503
0.53411 0.56576 0.53237
0.60172 0.68543 0.49846
0.49643 0.55757 0.58811
0.48350 0.65404 0.56512
0.48790 0.51582 0.47445
0.54333 0.62572 0.56879
0.47951 0.63516 0.48964
0.54169 0.67973 0.56562
0.36706 0.66064 0.60891
0.42791 0.65895 0.57583
0.45640 0.61167 0.53310
0.57265 0.60698 0.51494
0.42992 0.49283 0.51049
0.62623 0.58801 0.41924
0.52746 0.55306 0.46937
0.42754 0.65937 0.53028
0.52786 0.58562 0.52015
0.58641 0.65440 0.51645
0.44972 0.64903 0.60521
0.49820 0.51020 0.59532
0.45301 0.53813 0.39372
0.34847 0.51140 0.55297
0.51401 0.58832 0.53187
0.53064 0.64601 0.55848
0.28730 0.55024 0.49779
0.47998 0.59114 0.55429
0.48879 0.54057 0.51480
0.45214 0.64525 0.51227
0.48857 0.58183 0.59211
0.45804 0.61475 0.62002
0.35051 0.58505 0.61280
0.39109 0.56515 0.39871
0.54843 0.61683 0.51918
0.52856 0.66562 0.68546
0.47764 0.67147 0.62049
0.43887 0.52542 0.65373
0.33619 0.65931 0.60760
0.43802 0.67603 0.54650
0.49691 0.50970 0.45212
0.28237 0.50306 0.51453
0.51449 0.59854 0.48406
0.43509 0.63991 0.54032
0.55550 0.67984 0.64724
0.55495 0.64595 0.57465
0.36439 0.59016 0.58442
0.32234 0.49700 0.40745
0.49420 0.54877 0.45290
0.62688 0.70695 0.54240
0.48922 0.62068 0.64584
0.55939 0.60579 0.49800
0.53523 0.69716 0.65151
0.45050 0.64838 0.43394
0.47386 0.55433 0.44975
0.49229 0.64148 0.57098
0.44488 0.62252 0.52440
0.42024 0.63840 0.49812
0.36794 0.56401 0.54070
0.42849 0.60461 0.62568
0.60584 0.71420 0.54039
0.49073 0.53473 0.64453
0.41278 0.61775 0.43575
0.34579 0.51030 0.45468
0.44301 0.49866 0.50604
0.52193 0.57603 0.74045
0.51796 0.34436 0.56045
0.56917 0.64696 0.64303
0.48999 0.66066 0.59648
0.56909 0.69304 0.52835
0.38309 0.61307 0.52479
0.49679 0.66183 0.72230
0.52827 0.51918 0.64097
0.67840 0.63231 0.52700
0.60021 0.57514 0.54265
0.44649 0.61240 0.45473
0.40292 0.64131 0.60381
0.47611 0.54765 0.48562
0.46684 0.60610 0.62374
0.50132 0.65798 0.64368
0.50241 0.61766 0.52597
0.39283 0.66429 0.66522
0.41131 0.56132 0.56425
0.43857 0.54190 0.61582
0.48976 0.61107 0.65196
0.40029 0.49764 0.48096
0.59969 0.50085 0.56695
0.48158 0.73122 0.57071
0.61268 0.61817 0.50236
0.44974 0.67163 0.57300
0.48695 0.61363 0.55721
0.43800 0.61747 0.51201
0.46284 0.54812 0.42869
0.48346 0.64788 0.50767
0.47924 0.64308 0.49166
0.47976 0.58944 0.55125
0.47929 0.57333 0.51463
0.45191 0.62874 0.46335
0.50672 0.64523 0.52679
0.52327 0.59343 0.41476
0.40450 0.52346 0.53174
0.35775 0.59327 0.60986
0.47834 0.46324 0.50690
0.44676 0.64950 0.61521
0.50155 0.64355 0.54751
0.59668 0.58181 0.52349
0.48739 0.57516 0.63795
0.49786 0.65559 0.59267
0.50632 0.62825 0.49308
0.51399 0.55758 0.54993
0.42236 0.55423 0.48915
0.49000 0.60146 0.48461
0.49861 0.50106 0.66069
0.58929 0.62783 0.57157
0.48787 0.69095 0.66902
0.43086 0.52910 0.48855
0.49519 0.58053 0.53644
0.58473 0.52169 0.57821
0.52055 0.57740 0.49111
0.48245 0.62014 0.67760
0.50778 0.52736 0.57400
0.44857 0.57773 0.63681
0.48557 0.49412 0.58713
0.38895 0.53973 0.61278
0.46852 0.44736 0.54591
0.34635 0.45437 0.43817
0.60161 0.55120 0.64358
0.34955 0.70176 0.64374
0.41394 0.67436 0.62424
0.51287 0.62300 0.69990
0.46113 0.59701 0.52452
0.47899 0.68581 0.54353
0.44846 0.61693 0.58405
0.52626 0.68271 0.46093
0.53089 0.49849 0.65479
0.50351 0.64167 0.66452
0.57587 0.65329 0.63675
0.45699 0.62668 0.46130
0.45597 0.64656 0.50447
0.48451 0.62131 0.50921
0.52422 0.61016 0.52393
0.42898 0.60134 0.39282
0.49532 0.60784 0.54626
0.40199 0.63289 0.57270
0.44967 0.48541 0.56279
0.46478 0.52977 0.47551
0.44530 0.57166 0.49811
0.61037 0.66130 0.59220
0.55249 0.61013 0.47993
0.44666 0.54655 0.53925
0.55968 0.59718 0.53146
0.43124 0.60930 0.58169
0.36868 0.52692 0.44563
0.49648 0.61388 0.55176
0.56041 0.69911 0.54563
0.53757 0.70247 0.58496
0.40653 0.54386 0.50406
0.41799 0.57979 0.46439
0.55127 0.51127 0.52292
0.41251 0.67354 0.42179
0.42277 0.57350 0.63780
0.42509 0.65495 0.45956
0.61151 0.61299 0.44943
0.56570 0.58827 0.55360
0.43025 0.52389 0.48183
0.39575 0.52850 0.45221
0.44836 0.63686 0.46516
0.49831 0.60596 0.43337
0.44697 0.51591 0.55798
0.45968 0.68423 0.75251
0.38157 0.61750 0.59329
0.55007 0.56322 0.56440
0.52222 0.58150 0.47933
0.41868 0.56284 0.50624
0.54927 0.54070 0.45320
0.53448 0.61321 0.52184
0.53712 0.62808 0.48282
0.38882 0.51357 0.51372
0.52974 0.62984 0.45250
0.53304 0.57951 0.62670
0.37743 0.64517 0.50690
0.45501 0.68240 0.48761
0.53076 0.53593 0.61588
0.39734 0.58973 0.46771
0.45282 0.63836 0.59252
0.39540 0.64540 0.52340
0.39182 0.55175 0.45357
0.39364 0.54130 0.48494
0.48861 0.66949 0.60818
0.58832 0.58085 0.58580
0.39718 0.67864 0.61889
0.37863 0.55155 0.49442
0.38335 0.66254 0.60632
0.45342 0.58229 0.49330
0.34685 0.63498 0.58811
0.54418 0.67112 0.62219
0.44762 0.62250 0.54636
0.48268 0.57810 0.58231
0.37876 0.57258 0.40210
0.54040 0.52170 0.55156
0.43819 0.51701 0.54225
0.48644 0.61028 0.51746
0.41777 0.69757 0.67669
0.53991 0.62208 0.57962
0.52237 0.55713 0.48481
0.52287 0.55777 0.48650
0.42089 0.62642 0.63253
0.46150 0.56594 0.49124
0.41998 0.66345 0.56466
0.38664 0.54041 0.54191
0.50959 0.53265 0.60973
0.47005 0.65649 0.49065
0.46748 0.67917 0.59057
0.46131 0.66733 0.55953
0.42791 0.55854 0.53349
0.51935 0.59589 0.59895
0.56335 0.55979 0.42955
0.46050 0.60255 0.58264
0.41791 0.56372 0.49185
0.42212 0.59025 0.39746
0.50409 0.59275 0.63228
0.42757 0.56189 0.56204
0.32778 0.64953 0.69278
0.46371 0.54684 0.49069
0.53511 0.56348 0.53113
0.40753 0.59185 0.55196
0.46200 0.54230 0.58798
0.49881 0.61884 0.48830
0.53881 0.54058 0.53037
0.54956 0.58028 0.59197
0.51353 0.52895 0.61955
0.51256 0.61944 0.50294
0.45793 0.38042 0.55428
0.51118 0.61547 0.55118
0.49056 0.67573 0.47651
0.63375 0.56506 0.45084
0.50388 0.67531 0.67674
0.49712 0.65067 0.62117
0.53303 0.62021 0.55980
0.53956 0.69287 0.61496
0.40929 0.61192 0.64280
0.47212 0.56538 0.53420
0.59889 0.64621 0.49783
0.49615 0.52226 0.63274
0.51428 0.49834 0.57254
0.51109 0.53773 0.59745
0.45589 0.58718 0.49424
0.48879 0.64299 0.50850
0.51185 0.59259 0.44184
0.51095 0.62071 0.48383
0.44532 0.59474 0.65123
0.51264 0.53256 0.52760
0.41370 0.62897 0.61576
0.55112 0.66572 0.65675
0.47797 0.59747 0.59014
0.47295 0.66696 0.42773
0.46194 0.68606 0.56002
0.42810 0.58939 0.54536
0.53446 0.58758 0.45251
0.39779 0.51307 0.48484
0.57304 0.50801 0.59514
0.51712 0.55683 0.48930
0.53291 0.56415 0.56445
0.49667 0.53076 0.51564
0.52291 0.65522 0.57887
0.56335 0.43203 0.48065
0.40609 0.64938 0.46605
0.43619 0.66750 0.50323
0.49373 0.48627 0.59019
0.59810 0.59271 0.53580
0.54243 0.58215 0.53666
0.45935 0.57488 0.47529
0.33759 0.67618 0.53197
0.43598 0.66222 0.50785
0.53561 0.49855 0.50296
0.47661 0.62217 0.55473
0.55379 0.56240 0.52568
0.41253 0.52009 0.37492
0.48157 0.55080 0.54713
0.55078 0.58792 0.56994
0.37482 0.76913 0.59496
0.45820 0.40386 0.48267
0.64459 0.43182 0.59054
0.50972 0.38100 0.60837
0.46307 0.62962 0.52078
0.46979 0.57804 0.56369
0.52257 0.55602 0.65237
0.26584 0.72771 0.67845
0.38349 0.61997 0.54415
0.44600 0.65196 0.63322
0.41975 0.55304 0.59059
0.50763 0.64478 0.51061
0.46420 0.63386 0.57202
0.42537 0.61157 0.59422
0.61639 0.53987 0.44940
0.43589 0.64933 0.61021
0.48765 0.62984 0.55192
0.54417 0.57876 0.58091
0.46384 0.68960 0.61939
0.46650 0.60840 0.53921
0.52916 0.50732 0.52245
0.52644 0.61912 0.45488
0.39647 0.55138 0.51654
0.34007 0.50934 0.54385
0.44782 0.60679 0.52102
0.52631 0.64369 0.51515
0.39260 0.65358 0.62424
0.56347 0.61621 0.56154
0.41188 0.56798 0.56035
0.43784 0.53901 0.41993
0.46432 0.58739 0.48782
0.40415 0.54239 0.57664
0.52989 0.71126 0.59037
0.61608 0.71505 0.60973
0.52742 0.63794 0.68996
0.46352 0.61795 0.50369
0.43889 0.58803 0.55970
0.44093 0.61233 0.54493
0.50092 0.62010 0.59322
0.38225 0.61633 0.60599
0.44233 0.51489 0.47024
0.53391 0.70506 0.52793
0.47227 0.66052 0.59502
0.53005 0.58591 0.61251
0.56321 0.62619 0.53214
0.61386 0.63243 0.52893
0.41490 0.63274 0.59302
0.47132 0.52761 0.58694
0.41243 0.62121 0.45136
0.61122 0.55993 0.62449
0.50157 0.71209 0.58487
0.47412 0.56878 0.63125
0.34243 0.59305 0.45322
0.54549 0.73471 0.73536
0.52974 0.62401 0.57287
0.42668 0.65746 0.43443
0.45607 0.65217 0.50112
0.50439 0.58961 0.51629
0.43142 0.62003 0.51722
0.41998 0.50914 0.58356
0.52958 0.61134 0.59383
0.45128 0.64013 0.43326
0.46543 0.57857 0.48237
0.53661 0.62789 0.51377
0.48791 0.53984 0.53414
0.53672 0.65076 0.52601
0.59832 0.64913 0.58636
0.51444 0.56903 0.61137
0.42895 0.75627 0.71934
0.46698 0.61573 0.51296
0.61854 0.65819 0.50561
0.52924 0.63823 0.68843
0.40010 0.61365 0.51880
0.37318 0.70268 0.52821
0.44754 0.67551 0.51149
0.47310 0.63757 0.56883
0.51047 0.58444 0.52334
0.43971 0.60904 0.65504
0.52717 0.70857 0.59305
0.46895 0.63084 0.56727
0.38364 0.61191 0.48311
0.52258 0.56651 0.53242
0.40738 0.63581 0.60912
0.38206 0.67881 0.66729
0.46277 0.53010 0.63126
0.54646 0.59684 0.50981
0.37719 0.54519 0.50392
0.41360 0.67050 0.63887
0.57960 0.61244 0.53538
0.53188 0.65582 0.49069
0.38127 0.71679 0.56982
0.45126 0.54440 0.56093
0.36030 0.48833 0.56455
0.52377 0.57904 0.63224
0.47452 0.67385 0.48635
0.55500 0.65457 0.54226
0.56522 0.63174 0.60221
0.48005 0.56617 0.54173
0.50909 0.58173 0.60985
0.57177 0.60299 0.50477
0.55340 0.51747 0.45675
0.51048 0.59485 0.51622
0.47522 0.63938 0.44207
0.50812 0.58250 0.66115
0.54791 0.53128 0.51116
0.44505 0.42711 0.41883
0.55833 0.53222 0.52172
0.50692 0.63388 0.57816
0.48601 0.51483 0.50232
0.50935 0.67245 0.54472
0.47838 0.62841 0.55564
0.48171 0.61662 0.51092
0.49974 0.56448 0.56621
0.49595 0.60151 0.44882
0.52052 0.54983 0.44330
0.43974 0.66321 0.51683
0.58633 0.61180 0.47127
0.48807 0.69262 0.61921
0.59408 0.61255 0.39279
0.51492 0.57469 0.47228
0.51678 0.60263 0.53212
0.57116 0.62544 0.59885
0.45640 0.58188 0.55999
0.45257 0.67451 0.56786
0.34427 0.73366 0.54898
0.36455 0.51091 0.51263
0.55238 0.60142 0.48552
0.45901 0.55158 0.56246
0.59577 0.66194 0.45675
0.43299 0.61657 0.67890
0.53412 0.60275 0.59231
0.48584 0.59870 0.54094
0.47891 0.54056 0.46465
0.44072 0.44906 0.43046
0.48722 0.66492 0.66982
0.48629 0.62961 0.66718
0.48826 0.48200 0.57310
0.40419 0.48900 0.52891
0.50376 0.60496 0.74829
0.56864 0.55083 0.58158
0.50980 0.55564 0.64230
0.47972 0.59315 0.52453
0.38227 0.50522 0.44870
0.49190 0.49113 0.51213
0.42081 0.49373 0.52163
0.48804 0.65836 0.57257
0.49341 0.65833 0.52194
0.43783 0.64948 0.57214
0.49713 0.70707 0.67334
0.51513 0.54478 0.71100
0.35006 0.59903 0.59178
0.47014 0.52414 0.55668
0.40630 0.64191 0.52355
0.53280 0.61533 0.48117
0.44606 0.58218 0.50749
0.44122 0.61207 0.57690
0.48124 0.58836 0.51180
0.38688 0.70727 0.64136
0.65421 0.60522 0.67566
0.55168 0.65699 0.58542
0.42434 0.55519 0.59511
0.50218 0.57502 0.60955
0.38445 0.53753 0.52407
0.39961 0.59386 0.57013
0.46411 0.64729 0.55878
0.46261 0.60423 0.58178
0.47763 0.61346 0.63614
0.53408 0.65974 0.61163
0.43821 0.63414 0.61781
0.44330 0.55322 0.50364
0.40645 0.53379 0.49526
0.42526 0.65237 0.57506
0.55737 0.52945 0.42516
0.41381 0.51388 0.64828
0.46168 0.68038 0.60406
0.43710 0.64699 0.54410
0.35975 0.48649 0.47635
0.48208 0.65916 0.51093
0.50960 0.64639 0.58822
0.46799 0.58824 0.53986
0.49710 0.63407 0.56290
0.52190 0.65487 0.59597
0.48208 0.61846 0.49646
0.41336 0.61095 0.57669
0.41062 0.52057 0.49045
0.46912 0.65689 0.69379
0.47064 0.59980 0.52472
0.36701 0.50712 0.46850
0.46356 0.64738 0.53273
0.43824 0.52371 0.51123
0.35160 0.60441 0.63854
0.55589 0.45747 0.59526
0.57150 0.60350 0.39213
0.36637 0.56124 0.50794
0.51498 0.63795 0.62107
0.48007 0.55026 0.51236
0.48619 0.65837 0.49854
0.54566 0.59511 0.60711
0.47816 0.60108 0.52576
0.48217 0.47150 0.57878
0.36010 0.54683 0.59118
0.48501 0.66124 0.62947
0.50336 0.66748 0.48461
0.52322 0.63223 0.58702
0.45319 0.53275 0.55460
0.46661 0.59998 0.68406
0.44872 0.65821 0.62352
0.47392 0.62292 0.54341
0.50900 0.66403 0.66019
0.45073 0.59116 0.69236
0.37729 0.43319 0.42625
0.28071 0.58512 0.58204
0.51644 0.64736 0.55470
0.39345 0.66859 0.54143
0.52630 0.60891 0.56405
0.50505 0.65426 0.47377
0.50131 0.62985 0.53652
0.58703 0.55302 0.48377
0.48608 0.60503 0.52191
0.50056 0.51858 0.55985
0.47549 0.49621 0.46237
0.39550 0.59221 0.60358
0.56532 0.59730 0.49435
0.41142 0.54340 0.53576
0.41344 0.68914 0.66514
0.49951 0.64044 0.60393
0.50188 0.58821 0.47339
0.44873 0.50682 0.44385
0.43690 0.57486 0.47323
0.38021 0.64648 0.57681
0.41782 0.64335 0.52349
0.62135 0.57021 0.49273
0.52509 0.55703 0.42209
0.53499 0.55157 0.63547
0.46640 0.49255 0.47692
0.40120 0.52987 0.47595
0.38472 0.53370 0.51850
0.35041 0.64529 0.56317
0.39000 0.63490 0.64366
0.46356 0.67444 0.57831
0.53680 0.52940 0.50552
0.53046 0.63878 0.45267
0.41471 0.61913 0.55830
0.44502 0.50647 0.40045
0.45907 0.67920 0.52463
0.44938 0.46602 0.51024
0.45610 0.61532 0.59402
0.47020 0.64515 0.45243
0.45930 0.53781 0.61148
0.50742 0.56573 0.59588
0.43878 0.55103 0.55855
0.48478 0.67369 0.48219
0.49364 0.56661 0.56590
0.39586 0.67249 0.66042
0.44183 0.60518 0.53307
0.49151 0.60040 0.58672
0.41221 0.59325 0.47889
0.41933 0.60239 0.46996
0.52992 0.59113 0.40965
0.53610 0.67486 0.52986
0.38589 0.64866 0.50765
0.48029 0.62830 0.71575
0.58158 0.62010 0.56191
0.46308 0.60664 0.62659
0.48482 0.52905 0.59141
0.39757 0.55590 0.52005
0.54595 0.61779 0.50128
0.52841 0.64244 0.56620
0.56377 0.55114 0.50047
0.50463 0.60491 0.62036
0.51119 0.61304 0.52776
0.53082 0.65362 0.37459
0.43446 0.55981 0.45504
0.45705 0.50592 0.59686
0.58905 0.54201 0.46822
0.56090 0.63605 0.55141
0.49192 0.66657 0.63890
0.43390 0.52390 0.54152
0.35393 0.48911 0.41311
0.57851 0.63813 0.57307
0.37093 0.71895 0.70777
0.32918 0.58350 0.51655
0.32158 0.65087 0.75913
0.54593 0.46666 0.59583
0.42406 0.60037 0.50744
0.40453 0.53389 0.43867
0.45684 0.54323 0.53926
0.44572 0.49519 0.55627
0.53988 0.51221 0.47632
0.43636 0.60087 0.53450
0.45763 0.47495 0.55213
0.44234 0.63999 0.60762
0.45278 0.49481 0.53942
0.56633 0.62088 0.43646
0.41605 0.48146 0.49198
0.34091 0.57431 0.55160
0.47803 0.66809 0.58854
0.43977 0.69946 0.66066
0.57293 0.58232 0.59077
0.45501 0.52844 0.65104
0.35328 0.57712 0.42339
0.47295 0.59850 0.44387
0.44257 0.63198 0.55475
0.58134 0.59217 0.58232
0.32436 0.65271 0.39597
0.42782 0.64520 0.61579
0.53550 0.55656 0.71846
0.55475 0.59593 0.61167
0.59056 0.61234 0.52449
0.43461 0.67361 0.48221
0.59252 0.48975 0.48471
0.56175 0.65524 0.55064
0.56174 0.63047 0.37828
0.53767 0.62173 0.61099
0.48371 0.50705 0.59712
0.46812 0.57896 0.61079
0.53033 0.54810 0.56132
0.53897 0.58707 0.48499
0.47855 0.52567 0.49560
0.52394 0.59919 0.60081
0.59111 0.47659 0.50047
0.46404 0.58963 0.47409
0.45081 0.57245 0.49339
0.38109 0.56053 0.69109
0.61526 0.56079 0.46447
0.39754 0.68244 0.58592
0.40404 0.57330 0.50274
0.53140 0.44562 0.63941
0.55200 0.53765 0.60570
0.50880 0.60749 0.51581
0.42260 0.66421 0.63534
0.46484 0.43793 0.52419
0.50190 0.56073 0.38717
0.51148 0.68156 0.52079
0.43548 0.62417 0.55351
0.42616 0.53265 0.48041
0.40282 0.62477 0.67923
0.52713 0.51559 0.51860
0.56768 0.55516 0.55988
0.40728 0.65792 0.41726
0.52768 0.61740 0.43098
0.41707 0.61613 0.51986
0.29942 0.54218 0.65251
0.35908 0.56172 0.60885
0.53152 0.61087 0.30112
0.51290 0.62483 0.72249
0.63072 0.51591 0.52975
0.59902 0.59644 0.47215
0.36571 0.61446 0.65439
0.45048 0.69804 0.48456
0.51681 0.58456 0.40210
0.46368 0.56641 0.66384
0.47286 0.64347 0.55668
0.51576 0.60684 0.58407
0.42546 0.52180 0.68930
0.43087 0.63437 0.59730
0.44512 0.69419 0.68576
0.43558 0.52938 0.56208
0.41672 0.63157 0.55933
0.43040 0.60979 0.60444
0.41518 0.60415 0.49163
0.43804 0.57922 0.55373
0.39064 0.67686 0.54294
0.55712 0.51885 0.61403
0.40422 0.58663 0.56816
0.52796 0.61934 0.60573
0.45477 0.65590 0.51597
0.49371 0.64482 0.62142
0.35795 0.71361 0.68111
0.40033 0.49407 0.62572
0.42836 0.58619 0.56638
0.39530 0.60086 0.56979
0.61132 0.55451 0.63394
0.58988 0.62339 0.53216
0.43566 0.54143 0.56499
0.54883 0.61650 0.65582
0.43620 0.68230 0.45138
0.51328 0.61725 0.56846
0.43415 0.60667 0.52932
0.55682 0.60602 0.45993
0.46695 0.62565 0.38110
0.49909 0.60190 0.49545
0.29995 0.65625 0.71200
0.40104 0.63978 0.50491
0.47302 0.67977 0.62347
0.62975 0.63430 0.52298
0.54803 0.50518 0.47354
0.45860 0.68459 0.52952
0.46115 0.61145 0.54830
0.50426 0.68918 0.62638
0.51293 0.63445 0.46052
0.36865 0.49491 0.46275
0.53481 0.58191 0.48374
0.53623 0.64852 0.53325
0.50079 0.61848 0.57972
0.47966 0.63850 0.57596
0.60535 0.66092 0.45703
0.57577 0.63515 0.45685
0.42427 0.64475 0.56948
0.55344 0.67778 0.47131
0.26997 0.61819 0.64003
0.43479 0.65642 0.62716
0.37444 0.62195 0.53589
0.43171 0.53486 0.52879
0.51468 0.68760 0.61840
0.44752 0.70141 0.58250
0.45925 0.60533 0.48000
0.46662 0.61698 0.53747
0.40994 0.71211 0.63237
0.49446 0.68128 0.62923
0.48515 0.65947 0.58309
0.36053 0.58962 0.62453
0.35887 0.60672 0.49464
0.52561 0.47833 0.41105
0.56285 0.67399 0.70876
0.64688 0.60928 0.50295
0.49778 0.60139 0.68358
0.40899 0.61496 0.64874
0.52541 0.59724 0.56740
0.53295 0.54835 0.58703
0.52340 0.68048 0.59892
0.27868 0.56404 0.59740
0.57255 0.48604 0.55484
0.53668 0.58462 0.57710
0.53432 0.52064 0.49702
0.51538 0.57628 0.51387
0.32421 0.63082 0.39565
0.46125 0.62721 0.50728
0.46076 0.61024 0.51656
0.24046 0.50641 0.37737
0.50006 0.67385 0.48235
0.55538 0.67280 0.55443
0.28326 0.53147 0.40958
0.36141 0.68479 0.46785
0.45143 0.62621 0.54056
0.49803 0.70981 0.62239
0.49697 0.58889 0.57199
0.38817 0.53452 0.42098
0.51556 0.53436 0.54505
0.38368 0.55273 0.46490
0.55821 0.64657 0.49737
0.42342 0.55798 0.43562
0.47738 0.55695 0.61119
0.48953 0.62508 0.66488
0.51497 0.72961 0.71959
0.42270 0.62441 0.56849
0.53347 0.64773 0.58113
0.43742 0.67127 0.61058
0.56997 0.56676 0.60036
0.55692 0.69532 0.67394
0.59614 0.58072 0.61889
0.35315 0.60294 0.46841
0.47858 0.59224 0.47163
0.52490 0.57787 0.66572
0.54386 0.63325 0.63362
0.50615 0.64029 0.33535
0.49842 0.60319 0.56868
0.48674 0.54760 0.56644
0.44936 0.52561 0.50091
0.46434 0.56434 0.65253
0.57114 0.58339 0.46289
0.49994 0.67919 0.59264
0.45655 0.53260 0.63075
0.34249 0.50239 0.42215
0.65595 0.64753 0.56771
0.48448 0.59727 0.53785
0.55398 0.64491 0.49510
0.59695 0.52991 0.49104
0.44903 0.56467 0.45057
0.53312 0.70061 0.51942
0.41573 0.46222 0.51600
0.45146 0.66692 0.57438
0.41985 0.63050 0.38684
0.51187 0.49440 0.49556
0.50421 0.61006 0.51324
0.51413 0.64164 0.57184
0.42653 0.65189 0.53491
0.41185 0.52195 0.49689
0.40728 0.51997 0.56132
0.49479 0.58930 0.54314
0.32759 0.58463 0.55848
0.44178 0.67767 0.30313
0.47116 0.58208 0.61702
0.40737 0.61307 0.51976
0.42403 0.67182 0.64930
0.52624 0.66324 0.56071
0.56790 0.69969 0.54321
0.48093 0.57661 0.42092
0.44048 0.60775 0.60958
0.59024 0.75413 0.63390
0.52866 0.56793 0.59264
0.46313 0.61565 0.50205
0.37477 0.55119 0.52025
0.64131 0.68512 0.47904
0.54008 0.66196 0.51577
0.38492 0.64830 0.44952
0.43811 0.47441 0.49985
0.56472 0.70503 0.65628
0.44462 0.63694 0.54255
0.52686 0.49595 0.51116
0.38340 0.61514 0.52441
0.45950 0.59354 0.61134
0.46939 0.56419 0.61560
0.32026 0.52414 0.49551
0.52380 0.71211 0.57996
0.49468 0.65254 0.57568
0.48045 0.56952 0.60292
0.52356 0.65366 0.47180
0.43624 0.53033 0.54225
0.39578 0.52215 0.44425
0.56294 0.56557 0.39442
0.42647 0.60933 0.58495
0.42575 0.52604 0.40734
0.46479 0.55188 0.48573
0.42506 0.68658 0.62713
0.30811 0.46876 0.55429
0.47001 0.61149 0.48732
0.52943 0.65383 0.51444
0.35744 0.66056 0.70272
0.55210 0.71823 0.60707
0.41846 0.66221 0.37433
0.49921 0.61490 0.58322
0.51239 0.45234 0.68351
0.43786 0.56424 0.53941
0.48651 0.50098 0.35692
0.56387 0.56112 0.45321
0.45446 0.69551 0.66762
0.42590 0.55950 0.49572
0.47139 0.60112 0.53961
0.38797 0.63898 0.63985
0.51328 0.54705 0.45083
0.44654 0.66623 0.62138
0.34537 0.55631 0.54536
0.51791 0.52436 0.36144
0.43728 0.73232 0.56901
0.48679 0.58683 0.56420
0.45076 0.67213 0.62164
0.42270 0.52257 0.57729
0.35451 0.60991 0.54894
0.57964 0.66086 0.59685
0.50205 0.55433 0.54603
0.53168 0.64121 0.42510
0.41946 0.54676 0.56044
0.48015 0.58241 0.59801
0.47021 0.57031 0.44101
0.54365 0.52650 0.55993
0.45679 0.60901 0.55296
0.49598 0.67939 0.65760
0.42307 0.62517 0.65050
0.42049 0.53061 0.37171
0.26831 0.68819 0.68413
0.48651 0.56949 0.44770
0.57018 0.62278 0.48756
0.49412 0.53096 0.45618
0.46858 0.43212 0.61732
0.49140 0.55959 0.56653
0.56890 0.57772 0.61731
0.44461 0.64250 0.68574
0.51607 0.47658 0.51923
0.42322 0.57440 0.49870
0.42056 0.71832 0.44884
0.51197 0.68654 0.56975
0.37034 0.64653 0.58740
0.49615 0.58355 0.51984
0.35195 0.64061 0.59215
0.51404 0.55622 0.68793
0.46944 0.63687 0.64529
0.35443 0.54379 0.49901
0.64246 0.61962 0.32165
0.32347 0.62922 0.61160
0.45553 0.58692 0.51043
0.50903 0.65170 0.49511
0.42041 0.64526 0.52569
0.52045 0.55087 0.69209
0.53811 0.64895 0.56087
0.52181 0.67223 0.49617
0.45140 0.49362 0.49270
0.47122 0.68846 0.60779
0.53760 0.58778 0.45962
0.50566 0.64817 0.49017
0.45706 0.53982 0.51624
