20 20 1000 26319 1160
0.23589 0.16767 0.39456
0.05792 0.50779 0.46362
0.13852 0.70178 0.82788
0.06396 0.71707 0.18649
0.66365 0.88087 0.78298
0.80897 0.11334 0.97631
0.72319 0.56907 0.75007
0.96261 0.20959 0.15241
0.61412 0.93832 0.05184
0.71128 0.56357 0.15254
0.22175 0.93062 0.66430
0.44093 0.46542 0.42234
0.29820 0.97927 0.24639
0.74351 0.19809 0.23457
0.90254 0.17415 0.99936
0.63687 0.83820 0.52597
0.57317 0.84764 0.95965
0.87804 0.71286 0.07291
0.41424 0.03105 0.36940
0.04996 0.27136 0.80995
0.43686 0.56837 0.43056
0.56722 0.52971 0.38809
0.59218 0.55483 0.41074
0.40759 0.56884 0.55687
0.46659 0.49972 0.54448
0.49469 0.51755 0.41618
0.56850 0.54933 0.48929
0.39666 0.49250 0.52794
0.50262 0.59231 0.52587
0.53853 0.58079 0.47451
0.50421 0.46938 0.44655
0.40519 0.59625 0.53236
0.53461 0.61663 0.52603
0.52377 0.56450 0.48977
0.40838 0.46636 0.55185
0.52958 0.61682 0.52998
0.62249 0.48128 0.45458
0.47239 0.56216 0.43261
0.52994 0.49846 0.52026
0.55848 0.51727 0.65666
0.38957 0.52962 0.48641
0.44809 0.52494 0.43332
0.49564 0.59490 0.54273
0.42796 0.51251 0.48563
0.49153 0.58286 0.53262
0.52647 0.53403 0.41127
0.46042 0.52583 0.43234
0.54134 0.63060 0.57112
0.49348 0.54378 0.57442
0.48279 0.47723 0.53241
0.58945 0.63429 0.49878
0.54519 0.49490 0.47712
0.55765 0.44735 0.40134
0.50160 0.54945 0.53969
0.50382 0.53365 0.55171
0.56845 0.45132 0.53772
0.62439 0.61671 0.42061
0.55846 0.63170 0.43050
0.51976 0.41526 0.52408
0.41363 0.49201 0.49800
0.47447 0.57552 0.53494
0.49592 0.52769 0.56659
0.51400 0.63220 0.42406
0.53660 0.58490 0.46385
0.46820 0.44150 0.47854
0.55682 0.57126 0.68590
0.52834 0.64574 0.53885
0.62501 0.50047 0.70572
0.47999 0.56813 0.53568
0.55539 0.45794 0.47257
0.51161 0.74667 0.65615
0.44375 0.58812 0.44176
0.59983 0.49860 0.59707
0.58990 0.43698 0.63922
0.53086 0.43963 0.54675
0.39184 0.52859 0.54991
0.64941 0.51524 0.56850
0.52829 0.55604 0.42083
0.55582 0.51567 0.44378
0.54165 0.46139 0.45719
0.48797 0.41894 0.59064
0.59383 0.60725 0.34877
0.51748 0.62342 0.60242
0.59420 0.52237 0.58822
0.53428 0.56330 0.64227
0.49645 0.49193 0.49681
0.55975 0.43555 0.64628
0.50448 0.52050 0.45777
0.50622 0.63796 0.58422
0.46657 0.60620 0.40498
0.41525 0.66312 0.50993
0.54030 0.43675 0.45916
0.52890 0.50450 0.39917
0.45065 0.50588 0.46854
0.43842 0.57266 0.54578
0.47526 0.50704 0.57508
0.53101 0.56946 0.52588
0.51537 0.49687 0.42779
0.48964 0.58989 0.46815
0.56640 0.55159 0.54600
0.49778 0.39608 0.63777
0.41456 0.61093 0.48212
0.51522 0.51746 0.48023
0.45209 0.44484 0.54865
0.53718 0.50505 0.51525
0.49328 0.53795 0.45331
0.57446 0.50406 0.50384
0.55419 0.48642 0.44580
0.60433 0.48175 0.50777
0.43852 0.70245 0.53451
0.52748 0.51350 0.43346
0.52842 0.61385 0.59082
0.43251 0.58231 0.49978
0.55686 0.66012 0.35043
0.47264 0.58027 0.56831
0.58415 0.47245 0.51032
0.43790 0.54756 0.52267
0.47460 0.57322 0.44068
0.41244 0.47932 0.47986
0.43007 0.45798 0.59123
0.58549 0.44971 0.44048
0.45300 0.46434 0.52684
0.46188 0.53110 0.44315
0.52891 0.56105 0.43146
0.35980 0.56805 0.43791
0.66750 0.48541 0.37551
0.55477 0.44403 0.45093
0.69526 0.52416 0.42221
0.44148 0.59758 0.53152
0.62547 0.42663 0.45377
0.47137 0.43305 0.45634
0.38075 0.64802 0.57143
0.62694 0.49095 0.42113
0.49058 0.51317 0.51170
0.55607 0.47871 0.55097
0.44926 0.60276 0.52733
0.49244 0.63881 0.51059
0.49679 0.58634 0.42285
0.65341 0.49072 0.45449
0.47822 0.53503 0.51359
0.49415 0.51947 0.52469
0.45498 0.43995 0.51015
0.47132 0.62509 0.55912
0.48335 0.62313 0.46763
0.46920 0.44344 0.51645
0.60878 0.58085 0.57148
0.44816 0.55380 0.41190
0.52957 0.58663 0.41353
0.55993 0.40632 0.41424
0.41046 0.54214 0.46879
0.50909 0.55178 0.50453
0.49827 0.59451 0.40509
0.57997 0.55721 0.40349
0.54507 0.39031 0.46244
0.67694 0.48064 0.42637
0.47892 0.47126 0.47922
0.49651 0.64212 0.36164
0.50622 0.54055 0.51591
0.52801 0.52498 0.59382
0.47025 0.60734 0.47021
0.53991 0.57121 0.49922
0.56602 0.46441 0.49948
0.46305 0.55166 0.55368
0.54103 0.43362 0.48395
0.62518 0.56770 0.59617
0.53660 0.53977 0.36565
0.48075 0.56913 0.53156
0.47049 0.60246 0.57596
0.58248 0.49432 0.48489
0.51216 0.49740 0.50450
0.58067 0.57493 0.48423
0.58462 0.54081 0.39198
0.63874 0.43112 0.44794
0.43481 0.51636 0.41926
0.48212 0.58289 0.49213
0.54343 0.53153 0.41862
0.57152 0.51822 0.57555
0.60612 0.47275 0.48050
0.49056 0.54443 0.39589
0.54267 0.68835 0.49093
0.64054 0.48448 0.55289
0.46121 0.46139 0.54337
0.36890 0.59574 0.58623
0.60166 0.60143 0.47848
0.54083 0.68118 0.53007
0.59240 0.49724 0.42854
0.44974 0.46526 0.42713
0.47930 0.45226 0.56519
0.39186 0.52733 0.49218
0.57263 0.42716 0.61641
0.42867 0.54688 0.61779
0.49244 0.51256 0.50875
0.50898 0.52264 0.61607
0.53508 0.53540 0.40604
0.49780 0.47728 0.49335
0.48274 0.59231 0.42932
0.41258 0.50515 0.51988
0.55783 0.53541 0.56981
0.51149 0.53297 0.38043
0.60916 0.49197 0.54713
0.41192 0.58370 0.51935
0.57625 0.54538 0.57610
0.43672 0.71604 0.50095
0.52325 0.61947 0.43806
0.44867 0.60385 0.33248
0.50897 0.49799 0.33215
0.53406 0.50519 0.55160
0.66976 0.53934 0.38181
0.45910 0.44083 0.53396
0.49232 0.50045 0.40863
0.50862 0.55623 0.54291
0.47848 0.60074 0.54880
0.45758 0.64439 0.54557
0.44952 0.54465 0.58401
0.56320 0.64977 0.47579
0.55363 0.53867 0.44985
0.54835 0.54025 0.55597
0.60136 0.53182 0.53297
0.59912 0.40244 0.51394
0.45935 0.52023 0.45933
0.51900 0.43187 0.49943
0.54634 0.61556 0.41221
0.38576 0.47534 0.53421
0.44951 0.56397 0.52147
0.56268 0.55834 0.41032
0.52189 0.55329 0.55896
0.50685 0.59370 0.53767
0.55344 0.61383 0.49046
0.43151 0.62512 0.47912
0.52473 0.56493 0.51598
0.63813 0.62757 0.49050
0.44956 0.69969 0.40172
0.42809 0.54501 0.55345
0.49606 0.58970 0.51194
0.59435 0.50657 0.50867
0.50866 0.50580 0.47663
0.48706 0.65465 0.40439
0.48878 0.48621 0.54882
0.40480 0.57526 0.48570
0.50719 0.53502 0.46349
0.63975 0.57281 0.44002
0.40369 0.60099 0.48522
0.61335 0.45723 0.58541
0.48390 0.61442 0.48794
0.55372 0.44546 0.49264
0.43479 0.52327 0.54653
0.48149 0.47205 0.68946
0.46948 0.59920 0.38172
0.58798 0.48966 0.38052
0.51442 0.61717 0.59500
0.34091 0.68168 0.56833
0.54361 0.56167 0.57008
0.48721 0.54943 0.46566
0.47460 0.52429 0.41985
0.59905 0.55457 0.63737
0.52473 0.53687 0.58359
0.49750 0.52830 0.54906
0.59654 0.55808 0.51068
0.56986 0.57809 0.59912
0.48379 0.63813 0.39998
0.53475 0.44984 0.56241
0.57694 0.50666 0.50018
0.60775 0.43786 0.51160
0.62835 0.44915 0.42752
0.50320 0.48955 0.49519
0.44352 0.59928 0.44130
0.46455 0.64280 0.54085
0.56250 0.47330 0.51153
0.46079 0.49206 0.57843
0.61594 0.53640 0.37433
0.50264 0.43646 0.49832
0.47259 0.65766 0.41839
0.54325 0.55105 0.45397
0.41270 0.60272 0.61908
0.51258 0.52135 0.52268
0.47551 0.51045 0.55299
0.52547 0.57503 0.61139
0.44898 0.45672 0.45035
0.48013 0.59204 0.51211
0.51268 0.59280 0.66550
0.51539 0.59877 0.51526
0.55086 0.45954 0.52873
0.42960 0.45983 0.54228
0.50571 0.47860 0.50536
0.54033 0.54798 0.43659
0.50767 0.53793 0.52180
0.47041 0.51899 0.46875
0.60462 0.53010 0.51968
0.44722 0.67436 0.46952
0.54500 0.67392 0.37535
0.52646 0.43913 0.42143
0.52915 0.50837 0.43532
0.58975 0.38012 0.55758
0.59787 0.52287 0.50355
0.49400 0.48104 0.58422
0.33700 0.58507 0.52627
0.57873 0.61582 0.43265
0.50993 0.58164 0.46882
0.56339 0.51221 0.46666
0.59812 0.50690 0.54235
0.50254 0.63644 0.45414
0.38657 0.66324 0.58942
0.55203 0.54821 0.51820
0.43961 0.49136 0.42274
0.60315 0.46984 0.44321
0.46827 0.69870 0.53828
0.49558 0.50631 0.43932
0.59806 0.46887 0.48394
0.46778 0.52576 0.52836
0.50635 0.49237 0.45441
0.42909 0.56445 0.40327
0.46901 0.59567 0.53252
0.38730 0.57336 0.56750
0.53697 0.54991 0.51247
0.45758 0.47247 0.38833
0.54296 0.60055 0.61527
0.44031 0.40863 0.66524
0.46347 0.64730 0.49227
0.33840 0.67751 0.56115
0.60703 0.52961 0.58438
0.55567 0.53677 0.35644
0.50531 0.48256 0.63823
0.51085 0.51556 0.50975
0.52782 0.48552 0.48153
0.49952 0.60380 0.53907
0.40668 0.62221 0.36539
0.54337 0.45926 0.56787
0.46647 0.47838 0.50950
0.49666 0.46793 0.50128
0.51840 0.60467 0.45215
0.44262 0.49453 0.58862
0.53002 0.61109 0.53030
0.56161 0.61121 0.61738
0.51873 0.64290 0.51526
0.50130 0.63084 0.40401
0.56331 0.52728 0.40639
0.43520 0.56773 0.40988
0.40677 0.53024 0.56487
0.55584 0.41564 0.54251
0.41934 0.60293 0.54914
0.52340 0.44590 0.52073
0.48636 0.37395 0.54580
0.47911 0.59294 0.49253
0.58394 0.55761 0.50877
0.61439 0.49304 0.39340
0.44939 0.52425 0.58383
0.51029 0.45172 0.50591
0.42206 0.59786 0.64205
0.53349 0.62571 0.45897
0.48771 0.59790 0.53524
0.53488 0.52650 0.56199
0.55841 0.59937 0.53923
0.43443 0.48995 0.51121
0.55630 0.49681 0.51790
0.56098 0.55272 0.45126
0.50115 0.51371 0.61631
0.46391 0.52037 0.48533
0.47969 0.62128 0.40518
0.57680 0.53898 0.55190
0.48409 0.56517 0.42444
0.41392 0.62362 0.56882
0.42024 0.52167 0.45882
0.36079 0.47685 0.45324
0.39089 0.49800 0.58133
0.58386 0.53444 0.51888
0.52756 0.61456 0.55549
0.50082 0.46326 0.42527
0.56528 0.57620 0.55871
0.57637 0.45091 0.55504
0.56367 0.55839 0.47260
0.54359 0.51705 0.45476
0.54008 0.46850 0.52883
0.43115 0.53987 0.57435
0.53035 0.50161 0.44218
0.60110 0.43199 0.47281
0.46909 0.64603 0.41168
0.50527 0.64549 0.53806
0.57678 0.69215 0.51101
0.57965 0.42872 0.51090
0.49306 0.50593 0.42231
0.51723 0.60630 0.53101
0.49511 0.48181 0.50061
0.51358 0.59373 0.51236
0.40965 0.58143 0.46579
0.48327 0.46236 0.53123
0.54929 0.49798 0.53045
0.44256 0.53320 0.54008
0.55008 0.63826 0.43900
0.50914 0.53278 0.58756
0.53265 0.45074 0.46544
0.58594 0.48581 0.54474
0.64426 0.50857 0.46235
0.58204 0.55295 0.52645
0.34546 0.67729 0.49763
0.53443 0.52539 0.71745
0.50677 0.53867 0.49083
0.47201 0.62921 0.46538
0.55673 0.52298 0.43255
0.54810 0.56999 0.47263
0.48827 0.56356 0.45827
0.49536 0.60722 0.55271
0.50774 0.51448 0.50076
0.48627 0.53529 0.48954
0.49395 0.52924 0.55149
0.45043 0.56728 0.51427
0.67777 0.50662 0.49955
0.44457 0.54236 0.53699
0.53923 0.58091 0.50289
0.43830 0.51679 0.45733
0.55506 0.64954 0.49452
0.59637 0.62247 0.58032
0.61303 0.42784 0.51230
0.47856 0.52708 0.41937
0.51992 0.55330 0.37094
0.57185 0.48514 0.46462
0.60440 0.48537 0.37075
0.66591 0.57649 0.42412
0.53050 0.59552 0.59360
0.62609 0.37809 0.53977
0.56341 0.37891 0.44128
0.47352 0.49819 0.49435
0.55499 0.51063 0.44328
0.48691 0.50397 0.46374
0.47806 0.38819 0.49717
0.45578 0.63485 0.48873
0.53211 0.58235 0.56417
0.51655 0.49827 0.55660
0.48816 0.45977 0.57296
0.43223 0.52758 0.62092
0.52884 0.45510 0.50726
0.42425 0.60072 0.51468
0.57011 0.56141 0.44824
0.52862 0.60463 0.57105
0.44931 0.52335 0.50506
0.51294 0.49611 0.56351
0.37213 0.63707 0.47768
0.45229 0.51861 0.52237
0.59718 0.52842 0.43868
0.59496 0.58889 0.41435
0.60958 0.45337 0.59383
0.42247 0.48915 0.41338
0.58534 0.58868 0.41883
0.57201 0.53239 0.40930
0.61491 0.56451 0.47657
0.45516 0.48391 0.52570
0.54002 0.56070 0.40788
0.55708 0.51803 0.48386
0.53117 0.55578 0.47031
0.47240 0.45763 0.49850
0.55847 0.48068 0.44432
0.58691 0.54196 0.55858
0.52905 0.62955 0.46350
0.45759 0.49954 0.47539
0.55371 0.51232 0.51668
0.47952 0.49848 0.42920
0.56977 0.52113 0.41288
0.56267 0.53328 0.31174
0.51263 0.62563 0.49985
0.45313 0.60836 0.42543
0.49926 0.63043 0.55266
0.49085 0.60072 0.51620
0.48777 0.53931 0.65350
0.48147 0.72643 0.52807
0.42990 0.62082 0.45396
0.55905 0.51478 0.47514
0.68561 0.48254 0.51639
0.49352 0.50943 0.57661
0.49898 0.47042 0.59667
0.47089 0.56074 0.59524
0.43962 0.62504 0.45504
0.57864 0.53661 0.38830
0.50308 0.50617 0.46052
0.50600 0.64646 0.49009
0.52445 0.54414 0.60821
0.53437 0.45646 0.63663
0.44392 0.51133 0.46510
0.45076 0.56233 0.40384
0.64063 0.44754 0.42008
0.46094 0.60994 0.43007
0.61161 0.52299 0.39546
0.53146 0.46546 0.52326
0.45091 0.52094 0.61055
0.48830 0.58282 0.52803
0.45803 0.66130 0.43751
0.42609 0.51750 0.57243
0.57569 0.55865 0.62187
0.56111 0.39088 0.53222
0.50607 0.59024 0.52026
0.61622 0.58651 0.42201
0.46642 0.55090 0.61424
0.53231 0.62037 0.58395
0.42748 0.43930 0.47926
0.47426 0.40251 0.52920
0.52700 0.56814 0.54247
0.58662 0.48284 0.49923
0.58545 0.49986 0.69075
0.52025 0.48955 0.40405
0.52816 0.70985 0.66895
0.60646 0.55764 0.46694
0.41181 0.54520 0.44041
0.53252 0.42247 0.62177
0.48108 0.54230 0.41557
0.47871 0.56597 0.49066
0.59574 0.56073 0.47337
0.50075 0.54754 0.44781
0.43673 0.41582 0.50877
0.52127 0.56098 0.51520
0.52147 0.63049 0.47692
0.68413 0.36706 0.54613
0.46623 0.48981 0.56123
0.54387 0.46191 0.60931
0.56435 0.44875 0.60952
0.42789 0.62164 0.53429
0.52174 0.53438 0.44283
0.37592 0.59085 0.47290
0.57664 0.48430 0.35262
0.45586 0.55306 0.49561
0.43104 0.61423 0.55764
0.44685 0.53540 0.44293
0.60320 0.62477 0.46136
0.52529 0.57106 0.57666
0.56552 0.39990 0.45328
0.45723 0.58340 0.46055
0.50892 0.57597 0.55402
0.47650 0.64671 0.47896
0.53740 0.49404 0.58194
0.46753 0.51733 0.51540
0.54125 0.50931 0.66142
0.57115 0.49213 0.51658
0.51600 0.58315 0.46875
0.63302 0.43592 0.37379
0.53975 0.50210 0.51258
0.62799 0.66788 0.48666
0.51396 0.68959 0.48485
0.58946 0.50074 0.49590
0.54553 0.42086 0.45485
0.50318 0.43278 0.37761
0.57724 0.50170 0.31953
0.58122 0.46632 0.44438
0.47500 0.57160 0.59686
0.47002 0.51974 0.41707
0.53554 0.55464 0.56068
0.46296 0.67413 0.44876
0.36318 0.51552 0.50956
0.51909 0.39963 0.49501
0.60540 0.49419 0.64968
0.55368 0.55654 0.56547
0.48729 0.43612 0.48472
0.49920 0.61976 0.36735
0.53898 0.57781 0.46995
0.48333 0.59112 0.42017
0.37536 0.52524 0.49161
0.46371 0.57996 0.55236
0.55881 0.63255 0.57385
0.40064 0.51483 0.48173
0.50548 0.49366 0.48945
0.48736 0.47736 0.49792
0.35064 0.51342 0.53624
0.49089 0.66436 0.47945
0.40956 0.68491 0.43540
0.51973 0.62589 0.61692
0.45574 0.68822 0.60474
0.46173 0.62760 0.54982
0.46995 0.61303 0.47938
0.47327 0.49331 0.36151
0.39658 0.62647 0.50558
0.56206 0.47037 0.55504
0.53678 0.44633 0.56727
0.50280 0.60790 0.52533
0.49269 0.52126 0.31424
0.54502 0.66965 0.38817
0.55579 0.60934 0.32371
0.48528 0.62010 0.57860
0.41196 0.55875 0.42770
0.50917 0.41876 0.51378
0.41468 0.52171 0.52551
0.48394 0.60261 0.58108
0.50006 0.65148 0.52618
0.37433 0.50616 0.58385
0.61047 0.53422 0.40648
0.59790 0.44921 0.56928
0.29771 0.48452 0.62513
0.38831 0.57170 0.47031
0.43726 0.61495 0.48540
0.51972 0.52848 0.30861
0.51734 0.64724 0.55426
0.49309 0.60275 0.53633
0.47879 0.51042 0.49656
0.54674 0.53181 0.63759
0.53957 0.53589 0.50843
0.46339 0.55429 0.64641
0.56712 0.56295 0.50351
0.52933 0.44540 0.54319
0.42887 0.57954 0.48822
0.44620 0.52802 0.45938
0.54756 0.50527 0.48306
0.41647 0.69420 0.50070
0.47458 0.64259 0.53210
0.37868 0.53189 0.58154
0.55393 0.55020 0.46035
0.47680 0.52964 0.46618
0.47437 0.54299 0.53481
0.56614 0.48536 0.42913
0.48658 0.65005 0.47675
0.52096 0.62744 0.46678
0.55348 0.58023 0.54716
0.50378 0.55307 0.51866
0.52246 0.52056 0.36786
0.44168 0.49873 0.47613
0.49591 0.51382 0.40693
0.46131 0.68053 0.35041
0.51164 0.50890 0.50410
0.70193 0.41094 0.53259
0.56627 0.48902 0.48768
0.51996 0.57597 0.38433
0.45165 0.49591 0.55705
0.47707 0.50855 0.50133
0.59265 0.63186 0.40397
0.61613 0.63324 0.48327
0.42618 0.58553 0.52340
0.53423 0.54160 0.51589
0.38756 0.46736 0.52090
0.41074 0.52134 0.64207
0.57800 0.58369 0.49586
0.53510 0.52357 0.61059
0.53342 0.52482 0.51121
0.49944 0.42627 0.55180
0.55368 0.52008 0.49246
0.52779 0.50413 0.52089
0.47857 0.48948 0.40230
0.48376 0.41106 0.52632
0.55087 0.53292 0.43630
0.32848 0.50269 0.48707
0.48529 0.46151 0.50603
0.55979 0.49879 0.47262
0.55687 0.48265 0.44029
0.62289 0.55919 0.42381
0.50042 0.38257 0.61240
0.46822 0.40066 0.37683
0.56451 0.60091 0.47000
0.55223 0.53757 0.43730
0.51761 0.59941 0.58343
0.50731 0.51535 0.42311
0.53695 0.59975 0.43660
0.40382 0.58612 0.40742
0.44813 0.58132 0.53187
0.59482 0.66696 0.56135
0.46359 0.47986 0.41209
0.51381 0.54372 0.51978
0.52167 0.59746 0.46295
0.48395 0.52063 0.59682
0.48633 0.58522 0.50523
0.49670 0.54298 0.43010
0.38729 0.54552 0.53022
0.50708 0.63322 0.39736
0.60346 0.55973 0.59951
0.44385 0.63194 0.45544
0.47940 0.65385 0.48059
0.42356 0.54697 0.46061
0.50312 0.55984 0.53439
0.53835 0.60158 0.54624
0.51945 0.42431 0.50090
0.48248 0.55985 0.41323
0.52049 0.50067 0.47773
0.34277 0.46605 0.54860
0.55487 0.51934 0.58221
0.55775 0.47731 0.51343
0.49063 0.61612 0.48690
0.50132 0.42047 0.46959
0.50724 0.61896 0.49629
0.52874 0.61239 0.53072
0.57699 0.64997 0.34213
0.62344 0.58383 0.39932
0.56863 0.58124 0.49826
0.38318 0.63353 0.45445
0.64676 0.40710 0.43872
0.63466 0.44047 0.55057
0.58915 0.47715 0.57263
0.45331 0.51504 0.46813
0.55934 0.56026 0.54292
0.53728 0.51262 0.41945
0.43597 0.58680 0.54854
0.41054 0.54645 0.45759
0.48438 0.61824 0.45125
0.55400 0.50558 0.50226
0.51589 0.55913 0.48327
0.54029 0.53485 0.53846
0.52804 0.69169 0.44502
0.55295 0.62324 0.47501
0.56409 0.45511 0.47098
0.54018 0.55275 0.52495
0.40938 0.72726 0.48359
0.42133 0.55609 0.37305
0.50459 0.59344 0.44864
0.55551 0.51286 0.49008
0.49168 0.56694 0.48912
0.51063 0.52668 0.41402
0.49983 0.45306 0.59293
0.48506 0.50583 0.45816
0.56994 0.37326 0.41061
0.61929 0.49328 0.54291
0.49879 0.60924 0.36475
0.64072 0.45365 0.52285
0.52363 0.53509 0.50332
0.49988 0.51627 0.50124
0.56902 0.57038 0.53213
0.45203 0.54086 0.40780
0.48231 0.52845 0.43970
0.52212 0.59538 0.43983
0.46899 0.48659 0.53348
0.50087 0.63374 0.43472
0.53929 0.41804 0.53148
0.50235 0.59682 0.45556
0.44324 0.61214 0.47167
0.34153 0.47299 0.58548
0.44749 0.50896 0.43656
0.49448 0.62664 0.53301
0.50228 0.52198 0.62618
0.56366 0.53312 0.63263
0.60220 0.54490 0.51145
0.51269 0.50343 0.52571
0.60211 0.60917 0.48468
0.44976 0.64686 0.51085
0.60235 0.43776 0.37125
0.51960 0.38370 0.65687
0.46591 0.47186 0.59035
0.52838 0.46340 0.55362
0.65755 0.58315 0.58831
0.43596 0.55780 0.64019
0.52876 0.45734 0.56475
0.54939 0.49336 0.50984
0.41546 0.51660 0.57239
0.52064 0.56010 0.55443
0.43830 0.53116 0.48030
0.45769 0.52773 0.48260
0.55049 0.55642 0.45177
0.55209 0.48299 0.46419
0.54103 0.59722 0.56963
0.53188 0.53895 0.49087
0.55832 0.59929 0.48132
0.40242 0.50471 0.50245
0.54184 0.51845 0.53683
0.54065 0.52535 0.55558
0.45669 0.47299 0.45702
0.50896 0.53840 0.43011
0.40427 0.57065 0.48431
0.61280 0.45554 0.32045
0.37301 0.55615 0.53796
0.50064 0.45335 0.47177
0.42583 0.64981 0.46525
0.42704 0.47865 0.61602
0.57792 0.67876 0.48287
0.54615 0.58697 0.42820
0.47197 0.55947 0.53833
0.56546 0.54927 0.60383
0.51207 0.53325 0.52820
0.52155 0.54633 0.52785
0.46903 0.61018 0.51539
0.56389 0.55702 0.46566
0.47652 0.60040 0.52485
0.50573 0.73344 0.46072
0.52491 0.47583 0.44733
0.60146 0.57826 0.56729
0.54611 0.60251 0.54890
0.55565 0.53575 0.48649
0.42186 0.46726 0.53144
0.52127 0.49287 0.43508
0.51849 0.56682 0.44620
0.53074 0.61867 0.50696
0.45887 0.55023 0.53308
0.54347 0.49205 0.49818
0.49095 0.53624 0.44434
0.51858 0.50681 0.45771
0.46380 0.64113 0.48624
0.41311 0.53864 0.39409
0.48222 0.60313 0.62353
0.59891 0.49375 0.47106
0.54892 0.33562 0.60511
0.49071 0.42181 0.55601
0.50408 0.51118 0.46052
0.41139 0.55465 0.58677
0.53831 0.55390 0.50423
0.55933 0.55803 0.46408
0.49766 0.60696 0.67630
0.40484 0.57815 0.63263
0.41257 0.52652 0.50550
0.59685 0.45151 0.62392
0.56446 0.48675 0.47513
0.45194 0.57771 0.39723
0.43923 0.61369 0.41502
0.64370 0.58479 0.36739
0.47937 0.53487 0.52528
0.51127 0.55868 0.46422
0.53844 0.44232 0.42744
0.46702 0.46554 0.51770
0.43104 0.40184 0.49903
0.65105 0.60795 0.36909
0.51466 0.46016 0.42821
0.57349 0.46005 0.41360
0.53192 0.50293 0.68621
0.49003 0.50504 0.53558
0.51567 0.53236 0.47109
0.40702 0.59681 0.53650
0.48471 0.61037 0.50500
0.47210 0.41501 0.54648
0.47292 0.57599 0.53336
0.63385 0.45514 0.61900
0.38753 0.53161 0.55240
0.60960 0.52327 0.70391
0.58210 0.61193 0.49899
0.51201 0.45689 0.47204
0.62195 0.45267 0.39882
0.56559 0.63022 0.44325
0.53816 0.49658 0.52893
0.41635 0.67137 0.54274
0.47579 0.57514 0.43547
0.42617 0.45801 0.54241
0.51404 0.53434 0.51271
0.37244 0.59353 0.47292
0.46199 0.63516 0.48135
0.50536 0.57175 0.55922
0.43568 0.64387 0.43182
0.48250 0.48408 0.39338
0.46928 0.59510 0.63381
0.44967 0.58124 0.54870
0.50658 0.49638 0.50065
0.56983 0.49712 0.49043
0.55452 0.46714 0.56504
0.52367 0.39691 0.61786
0.36495 0.60288 0.55731
0.44978 0.52977 0.55654
0.55560 0.57548 0.50566
0.52655 0.46114 0.56634
0.52803 0.63276 0.54464
0.52475 0.63766 0.54438
0.66976 0.57069 0.42290
0.48952 0.50950 0.47664
0.40805 0.46584 0.54488
0.51882 0.67841 0.48212
0.45598 0.59673 0.60896
0.57069 0.48990 0.66383
0.55528 0.55814 0.45909
0.51870 0.53040 0.47757
0.46004 0.56066 0.53689
0.46944 0.61197 0.55892
0.64331 0.40517 0.55974
0.53979 0.46676 0.55998
0.40737 0.53770 0.52456
0.59419 0.57198 0.59221
0.41382 0.46541 0.56291
0.43134 0.50048 0.46762
0.42342 0.56795 0.50487
0.46021 0.61062 0.55556
0.62460 0.46863 0.39227
0.48495 0.60215 0.61447
0.57966 0.51528 0.56270
0.42422 0.51201 0.39040
0.48040 0.54095 0.48498
0.61883 0.48138 0.50519
0.58051 0.48592 0.37735
0.57069 0.61059 0.49129
0.44521 0.59746 0.55825
0.51384 0.48394 0.40257
0.50561 0.54553 0.50453
0.41839 0.59898 0.44809
0.38263 0.42347 0.56262
0.34271 0.41923 0.65955
0.51090 0.62177 0.50509
0.52387 0.55284 0.48937
0.46899 0.56415 0.48581
0.50625 0.50157 0.37023
0.46581 0.48905 0.53048
0.52860 0.50100 0.39400
0.57385 0.34791 0.58313
0.49418 0.49091 0.54959
0.56752 0.46976 0.55326
0.45669 0.56578 0.53457
0.51612 0.54029 0.49848
0.60855 0.49945 0.51441
0.49812 0.56263 0.53994
0.59047 0.49565 0.46266
0.49464 0.57269 0.55620
0.53332 0.53443 0.49250
0.51582 0.48637 0.38483
0.49955 0.56349 0.52677
0.42140 0.51192 0.44765
0.44655 0.61227 0.54888
0.52866 0.55291 0.59141
0.52959 0.57771 0.45980
0.54958 0.56829 0.53582
0.42077 0.42789 0.45452
0.40148 0.52742 0.57797
0.49899 0.59159 0.53139
0.53249 0.48167 0.53633
0.49042 0.55868 0.64467
0.57966 0.51757 0.55345
0.45588 0.65461 0.44015
0.50408 0.40502 0.59602
0.59946 0.45500 0.58159
0.58116 0.56103 0.51130
0.46349 0.59683 0.53693
0.41223 0.48392 0.58660
0.51555 0.50660 0.43760
0.61001 0.41132 0.43341
0.41988 0.53485 0.45877
0.44735 0.64378 0.47935
0.52652 0.66618 0.32994
0.49943 0.60014 0.47700
0.45718 0.61332 0.51388
0.53992 0.56801 0.43705
0.59070 0.63549 0.49441
0.43007 0.50925 0.47620
0.58337 0.62711 0.51691
0.53755 0.49155 0.42664
0.42849 0.46665 0.48505
0.54390 0.58476 0.54052
0.59488 0.59908 0.32893
0.51497 0.57307 0.38421
0.45100 0.53884 0.47391
0.50296 0.45294 0.44655
0.55598 0.42007 0.54940
0.42334 0.51014 0.50109
0.44389 0.53112 0.48356
0.55845 0.58217 0.51596
0.39714 0.54349 0.50769
0.50060 0.69826 0.57776
0.47520 0.48524 0.53301
0.53410 0.57422 0.43868
0.40812 0.53731 0.57214
0.43440 0.59617 0.41182
0.47396 0.52586 0.51199
0.62515 0.46140 0.55615
0.46744 0.57850 0.38285
0.35741 0.50797 0.46834
0.52947 0.52431 0.53132
0.51586 0.52192 0.56462
0.45547 0.55096 0.48571
0.42495 0.63393 0.35716
0.56572 0.43685 0.51600
0.41101 0.56488 0.43242
0.60314 0.61248 0.50622
0.52924 0.50843 0.56572
0.54358 0.62721 0.41327
0.48041 0.61303 0.54816
0.51621 0.54687 0.46067
0.51647 0.59498 0.49974
0.55464 0.43924 0.52710
0.38716 0.60580 0.47961
0.56212 0.52767 0.42119
0.55416 0.53850 0.47150
0.48413 0.67785 0.47975
0.52941 0.51003 0.41415
0.37705 0.61773 0.53025
0.48896 0.59060 0.42867
0.58068 0.43707 0.48407
0.47898 0.51255 0.59627
0.47431 0.58169 0.46322
0.54131 0.49604 0.42335
0.55964 0.58916 0.53148
0.53293 0.60222 0.69217
0.52854 0.39960 0.42824
0.39599 0.53617 0.50393
0.57877 0.55813 0.48764
0.44868 0.67422 0.45385
0.53642 0.57502 0.50135
0.46328 0.56406 0.51873
0.47179 0.56663 0.55536
0.49292 0.57707 0.51062
0.44454 0.56452 0.58012
0.55800 0.55765 0.48159
0.61116 0.59556 0.46343
0.49566 0.56761 0.57374
0.50775 0.63288 0.44012
0.54775 0.50609 0.57972
0.50745 0.45514 0.47643
0.60806 0.51869 0.51265
0.56478 0.56772 0.51646
0.56779 0.61633 0.52168
0.40491 0.45807 0.47482
0.55604 0.52627 0.41280
0.59649 0.45636 0.56988
0.58754 0.43252 0.45757
0.56061 0.54071 0.47420
0.37634 0.52519 0.55464
0.45570 0.62541 0.54505
0.43519 0.63488 0.37310
0.57236 0.57098 0.42948
0.53001 0.52920 0.52931
0.53796 0.44342 0.63289
0.54633 0.61878 0.46977
0.51625 0.48789 0.51184
0.49249 0.53370 0.44200
0.50746 0.62153 0.38850
0.51678 0.50295 0.57927
0.52862 0.60039 0.46028
0.59169 0.58633 0.48820
0.51946 0.53314 0.56053
0.41656 0.63230 0.62997
0.53302 0.53702 0.59007
0.49927 0.61340 0.41495
0.51075 0.60589 0.38081
0.41790 0.38857 0.41741
0.61075 0.64684 0.35298
0.56239 0.54966 0.70126
0.57045 0.58670 0.43758
0.55577 0.47324 0.54159
0.59765 0.44529 0.52664
0.57663 0.49233 0.54040
0.44068 0.39387 0.52187
0.47043 0.53066 0.54409
0.38269 0.59125 0.62841
0.66412 0.44108 0.51796
0.39060 0.69494 0.47206
0.50533 0.55783 0.60269
0.53538 0.46883 0.44438
0.49238 0.43568 0.48556
0.46626 0.47406 0.52666
0.60785 0.54664 0.48944
0.53838 0.57757 0.40474
0.55237 0.42486 0.59324
