20 13 1000 9197 14
0.00288 0.97080 0.10268
0.46442 0.24417 0.31139
0.26501 0.33974 0.22055
0.33689 0.92979 0.14181
0.75350 0.90912 0.68889
0.41997 0.69264 0.16552
0.28874 0.59094 0.50418
0.00572 0.28747 0.19993
0.77513 0.16579 0.22398
0.49837 0.81436 0.86494
0.44367 0.95589 0.35635
0.20562 0.83622 0.14656
0.19245 0.13015 0.23433
0.42219 0.72731 0.39561
0.27582 0.57034 0.26522
0.31016 0.63005 0.31433
0.38752 0.62323 0.34623
0.41673 0.58734 0.32967
0.33349 0.62409 0.30133
0.38243 0.52531 0.29639
0.31997 0.63859 0.38008
0.37734 0.55924 0.40309
0.32612 0.72368 0.37803
0.41914 0.63521 0.37181
0.38765 0.70160 0.44502
0.39331 0.76119 0.42097
0.36736 0.62828 0.30617
0.34540 0.65349 0.23008
0.37707 0.60682 0.33999
0.26634 0.72905 0.22200
0.39994 0.63732 0.38505
0.31686 0.57238 0.31023
0.28116 0.48660 0.31693
0.40961 0.62501 0.31316
0.39941 0.55690 0.32087
0.33178 0.72624 0.29449
0.34712 0.52448 0.29498
0.45378 0.50648 0.34396
0.28715 0.71208 0.25918
0.30864 0.53245 0.36021
0.28859 0.67666 0.26895
0.32894 0.39697 0.30248
0.35088 0.59863 0.33677
0.31773 0.71280 0.28870
0.43606 0.68127 0.32776
0.35449 0.39984 0.26018
0.36981 0.66469 0.33819
0.25668 0.59687 0.27761
0.45835 0.59037 0.39288
0.31396 0.78942 0.29045
0.27017 0.62439 0.25269
0.45445 0.62117 0.37749
0.33912 0.50969 0.31108
0.41837 0.49828 0.31757
0.29233 0.41975 0.25708
0.27566 0.60810 0.24487
0.39908 0.67279 0.32244
0.32398 0.56307 0.24691
0.33958 0.51789 0.26218
0.32084 0.48178 0.29945
0.33966 0.53895 0.32457
0.29154 0.58591 0.32063
0.38793 0.73738 0.27316
0.41309 0.69118 0.33831
0.42352 0.68893 0.36209
0.37357 0.70150 0.30199
0.31958 0.70076 0.35872
0.44086 0.60970 0.45336
0.32608 0.73567 0.26876
0.58077 0.32059 0.26885
0.28329 0.62540 0.20492
0.41494 0.61029 0.39325
0.41271 0.45102 0.27631
0.41015 0.66273 0.25837
0.41436 0.49885 0.33910
0.31583 0.63162 0.26330
0.35998 0.66343 0.23977
0.42212 0.66289 0.41470
0.32723 0.75813 0.31661
0.28669 0.55658 0.31884
0.36744 0.54883 0.35987
0.40413 0.53555 0.36646
0.35989 0.60199 0.37960
0.50022 0.58846 0.26526
0.33919 0.71561 0.24370
0.43456 0.61572 0.30763
0.34921 0.54377 0.27465
0.36079 0.64621 0.32390
0.40031 0.78597 0.36062
0.34456 0.60124 0.29424
0.36826 0.58541 0.29471
0.33547 0.53410 0.39322
0.32192 0.63260 0.26375
0.39632 0.70623 0.34458
0.31417 0.66811 0.26612
0.35540 0.60682 0.30012
0.29984 0.66878 0.27542
0.22596 0.51862 0.25922
0.31525 0.42193 0.25530
0.32383 0.68009 0.34457
0.38346 0.78896 0.33079
0.27184 0.55857 0.34416
0.40673 0.63674 0.56060
0.35710 0.65749 0.33411
0.27855 0.45400 0.27742
0.34718 0.71928 0.30539
0.34864 0.53334 0.27516
0.40619 0.55650 0.39475
0.30948 0.62941 0.26399
0.35336 0.67264 0.25248
0.42871 0.66126 0.34944
0.41638 0.66153 0.40740
0.38958 0.69920 0.43839
0.37611 0.63946 0.40711
0.43999 0.56844 0.33821
0.42775 0.60043 0.28690
0.30404 0.33814 0.27639
0.30184 0.63525 0.33658
0.32918 0.62451 0.34504
0.46509 0.48053 0.28768
0.33799 0.62624 0.29735
0.32211 0.61815 0.37055
0.40682 0.60370 0.36267
0.44684 0.78606 0.42931
0.32619 0.62092 0.29780
0.31738 0.58846 0.29621
0.36148 0.59910 0.29159
0.31498 0.60522 0.23088
0.46223 0.66420 0.38554
0.18338 0.55799 0.25485
0.23667 0.62760 0.30840
0.32691 0.69213 0.30575
0.33734 0.67190 0.44180
0.39628 0.69522 0.36006
0.26418 0.65209 0.25068
0.31241 0.50890 0.25576
0.33680 0.57203 0.36703
0.37210 0.50258 0.27931
0.38734 0.52143 0.39610
0.25459 0.64609 0.22340
0.40917 0.67109 0.41140
0.37826 0.60246 0.29224
0.20549 0.69886 0.24005
0.32195 0.51085 0.27894
0.37878 0.58771 0.33130
0.21816 0.66945 0.23457
0.29933 0.54644 0.29490
0.30677 0.61593 0.23625
0.30246 0.66871 0.19482
0.36345 0.57906 0.39344
0.39859 0.43725 0.30869
0.30027 0.49758 0.34395
0.39076 0.52263 0.39240
0.42714 0.55016 0.37596
0.36427 0.53661 0.28281
0.26861 0.49177 0.25033
0.34849 0.66265 0.32396
0.43443 0.61398 0.39229
0.28693 0.60741 0.29371
0.41876 0.63469 0.37382
0.26778 0.67764 0.23001
0.30818 0.67175 0.25466
0.39431 0.70022 0.33797
0.39507 0.67122 0.39690
0.34286 0.66620 0.29338
0.31429 0.63978 0.23320
0.32358 0.58000 0.37924
0.43549 0.67520 0.38310
0.32824 0.57407 0.28062
0.29253 0.54551 0.35501
0.52103 0.57504 0.38675
0.31479 0.61158 0.27441
0.41955 0.75372 0.39883
0.38102 0.49705 0.27068
0.48120 0.65978 0.40975
0.32043 0.58823 0.30359
0.40841 0.54895 0.28423
0.36156 0.71174 0.41877
0.18983 0.67638 0.22584
0.40865 0.39648 0.25050
0.37333 0.66254 0.33571
0.51014 0.52827 0.34327
0.25236 0.71434 0.25818
0.39781 0.66985 0.28851
0.34080 0.42575 0.23586
0.32006 0.59587 0.30778
0.35543 0.58331 0.26548
0.40598 0.63886 0.49340
0.37223 0.54742 0.26052
0.40836 0.54794 0.37684
0.35550 0.57605 0.31990
0.46370 0.48440 0.34468
0.44156 0.66511 0.27074
0.34364 0.64430 0.31354
0.25685 0.68756 0.21508
0.31192 0.69789 0.30950
0.26451 0.60842 0.29333
0.34393 0.62196 0.31166
0.46454 0.50839 0.30590
0.48926 0.51480 0.30928
0.42064 0.65120 0.42630
0.31066 0.44613 0.34061
0.24116 0.62401 0.33899
0.38286 0.55683 0.40428
0.29025 0.54504 0.23254
0.38795 0.58180 0.30301
0.50516 0.52103 0.35103
0.28970 0.45556 0.35794
0.36390 0.68562 0.39463
0.29989 0.63681 0.27977
0.42526 0.59697 0.25753
0.39163 0.58640 0.25028
0.38688 0.45628 0.33054
0.21833 0.53189 0.28067
0.47436 0.60587 0.37128
0.31359 0.60422 0.34133
0.32874 0.57435 0.20965
0.35487 0.58669 0.33319
0.33397 0.57896 0.38374
0.36034 0.76729 0.37465
0.45484 0.73212 0.51531
0.33983 0.53026 0.30594
0.42279 0.53240 0.31855
0.39025 0.66149 0.35135
0.41206 0.51568 0.30209
0.33021 0.56433 0.28752
0.37940 0.56520 0.25937
0.38779 0.52337 0.25771
0.38791 0.69646 0.35839
0.29224 0.65752 0.24910
0.38450 0.59556 0.43808
0.28645 0.58165 0.28099
0.37326 0.70943 0.37486
0.33756 0.55837 0.37105
0.30808 0.54951 0.29173
0.41877 0.58904 0.26482
0.31760 0.51807 0.24559
0.41757 0.43966 0.28151
0.37283 0.61826 0.24959
0.28654 0.68439 0.25980
0.38048 0.65346 0.29202
0.43283 0.67503 0.28439
0.39106 0.80961 0.32576
0.46311 0.65549 0.36793
0.36337 0.71653 0.36879
0.35443 0.47352 0.27663
0.37195 0.54680 0.33566
0.40135 0.53299 0.32547
0.28632 0.75416 0.20710
0.32852 0.60671 0.29433
0.43198 0.71925 0.45181
0.36208 0.69860 0.23433
0.39817 0.62776 0.30626
0.32533 0.68552 0.24821
0.44665 0.65138 0.45234
0.29191 0.70892 0.27608
0.25040 0.82357 0.29878
0.46846 0.63693 0.45600
0.38069 0.48865 0.26103
0.27592 0.60273 0.27338
0.44486 0.44982 0.31475
0.32078 0.48121 0.31221
0.37326 0.74488 0.43067
0.48782 0.64050 0.33400
0.32142 0.71393 0.29830
0.43911 0.62891 0.40614
0.35468 0.65350 0.31876
0.45339 0.59321 0.38891
0.39289 0.51616 0.31388
0.33049 0.70465 0.24372
0.34088 0.62318 0.30715
0.34771 0.50791 0.36310
0.43437 0.52397 0.36035
0.32832 0.48934 0.29715
0.41804 0.58354 0.35024
0.35558 0.55276 0.33748
0.31338 0.64067 0.23019
0.33782 0.41740 0.22865
0.44816 0.57953 0.40866
0.35982 0.60570 0.23458
0.30894 0.74080 0.32476
0.36205 0.53415 0.28087
0.39823 0.49992 0.28105
0.40363 0.70846 0.27599
0.37760 0.59735 0.44028
0.34386 0.74217 0.24220
0.44445 0.53458 0.34756
0.37382 0.54316 0.38494
0.36709 0.64254 0.26755
0.31997 0.68488 0.26088
0.21693 0.66675 0.22290
0.39037 0.66282 0.30925
0.41901 0.45732 0.27432
0.34485 0.60111 0.23611
0.30804 0.63613 0.23306
0.41422 0.62837 0.38201
0.29767 0.55191 0.26024
0.36196 0.59870 0.35277
0.32383 0.60198 0.26657
0.41531 0.43244 0.28580
0.33583 0.49073 0.29311
0.37579 0.69843 0.36617
0.42208 0.67259 0.38953
0.28532 0.59710 0.30225
0.43204 0.69831 0.34265
0.37558 0.53202 0.24664
0.32267 0.56201 0.25918
0.41745 0.56032 0.25638
0.33150 0.63722 0.41074
0.36241 0.50864 0.26964
0.37882 0.54537 0.31378
0.37655 0.66639 0.35270
0.26020 0.72456 0.22771
0.45665 0.71934 0.40358
0.30358 0.53949 0.39315
0.36872 0.58057 0.27533
0.28932 0.70747 0.24320
0.40489 0.56008 0.27338
0.38494 0.61404 0.29316
0.37197 0.62240 0.34471
0.35546 0.53516 0.35523
0.40327 0.70179 0.39732
0.42713 0.57818 0.36641
0.32112 0.70024 0.30952
0.26635 0.39548 0.33386
0.31850 0.70318 0.30639
0.37163 0.58111 0.29722
0.25103 0.46194 0.29688
0.23349 0.63223 0.25518
0.31558 0.83724 0.28384
0.39310 0.72354 0.46498
0.36327 0.35320 0.25275
0.27383 0.56702 0.21072
0.50035 0.48962 0.25059
0.37020 0.60860 0.27974
0.32560 0.55583 0.31869
0.33794 0.72922 0.27274
0.40052 0.63366 0.30870
0.30116 0.57991 0.27619
0.28967 0.44600 0.26761
0.34088 0.55523 0.29034
0.37963 0.56739 0.25648
0.29255 0.56044 0.27584
0.33712 0.53483 0.39182
0.42662 0.54603 0.29338
0.36782 0.68146 0.36249
0.36337 0.56470 0.31110
0.39684 0.68819 0.44203
0.40096 0.75189 0.31467
0.40893 0.50649 0.27102
0.36815 0.53986 0.39713
0.32440 0.64476 0.22335
0.35259 0.60354 0.31996
0.47869 0.60899 0.36047
0.32695 0.48835 0.27911
0.22265 0.75235 0.26078
0.38482 0.59951 0.37523
0.42423 0.62970 0.38223
0.48781 0.42375 0.28383
0.31472 0.75567 0.31221
0.42473 0.44959 0.32748
0.37346 0.72555 0.29511
0.33634 0.76165 0.28264
0.33819 0.55057 0.28892
0.31044 0.53644 0.29039
0.23629 0.57759 0.27876
0.31764 0.58664 0.31245
0.32502 0.69359 0.32424
0.32808 0.62292 0.26954
0.34556 0.69467 0.37807
0.49760 0.72251 0.46513
0.43647 0.48327 0.29631
0.36271 0.49774 0.35056
0.21795 0.57581 0.20311
0.29105 0.70056 0.29842
0.32722 0.58590 0.29573
0.33319 0.56250 0.30146
0.44086 0.61635 0.40231
0.35458 0.69531 0.22616
0.29562 0.64586 0.32083
0.43275 0.60862 0.35448
0.45351 0.52665 0.34176
0.36186 0.62986 0.28439
0.46323 0.51813 0.38757
0.24674 0.72008 0.24084
0.30351 0.37030 0.26772
0.25419 0.63844 0.19609
0.33678 0.57270 0.27421
0.28263 0.60347 0.29282
0.26550 0.50070 0.23798
0.43905 0.48415 0.31903
0.42380 0.67182 0.36477
0.44466 0.55282 0.42588
0.32046 0.47705 0.32357
0.37087 0.76616 0.35664
0.27856 0.72021 0.29362
0.27773 0.45827 0.25191
0.27432 0.49400 0.28032
0.35551 0.68013 0.40368
0.30775 0.65540 0.22170
0.35812 0.54249 0.30174
0.29595 0.60500 0.31765
0.33447 0.63049 0.25623
0.36505 0.67064 0.37586
0.42388 0.57800 0.32538
0.36717 0.53570 0.31646
0.40983 0.56900 0.37974
0.41089 0.49887 0.31437
0.39617 0.61490 0.27338
0.43413 0.75225 0.49843
0.35659 0.45945 0.27516
0.34790 0.67837 0.21926
0.50667 0.55488 0.35517
0.43473 0.53425 0.30165
0.56906 0.42340 0.30186
0.37932 0.57178 0.36690
0.31630 0.64106 0.36658
0.37821 0.60515 0.26775
0.36921 0.63566 0.31929
0.35620 0.47529 0.32268
0.28893 0.61745 0.22300
0.29793 0.45535 0.29547
0.24677 0.62079 0.26309
0.40863 0.54141 0.40345
0.44202 0.46878 0.24690
0.31463 0.52921 0.35268
0.37514 0.61175 0.26763
0.31370 0.66846 0.33936
0.40971 0.68906 0.36909
0.36205 0.61059 0.24601
0.39927 0.43703 0.29422
0.38798 0.64561 0.36840
0.37119 0.47877 0.30038
0.40907 0.71781 0.36761
0.37454 0.54267 0.41341
0.33389 0.56169 0.26393
0.36048 0.69042 0.35573
0.39201 0.46968 0.28301
0.32294 0.72542 0.27592
0.35358 0.48865 0.28357
0.35269 0.71061 0.29383
0.40037 0.62084 0.41614
0.44000 0.59517 0.23112
0.39746 0.61582 0.31359
0.29816 0.60334 0.33769
0.35092 0.50098 0.24350
0.38244 0.55644 0.41621
0.24196 0.60851 0.29972
0.33693 0.50195 0.34796
0.41184 0.76086 0.40795
0.24580 0.59745 0.24629
0.39499 0.60288 0.38611
0.40152 0.65136 0.45162
0.32006 0.55379 0.28239
0.36961 0.50992 0.29918
0.46958 0.54116 0.33543
0.30147 0.53517 0.26973
0.28807 0.69111 0.24937
0.29432 0.60518 0.28557
0.40718 0.66461 0.33455
0.34614 0.61229 0.34189
0.36109 0.67706 0.34237
0.50637 0.80727 0.47432
0.30470 0.49062 0.26600
0.36699 0.55546 0.34229
0.32701 0.63510 0.33126
0.35813 0.72377 0.31420
0.25333 0.58368 0.25692
0.27776 0.61431 0.26840
0.34871 0.75591 0.30114
0.37512 0.67084 0.32114
0.28811 0.50249 0.35142
0.31985 0.58801 0.37359
0.36499 0.54146 0.33292
0.49478 0.54485 0.37044
0.37674 0.53300 0.31097
0.30577 0.49132 0.35953
0.25094 0.52436 0.26192
0.41399 0.54357 0.41492
0.28961 0.70541 0.29416
0.38268 0.64202 0.33717
0.41438 0.63284 0.43513
0.32012 0.46418 0.25221
0.28054 0.56912 0.28646
0.33291 0.43526 0.35224
0.24566 0.53515 0.33534
0.33158 0.70154 0.36754
0.34468 0.50527 0.30001
0.35414 0.61904 0.42718
0.37699 0.56136 0.38526
0.56240 0.58717 0.40026
0.32717 0.67140 0.28791
0.34305 0.56553 0.31124
0.39347 0.46940 0.31595
0.44019 0.59980 0.35375
0.42085 0.64355 0.32474
0.31220 0.64669 0.36221
0.38324 0.69804 0.26350
0.38697 0.72133 0.34489
0.29686 0.67478 0.22361
0.38047 0.53248 0.36778
0.39933 0.62466 0.25994
0.36823 0.68489 0.40756
0.17406 0.47333 0.20875
0.33858 0.63962 0.33095
0.32117 0.71676 0.30108
0.30987 0.73430 0.25275
0.35155 0.51364 0.37470
0.34784 0.58194 0.40419
0.35560 0.48128 0.23507
0.37595 0.51504 0.24189
0.38944 0.58437 0.31359
0.38418 0.60540 0.33729
0.44534 0.60878 0.31106
0.39145 0.52308 0.35211
0.32294 0.65431 0.33086
0.18393 0.60401 0.23400
0.35278 0.55422 0.39628
0.35854 0.59965 0.32340
0.31999 0.55514 0.26898
0.31358 0.53997 0.29896
0.36904 0.68680 0.35064
0.34418 0.62807 0.27116
0.31911 0.55190 0.30092
0.37660 0.71424 0.44450
0.39412 0.64337 0.40709
0.32938 0.63176 0.29259
0.41227 0.68483 0.46196
0.31562 0.65405 0.31880
0.38189 0.62700 0.27959
0.38711 0.44553 0.25504
0.38826 0.45761 0.29156
0.36549 0.52883 0.31964
0.43886 0.60286 0.37969
0.33193 0.70593 0.28687
0.39529 0.76923 0.38707
0.31980 0.62882 0.23188
0.45191 0.60228 0.28137
0.31785 0.59125 0.27311
0.38286 0.67124 0.29942
0.30107 0.54645 0.29800
0.31686 0.75417 0.28712
0.28477 0.67882 0.25789
0.37237 0.57732 0.36179
0.35877 0.64693 0.36717
0.40562 0.61795 0.36120
0.27091 0.63815 0.31471
0.33794 0.63631 0.33849
0.42001 0.53189 0.36403
0.36768 0.69387 0.24877
0.46060 0.68422 0.38127
0.45590 0.62323 0.26292
0.37344 0.57753 0.31941
0.16444 0.75348 0.24165
0.35800 0.67410 0.23858
0.41453 0.62866 0.26808
0.32730 0.59324 0.28329
0.38779 0.62328 0.32181
0.42480 0.69584 0.41222
0.27961 0.72395 0.25664
0.35941 0.50250 0.31625
0.30173 0.49375 0.26460
0.43780 0.46692 0.31092
0.41733 0.58839 0.37018
0.53208 0.75218 0.50880
0.38517 0.59820 0.37406
0.32902 0.51069 0.25757
0.26773 0.26285 0.27746
0.39913 0.64086 0.39633
0.26678 0.69159 0.25647
0.39311 0.60870 0.35458
0.42209 0.67326 0.35782
0.34620 0.49845 0.26806
0.29953 0.61802 0.32475
0.35923 0.69873 0.29029
0.34633 0.55453 0.27691
0.36640 0.62973 0.43285
0.27523 0.63635 0.24619
0.32396 0.74621 0.30697
0.38366 0.60142 0.30157
0.40999 0.67051 0.41848
0.37554 0.61887 0.29912
0.35756 0.61816 0.33147
0.33548 0.53221 0.32770
0.27985 0.55932 0.30311
0.35156 0.62580 0.27825
0.41913 0.62439 0.34512
0.32963 0.51733 0.34817
0.34746 0.64943 0.40403
0.38276 0.59156 0.25348
0.32250 0.56649 0.37712
0.36703 0.50028 0.27649
0.29875 0.73072 0.25026
0.38044 0.55351 0.32495
0.36975 0.67700 0.29914
0.37221 0.54127 0.36396
0.38539 0.56333 0.22677
0.34619 0.37825 0.25689
0.30130 0.64399 0.27631
0.37389 0.56108 0.38836
0.23531 0.50690 0.24243
0.37431 0.68140 0.34259
0.43838 0.59665 0.45462
0.37192 0.72941 0.33574
0.31017 0.54233 0.35768
0.28345 0.55649 0.30785
0.31223 0.62996 0.30874
0.34942 0.48831 0.34229
0.42247 0.66054 0.32457
0.30339 0.51321 0.27869
0.33683 0.61434 0.27633
0.38137 0.66546 0.36743
0.34113 0.53341 0.31787
0.39416 0.59981 0.25973
0.35358 0.49332 0.32915
0.41566 0.50085 0.33155
0.38025 0.58482 0.28997
0.27933 0.61257 0.24903
0.27992 0.45388 0.31761
0.41159 0.62090 0.25112
0.41868 0.59066 0.32776
0.29798 0.52995 0.28147
0.44079 0.65870 0.44400
0.37145 0.43240 0.30521
0.23710 0.56165 0.28093
0.36411 0.52616 0.26777
0.35089 0.68166 0.35391
0.33510 0.73492 0.27208
0.30929 0.55692 0.29397
0.37809 0.56544 0.36652
0.35048 0.69988 0.35383
0.37698 0.76202 0.33282
0.43310 0.54431 0.36488
0.47081 0.77457 0.42222
0.43901 0.58542 0.31855
0.34544 0.64854 0.28274
0.34174 0.46248 0.38503
0.37368 0.63529 0.34000
0.28525 0.60815 0.25147
0.46302 0.51887 0.35068
0.41059 0.57364 0.25892
0.39185 0.55281 0.28668
0.37553 0.57594 0.34739
0.34568 0.70987 0.37435
0.42194 0.71856 0.41241
0.27126 0.60237 0.22368
0.40608 0.60131 0.31972
0.29352 0.62519 0.36882
0.34568 0.69392 0.37790
0.35391 0.59125 0.36051
0.37110 0.55840 0.37793
0.37491 0.57072 0.28991
0.51748 0.61258 0.34301
0.36166 0.73800 0.31836
0.28652 0.67028 0.29521
0.41618 0.58268 0.27777
0.46577 0.74389 0.45470
0.31940 0.54735 0.27565
0.27196 0.53884 0.33907
0.43770 0.68645 0.36622
0.46567 0.73154 0.48293
0.39758 0.56841 0.38940
0.36050 0.70994 0.27179
0.34001 0.63910 0.23732
0.36481 0.60097 0.38880
0.29204 0.58377 0.32982
0.44737 0.69892 0.34868
0.33952 0.53916 0.27154
0.46153 0.65489 0.31831
0.23383 0.75375 0.22030
0.28099 0.64594 0.22387
0.43605 0.65569 0.42929
0.29217 0.60055 0.26030
0.30068 0.56145 0.28149
0.32915 0.46185 0.29322
0.31419 0.52392 0.25021
0.37421 0.72923 0.31418
0.30838 0.52692 0.29005
0.25485 0.57439 0.22833
0.38167 0.69504 0.26975
0.44496 0.70066 0.38208
0.30928 0.65065 0.28433
0.35383 0.59272 0.32539
0.29856 0.55720 0.29628
0.40702 0.66993 0.37891
0.34532 0.64884 0.36403
0.29828 0.56632 0.28405
0.41974 0.69991 0.55088
0.29241 0.53551 0.24055
0.39797 0.57399 0.33966
0.50474 0.57148 0.30633
0.36337 0.71893 0.32329
0.40998 0.74424 0.40183
0.47408 0.67497 0.43050
0.28011 0.71717 0.29094
0.46346 0.48259 0.31278
0.36951 0.59327 0.39610
0.34326 0.53024 0.29801
0.42744 0.57595 0.32259
0.29214 0.57918 0.35913
0.36662 0.67523 0.29603
0.31603 0.63873 0.38991
0.31310 0.58310 0.32073
0.37589 0.49400 0.28186
0.37363 0.66066 0.39326
0.37494 0.66295 0.43324
0.28472 0.56582 0.27097
0.34594 0.69311 0.31875
0.39616 0.61057 0.27707
0.37088 0.58474 0.33642
0.34538 0.44102 0.27162
0.38916 0.64295 0.38673
0.45763 0.49629 0.34468
0.32059 0.54220 0.29559
0.40173 0.58996 0.32501
0.38586 0.61859 0.30561
0.38839 0.60443 0.31745
0.32457 0.49905 0.24333
0.35091 0.55848 0.30203
0.29876 0.68344 0.26580
0.32732 0.72498 0.31583
0.36355 0.64484 0.36150
0.33350 0.63503 0.38580
0.43006 0.58077 0.34739
0.35197 0.58186 0.35147
0.38040 0.66476 0.38184
0.35423 0.74357 0.37055
0.48422 0.69413 0.44520
0.25470 0.48206 0.26324
0.34142 0.59395 0.37938
0.44941 0.63929 0.46343
0.29889 0.66137 0.29792
0.36887 0.48036 0.24813
0.35817 0.64238 0.30513
0.27660 0.69779 0.29565
0.35097 0.51365 0.26652
0.29269 0.64846 0.29800
0.40793 0.64662 0.37498
0.31297 0.59063 0.33359
0.48986 0.76258 0.54149
0.36223 0.56865 0.31992
0.40201 0.62275 0.39829
0.40083 0.72119 0.38106
0.35472 0.69178 0.30356
0.30547 0.56257 0.31787
0.46489 0.71412 0.46465
0.37600 0.66332 0.30449
0.36696 0.60900 0.32393
0.39646 0.53157 0.32497
0.24337 0.70629 0.21629
0.33408 0.54231 0.26828
0.29373 0.70927 0.31470
0.35185 0.53549 0.26581
0.43866 0.45139 0.27932
0.33154 0.65418 0.30474
0.43943 0.69322 0.44860
0.30974 0.52872 0.29776
0.27419 0.57123 0.31255
0.34384 0.57456 0.33797
0.33049 0.60007 0.30541
0.39772 0.65069 0.47951
0.34007 0.53473 0.27664
0.27316 0.65036 0.22952
0.33674 0.54239 0.28674
0.44844 0.43970 0.28272
0.38607 0.65724 0.41887
0.42393 0.45457 0.29616
0.33654 0.64552 0.27569
0.30410 0.63894 0.28988
0.35210 0.54864 0.30808
0.30140 0.64639 0.30528
0.29214 0.57366 0.24155
0.31735 0.60669 0.32775
0.39773 0.64767 0.35049
0.29994 0.53043 0.32601
0.34171 0.54398 0.28695
0.40738 0.58844 0.42932
0.33884 0.59135 0.29295
0.38176 0.54395 0.21493
0.46438 0.68771 0.48284
0.36977 0.79644 0.31119
0.21968 0.46605 0.32011
0.31806 0.58572 0.25308
0.38983 0.49537 0.37650
0.34007 0.62678 0.26135
0.30916 0.72674 0.29284
0.40453 0.59615 0.27864
0.34850 0.58879 0.28611
0.32278 0.55800 0.35902
0.30387 0.70288 0.24333
0.36600 0.67888 0.38837
0.44341 0.61034 0.45233
0.31191 0.68969 0.24362
0.29808 0.67458 0.33438
0.31545 0.62821 0.31974
0.37076 0.47875 0.32598
0.42653 0.66077 0.34819
0.49292 0.60346 0.30645
0.48369 0.46909 0.31299
0.31659 0.52291 0.30963
0.44177 0.74188 0.50737
0.41333 0.71283 0.37773
0.38196 0.57148 0.26190
0.38340 0.56745 0.33903
0.34910 0.46015 0.33939
0.34482 0.61067 0.31463
0.38690 0.68054 0.48804
0.40129 0.58606 0.36011
0.27569 0.61871 0.36199
0.26858 0.59446 0.28883
0.47548 0.51817 0.29678
0.41405 0.60949 0.43354
0.36052 0.63863 0.30361
0.30680 0.61375 0.34845
0.30579 0.63628 0.25439
0.29132 0.65479 0.27268
0.26680 0.75357 0.25057
0.43221 0.42985 0.31812
0.28532 0.54311 0.23988
0.36151 0.65477 0.26899
0.28222 0.55684 0.29018
0.43985 0.49895 0.32040
0.35910 0.51761 0.27132
0.30128 0.68897 0.39387
0.31553 0.57811 0.25986
0.33165 0.55326 0.27374
0.29698 0.57022 0.26486
0.44635 0.60042 0.39756
0.53428 0.63113 0.44892
0.37348 0.70241 0.29268
0.47046 0.67320 0.39309
0.47001 0.65971 0.38135
0.29579 0.62039 0.20954
0.44179 0.78716 0.38010
0.27471 0.76077 0.21495
0.37619 0.52226 0.25609
0.45526 0.63210 0.31897
0.33091 0.66427 0.27416
0.28653 0.67567 0.24325
0.34319 0.51272 0.34928
0.29336 0.72159 0.22470
0.44853 0.51986 0.32472
0.38485 0.60311 0.40899
0.29445 0.51689 0.30222
0.25928 0.63860 0.21398
0.31121 0.49913 0.28970
0.48611 0.69947 0.38444
0.22064 0.73516 0.29122
0.33128 0.63991 0.31216
0.38994 0.72934 0.37620
0.41103 0.72417 0.33949
0.28760 0.43588 0.30871
0.49610 0.80960 0.49059
0.31529 0.60548 0.36281
0.42432 0.66676 0.50234
0.34610 0.71359 0.34888
0.29117 0.50783 0.25756
0.38399 0.53457 0.26856
0.32057 0.59272 0.29558
0.48191 0.72602 0.50360
0.36948 0.68533 0.39709
0.27971 0.63389 0.38789
0.28618 0.79385 0.25001
0.38769 0.69646 0.31128
0.32153 0.72978 0.26768
0.38094 0.68443 0.30165
0.29309 0.67227 0.25461
0.45161 0.61466 0.33886
0.40752 0.57142 0.28495
0.40977 0.66888 0.32199
0.28465 0.67772 0.22175
0.35381 0.68645 0.33601
0.35850 0.62438 0.30290
0.30307 0.51961 0.32852
0.32025 0.63234 0.26456
0.45878 0.72755 0.38997
0.34690 0.47772 0.32624
0.34181 0.71392 0.31953
0.46456 0.50597 0.40576
0.27736 0.53944 0.28252
0.30884 0.60006 0.32605
0.39887 0.51269 0.34153
0.35732 0.73676 0.38397
0.31018 0.43949 0.28148
0.36666 0.64927 0.35511
0.34868 0.68027 0.30673
0.36474 0.67342 0.35909
0.46974 0.58664 0.32081
0.42848 0.42418 0.24005
0.39952 0.58663 0.31096
0.35406 0.64038 0.25302
0.37405 0.70169 0.33804
0.38393 0.59031 0.22360
0.37698 0.66261 0.42465
0.44091 0.58435 0.28405
0.41266 0.68782 0.28703
0.29828 0.50897 0.25139
0.28682 0.59546 0.27906
0.34155 0.55806 0.34248
0.34482 0.48998 0.31146
0.35613 0.67264 0.29304
0.31413 0.66382 0.29182
0.33135 0.55033 0.34455
0.39637 0.62200 0.25719
0.39019 0.58816 0.38473
0.41151 0.62116 0.39158
0.39472 0.55577 0.31045
0.38586 0.51121 0.26075
0.25636 0.39953 0.26717
0.46024 0.66787 0.37780
0.44611 0.55672 0.41479
0.44603 0.69612 0.43338
0.38462 0.67440 0.45805
0.40403 0.67759 0.48110
0.33315 0.68018 0.30700
0.40418 0.59927 0.42534
0.43232 0.59492 0.36630
0.26128 0.57385 0.30988
0.32902 0.45086 0.31291
0.45248 0.66066 0.31472
0.43238 0.51841 0.30317
0.36618 0.64118 0.33603
0.44231 0.64626 0.37410
0.39831 0.64354 0.36876
0.36463 0.60012 0.29328
0.33972 0.62998 0.28720
0.34855 0.68213 0.35527
0.17097 0.46703 0.26835
0.32893 0.55504 0.29566
0.42406 0.52585 0.33850
0.33669 0.67084 0.21458
0.37160 0.67874 0.26959
0.35589 0.59177 0.35106
0.34858 0.68838 0.32403
0.34792 0.71762 0.36638
0.37453 0.71131 0.31344
0.36721 0.53024 0.36585
0.43919 0.65916 0.34745
0.40825 0.70114 0.40523
0.43049 0.70679 0.39038
0.31186 0.69498 0.29778
0.35071 0.66761 0.26364
0.45744 0.67385 0.56617
0.55698 0.46415 0.26254
0.37687 0.67257 0.31592
0.34159 0.66221 0.40757
0.34623 0.49154 0.28613
0.31218 0.65613 0.28206
0.32280 0.68550 0.28172
0.30717 0.65132 0.31942
0.38645 0.51628 0.32600
0.27942 0.59686 0.31452
0.40240 0.46322 0.27935
0.27432 0.63422 0.19484
0.37223 0.63127 0.24193
0.29546 0.58402 0.31403
0.32766 0.69954 0.32209
0.41846 0.69694 0.38556
0.38596 0.61416 0.28393
0.37097 0.37977 0.30596
0.31922 0.59993 0.31567
0.37721 0.59959 0.35708
0.28705 0.62085 0.27707
0.30093 0.54535 0.42312
0.30205 0.69543 0.24397
0.35812 0.64638 0.41456
0.29624 0.59780 0.35276
0.38929 0.62414 0.38096
0.33137 0.63632 0.33205
0.45254 0.67837 0.43590
0.27253 0.51465 0.28978
0.32354 0.71713 0.28654
0.41205 0.57870 0.40802
0.28764 0.66336 0.25292
0.27912 0.70320 0.28420
0.40499 0.54793 0.33310
0.27496 0.61024 0.25832
0.44779 0.37662 0.29334
0.35194 0.69475 0.27318
0.24034 0.67750 0.26773
0.43262 0.58969 0.41371
0.28194 0.50475 0.29820
0.38968 0.35199 0.23660
0.35401 0.56351 0.31889
0.36371 0.73975 0.38123
0.36602 0.49470 0.25807
0.31192 0.64338 0.35610
0.27082 0.55472 0.26101
0.39817 0.66909 0.41575
0.29775 0.60642 0.33522
0.30579 0.62736 0.25441
0.37598 0.66970 0.31465
0.36697 0.58924 0.28195
0.44257 0.62495 0.40037
0.29999 0.54705 0.25997
0.36648 0.61078 0.35626
0.45794 0.65265 0.37919
0.31099 0.58822 0.29875
0.34039 0.67413 0.28212
0.35840 0.62931 0.33340
0.28840 0.70882 0.23382
0.39336 0.53346 0.30257
0.32645 0.60749 0.29085
0.45287 0.73362 0.51494
0.24405 0.56095 0.21909
0.32562 0.64775 0.25363
0.33447 0.66349 0.40640
0.42497 0.65438 0.32811
0.34217 0.66744 0.26225
0.35530 0.53745 0.27763
0.30045 0.58175 0.27776
0.41451 0.62678 0.40749
0.39862 0.65847 0.39313
