20 16 1000 29630 56
0.26861 0.27537 0.80534
0.64073 0.19455 0.61597
0.35527 0.08287 0.26353
0.34250 0.47075 0.24473
0.30505 0.82353 0.88726
0.32414 0.11890 0.41820
0.04496 0.02506 0.27488
0.21255 0.00009 0.70488
0.43104 0.60840 0.61656
0.57320 0.67103 0.34062
0.95520 0.71289 0.39632
0.94326 0.42109 0.12881
0.45091 0.48947 0.96630
0.38398 0.83228 0.33902
0.68991 0.30398 0.67426
0.71953 0.25221 0.23263
0.45282 0.39021 0.45021
0.52521 0.39800 0.51867
0.50459 0.48498 0.48325
0.47466 0.45352 0.45197
0.47562 0.34851 0.48302
0.52945 0.43982 0.50801
0.43065 0.41409 0.57165
0.49251 0.31468 0.37501
0.48032 0.39331 0.44885
0.56098 0.41651 0.46058
0.59074 0.44690 0.45110
0.50794 0.36455 0.49897
0.53329 0.37891 0.46517
0.62382 0.46138 0.42459
0.56613 0.40388 0.49058
0.42924 0.32676 0.44849
0.46602 0.40831 0.47306
0.48662 0.29433 0.49666
0.50144 0.50202 0.43337
0.49626 0.40266 0.40488
0.52703 0.45265 0.53692
0.46312 0.38521 0.54020
0.36579 0.29900 0.51282
0.46125 0.40674 0.52811
0.50364 0.37294 0.44280
0.42509 0.28488 0.40411
0.54390 0.38250 0.54606
0.53724 0.44689 0.40489
0.45962 0.40249 0.55521
0.54926 0.35885 0.46548
0.44945 0.45970 0.51777
0.40530 0.40969 0.54785
0.50487 0.44362 0.59573
0.48456 0.41105 0.49065
0.46243 0.27155 0.45471
0.53249 0.29627 0.43552
0.55724 0.50586 0.48100
0.32449 0.29684 0.48900
0.54238 0.42199 0.42606
0.48160 0.34097 0.47116
0.42880 0.40037 0.50675
0.49986 0.44106 0.46157
0.53386 0.36724 0.39621
0.43175 0.33388 0.43131
0.43387 0.44562 0.44829
0.50305 0.35490 0.45226
0.39202 0.27394 0.56835
0.48593 0.39986 0.42653
0.55698 0.39396 0.48524
0.48450 0.45170 0.46103
0.46835 0.39223 0.53890
0.43822 0.35222 0.52363
0.61668 0.34671 0.31443
0.47180 0.44096 0.48625
0.38897 0.46550 0.43639
0.43987 0.39619 0.47892
0.54873 0.41650 0.39508
0.46889 0.37760 0.43395
0.45436 0.48377 0.56062
0.37833 0.39247 0.61077
0.35960 0.29258 0.57138
0.48965 0.40050 0.48308
0.50029 0.38727 0.43316
0.46092 0.30333 0.39616
0.51220 0.47036 0.50706
0.50549 0.39701 0.57658
0.60770 0.36415 0.36896
0.50084 0.35935 0.43825
0.45701 0.28330 0.50192
0.44140 0.37210 0.53741
0.42219 0.37791 0.51846
0.45404 0.38366 0.51650
0.41813 0.43156 0.42413
0.56280 0.36574 0.43612
0.42628 0.37150 0.55683
0.49267 0.42572 0.55824
0.41216 0.33597 0.54937
0.34286 0.42335 0.55778
0.45750 0.58762 0.54535
0.48615 0.45930 0.57036
0.41552 0.41709 0.51458
0.47657 0.43850 0.56831
0.52599 0.43993 0.43935
0.56798 0.44315 0.55606
0.43339 0.39636 0.59325
0.43528 0.44908 0.46166
0.44823 0.46608 0.54521
0.44661 0.43506 0.54951
0.52916 0.43548 0.50850
0.44770 0.35641 0.47432
0.45429 0.27953 0.53012
0.39523 0.31361 0.48630
0.46822 0.44101 0.54791
0.41417 0.34717 0.42137
0.48688 0.42046 0.57090
0.39736 0.40506 0.50900
0.50022 0.41014 0.43400
0.58848 0.42132 0.34944
0.37459 0.45892 0.57857
0.46494 0.45232 0.46407
0.47114 0.41832 0.43401
0.63717 0.47911 0.39750
0.46483 0.47425 0.60960
0.56609 0.49555 0.41823
0.55445 0.42364 0.51837
0.36163 0.32733 0.54398
0.66327 0.46487 0.43006
0.46021 0.45271 0.56718
0.60735 0.35849 0.32985
0.59601 0.51562 0.42995
0.47727 0.41929 0.48034
0.45025 0.50940 0.52660
0.55095 0.43990 0.45828
0.52649 0.41779 0.59439
0.51979 0.52599 0.48501
0.48258 0.43609 0.53679
0.51868 0.37762 0.46014
0.50894 0.40078 0.43227
0.55563 0.36552 0.53210
0.43764 0.34777 0.39399
0.62900 0.40796 0.39950
0.51634 0.44682 0.40603
0.48397 0.41758 0.57688
0.53250 0.38026 0.44580
0.49532 0.43154 0.40322
0.34612 0.38056 0.52221
0.40893 0.36967 0.50469
0.54630 0.43542 0.47290
0.37909 0.36757 0.42176
0.59828 0.44444 0.39615
0.31559 0.26962 0.59687
0.46797 0.28808 0.47015
0.49017 0.30098 0.49422
0.44309 0.44799 0.50066
0.48788 0.35802 0.58401
0.54164 0.42719 0.40933
0.45267 0.32750 0.52838
0.46678 0.54457 0.60888
0.39958 0.35234 0.48720
0.36059 0.30380 0.59298
0.52326 0.31576 0.37488
0.42727 0.32264 0.59700
0.50117 0.40228 0.45100
0.51538 0.39375 0.43752
0.52569 0.45850 0.50827
0.48483 0.41205 0.52909
0.49343 0.48842 0.51347
0.49580 0.41971 0.44451
0.42778 0.56619 0.45931
0.48933 0.43585 0.57302
0.49575 0.31113 0.55345
0.53373 0.36092 0.50393
0.58823 0.53240 0.47392
0.41776 0.39217 0.58204
0.46781 0.31382 0.50888
0.48138 0.35674 0.47149
0.51432 0.39049 0.49321
0.55977 0.39882 0.52905
0.42164 0.25794 0.43805
0.51638 0.49327 0.48301
0.59642 0.37109 0.41564
0.46224 0.33549 0.43344
0.45445 0.31504 0.48253
0.53268 0.38667 0.51166
0.42513 0.35876 0.40228
0.48537 0.41532 0.45354
0.42896 0.39813 0.49934
0.43893 0.42311 0.52590
0.45742 0.47748 0.49221
0.49371 0.40420 0.52169
0.57424 0.34975 0.38084
0.38590 0.30831 0.45578
0.41576 0.37713 0.49145
0.42981 0.43336 0.60052
0.44822 0.28040 0.41308
0.44423 0.33849 0.57180
0.51881 0.38718 0.42627
0.50362 0.45269 0.51941
0.40041 0.32457 0.44343
0.47608 0.33977 0.40326
0.38593 0.46762 0.62222
0.52972 0.40086 0.52172
0.51992 0.39446 0.41388
0.50978 0.40170 0.39365
0.48712 0.30589 0.43188
0.51511 0.46001 0.55936
0.53023 0.44430 0.47237
0.43605 0.42197 0.55656
0.31076 0.26876 0.53588
0.52675 0.46971 0.47244
0.37781 0.40521 0.43955
0.44815 0.33552 0.39404
0.45383 0.43773 0.44277
0.48172 0.52651 0.56048
0.46135 0.42655 0.43323
0.40758 0.41059 0.56179
0.56741 0.46541 0.57166
0.47312 0.32914 0.58577
0.50158 0.38810 0.43707
0.55503 0.44905 0.38775
0.51275 0.46192 0.51281
0.55268 0.36980 0.44225
0.46596 0.35390 0.49975
0.58976 0.44167 0.44109
0.47374 0.33972 0.43942
0.59117 0.39790 0.56575
0.44618 0.35796 0.41000
0.52461 0.43399 0.45883
0.52150 0.32164 0.48056
0.46621 0.40885 0.53177
0.36672 0.33937 0.47801
0.51122 0.35421 0.45603
0.52353 0.47261 0.49704
0.43492 0.35828 0.58329
0.49744 0.40919 0.44674
0.38682 0.40194 0.44363
0.42890 0.41012 0.49696
0.52101 0.43284 0.57968
0.61250 0.46870 0.53948
0.46929 0.40396 0.57752
0.34861 0.38123 0.49547
0.40954 0.40133 0.55642
0.45585 0.40656 0.55120
0.42167 0.28790 0.47581
0.47808 0.45345 0.46505
0.42631 0.26418 0.45441
0.47329 0.25106 0.52622
0.44133 0.49238 0.57786
0.41734 0.42838 0.52659
0.43931 0.40944 0.49857
0.48302 0.37945 0.50655
0.41311 0.48652 0.52472
0.45392 0.40730 0.43917
0.52564 0.34667 0.43204
0.44937 0.49462 0.45807
0.52483 0.48243 0.48748
0.46007 0.40782 0.56065
0.65084 0.46398 0.37390
0.46580 0.28210 0.49275
0.41836 0.44266 0.47471
0.59335 0.43013 0.40752
0.49405 0.34612 0.49624
0.46221 0.36464 0.55107
0.44466 0.38650 0.58481
0.57329 0.52418 0.39637
0.47136 0.35418 0.51440
0.50493 0.45955 0.46945
0.47081 0.43175 0.59140
0.45609 0.31694 0.51238
0.40219 0.29117 0.50855
0.50542 0.45578 0.62693
0.40181 0.40548 0.53640
0.40965 0.35724 0.52229
0.37531 0.40069 0.48195
0.47927 0.39688 0.40911
0.55440 0.36829 0.56887
0.53709 0.31861 0.44121
0.42749 0.45404 0.53214
0.54178 0.43166 0.45458
0.46854 0.41649 0.46407
0.46263 0.38828 0.49260
0.42378 0.31846 0.48514
0.47601 0.38536 0.54077
0.49774 0.34216 0.53483
0.35081 0.35741 0.52215
0.48502 0.46986 0.58544
0.45159 0.39629 0.47449
0.44029 0.30001 0.41157
0.48271 0.50491 0.50191
0.54532 0.40056 0.51753
0.61199 0.38803 0.42575
0.51575 0.34211 0.54208
0.50479 0.37943 0.55236
0.47111 0.45662 0.46834
0.41779 0.48589 0.61942
0.51076 0.36483 0.42083
0.54695 0.32190 0.46018
0.64429 0.44511 0.48998
0.41090 0.36904 0.56733
0.48805 0.43576 0.53881
0.42753 0.40980 0.45283
0.45114 0.35839 0.55927
0.59795 0.39538 0.41916
0.53653 0.46797 0.47300
0.52676 0.40845 0.52821
0.53109 0.46791 0.51010
0.67891 0.51516 0.39129
0.51175 0.42640 0.43979
0.47044 0.51116 0.57992
0.58336 0.41088 0.44542
0.45916 0.40264 0.51461
0.47407 0.29027 0.59037
0.45092 0.57221 0.56068
0.50505 0.41218 0.45936
0.46978 0.32135 0.48766
0.46915 0.38129 0.51388
0.49454 0.33174 0.46788
0.46301 0.40541 0.51161
0.42583 0.32580 0.45796
0.35773 0.34695 0.43843
0.44450 0.34797 0.54076
0.43006 0.22915 0.53096
0.45378 0.25605 0.47178
0.39563 0.33034 0.54386
0.46504 0.41683 0.46468
0.43516 0.43034 0.47957
0.54946 0.46239 0.48292
0.42364 0.38459 0.50349
0.42433 0.38276 0.49742
0.38994 0.47323 0.58493
0.46469 0.47646 0.44421
0.39801 0.43359 0.55876
0.44794 0.37959 0.47768
0.46089 0.36056 0.48983
0.49392 0.41368 0.57208
0.46091 0.36160 0.42157
0.53619 0.38199 0.50233
0.49822 0.40624 0.46832
0.46782 0.36179 0.39545
0.43678 0.40725 0.59824
0.48774 0.40731 0.44059
0.48107 0.47664 0.49929
0.59496 0.40944 0.49430
0.49448 0.38899 0.39492
0.49083 0.41041 0.46043
0.49536 0.37110 0.41847
0.46934 0.37361 0.59379
0.40664 0.44052 0.45469
0.46594 0.32796 0.43999
0.45035 0.33099 0.55326
0.46224 0.33813 0.54809
0.45907 0.44702 0.64943
0.45848 0.51711 0.46991
0.61180 0.45506 0.38123
0.48284 0.50378 0.49411
0.50793 0.44194 0.39867
0.47220 0.38689 0.47466
0.58206 0.37033 0.47434
0.51260 0.39648 0.53727
0.44639 0.43513 0.47969
0.50568 0.40063 0.52981
0.36550 0.33848 0.44462
0.54648 0.36930 0.48728
0.43280 0.51211 0.47383
0.50773 0.32652 0.50674
0.52300 0.36656 0.40051
0.43063 0.54164 0.61145
0.48090 0.47752 0.45031
0.42488 0.35731 0.48481
0.49278 0.26778 0.41910
0.52515 0.43293 0.47268
0.51219 0.36160 0.50350
0.45427 0.37901 0.47725
0.47601 0.42802 0.53829
0.41822 0.30948 0.53065
0.42178 0.39807 0.48087
0.42105 0.39122 0.57568
0.47057 0.35833 0.49086
0.47539 0.41821 0.49887
0.56921 0.48398 0.53302
0.64095 0.51489 0.52068
0.42767 0.49785 0.48183
0.41178 0.42283 0.43167
0.53434 0.38725 0.53361
0.55970 0.44315 0.48305
0.43516 0.42240 0.58386
0.48635 0.38531 0.53887
0.53116 0.44656 0.48528
0.55712 0.40418 0.45152
0.42829 0.43196 0.49220
0.49019 0.34600 0.42376
0.46209 0.34468 0.49242
0.59416 0.44360 0.50767
0.45832 0.35789 0.58189
0.44637 0.34197 0.44932
0.44625 0.36101 0.42393
0.51117 0.55142 0.50510
0.47982 0.28864 0.49926
0.38740 0.27281 0.51926
0.44260 0.35688 0.45826
0.42712 0.44799 0.50741
0.41816 0.40531 0.53780
0.44295 0.48808 0.48367
0.44167 0.39284 0.42364
0.48898 0.43978 0.44436
0.38438 0.29581 0.57508
0.52217 0.44128 0.46885
0.56250 0.38279 0.51245
0.42686 0.41949 0.45925
0.45676 0.36287 0.48999
0.50070 0.41348 0.56043
0.50122 0.32534 0.50719
0.47446 0.33921 0.45624
0.49747 0.47882 0.53146
0.48936 0.46300 0.44491
0.58063 0.45230 0.42972
0.46770 0.45474 0.54922
0.52263 0.51348 0.49961
0.49101 0.44801 0.51382
0.51765 0.29676 0.42294
0.52128 0.39523 0.41055
0.46564 0.41072 0.66655
0.49073 0.28935 0.45853
0.43673 0.40219 0.42747
0.45343 0.33542 0.42800
0.50989 0.48295 0.54990
0.48177 0.37037 0.46706
0.52940 0.49246 0.46562
0.55639 0.41432 0.48579
0.52127 0.48789 0.54321
0.53490 0.29748 0.60670
0.49048 0.41561 0.47064
0.47894 0.49200 0.45195
0.54343 0.40824 0.52034
0.46979 0.37676 0.51812
0.44145 0.25480 0.37723
0.46160 0.37248 0.41454
0.50630 0.38626 0.53278
0.35727 0.36869 0.53552
0.54818 0.50350 0.42825
0.41735 0.31334 0.44883
0.44820 0.40390 0.46554
0.39653 0.40918 0.61492
0.51680 0.47178 0.44946
0.37852 0.41149 0.52543
0.45459 0.38835 0.58535
0.41412 0.39011 0.54159
0.44759 0.41286 0.52206
0.47857 0.34662 0.50962
0.38498 0.33681 0.60123
0.54189 0.30156 0.34543
0.48123 0.51750 0.60972
0.42730 0.34492 0.44979
0.36366 0.42199 0.55980
0.43648 0.40294 0.50662
0.42281 0.44085 0.47681
0.36843 0.35923 0.50296
0.56477 0.38504 0.41191
0.48617 0.44111 0.64436
0.50824 0.37355 0.54954
0.51016 0.31846 0.40454
0.49300 0.30825 0.46208
0.39801 0.31914 0.53426
0.50575 0.47819 0.49533
0.40769 0.41576 0.59662
0.43701 0.30494 0.47469
0.48770 0.26592 0.47654
0.52864 0.37720 0.50109
0.68193 0.55710 0.39409
0.43598 0.29684 0.54296
0.51127 0.36946 0.53042
0.49182 0.40785 0.51485
0.53385 0.39901 0.46299
0.46377 0.45141 0.48543
0.56550 0.31728 0.49888
0.49065 0.35625 0.39053
0.36517 0.45468 0.46343
0.37610 0.34333 0.40988
0.50145 0.43162 0.48930
0.57097 0.41182 0.47009
0.46335 0.43247 0.40119
0.38919 0.37302 0.56014
0.47313 0.42259 0.53230
0.42469 0.38323 0.62887
0.50227 0.36239 0.41184
0.51409 0.33208 0.42706
0.51327 0.43218 0.49564
0.36592 0.37428 0.46626
0.47117 0.43290 0.51578
0.47258 0.50207 0.53264
0.37403 0.28549 0.44765
0.36764 0.27839 0.56124
0.40375 0.51604 0.52355
0.50848 0.38761 0.48699
0.34372 0.32113 0.42210
0.45573 0.51214 0.58327
0.46826 0.45258 0.46399
0.57734 0.39675 0.40868
0.51566 0.40628 0.54131
0.47145 0.36370 0.46441
0.41902 0.29785 0.51152
0.39988 0.35314 0.46095
0.50337 0.48813 0.52804
0.46867 0.36251 0.46310
0.46053 0.33829 0.50337
0.41775 0.42500 0.50089
0.57069 0.53164 0.53773
0.42926 0.23798 0.35215
0.48070 0.45156 0.50195
0.36804 0.31396 0.65889
0.42982 0.42311 0.40140
0.54087 0.36805 0.49083
0.48562 0.34468 0.47804
0.49003 0.41717 0.47786
0.45498 0.40876 0.58908
0.47153 0.33727 0.42293
0.55150 0.37502 0.57883
0.45176 0.34832 0.57947
0.48328 0.39981 0.61845
0.44587 0.35774 0.52194
0.46551 0.43500 0.53447
0.41599 0.33903 0.42197
0.39763 0.36300 0.49894
0.42113 0.29671 0.43855
0.44767 0.32193 0.55178
0.51177 0.48718 0.51470
0.62642 0.34152 0.45742
0.47971 0.37128 0.55041
0.48582 0.36537 0.54400
0.53078 0.39378 0.46704
0.35767 0.27292 0.54529
0.49174 0.34985 0.45895
0.50871 0.34160 0.46493
0.40558 0.25082 0.49443
0.47705 0.41991 0.53004
0.33951 0.39147 0.59789
0.48381 0.46213 0.61533
0.53014 0.38636 0.47706
0.46816 0.37529 0.41871
0.41429 0.39977 0.47281
0.51083 0.43583 0.55411
0.46164 0.35909 0.55240
0.61270 0.30727 0.43328
0.50232 0.46156 0.48415
0.45204 0.34160 0.35739
0.45285 0.33947 0.54672
0.38504 0.35548 0.47833
0.40481 0.30693 0.57637
0.38599 0.31398 0.51259
0.52046 0.39446 0.44610
0.48995 0.50199 0.49769
0.46831 0.39426 0.67701
0.56686 0.35464 0.45927
0.45464 0.31990 0.51588
0.46458 0.41806 0.50809
0.43724 0.50631 0.57507
0.42084 0.34060 0.38711
0.57279 0.57705 0.49137
0.46006 0.51914 0.49025
0.58620 0.49141 0.48194
0.44428 0.45779 0.49214
0.47157 0.39129 0.49477
0.48762 0.35468 0.39824
0.48353 0.53782 0.40123
0.49173 0.45418 0.52855
0.49568 0.56433 0.44068
0.46502 0.37601 0.49724
0.48605 0.43569 0.49479
0.37299 0.35899 0.57087
0.45820 0.33444 0.45450
0.42834 0.33939 0.49703
0.53540 0.32424 0.45825
0.50870 0.36736 0.57605
0.49295 0.41223 0.35657
0.40296 0.33882 0.59946
0.52212 0.34215 0.42926
0.58343 0.40801 0.45649
0.47065 0.36184 0.44067
0.43265 0.40644 0.50571
0.39017 0.43620 0.52943
0.46830 0.45162 0.43148
0.37917 0.27826 0.52522
0.50601 0.34186 0.47631
0.41230 0.30033 0.58883
0.51312 0.44017 0.50299
0.40893 0.31987 0.54819
0.47594 0.41347 0.56219
0.54959 0.36744 0.48815
0.52094 0.42603 0.44533
0.68553 0.46174 0.43100
0.47631 0.37300 0.46231
0.49212 0.44834 0.44377
0.42944 0.38391 0.51571
0.47526 0.39260 0.43683
0.38751 0.42226 0.48227
0.42699 0.43800 0.52780
0.50962 0.32234 0.59226
0.47045 0.34937 0.46909
0.46201 0.53359 0.46561
0.48475 0.43320 0.55310
0.43269 0.57021 0.48224
0.43269 0.36337 0.54151
0.42536 0.46316 0.51109
0.60282 0.49266 0.49435
0.51009 0.32223 0.36560
0.41477 0.40100 0.49422
0.48997 0.45472 0.40720
0.52168 0.36134 0.51449
0.42967 0.45916 0.42711
0.43203 0.40876 0.52240
0.56883 0.35450 0.44935
0.49197 0.36544 0.51445
0.54839 0.42067 0.42489
0.41949 0.32476 0.53354
0.51639 0.43049 0.50524
0.47851 0.39655 0.48238
0.53434 0.44870 0.50263
0.45468 0.30104 0.55663
0.48324 0.41059 0.56219
0.52926 0.33995 0.44750
0.48892 0.44066 0.64973
0.45453 0.45918 0.45204
0.42100 0.37147 0.51233
0.51547 0.39820 0.50042
0.56952 0.47183 0.47872
0.47992 0.37372 0.48875
0.37285 0.25065 0.42090
0.46559 0.34868 0.45734
0.44128 0.50279 0.42928
0.51542 0.48054 0.52326
0.45490 0.55341 0.52913
0.50829 0.47100 0.43029
0.56865 0.39353 0.41627
0.40942 0.38417 0.54974
0.64730 0.36494 0.33331
0.45200 0.42857 0.46914
0.39081 0.44188 0.46845
0.47784 0.41622 0.57309
0.45915 0.44540 0.40607
0.49903 0.26791 0.42623
0.50990 0.36744 0.41869
0.35231 0.30858 0.54997
0.43678 0.31737 0.59558
0.46373 0.35905 0.53133
0.42321 0.46792 0.43129
0.41090 0.25883 0.50307
0.43237 0.42194 0.49322
0.53279 0.41444 0.49416
0.42730 0.28339 0.45455
0.59663 0.42087 0.49597
0.48668 0.35268 0.56625
0.54712 0.45288 0.47522
0.55315 0.36294 0.51811
0.39919 0.26919 0.47745
0.38823 0.39505 0.65795
0.35659 0.35210 0.51836
0.47988 0.39785 0.52785
0.45575 0.38746 0.51012
0.50031 0.53144 0.45170
0.46316 0.34606 0.50692
0.46513 0.40266 0.55425
0.48782 0.55607 0.58604
0.53017 0.46819 0.50961
0.52472 0.37957 0.41556
0.50131 0.39607 0.52881
0.56041 0.49114 0.42366
0.35982 0.39851 0.45267
0.51821 0.43729 0.44179
0.40430 0.41377 0.55531
0.41082 0.42305 0.56468
0.43472 0.34894 0.47631
0.51460 0.39632 0.54230
0.58342 0.38155 0.39091
0.50728 0.32458 0.38372
0.40313 0.36125 0.54610
0.49933 0.54088 0.45064
0.40510 0.29534 0.45075
0.48458 0.41950 0.52136
0.52322 0.35822 0.50031
0.41508 0.29771 0.48208
0.62512 0.45578 0.45445
0.31837 0.22379 0.51623
0.46380 0.33885 0.51152
0.55701 0.49328 0.43622
0.50056 0.40835 0.45182
0.48618 0.32928 0.48163
0.46439 0.45536 0.48924
0.39154 0.38283 0.46215
0.55139 0.42465 0.40406
0.41279 0.36352 0.47849
0.48127 0.46501 0.46330
0.40062 0.46127 0.54494
0.44781 0.31380 0.43755
0.35575 0.38037 0.58157
0.45042 0.43793 0.52214
0.45321 0.41729 0.49141
0.57182 0.44860 0.53000
0.56560 0.40071 0.41978
0.44441 0.38842 0.41556
0.52332 0.41470 0.41327
0.50922 0.44787 0.52114
0.52571 0.42220 0.39877
0.48963 0.35517 0.49689
0.55978 0.43071 0.51429
0.51078 0.36580 0.41059
0.40263 0.37436 0.57724
0.38967 0.32047 0.52125
0.35873 0.28533 0.49969
0.48069 0.36604 0.48563
0.49613 0.45131 0.40767
0.49572 0.25320 0.44627
0.41884 0.45561 0.53182
0.46526 0.36424 0.42905
0.47304 0.36169 0.46836
0.49585 0.40107 0.50046
0.49580 0.36689 0.50576
0.44523 0.35287 0.62025
0.57497 0.38281 0.40879
0.52212 0.49126 0.48041
0.38470 0.37558 0.36930
0.50097 0.39826 0.46412
0.54325 0.35535 0.59167
0.37954 0.33218 0.59337
0.45159 0.29627 0.51197
0.57931 0.37318 0.37088
0.41638 0.54304 0.66659
0.45403 0.36446 0.48639
0.47446 0.34239 0.61171
0.53685 0.45973 0.47712
0.53171 0.37704 0.48158
0.50106 0.48836 0.51659
0.53820 0.37630 0.45563
0.39971 0.36725 0.51060
0.60880 0.52740 0.39471
0.44023 0.46355 0.51525
0.41935 0.40878 0.48684
0.41295 0.52869 0.50325
0.46513 0.34281 0.51288
0.54414 0.35237 0.42737
0.50377 0.33500 0.46379
0.55377 0.36246 0.45886
0.48173 0.48310 0.52304
0.44007 0.35271 0.64355
0.62047 0.39663 0.46076
0.50790 0.41039 0.50687
0.40939 0.35314 0.52121
0.41371 0.40863 0.54869
0.59120 0.40201 0.47650
0.47091 0.44274 0.44222
0.46186 0.32131 0.57727
0.43619 0.35016 0.49638
0.52652 0.35665 0.53955
0.47126 0.32682 0.56971
0.50582 0.44879 0.48574
0.46020 0.36926 0.49833
0.53741 0.48598 0.44369
0.45492 0.32001 0.54219
0.50418 0.41979 0.56692
0.54899 0.37247 0.52957
0.55805 0.34272 0.46125
0.51616 0.46794 0.47520
0.42883 0.32607 0.49606
0.42658 0.35453 0.44882
0.47865 0.34782 0.55800
0.61039 0.31806 0.44590
0.45899 0.37034 0.56710
0.50275 0.43633 0.39046
0.53853 0.39778 0.45212
0.43590 0.30426 0.49800
0.40304 0.45947 0.55740
0.52590 0.47270 0.52748
0.49803 0.40488 0.47703
0.40994 0.47632 0.49148
0.39176 0.32248 0.56983
0.52714 0.41717 0.44147
0.37338 0.38015 0.62518
0.48558 0.41843 0.59390
0.43423 0.28849 0.48755
0.39816 0.39547 0.48603
0.45142 0.49241 0.59910
0.53321 0.40606 0.55016
0.40247 0.29289 0.56592
0.34310 0.36533 0.56949
0.35620 0.28295 0.42303
0.45785 0.30985 0.47409
0.49003 0.38725 0.39939
0.56693 0.40457 0.42335
0.39312 0.28200 0.49674
0.48074 0.37784 0.48592
0.53436 0.39202 0.45379
0.57385 0.49522 0.38734
0.47272 0.45586 0.47998
0.51162 0.35464 0.41312
0.48070 0.37087 0.52277
0.52935 0.38521 0.43700
0.42636 0.34556 0.45376
0.51589 0.45318 0.51385
0.34229 0.33653 0.51215
0.56378 0.36693 0.54931
0.45879 0.52048 0.54274
0.42202 0.46204 0.53466
0.31336 0.28711 0.45253
0.42243 0.37279 0.56403
0.37985 0.29336 0.56944
0.49033 0.46550 0.59928
0.39708 0.37125 0.41983
0.42870 0.25291 0.47296
0.50560 0.40242 0.50427
0.53428 0.32398 0.57473
0.59244 0.32198 0.37577
0.47762 0.39842 0.52655
0.50198 0.36187 0.51095
0.50670 0.45936 0.40698
0.50134 0.36579 0.49087
0.43709 0.37180 0.61824
0.42107 0.41792 0.67978
0.43303 0.29271 0.51921
0.52207 0.42681 0.51766
0.35510 0.32724 0.44669
0.50169 0.37107 0.60319
0.41637 0.38249 0.52982
0.41858 0.40891 0.56047
0.51113 0.29523 0.44616
0.45828 0.45318 0.48561
0.45549 0.43649 0.65185
0.44355 0.45138 0.59754
0.47500 0.44456 0.59700
0.50340 0.35294 0.38140
0.49372 0.41521 0.44703
0.58217 0.39361 0.43538
0.40563 0.32739 0.51339
0.44286 0.39676 0.58430
0.47702 0.45150 0.44427
0.48869 0.39805 0.44206
0.42848 0.34392 0.42751
0.49531 0.46466 0.45524
0.45614 0.41351 0.44397
0.45585 0.42896 0.57679
0.50341 0.36852 0.50819
0.51714 0.41903 0.57863
0.54421 0.36765 0.49737
0.49476 0.37331 0.57906
0.39414 0.50692 0.57782
0.45097 0.30304 0.60870
0.52098 0.34154 0.43728
0.58913 0.46536 0.42119
0.46057 0.34781 0.54055
0.55575 0.34185 0.42360
0.38798 0.32896 0.45904
0.52784 0.37429 0.47907
0.55419 0.40860 0.49754
0.42427 0.26205 0.55905
0.58899 0.48229 0.50039
0.50488 0.48172 0.47808
0.42182 0.34654 0.46756
0.46945 0.40991 0.48336
0.41142 0.42013 0.47687
0.51272 0.43327 0.57930
0.49011 0.42316 0.49263
0.48658 0.41938 0.56012
0.45706 0.38714 0.45521
0.46358 0.43423 0.45404
0.60098 0.53263 0.46606
0.48374 0.45753 0.48023
0.57363 0.34181 0.39759
0.52682 0.40630 0.54241
0.50122 0.38930 0.52088
0.38236 0.29919 0.46945
0.52003 0.45207 0.42261
0.53173 0.43478 0.58053
0.51466 0.34909 0.54344
0.45849 0.48563 0.58843
0.45226 0.30674 0.52015
0.43096 0.38474 0.42955
0.37983 0.40479 0.46320
0.46121 0.33875 0.44961
0.39173 0.26808 0.54483
0.50214 0.43654 0.47426
0.41057 0.23074 0.46906
0.53484 0.36819 0.54630
0.49000 0.38669 0.57961
0.40161 0.36948 0.46301
0.47401 0.33196 0.47736
0.45208 0.41043 0.47283
0.42411 0.37893 0.47570
0.49673 0.40766 0.44859
0.43765 0.31438 0.46464
0.40543 0.40109 0.60739
0.45214 0.42594 0.51882
0.50903 0.47193 0.47523
0.37004 0.37031 0.52151
0.51196 0.47258 0.51176
0.54941 0.36293 0.56674
0.52804 0.41156 0.42793
0.51922 0.37791 0.46408
0.51215 0.36967 0.49792
0.43633 0.39317 0.53583
0.42947 0.32823 0.40361
0.48576 0.31702 0.47467
0.53588 0.49467 0.56025
0.57333 0.39174 0.44981
0.39846 0.45876 0.60552
0.52156 0.31550 0.42481
0.49721 0.42679 0.54292
0.42092 0.29866 0.51934
0.44786 0.42307 0.60627
0.57449 0.39997 0.44233
0.39581 0.40546 0.50727
0.39667 0.27366 0.63312
0.42432 0.26003 0.37787
0.63734 0.44578 0.46048
0.60289 0.45498 0.49329
0.41118 0.40720 0.55003
0.55916 0.36292 0.46394
0.54442 0.44524 0.42522
0.44358 0.34021 0.52965
0.41885 0.38993 0.51765
0.48353 0.31457 0.42504
0.44803 0.40735 0.55518
0.43425 0.38691 0.60084
0.59849 0.46677 0.48890
0.50628 0.34021 0.36795
0.44504 0.43140 0.61076
0.45176 0.35453 0.43156
0.38369 0.34134 0.52875
0.41595 0.35949 0.44145
0.42697 0.46273 0.40798
0.54058 0.39104 0.39683
0.43422 0.48136 0.58940
0.49040 0.45548 0.53337
0.50962 0.41497 0.56404
0.47793 0.45801 0.48261
0.59501 0.34931 0.37820
0.57198 0.42679 0.45706
0.58127 0.57300 0.47558
0.54647 0.37409 0.50662
0.43819 0.31835 0.46934
0.44427 0.48126 0.53670
0.40039 0.26907 0.53309
0.45113 0.32226 0.61331
0.44123 0.40351 0.56154
0.40237 0.34492 0.59379
0.56691 0.40756 0.53020
0.43980 0.37666 0.42711
0.52308 0.44359 0.40833
0.49003 0.48525 0.69116
0.39236 0.40105 0.46250
0.41417 0.26829 0.46649
0.46982 0.44430 0.63209
0.43686 0.24173 0.44305
0.40163 0.40662 0.58224
0.42060 0.39925 0.46682
0.46656 0.44309 0.57060
0.50079 0.49684 0.55724
0.49962 0.25517 0.49442
0.40174 0.41008 0.58870
0.52607 0.42585 0.39481
0.39401 0.47741 0.50468
0.43614 0.40532 0.49318
0.49512 0.51786 0.52484
0.46777 0.38553 0.47583
0.49424 0.42890 0.47861
0.44862 0.38475 0.61447
0.50549 0.36160 0.49728
0.48514 0.50252 0.50142
0.42427 0.40770 0.47492
0.51439 0.27090 0.38866
0.30877 0.23747 0.43998
0.36473 0.48382 0.52350
0.46951 0.38205 0.62005
0.55145 0.40243 0.55385
0.44726 0.36615 0.36734
0.37348 0.49082 0.60986
0.48169 0.29177 0.43657
0.41334 0.44624 0.58654
0.42170 0.41080 0.53637
0.48424 0.46218 0.60276
0.49586 0.36539 0.53269
0.45278 0.48801 0.54336
0.43780 0.36174 0.56673
0.57421 0.34852 0.35474
0.35599 0.38250 0.61122
0.46432 0.39335 0.52938
0.65941 0.39445 0.31102
0.46204 0.36373 0.48900
0.42539 0.35053 0.48894
0.35705 0.24015 0.46000
0.58167 0.45047 0.49261
0.46576 0.46282 0.55513
0.42920 0.44625 0.48870
0.51348 0.42638 0.52014
0.48601 0.40779 0.45617
0.46061 0.39561 0.59450
0.44739 0.30329 0.50450
0.45412 0.38868 0.50006
0.44844 0.37694 0.42212
0.50719 0.45922 0.44984
0.46234 0.40147 0.44401
0.42970 0.32930 0.45895
0.49139 0.37914 0.42613
0.46634 0.32938 0.41502
0.49152 0.38613 0.53471
0.45539 0.49214 0.50148
0.48615 0.40651 0.65697
0.46387 0.29587 0.55431
0.43426 0.52112 0.50476
0.47212 0.41251 0.40396
0.42937 0.27693 0.51884
0.45282 0.36845 0.51765
0.48800 0.33386 0.49445
0.46875 0.38837 0.55344
0.50103 0.51950 0.40186
0.57071 0.40510 0.50658
0.55801 0.37120 0.38355
0.55870 0.45188 0.37749
0.57907 0.43364 0.37782
0.46194 0.35505 0.44469
0.41503 0.38780 0.46097
0.49859 0.41249 0.52261
0.51531 0.33248 0.45971
