20 14 1000 7171 4248
0.79874 0.67714 0.49251
0.70236 0.64186 0.48803
0.33958 0.30579 0.13857
0.41394 0.85320 0.58800
0.60650 0.48431 0.77944
0.13905 0.03313 0.57445
0.98587 0.72622 0.60022
0.38660 0.16800 0.47774
0.21232 0.62392 0.77288
0.88451 0.87512 0.38286
0.27650 0.69212 0.04671
0.99855 0.38711 0.01294
0.00283 0.62973 0.13562
0.43837 0.09771 0.81789
0.63918 0.58389 0.49273
0.56337 0.47653 0.33519
0.45320 0.43872 0.45728
0.55286 0.52501 0.41358
0.43813 0.52631 0.45920
0.57980 0.53691 0.51886
0.45851 0.47871 0.41847
0.59742 0.42542 0.55324
0.54376 0.48965 0.54384
0.55589 0.56259 0.37036
0.59412 0.54593 0.37887
0.61306 0.48788 0.21969
0.59411 0.51154 0.56273
0.47834 0.37951 0.44425
0.43052 0.47551 0.37235
0.49957 0.47623 0.34556
0.31993 0.48307 0.32904
0.49132 0.64017 0.48946
0.56335 0.65371 0.49265
0.71459 0.59521 0.45120
0.40286 0.49807 0.49180
0.56677 0.54215 0.37851
0.43376 0.44702 0.39212
0.39095 0.38827 0.40932
0.44162 0.50471 0.41134
0.57881 0.52769 0.45254
0.63521 0.60649 0.38141
0.64549 0.49405 0.55581
0.60088 0.65434 0.50988
0.41708 0.43187 0.48593
0.40226 0.51639 0.39450
0.52166 0.52002 0.47009
0.58276 0.53282 0.53580
0.43410 0.59332 0.44231
0.57259 0.51847 0.45498
0.48667 0.50393 0.53834
0.70022 0.64754 0.43707
0.67882 0.61133 0.50396
0.53719 0.59738 0.38406
0.63391 0.61337 0.49285
0.47092 0.48643 0.45328
0.59901 0.41474 0.43908
0.61323 0.58022 0.44574
0.43675 0.51034 0.45804
0.43193 0.58741 0.45637
0.52869 0.55152 0.51328
0.42417 0.52505 0.39237
0.43040 0.40619 0.46200
0.55576 0.56346 0.41207
0.40806 0.63381 0.32733
0.68522 0.51849 0.35461
0.69684 0.48921 0.30547
0.42925 0.55110 0.42214
0.49721 0.52424 0.49207
0.46615 0.48049 0.42534
0.46926 0.56289 0.37857
0.41483 0.46169 0.48428
0.57088 0.49622 0.54862
0.39159 0.48460 0.51188
0.57634 0.46656 0.68374
0.60252 0.57881 0.47577
0.56749 0.63869 0.45096
0.48343 0.48043 0.41954
0.45603 0.51684 0.44694
0.51578 0.59629 0.40024
0.56851 0.50248 0.42021
0.49410 0.55562 0.44337
0.50084 0.45466 0.33886
0.59623 0.58281 0.38111
0.53808 0.60875 0.53074
0.37943 0.36759 0.51449
0.58090 0.53239 0.45064
0.52114 0.57613 0.38687
0.57482 0.49622 0.41844
0.43505 0.56427 0.44492
0.51205 0.53809 0.50971
0.68346 0.56214 0.40763
0.58672 0.45419 0.46299
0.37791 0.46414 0.52983
0.51986 0.48316 0.49638
0.50384 0.53355 0.53706
0.55494 0.58823 0.43436
0.41259 0.55562 0.57208
0.47950 0.47199 0.51061
0.47084 0.55731 0.49743
0.55370 0.65809 0.49228
0.47183 0.44784 0.49447
0.49054 0.53644 0.37191
0.56019 0.49966 0.35870
0.48238 0.52576 0.48639
0.67572 0.52317 0.35318
0.71666 0.65159 0.45878
0.55303 0.52461 0.49419
0.51245 0.50889 0.55172
0.66382 0.55121 0.40004
0.63575 0.61949 0.41895
0.53304 0.56642 0.39738
0.43492 0.49950 0.40324
0.45847 0.53425 0.39182
0.59998 0.52637 0.34146
0.43410 0.38485 0.60649
0.43674 0.39360 0.52488
0.49218 0.47648 0.43101
0.55771 0.50153 0.60098
0.59465 0.47754 0.46865
0.56737 0.48945 0.46745
0.41971 0.55216 0.49506
0.41412 0.50257 0.38869
0.53113 0.55264 0.48320
0.42205 0.41964 0.48321
0.47543 0.48411 0.47537
0.41746 0.50320 0.46693
0.47952 0.53563 0.40301
0.47161 0.49517 0.43869
0.50262 0.56552 0.35983
0.46193 0.55195 0.36578
0.43407 0.31444 0.55982
0.58214 0.56009 0.46081
0.57220 0.62188 0.42984
0.52710 0.44473 0.52193
0.41758 0.47599 0.52785
0.40076 0.65268 0.35360
0.55308 0.54454 0.50128
0.58696 0.47495 0.49354
0.55350 0.50461 0.54337
0.39167 0.49710 0.42479
0.62938 0.48494 0.39550
0.39430 0.55793 0.37336
0.50125 0.50655 0.51015
0.70299 0.60848 0.45474
0.54977 0.57179 0.35148
0.63456 0.59251 0.49879
0.49947 0.45239 0.52082
0.54839 0.56910 0.50160
0.58855 0.57031 0.48605
0.54873 0.47673 0.58472
0.70198 0.52467 0.60190
0.68514 0.68167 0.43151
0.52079 0.56138 0.51529
0.52510 0.46888 0.47023
0.43239 0.36276 0.51273
0.50798 0.50693 0.43273
0.37840 0.43665 0.46499
0.65669 0.63341 0.44281
0.57688 0.53361 0.52529
0.39075 0.47785 0.52049
0.44197 0.48827 0.34055
0.41077 0.36825 0.54984
0.49219 0.47043 0.54203
0.49963 0.49183 0.46902
0.58563 0.55801 0.42349
0.43229 0.38891 0.48200
0.62162 0.64713 0.40232
0.58488 0.46555 0.39063
0.47035 0.45746 0.46818
0.67701 0.61986 0.38919
0.54017 0.47821 0.45328
0.55949 0.58625 0.42532
0.42320 0.52587 0.41678
0.38948 0.54768 0.46509
0.51410 0.46693 0.35410
0.51909 0.53209 0.49035
0.61006 0.59727 0.39954
0.40834 0.62928 0.54768
0.46376 0.42388 0.52050
0.48088 0.51907 0.48084
0.60504 0.58246 0.47137
0.62275 0.47493 0.50584
0.55267 0.55079 0.53442
0.56313 0.55946 0.44217
0.50880 0.54759 0.46445
0.42994 0.38138 0.57419
0.52295 0.46404 0.38306
0.53313 0.70665 0.56335
0.45919 0.50932 0.45350
0.46443 0.48076 0.47443
0.54052 0.46565 0.46030
0.57324 0.58279 0.49134
0.42787 0.50816 0.40751
0.51986 0.49754 0.41709
0.56173 0.42391 0.48664
0.41152 0.36165 0.41854
0.54202 0.57341 0.47767
0.54461 0.62153 0.40930
0.60084 0.58786 0.44599
0.54197 0.52555 0.40408
0.52767 0.42599 0.46825
0.54159 0.51125 0.53522
0.67526 0.53427 0.61232
0.50722 0.57365 0.52847
0.46572 0.56536 0.43914
0.52804 0.47569 0.48417
0.37802 0.39559 0.53447
0.47717 0.56894 0.40924
0.53292 0.58642 0.44941
0.33697 0.45435 0.43612
0.55628 0.63729 0.48326
0.52560 0.55490 0.47608
0.49138 0.52129 0.46282
0.59525 0.54982 0.50095
0.38012 0.41948 0.55476
0.49855 0.57996 0.49327
0.62753 0.53270 0.39226
0.41020 0.49789 0.57610
0.65806 0.57978 0.44745
0.43394 0.39721 0.47766
0.47151 0.51152 0.47105
0.38696 0.47378 0.47022
0.58740 0.50415 0.38646
0.53254 0.59162 0.45861
0.59792 0.54202 0.46792
0.53509 0.55169 0.54770
0.65777 0.56567 0.53036
0.58032 0.51201 0.48315
0.58076 0.50099 0.42745
0.51101 0.52411 0.45193
0.56470 0.46086 0.48438
0.56221 0.62189 0.41893
0.48152 0.52159 0.58653
0.46365 0.48347 0.53118
0.52011 0.57820 0.44832
0.58799 0.54569 0.46819
0.47940 0.54909 0.48341
0.45630 0.46780 0.40630
0.43326 0.62219 0.38450
0.51256 0.58171 0.39297
0.37293 0.39549 0.53923
0.52115 0.51209 0.39361
0.57056 0.40956 0.44610
0.54372 0.52973 0.41449
0.41931 0.36576 0.55332
0.60999 0.45674 0.40707
0.53261 0.42840 0.51067
0.35908 0.41551 0.48675
0.60251 0.55340 0.42963
0.34146 0.58003 0.36509
0.49898 0.49290 0.38566
0.46683 0.46810 0.40692
0.46158 0.51440 0.43506
0.46302 0.47504 0.45493
0.48432 0.44335 0.48496
0.44077 0.39932 0.46429
0.49870 0.47980 0.40942
0.58307 0.57697 0.46331
0.56883 0.41389 0.41852
0.51121 0.56782 0.42733
0.57324 0.61540 0.50901
0.62648 0.61715 0.38779
0.53302 0.47841 0.38500
0.56296 0.49502 0.44739
0.51596 0.51940 0.38303
0.50257 0.46595 0.32729
0.52252 0.56286 0.42864
0.45569 0.53367 0.52628
0.58702 0.54547 0.36753
0.55000 0.44231 0.51137
0.55344 0.59697 0.37587
0.54652 0.47357 0.29753
0.53790 0.51565 0.44940
0.38176 0.45986 0.34977
0.46658 0.46530 0.47850
0.69213 0.55818 0.38731
0.61429 0.46060 0.47357
0.45373 0.50415 0.40990
0.49995 0.57581 0.45060
0.48530 0.45984 0.37166
0.58425 0.52540 0.54789
0.51986 0.58554 0.53811
0.41833 0.55476 0.46400
0.43559 0.38346 0.50294
0.62765 0.60970 0.40631
0.69418 0.68185 0.43806
0.54062 0.55737 0.31282
0.57157 0.57320 0.50584
0.51893 0.45853 0.55620
0.45428 0.45443 0.42676
0.50745 0.59900 0.48650
0.51523 0.55053 0.46309
0.41040 0.55869 0.48790
0.51442 0.49746 0.52215
0.50582 0.45387 0.40389
0.43616 0.41433 0.51909
0.61559 0.44297 0.25583
0.46544 0.45818 0.48936
0.46208 0.42262 0.42279
0.34609 0.54206 0.37642
0.56626 0.49952 0.52926
0.48084 0.40945 0.47051
0.54342 0.51165 0.40734
0.48396 0.46077 0.42037
0.35095 0.46480 0.44904
0.40838 0.50713 0.44594
0.52384 0.49968 0.37359
0.54845 0.60444 0.46461
0.38326 0.39917 0.33640
0.57923 0.45672 0.45677
0.41580 0.50498 0.43996
0.55818 0.56079 0.51510
0.42701 0.55184 0.35347
0.56559 0.49237 0.41645
0.53913 0.50427 0.41188
0.54199 0.53112 0.42858
0.58211 0.57279 0.43323
0.46853 0.53548 0.37463
0.59956 0.61846 0.40710
0.46230 0.44986 0.48484
0.57575 0.59665 0.44976
0.43738 0.45603 0.49569
0.40646 0.60938 0.42292
0.37907 0.53080 0.58248
0.62483 0.47625 0.37276
0.52671 0.43365 0.43862
0.68145 0.61122 0.46602
0.47355 0.34559 0.40202
0.53851 0.53276 0.52384
0.51560 0.52534 0.54239
0.54454 0.50522 0.40218
0.56321 0.42760 0.54730
0.53258 0.50948 0.49881
0.53782 0.42490 0.49008
0.53174 0.41324 0.52464
0.40753 0.54755 0.40077
0.44324 0.54467 0.31690
0.50720 0.45358 0.51693
0.39953 0.50994 0.51077
0.64257 0.52704 0.41179
0.39924 0.43361 0.49815
0.55118 0.46142 0.45438
0.48626 0.55498 0.43408
0.51701 0.56328 0.48587
0.46369 0.37726 0.56779
0.55841 0.53753 0.45916
0.50101 0.50715 0.35379
0.55267 0.42387 0.37439
0.59464 0.57934 0.43666
0.54796 0.43401 0.54595
0.62355 0.52030 0.51748
0.59221 0.48291 0.41903
0.50745 0.43414 0.48218
0.60172 0.45513 0.56586
0.30872 0.60309 0.51439
0.46608 0.56763 0.45873
0.52739 0.47687 0.34042
0.46479 0.50085 0.54804
0.34987 0.57941 0.34580
0.44835 0.61633 0.30053
0.58638 0.61009 0.34607
0.62845 0.60930 0.48200
0.53608 0.52952 0.41413
0.33909 0.47665 0.45899
0.58956 0.52069 0.54850
0.49311 0.49301 0.30799
0.58480 0.55502 0.37916
0.57749 0.53978 0.40650
0.41306 0.40211 0.33799
0.38061 0.45600 0.33437
0.54317 0.39995 0.53651
0.52827 0.53927 0.41329
0.47778 0.56937 0.39045
0.59718 0.42611 0.38788
0.50402 0.45672 0.43618
0.48929 0.54289 0.54054
0.45534 0.38814 0.44639
0.72025 0.53168 0.52887
0.54252 0.48142 0.49458
0.58069 0.51733 0.41061
0.49628 0.40798 0.49240
0.34628 0.62221 0.40554
0.62471 0.61122 0.38919
0.36405 0.52294 0.45234
0.59694 0.56890 0.47242
0.60913 0.58534 0.41599
0.39373 0.37891 0.49200
0.57032 0.53903 0.53699
0.59674 0.48604 0.36062
0.64349 0.58223 0.48709
0.43245 0.49963 0.46919
0.51645 0.56298 0.52815
0.63402 0.56667 0.52874
0.67461 0.55468 0.49168
0.47548 0.44966 0.57186
0.63831 0.56329 0.45838
0.40980 0.41122 0.45972
0.36238 0.52437 0.49078
0.48886 0.45560 0.47340
0.47762 0.43796 0.43429
0.58495 0.49672 0.56400
0.53842 0.48749 0.50865
0.43258 0.45526 0.48348
0.40042 0.53758 0.46552
0.52842 0.46977 0.54983
0.46760 0.50887 0.47524
0.48490 0.57536 0.25098
0.56628 0.53796 0.50559
0.44787 0.56015 0.37051
0.46622 0.50256 0.54046
0.57446 0.44263 0.46859
0.44832 0.44347 0.45890
0.34708 0.58138 0.41773
0.45290 0.57373 0.54914
0.46621 0.47793 0.52072
0.43581 0.47597 0.54045
0.52758 0.45845 0.44966
0.49609 0.38344 0.52957
0.43357 0.50094 0.42012
0.46831 0.47149 0.57587
0.50280 0.56653 0.42247
0.60739 0.49842 0.61988
0.49311 0.58040 0.57351
0.70705 0.52998 0.47878
0.57702 0.54460 0.58810
0.44039 0.59117 0.39825
0.59027 0.52868 0.49927
0.53167 0.47723 0.39928
0.48146 0.37147 0.53139
0.62282 0.47094 0.43909
0.49199 0.43436 0.41124
0.46509 0.47790 0.46566
0.56350 0.50892 0.42786
0.41279 0.50715 0.53461
0.53623 0.56344 0.38275
0.47411 0.56270 0.44258
0.49730 0.43679 0.38198
0.57015 0.51574 0.44040
0.62037 0.59148 0.37630
0.46751 0.43580 0.39414
0.37732 0.37860 0.46762
0.53594 0.49257 0.45508
0.53458 0.52579 0.54757
0.52468 0.47438 0.43324
0.59440 0.62865 0.47324
0.60404 0.59306 0.46628
0.60749 0.46610 0.42538
0.61244 0.42835 0.49090
0.51734 0.45826 0.42948
0.47345 0.43619 0.44808
0.47238 0.48985 0.35934
0.46111 0.56321 0.38085
0.47527 0.40224 0.50427
0.51447 0.57673 0.54161
0.50732 0.50897 0.45264
0.57810 0.50350 0.39995
0.65290 0.61544 0.57597
0.52528 0.43190 0.53640
0.53188 0.60190 0.42496
0.52873 0.54958 0.41867
0.58423 0.49303 0.54688
0.65133 0.55035 0.47258
0.56010 0.49765 0.51318
0.47545 0.48822 0.51858
0.49658 0.48821 0.47262
0.57862 0.53704 0.40221
0.40638 0.44525 0.47673
0.59029 0.58473 0.47660
0.44282 0.48902 0.56934
0.49788 0.47169 0.52249
0.53541 0.52818 0.53710
0.49205 0.47512 0.58553
0.58012 0.61652 0.56895
0.49422 0.55912 0.40234
0.51086 0.41801 0.43247
0.60584 0.50797 0.56774
0.40200 0.54159 0.43498
0.36770 0.42254 0.38868
0.52809 0.54290 0.32425
0.40910 0.58668 0.43985
0.51539 0.65357 0.47332
0.49653 0.60122 0.43874
0.66440 0.55486 0.44242
0.57872 0.50042 0.46144
0.37609 0.55764 0.35679
0.53439 0.52170 0.45770
0.74997 0.66853 0.49627
0.53920 0.52800 0.49736
0.53402 0.52342 0.55902
0.55034 0.49707 0.53951
0.49809 0.60431 0.54177
0.48630 0.51775 0.53329
0.53282 0.47906 0.41513
0.52798 0.50259 0.53494
0.51242 0.47637 0.50818
0.45704 0.54258 0.50998
0.61770 0.46419 0.38369
0.60047 0.43851 0.41532
0.59400 0.52453 0.55471
0.62053 0.60305 0.30936
0.47129 0.43765 0.40849
0.63572 0.61251 0.52207
0.65154 0.51811 0.56595
0.49728 0.54772 0.47086
0.68608 0.55781 0.51830
0.52255 0.60195 0.47292
0.54163 0.51605 0.48346
0.53555 0.63032 0.51058
0.71073 0.55565 0.40128
0.45294 0.55619 0.37851
0.37846 0.58753 0.39911
0.57807 0.44588 0.41493
0.52433 0.47846 0.38669
0.38764 0.51733 0.37615
0.42068 0.56154 0.42890
0.53704 0.54574 0.36338
0.55847 0.46941 0.56836
0.40199 0.60115 0.42607
0.57788 0.54847 0.46217
0.62010 0.50404 0.36546
0.49302 0.62928 0.41741
0.47723 0.47672 0.47172
0.45697 0.51339 0.50228
0.54453 0.59288 0.57459
0.45723 0.60016 0.46639
0.47824 0.58337 0.33158
0.54896 0.53870 0.57958
0.49414 0.47931 0.44784
0.61565 0.52651 0.44146
0.54464 0.41938 0.39318
0.42516 0.48036 0.45370
0.64368 0.49878 0.37756
0.53319 0.47893 0.33460
0.58909 0.52361 0.51327
0.59636 0.56335 0.53760
0.51416 0.47183 0.37803
0.57457 0.44516 0.45289
0.54026 0.41955 0.46288
0.52641 0.50495 0.49810
0.62173 0.58764 0.35128
0.42689 0.53972 0.52628
0.56123 0.53997 0.52642
0.53188 0.41671 0.36109
0.30368 0.49009 0.51804
0.62010 0.63887 0.48661
0.48501 0.66447 0.48934
0.38938 0.36307 0.50251
0.35120 0.54098 0.41401
0.34508 0.59573 0.34810
0.41694 0.53209 0.58423
0.57906 0.43780 0.28261
0.51055 0.55532 0.38627
0.41378 0.60432 0.41515
0.49479 0.50216 0.46243
0.55882 0.53953 0.46415
0.43335 0.51485 0.45191
0.61675 0.51080 0.43298
0.39352 0.49233 0.44299
0.54185 0.54152 0.42916
0.54800 0.61487 0.47872
0.43235 0.56396 0.38952
0.49997 0.57599 0.40593
0.45757 0.35562 0.47675
0.44946 0.47937 0.42130
0.60403 0.57818 0.49120
0.47261 0.63974 0.33568
0.54601 0.60670 0.41560
0.44067 0.59750 0.48504
0.50975 0.47843 0.39803
0.48316 0.53568 0.39901
0.53023 0.50697 0.44238
0.39175 0.38034 0.36708
0.40069 0.45801 0.58292
0.43218 0.51769 0.38772
0.58308 0.59546 0.39500
0.44626 0.59930 0.48686
0.44709 0.45336 0.50443
0.39871 0.46611 0.42216
0.62325 0.49133 0.45403
0.49833 0.40436 0.46039
0.48777 0.37730 0.54371
0.56996 0.52276 0.52801
0.53583 0.61185 0.40518
0.77453 0.63158 0.46599
0.53795 0.51926 0.44502
0.50348 0.55138 0.49452
0.43766 0.45126 0.49944
0.50822 0.54967 0.45782
0.39069 0.48063 0.37564
0.45588 0.44301 0.48465
0.43340 0.47436 0.44210
0.42111 0.57967 0.49886
0.47826 0.45206 0.43615
0.44317 0.53694 0.54675
0.55316 0.61890 0.40728
0.62102 0.50865 0.51059
0.50276 0.43820 0.48154
0.57749 0.51342 0.36507
0.44941 0.46394 0.32376
0.46833 0.49004 0.51185
0.49987 0.42441 0.39450
0.58010 0.46261 0.30437
0.51725 0.49035 0.41647
0.57165 0.51889 0.43179
0.40677 0.61490 0.45575
0.57898 0.54872 0.49730
0.70480 0.66058 0.42369
0.60557 0.61061 0.47620
0.59342 0.49419 0.51724
0.49128 0.48361 0.38752
0.58689 0.42703 0.49098
0.55390 0.47996 0.31399
0.49629 0.49426 0.29159
0.55372 0.51498 0.41585
0.47036 0.53393 0.51846
0.42625 0.36686 0.52534
0.48233 0.44940 0.43811
0.53538 0.56573 0.50644
0.40619 0.44041 0.46443
0.40890 0.55924 0.35796
0.53561 0.40511 0.51445
0.49566 0.41524 0.47024
0.35497 0.55989 0.40684
0.52701 0.55757 0.42314
0.61821 0.58704 0.46861
0.55490 0.50348 0.53339
0.51177 0.51553 0.37348
0.57032 0.56962 0.40115
0.59007 0.55170 0.33310
0.49817 0.54487 0.31445
0.51331 0.49436 0.46839
0.55891 0.58841 0.41545
0.47638 0.47442 0.47907
0.63135 0.54900 0.52305
0.60874 0.62499 0.46334
0.55694 0.57854 0.48474
0.81323 0.59311 0.35834
0.55482 0.54895 0.53615
0.47977 0.62717 0.47021
0.55901 0.50277 0.50668
0.52451 0.43325 0.46876
0.38422 0.52212 0.36239
0.47604 0.41204 0.30512
0.32964 0.47363 0.41726
0.52158 0.48456 0.40050
0.50217 0.41415 0.42327
0.42129 0.39630 0.39627
0.45659 0.48593 0.44448
0.54668 0.53335 0.50015
0.49537 0.54345 0.43094
0.62912 0.58280 0.44930
0.59868 0.53313 0.44768
0.58364 0.48860 0.54666
0.45450 0.49920 0.61522
0.55803 0.48450 0.43687
0.42633 0.49362 0.36110
0.60164 0.46126 0.51348
0.58970 0.45625 0.42864
0.40587 0.55266 0.58267
0.55930 0.45933 0.52745
0.44661 0.56478 0.41782
0.33825 0.43431 0.42860
0.41930 0.47062 0.32626
0.64940 0.61677 0.35827
0.49217 0.47988 0.45395
0.42596 0.33920 0.53215
0.52093 0.54291 0.35829
0.51025 0.60246 0.39439
0.55853 0.50651 0.55358
0.54345 0.57445 0.46477
0.54671 0.46888 0.48116
0.40820 0.47230 0.28829
0.54540 0.49140 0.43092
0.56462 0.50080 0.51766
0.54369 0.51396 0.39222
0.54338 0.48459 0.52820
0.58610 0.53353 0.49070
0.46787 0.38015 0.52089
0.51332 0.53448 0.46394
0.38888 0.45011 0.34306
0.47876 0.46320 0.44663
0.54318 0.48257 0.56013
0.56024 0.49352 0.44360
0.56182 0.64491 0.51523
0.46302 0.48339 0.37432
0.55411 0.48778 0.63051
0.56810 0.51472 0.48400
0.61484 0.55393 0.42707
0.45083 0.57208 0.45530
0.57527 0.56281 0.43526
0.59622 0.52207 0.49619
0.45530 0.42699 0.41540
0.57810 0.59816 0.54416
0.51333 0.60906 0.37907
0.54686 0.59359 0.42843
0.41617 0.45170 0.35581
0.65301 0.57249 0.45017
0.38666 0.50339 0.37162
0.48237 0.54579 0.37278
0.48048 0.37002 0.47076
0.56496 0.45347 0.59416
0.33643 0.45431 0.35914
0.45702 0.43585 0.43261
0.55373 0.53641 0.46003
0.45520 0.44263 0.56111
0.54690 0.53943 0.43639
0.37143 0.50884 0.36383
0.53835 0.52719 0.50317
0.49643 0.64725 0.44350
0.44626 0.47888 0.42287
0.58591 0.52263 0.46747
0.42246 0.58481 0.42336
0.52433 0.52737 0.50193
0.61664 0.46664 0.34786
0.50064 0.45475 0.47826
0.56728 0.42197 0.45327
0.55737 0.55143 0.38598
0.48102 0.43242 0.47322
0.44389 0.48811 0.50690
0.50556 0.47618 0.49424
0.49474 0.58270 0.37700
0.53625 0.50507 0.50460
0.48875 0.35218 0.56748
0.43511 0.44449 0.54499
0.40745 0.54297 0.39517
0.54690 0.52277 0.48519
0.42865 0.44877 0.61418
0.52034 0.53479 0.40745
0.62235 0.57310 0.47888
0.53601 0.53334 0.44060
0.47070 0.44919 0.36684
0.64201 0.43720 0.35598
0.60332 0.52342 0.46159
0.64365 0.56940 0.47603
0.49600 0.59514 0.53564
0.58075 0.57510 0.53076
0.48044 0.45802 0.48067
0.46438 0.54334 0.42460
0.50503 0.53059 0.46207
0.39075 0.37333 0.47198
0.49512 0.50868 0.43472
0.52727 0.51789 0.46974
0.57951 0.51425 0.42496
0.65229 0.52991 0.32237
0.49078 0.52703 0.42288
0.44428 0.44462 0.48917
0.63443 0.53725 0.45551
0.53756 0.54813 0.37904
0.43495 0.56023 0.49709
0.60989 0.60696 0.42817
0.45078 0.51336 0.35466
0.55621 0.56736 0.43782
0.55287 0.45359 0.43083
0.53362 0.48034 0.51004
0.62093 0.55045 0.47928
0.39320 0.55950 0.39463
0.59598 0.55165 0.43925
0.40601 0.40350 0.61809
0.42784 0.38455 0.40181
0.48550 0.52918 0.52973
0.52286 0.43781 0.48840
0.61415 0.65881 0.49445
0.49013 0.35748 0.50715
0.26881 0.54106 0.23498
0.57571 0.53681 0.45565
0.48151 0.47431 0.48767
0.64443 0.52583 0.41146
0.53198 0.60549 0.49463
0.49721 0.48190 0.51462
0.45740 0.56576 0.54835
0.36484 0.47998 0.48140
0.50405 0.47203 0.30091
0.48021 0.56290 0.41228
0.52085 0.53098 0.39445
0.57382 0.51081 0.48084
0.44819 0.50874 0.40238
0.54932 0.59344 0.41547
0.59029 0.53136 0.41959
0.46209 0.53815 0.41841
0.49588 0.44309 0.47033
0.69289 0.58008 0.50248
0.31984 0.34671 0.40129
0.50281 0.36655 0.60887
0.70185 0.55653 0.37233
0.55091 0.55777 0.44487
0.70675 0.64286 0.42762
0.42418 0.47694 0.42090
0.70266 0.47937 0.36123
0.48996 0.54567 0.40445
0.46083 0.48497 0.36029
0.58490 0.54555 0.41854
0.52471 0.47035 0.45625
0.43087 0.51403 0.55978
0.43686 0.47906 0.47799
0.48611 0.49671 0.52490
0.40241 0.60234 0.26171
0.42556 0.43426 0.54199
0.39781 0.40857 0.47686
0.51483 0.43659 0.49340
0.44733 0.51791 0.40328
0.71932 0.47890 0.43081
0.34881 0.53619 0.37165
0.43163 0.47468 0.48781
0.56619 0.58780 0.48732
0.52854 0.51621 0.50731
0.57898 0.52799 0.44020
0.61033 0.55575 0.42147
0.46459 0.43188 0.59686
0.60002 0.48618 0.47705
0.37583 0.51607 0.36799
0.48428 0.48101 0.54497
0.55688 0.49723 0.47719
0.44442 0.55318 0.47304
0.67097 0.54786 0.52771
0.42484 0.47186 0.44238
0.46281 0.56946 0.54992
0.50507 0.47255 0.37599
0.58106 0.56204 0.55978
0.66044 0.63233 0.53901
0.52954 0.52352 0.48366
0.47396 0.54205 0.32532
0.46157 0.40484 0.39988
0.45820 0.43731 0.44737
0.48674 0.59943 0.39898
0.56410 0.60236 0.43538
0.53693 0.60573 0.40411
0.52685 0.51846 0.51345
0.46598 0.51054 0.47513
0.37451 0.51238 0.35752
0.47338 0.41817 0.45808
0.43199 0.54051 0.39703
0.62347 0.63431 0.46134
0.43554 0.47823 0.30796
0.55162 0.55631 0.58269
0.48240 0.44400 0.54080
0.63408 0.57544 0.42377
0.67870 0.60428 0.55415
0.61507 0.58173 0.50992
0.71423 0.56147 0.36035
0.45795 0.50943 0.41487
0.59709 0.52908 0.43788
0.52732 0.54637 0.41523
0.44546 0.51745 0.39798
0.45347 0.55573 0.34953
0.50028 0.52879 0.45668
0.42766 0.40145 0.49829
0.44624 0.49532 0.48338
0.62755 0.46859 0.42806
0.49073 0.45557 0.44869
0.53285 0.57614 0.36429
0.61082 0.52336 0.41595
0.37707 0.53621 0.46166
0.54356 0.57501 0.44198
0.63280 0.62070 0.51316
0.44128 0.46948 0.44424
0.54435 0.51402 0.43568
0.66812 0.51638 0.52961
0.50351 0.46213 0.41460
0.41132 0.29361 0.46227
0.41580 0.55836 0.44086
0.45984 0.50407 0.39647
0.46388 0.58022 0.37312
0.65166 0.68639 0.43160
0.56226 0.40151 0.38933
0.45790 0.46511 0.57312
0.53025 0.45202 0.49483
0.57631 0.52100 0.45492
0.43959 0.55208 0.41852
0.45903 0.62708 0.39805
0.44176 0.46916 0.47231
0.51068 0.47431 0.45975
0.49623 0.52511 0.46589
0.36846 0.40306 0.54707
0.50569 0.49592 0.50709
0.41310 0.50326 0.51585
0.53265 0.46397 0.48634
0.56036 0.56325 0.46050
0.60282 0.56979 0.34780
0.41283 0.50353 0.44258
0.64447 0.49650 0.50901
0.48809 0.48092 0.39012
0.43005 0.56391 0.38078
0.45513 0.35938 0.56291
0.61796 0.44280 0.46154
0.56585 0.50142 0.41611
0.56897 0.61616 0.36632
0.63629 0.52817 0.43514
0.52123 0.44308 0.51886
0.42158 0.52597 0.57460
0.52373 0.59038 0.53916
0.57650 0.59185 0.48697
0.46074 0.56638 0.36724
0.46031 0.60226 0.53544
0.47208 0.48426 0.54405
0.59283 0.43976 0.42863
0.38481 0.47186 0.48330
0.60720 0.55449 0.54056
0.47723 0.50401 0.53606
0.44926 0.59413 0.36127
0.55314 0.49494 0.46588
0.39248 0.46550 0.40917
0.42997 0.46021 0.47119
0.45315 0.43192 0.44968
0.40239 0.56818 0.39077
0.52942 0.54442 0.37172
0.56953 0.62297 0.42216
0.61682 0.52898 0.46923
0.43671 0.36631 0.42134
0.55621 0.55036 0.34954
0.63613 0.65720 0.41005
0.45671 0.54937 0.39176
0.41916 0.37745 0.52513
0.45120 0.43758 0.52063
0.46424 0.46948 0.45458
0.50847 0.54918 0.44533
0.62379 0.54254 0.39644
0.43233 0.41864 0.45310
0.47824 0.52476 0.43484
0.46998 0.44995 0.40128
0.51275 0.69279 0.44947
0.51252 0.43702 0.55878
0.56740 0.51132 0.52935
0.52787 0.58373 0.38508
0.57435 0.54131 0.41589
0.61513 0.55523 0.50453
0.59828 0.47753 0.54798
0.56611 0.54716 0.46996
0.51443 0.47889 0.49027
0.59451 0.51659 0.41442
0.63276 0.56738 0.39227
0.49482 0.50817 0.42844
0.59915 0.62507 0.40268
0.46147 0.54108 0.48953
0.57914 0.48330 0.47451
0.32797 0.55497 0.34229
0.52203 0.56849 0.29262
0.39702 0.46248 0.45486
0.55932 0.55101 0.50600
0.48400 0.53023 0.47389
0.43908 0.45842 0.42530
0.45957 0.49630 0.40959
0.41212 0.42059 0.33923
0.47082 0.43561 0.54225
0.52851 0.50757 0.42068
0.45675 0.49226 0.38962
0.48071 0.52358 0.53912
0.44745 0.47293 0.48879
0.54958 0.47935 0.46482
0.54475 0.45902 0.47326
0.62262 0.59423 0.41620
0.52547 0.60364 0.38092
0.63579 0.60663 0.50865
0.58051 0.49531 0.45196
0.51136 0.54286 0.52784
0.60264 0.42059 0.45611
0.48851 0.52364 0.55207
0.59077 0.53539 0.34703
0.46242 0.56202 0.33113
0.43938 0.56876 0.53298
0.43051 0.53176 0.49583
0.38434 0.48708 0.38273
0.50246 0.55732 0.37679
0.56417 0.58904 0.44351
0.51263 0.48507 0.47571
0.51874 0.59080 0.42883
0.62768 0.59036 0.44778
0.59626 0.48458 0.45705
0.56620 0.53768 0.48457
0.49255 0.58876 0.39162
0.45411 0.46552 0.47995
0.42151 0.54718 0.43815
0.56154 0.49804 0.47974
0.51019 0.46568 0.53625
0.43227 0.40113 0.61126
0.40022 0.48376 0.37989
0.51667 0.45296 0.52697
0.47615 0.65218 0.35615
0.40797 0.39934 0.45623
0.43255 0.40878 0.38478
0.52456 0.57602 0.40810
0.48648 0.53742 0.42849
0.43658 0.59810 0.49699
0.47695 0.36537 0.59632
0.49252 0.46410 0.47600
0.69493 0.58917 0.53837
0.47494 0.58819 0.44132
0.39997 0.57155 0.53645
0.33513 0.31495 0.43405
0.71010 0.61756 0.41222
0.57557 0.46843 0.48289
0.49629 0.57452 0.43820
0.50894 0.61691 0.48687
0.47453 0.50413 0.47816
0.54536 0.41845 0.52478
0.55468 0.51444 0.42340
0.45984 0.58113 0.41598
0.60933 0.57256 0.33374
0.50442 0.42210 0.40633
0.62974 0.58338 0.49692
0.53790 0.61849 0.44771
0.62557 0.51120 0.43721
0.53217 0.55313 0.52815
0.52847 0.58586 0.40725
0.58910 0.44698 0.48587
0.51146 0.47035 0.52256
0.42445 0.60633 0.36983
0.47890 0.43036 0.47360
0.54685 0.38564 0.40717
0.56088 0.44890 0.50277
0.49517 0.57427 0.45232
0.46023 0.57620 0.31734
0.43844 0.38491 0.45918
0.53520 0.40698 0.34393
0.25494 0.50353 0.35726
