20 7 1000 59346 7617
0.16422 0.04337 0.68744
0.00021 0.76699 0.54758
0.04716 0.06973 0.78627
0.08724 0.54165 0.21451
0.79186 0.79684 0.25035
0.00764 0.66697 0.88897
0.62596 0.84532 0.76920
0.22284 0.64887 0.68428
0.26533 0.63318 0.45703
0.30747 0.61101 0.56656
0.34393 0.62092 0.61973
0.47846 0.60156 0.44534
0.36529 0.61963 0.54272
0.25846 0.53268 0.72691
0.20467 0.42506 0.52966
0.13427 0.58423 0.73418
0.34767 0.59629 0.49597
0.10045 0.45284 0.58653
0.46097 0.67806 0.56224
0.20573 0.32936 0.58329
0.35409 0.61652 0.63653
0.06431 0.47837 0.72310
0.22906 0.63513 0.58461
0.10807 0.51754 0.60758
0.38053 0.52275 0.65269
0.16359 0.29895 0.67232
0.31573 0.63224 0.58531
0.18046 0.49579 0.55428
0.47667 0.63857 0.70669
0.23357 0.57396 0.64738
0.30514 0.61510 0.54900
0.22670 0.50513 0.42819
0.16689 0.59904 0.43035
0.30108 0.65357 0.44932
0.14757 0.62321 0.50294
0.29104 0.67339 0.50625
0.18091 0.41725 0.63135
0.15669 0.57608 0.61021
0.29727 0.43526 0.59078
0.17529 0.37798 0.66712
0.29483 0.63191 0.44252
0.38973 0.54551 0.56040
0.10353 0.32315 0.58541
0.39160 0.65363 0.57711
0.16722 0.53848 0.74920
0.31633 0.46016 0.62960
0.29555 0.67469 0.52086
0.43495 0.70885 0.52000
0.25514 0.61057 0.50997
0.21313 0.43961 0.67578
0.17279 0.62195 0.70609
0.12696 0.35148 0.66231
0.38459 0.52047 0.54778
0.20827 0.47822 0.67003
0.22312 0.49570 0.60562
0.35830 0.56782 0.64185
0.06825 0.44733 0.60174
0.47388 0.63423 0.45779
0.14194 0.54828 0.55222
0.47716 0.60945 0.48134
0.44285 0.60832 0.52550
0.16992 0.49646 0.48055
0.19645 0.39540 0.61648
0.16559 0.41005 0.58153
0.20551 0.40498 0.63378
0.19636 0.54710 0.66676
0.23481 0.48129 0.67705
0.35191 0.65369 0.53606
0.27856 0.61708 0.56647
0.24529 0.41490 0.68511
0.13343 0.42789 0.71549
0.22723 0.61194 0.59901
0.37093 0.63813 0.50477
0.55501 0.62706 0.41074
0.20974 0.52631 0.62711
0.27150 0.55198 0.70451
0.17958 0.42295 0.57395
0.34578 0.62809 0.65594
0.12040 0.38980 0.70281
0.32897 0.65587 0.56314
0.29358 0.50188 0.54969
0.11351 0.61822 0.66518
0.33520 0.57287 0.55229
0.36691 0.69999 0.53941
0.21836 0.51735 0.48094
0.24010 0.45539 0.72390
0.22292 0.56437 0.48327
0.21613 0.47995 0.56129
0.32754 0.52839 0.49361
0.17430 0.56570 0.69237
0.11366 0.32078 0.71021
0.15903 0.49900 0.38326
0.22009 0.61365 0.58972
0.40534 0.67478 0.61227
0.10637 0.41394 0.47073
0.35315 0.57327 0.66719
0.17549 0.66566 0.76840
0.21009 0.60853 0.59316
0.39221 0.56197 0.50391
0.18327 0.27721 0.64613
0.29775 0.59946 0.45822
0.29322 0.61174 0.58288
0.37044 0.56299 0.52022
0.11388 0.58950 0.43735
0.16363 0.36862 0.66638
0.21725 0.49987 0.51154
0.28759 0.64722 0.49487
0.17586 0.57834 0.62848
0.25392 0.60975 0.72812
0.26791 0.42490 0.61690
0.14837 0.58539 0.59095
0.33439 0.62610 0.41901
0.18815 0.55892 0.51212
0.42876 0.75218 0.54769
0.28621 0.51134 0.57873
0.08500 0.68032 0.51632
0.31156 0.53233 0.61584
0.19583 0.58328 0.58452
0.18700 0.58039 0.47983
0.13819 0.46481 0.69426
0.36462 0.64804 0.53088
0.05969 0.52071 0.82348
0.25809 0.62046 0.52427
0.49398 0.63106 0.36127
0.30000 0.58760 0.62785
0.15343 0.27472 0.67311
0.10374 0.39311 0.75440
0.25816 0.61148 0.49811
0.41338 0.65653 0.41034
0.27557 0.58303 0.63042
0.31252 0.54091 0.43464
0.16249 0.58206 0.65077
0.22206 0.44801 0.43251
0.18929 0.60421 0.48045
0.20777 0.70681 0.61313
0.22028 0.34482 0.67976
0.26830 0.62067 0.63528
0.36938 0.63856 0.53118
0.49671 0.69496 0.48892
0.17286 0.41000 0.55719
0.06726 0.51451 0.71117
0.12412 0.45587 0.59086
0.25980 0.43166 0.55932
0.39981 0.68144 0.44457
0.28291 0.52745 0.48479
0.22722 0.59543 0.69844
0.14835 0.60194 0.58804
0.12205 0.55169 0.65691
0.41191 0.62278 0.32046
0.19514 0.41795 0.66754
0.26926 0.57897 0.67022
0.27885 0.56361 0.47157
0.33520 0.51417 0.47152
0.15168 0.44811 0.63891
0.24496 0.44445 0.60117
0.15175 0.38300 0.56183
0.21729 0.30644 0.59328
0.17901 0.47251 0.57275
0.08456 0.48647 0.55164
0.24214 0.57797 0.53867
0.19210 0.38800 0.60999
0.28863 0.58564 0.60369
0.42653 0.65483 0.70187
0.29753 0.50860 0.64192
0.31399 0.67025 0.48744
0.31090 0.59572 0.52940
0.24716 0.67832 0.65371
0.25130 0.59925 0.72381
0.20066 0.46651 0.69400
0.26159 0.48572 0.62465
0.48298 0.63114 0.45591
0.44060 0.72797 0.56955
0.14696 0.29174 0.70473
0.14815 0.52781 0.73142
0.48093 0.64719 0.47840
0.12182 0.49782 0.51532
0.08860 0.57114 0.55032
0.16896 0.48524 0.69301
0.24503 0.59806 0.48581
0.37751 0.60585 0.46240
0.28891 0.50286 0.56940
0.11991 0.57873 0.69040
0.15600 0.58862 0.70687
0.38629 0.67757 0.53155
0.24556 0.58531 0.71247
0.19901 0.48137 0.47208
0.32573 0.40479 0.65017
0.43030 0.56129 0.53239
0.24898 0.58260 0.70056
0.22810 0.44751 0.63379
0.13088 0.46742 0.58288
0.13872 0.48661 0.70952
0.12971 0.37178 0.60046
0.28298 0.48323 0.55640
0.40704 0.69524 0.42831
0.24884 0.62863 0.68035
0.40197 0.61217 0.58819
0.21219 0.63283 0.69156
0.08907 0.51204 0.60184
0.52213 0.72659 0.61211
0.26077 0.59453 0.65258
0.31900 0.63420 0.69241
0.16807 0.58159 0.63297
0.17074 0.50607 0.61878
0.28320 0.58454 0.44662
0.32155 0.49068 0.68419
0.30941 0.37704 0.72104
0.25689 0.46609 0.45515
0.12226 0.63110 0.63361
0.34531 0.61432 0.47579
0.39736 0.55624 0.56027
0.20403 0.55983 0.58490
0.14462 0.32702 0.56625
0.10422 0.64352 0.50854
0.16833 0.51040 0.57476
0.25747 0.58651 0.57025
0.04032 0.54288 0.79083
0.26602 0.44973 0.71406
0.14626 0.30273 0.65806
0.22316 0.68437 0.68645
0.31646 0.63887 0.68315
0.36215 0.50240 0.52240
0.28465 0.39171 0.61126
0.19837 0.57836 0.65696
0.30407 0.69201 0.55768
0.23652 0.47407 0.63969
0.11521 0.59580 0.70486
0.19533 0.59787 0.52172
0.06491 0.58979 0.62672
0.32439 0.58699 0.60578
0.19604 0.65091 0.63722
0.21369 0.48645 0.58716
0.32930 0.65077 0.56612
0.12769 0.40270 0.66986
0.14958 0.59607 0.56447
0.38978 0.71783 0.49303
0.13062 0.23808 0.70582
0.30865 0.50407 0.50945
0.19465 0.28128 0.66503
0.09750 0.41463 0.57770
0.17179 0.64190 0.43984
0.22418 0.58209 0.70545
0.30172 0.35580 0.58803
0.29146 0.64341 0.62492
0.28136 0.61237 0.66334
0.06295 0.57327 0.73621
0.12454 0.56793 0.59610
0.06742 0.57926 0.68159
0.19034 0.49878 0.63437
0.16616 0.59251 0.52232
0.19316 0.61191 0.74455
0.20770 0.45216 0.45833
0.11003 0.27411 0.67615
0.14589 0.50938 0.65086
0.33371 0.64252 0.53750
0.16943 0.46534 0.77484
0.30722 0.64461 0.41581
0.51538 0.68833 0.41833
0.29941 0.43687 0.63122
0.17424 0.58825 0.46387
0.15033 0.25686 0.66600
0.35375 0.46846 0.65513
0.19639 0.61881 0.60110
0.19485 0.64570 0.54271
0.52275 0.66838 0.41726
0.22754 0.60049 0.59846
0.13213 0.64132 0.63829
0.34963 0.50026 0.61568
0.20850 0.38565 0.65671
0.09866 0.44097 0.63177
0.42345 0.47581 0.52101
0.09794 0.68489 0.52337
0.51317 0.68430 0.60424
0.20328 0.71563 0.66998
0.15628 0.45100 0.61083
0.41284 0.59698 0.52069
0.35464 0.50316 0.48664
0.23807 0.58017 0.55331
0.30667 0.59383 0.65529
0.18158 0.40832 0.68191
0.20741 0.56025 0.46735
0.30203 0.43171 0.59414
0.12325 0.44610 0.49501
0.22446 0.28014 0.64245
0.23065 0.55764 0.58765
0.18113 0.50046 0.59980
0.26941 0.48741 0.61687
0.39084 0.61353 0.64999
0.37103 0.49909 0.61791
0.17200 0.57681 0.61486
0.22581 0.48765 0.59519
0.56666 0.74968 0.45251
0.25378 0.63972 0.73841
0.26737 0.38234 0.56503
0.25549 0.37390 0.58528
0.10022 0.55285 0.61091
0.24748 0.50363 0.50376
0.32169 0.43381 0.54817
0.19241 0.21747 0.63827
0.21288 0.39100 0.63015
0.27234 0.48106 0.53681
0.14856 0.39203 0.74007
0.49318 0.73046 0.47770
0.54302 0.72352 0.56489
0.36575 0.48921 0.60492
0.21036 0.31955 0.69226
0.23471 0.47528 0.47926
0.25021 0.69940 0.64039
0.17728 0.43018 0.57052
0.41474 0.54814 0.62061
0.16193 0.45180 0.67678
0.29279 0.67645 0.67961
0.13671 0.23233 0.71958
0.10470 0.32422 0.58802
0.26712 0.59863 0.60765
0.14451 0.52170 0.42096
0.22456 0.63489 0.59846
0.29204 0.62078 0.44980
0.15486 0.40433 0.58726
0.19564 0.62877 0.35538
0.28727 0.57709 0.65885
0.30912 0.57786 0.52008
0.10267 0.58377 0.73818
0.12845 0.54180 0.52544
0.24704 0.52553 0.63692
0.37792 0.72995 0.47685
0.32500 0.65972 0.60072
0.12516 0.44293 0.60587
0.16225 0.66436 0.63191
0.27573 0.47872 0.63671
0.13365 0.65293 0.70173
0.38571 0.60383 0.39989
0.16305 0.23939 0.67367
0.36625 0.70584 0.59119
0.26274 0.58051 0.65325
0.40982 0.66366 0.59250
0.29181 0.34875 0.60106
0.32446 0.50608 0.64720
0.07789 0.52980 0.62378
0.35635 0.55231 0.59202
0.13600 0.52625 0.71902
0.50659 0.69119 0.53814
0.10246 0.27862 0.65149
0.11659 0.44968 0.47780
0.12930 0.52856 0.56850
0.37024 0.72867 0.66454
0.28579 0.38798 0.59829
0.26623 0.46728 0.57637
0.33373 0.63875 0.65363
0.16489 0.51168 0.62515
0.39003 0.65331 0.54542
0.30443 0.57397 0.55227
0.37221 0.54726 0.53969
0.20123 0.50234 0.60773
0.20675 0.53836 0.56174
0.24972 0.63372 0.65851
0.44187 0.61388 0.58281
0.22501 0.34258 0.65498
0.35809 0.40948 0.53181
0.18731 0.57961 0.41732
0.26620 0.57084 0.62105
0.19332 0.40207 0.69994
0.41690 0.60041 0.36307
0.36333 0.69173 0.61127
0.15970 0.66437 0.56139
0.09705 0.59623 0.51379
0.18874 0.18255 0.66555
0.10533 0.59459 0.70194
0.28671 0.45393 0.57693
0.26611 0.48305 0.43958
0.30282 0.59399 0.51887
0.12868 0.37277 0.68704
0.15890 0.51561 0.45451
0.22422 0.65676 0.61612
0.23714 0.51844 0.49695
0.20675 0.60262 0.61169
0.06486 0.62705 0.60897
0.40951 0.62074 0.48874
0.16490 0.50968 0.61987
0.29042 0.62409 0.62066
0.28390 0.49330 0.55402
0.35983 0.67081 0.55031
0.10027 0.47043 0.50869
0.16140 0.47606 0.73571
0.13617 0.43313 0.60522
0.32779 0.63208 0.59183
0.24500 0.50030 0.49502
0.13637 0.66461 0.66529
0.18747 0.49389 0.57615
0.28579 0.65166 0.54207
0.14535 0.60490 0.53999
0.25385 0.46942 0.60443
0.19195 0.48965 0.60341
0.26365 0.68618 0.58180
0.26681 0.47519 0.55969
0.30832 0.56306 0.67781
0.39313 0.60067 0.50960
0.30562 0.62613 0.52089
0.25514 0.69887 0.75342
0.20848 0.51604 0.45697
0.22137 0.40924 0.61637
0.28968 0.55396 0.61137
0.16675 0.44815 0.52816
0.29584 0.48751 0.54943
0.22523 0.45573 0.61414
0.11747 0.53202 0.39813
0.06516 0.32407 0.68464
0.42179 0.68923 0.74946
0.24709 0.43727 0.64830
0.30323 0.64553 0.49718
0.21754 0.50451 0.69364
0.36807 0.58078 0.75015
0.23952 0.60562 0.51375
0.31723 0.36053 0.56904
0.15017 0.47001 0.61532
0.07177 0.58108 0.53707
0.14355 0.58536 0.50591
0.15905 0.37056 0.69499
0.27408 0.40953 0.65196
0.17593 0.42897 0.70534
0.44898 0.67658 0.43747
0.35283 0.45661 0.65278
0.19947 0.29732 0.65107
0.05692 0.39007 0.78849
0.04897 0.51444 0.74488
0.43803 0.57083 0.45606
0.20808 0.49528 0.58912
0.38259 0.66360 0.61641
0.37464 0.53278 0.54369
0.49072 0.65475 0.38642
0.12470 0.52024 0.59542
0.47826 0.68412 0.59280
0.50120 0.74710 0.63729
0.28997 0.42209 0.67466
0.27985 0.51227 0.71686
0.21795 0.50480 0.47402
0.24048 0.66611 0.73002
0.18209 0.69347 0.61314
0.40116 0.76034 0.53670
0.19509 0.27065 0.65861
0.19379 0.58480 0.64059
0.24901 0.41711 0.61729
0.11185 0.28334 0.67619
0.14514 0.55741 0.54215
0.60582 0.73910 0.35159
0.29030 0.64779 0.62640
0.25539 0.63664 0.72863
0.29677 0.43947 0.63479
0.22319 0.50417 0.61091
0.30459 0.61676 0.71318
0.31461 0.49858 0.64999
0.21993 0.54192 0.59953
0.37893 0.66634 0.64840
0.18452 0.66986 0.70094
0.31101 0.63998 0.34025
0.16930 0.58267 0.45443
0.18650 0.65496 0.65682
0.20487 0.14854 0.68073
0.28944 0.53884 0.66299
0.24079 0.39984 0.67603
0.34157 0.70397 0.52910
0.23554 0.58222 0.68096
0.36199 0.67635 0.61213
0.28151 0.44991 0.58019
0.19473 0.58555 0.45315
0.18465 0.60350 0.77550
0.22549 0.33699 0.62414
0.40645 0.67061 0.42879
0.30131 0.48509 0.47799
0.40457 0.49335 0.55395
0.23540 0.40737 0.62382
0.27230 0.48321 0.49700
0.19872 0.51176 0.62074
0.32990 0.44230 0.60077
0.23580 0.62692 0.53316
0.12472 0.54706 0.70249
0.63387 0.75460 0.36383
0.12533 0.40700 0.62518
0.20616 0.43576 0.62334
0.30059 0.59641 0.52677
0.16048 0.46536 0.55972
0.20468 0.32685 0.59768
0.09710 0.35289 0.59520
0.31506 0.66415 0.61345
0.23590 0.51956 0.54665
0.12961 0.38344 0.55567
0.10659 0.39659 0.59223
0.13838 0.63603 0.68978
0.14585 0.31854 0.51818
0.40965 0.61734 0.39668
0.27096 0.66438 0.63477
0.22899 0.64682 0.68651
0.13039 0.39672 0.48072
0.10120 0.47735 0.66330
0.18934 0.48228 0.44532
0.43133 0.65677 0.68344
0.38673 0.53779 0.54018
0.12618 0.51244 0.71919
0.24373 0.61177 0.29583
0.19432 0.29122 0.62876
0.14521 0.44334 0.59403
0.16734 0.53318 0.64654
0.43150 0.54851 0.59906
0.06764 0.56874 0.65222
0.43642 0.69255 0.64540
0.26711 0.42136 0.52814
0.37589 0.68690 0.48046
0.26751 0.59850 0.48041
0.23686 0.40007 0.69537
0.32421 0.46980 0.65161
0.29097 0.48032 0.65535
0.29741 0.49573 0.70061
0.09887 0.51896 0.61781
0.17662 0.59530 0.67090
0.28013 0.56377 0.50786
0.18212 0.45165 0.68925
0.12752 0.48657 0.53798
0.33223 0.45846 0.62188
0.11093 0.55698 0.60692
0.27082 0.60660 0.65207
0.33909 0.65551 0.49259
0.20933 0.50734 0.61838
0.32996 0.67316 0.53531
0.26986 0.68859 0.58180
0.29636 0.57417 0.63966
0.19550 0.40893 0.54436
0.35148 0.71975 0.52264
0.21125 0.30935 0.66110
0.27045 0.34763 0.60561
0.23448 0.49263 0.64701
0.37656 0.58528 0.53693
0.26547 0.58671 0.44981
0.16503 0.31337 0.48598
0.26169 0.58633 0.60597
0.58825 0.71673 0.56536
0.18720 0.53412 0.66386
0.08115 0.55166 0.61236
0.23571 0.43366 0.67501
0.20180 0.42278 0.62038
0.16187 0.28597 0.66412
0.28346 0.69807 0.63373
0.21215 0.60928 0.65780
0.26991 0.70924 0.61302
0.17975 0.36019 0.66585
0.26826 0.52603 0.58656
0.21689 0.45971 0.48044
0.37125 0.73453 0.70009
0.28295 0.35676 0.60593
0.20754 0.70028 0.52054
0.36551 0.68813 0.41467
0.19663 0.49749 0.45217
0.33490 0.63143 0.63926
0.16976 0.43520 0.58363
0.17631 0.35948 0.70201
0.26708 0.63704 0.65718
0.14403 0.44226 0.65463
0.34052 0.49100 0.52361
0.41144 0.65205 0.64149
0.18695 0.45138 0.57848
0.26176 0.53204 0.43206
0.33468 0.60674 0.67032
0.28751 0.49741 0.68434
0.29283 0.63295 0.50864
0.23125 0.53124 0.65469
0.19524 0.51303 0.61389
0.24985 0.61222 0.56545
0.23402 0.58838 0.40034
0.11442 0.49655 0.49678
0.26469 0.71815 0.51841
0.29905 0.35639 0.61261
0.23607 0.32347 0.59737
0.28388 0.37058 0.61408
0.40952 0.70804 0.72309
0.25521 0.37049 0.71145
0.10597 0.46247 0.56324
0.21370 0.51196 0.47143
0.18486 0.35733 0.62883
0.14176 0.55519 0.50728
0.39029 0.45296 0.55437
0.10493 0.25395 0.66012
0.17472 0.61943 0.55136
0.30307 0.49149 0.63146
0.24372 0.62795 0.61730
0.21495 0.41197 0.60826
0.20058 0.57520 0.52572
0.26304 0.39211 0.66376
0.22642 0.39880 0.64219
0.20300 0.53354 0.70952
0.34602 0.70412 0.53594
0.32867 0.62214 0.45361
0.40918 0.60441 0.69013
0.16583 0.42602 0.59828
0.18354 0.42827 0.56229
0.28480 0.49263 0.70607
0.28569 0.45763 0.55655
0.16445 0.57137 0.65330
0.30027 0.46957 0.60113
0.21263 0.46566 0.45023
0.45035 0.62500 0.45223
0.21693 0.52137 0.58490
0.33980 0.50614 0.58940
0.42309 0.62883 0.55020
0.14981 0.58649 0.56950
0.06898 0.29828 0.71343
0.23868 0.51766 0.72651
0.23691 0.44634 0.66069
0.32989 0.61591 0.72274
0.40068 0.64419 0.54043
0.29442 0.47004 0.70536
0.30404 0.50174 0.57816
0.38834 0.47349 0.60646
0.42820 0.55938 0.38352
0.29742 0.61007 0.63381
0.44195 0.65699 0.39589
0.22680 0.58979 0.53372
0.13268 0.36428 0.59489
0.30492 0.68975 0.65361
0.35313 0.61846 0.64719
0.11815 0.57492 0.62009
0.18340 0.59932 0.73116
0.18588 0.40914 0.63140
0.19407 0.59117 0.50845
0.18300 0.30516 0.64252
0.20339 0.43897 0.61906
0.10203 0.38720 0.62516
0.26051 0.57538 0.68682
0.26121 0.56856 0.49240
0.11921 0.35421 0.64309
0.13056 0.60089 0.63567
0.16645 0.34883 0.52510
0.17818 0.55420 0.60664
0.16922 0.31833 0.69512
0.07763 0.49432 0.70959
0.31680 0.43095 0.71757
0.13451 0.55172 0.64726
0.17143 0.39938 0.54600
0.24552 0.43642 0.60688
0.23506 0.47396 0.70542
0.09976 0.42974 0.63194
0.19798 0.64018 0.57486
0.15763 0.70736 0.75441
0.16474 0.45308 0.64417
0.21784 0.34295 0.70226
0.14287 0.59034 0.76406
0.35427 0.60163 0.51074
0.36057 0.65453 0.59125
0.23326 0.52947 0.58677
0.27784 0.54658 0.56022
0.25493 0.51388 0.45140
0.17986 0.51698 0.70663
0.29870 0.61051 0.51220
0.33799 0.54398 0.68706
0.11548 0.44868 0.44828
0.28518 0.59611 0.54541
0.11341 0.48240 0.58198
0.18673 0.36045 0.63250
0.36461 0.57033 0.51057
0.12881 0.27734 0.70360
0.21541 0.50720 0.71175
0.24658 0.53099 0.59665
0.26433 0.55624 0.45805
0.27187 0.68198 0.74922
0.13290 0.57449 0.42988
0.25343 0.56888 0.58499
0.21425 0.50310 0.42175
0.28020 0.54028 0.58698
0.31924 0.65866 0.64796
0.25167 0.65403 0.55582
0.07141 0.66412 0.67945
0.27225 0.57631 0.48757
0.38883 0.59402 0.53635
0.37794 0.64441 0.61397
0.48093 0.73439 0.44386
0.23204 0.40338 0.52063
0.21064 0.38967 0.60845
0.37361 0.70037 0.57312
0.37226 0.43639 0.56584
0.11073 0.45544 0.64803
0.37947 0.58187 0.49647
0.08097 0.53701 0.59542
0.22570 0.38473 0.66565
0.42983 0.70718 0.65120
0.34775 0.55180 0.65896
0.15385 0.57711 0.35664
0.24886 0.60343 0.66869
0.22697 0.54029 0.64850
0.33631 0.56105 0.55100
0.25753 0.42134 0.59119
0.19835 0.43927 0.60262
0.27459 0.40513 0.56522
0.28107 0.62851 0.37069
0.28735 0.46133 0.59828
0.37157 0.55713 0.62368
0.18792 0.47556 0.68013
0.22699 0.63816 0.61677
0.31836 0.41606 0.56032
0.29353 0.53431 0.70003
0.30727 0.69428 0.76583
0.31661 0.66966 0.46774
0.20611 0.59919 0.44984
0.15177 0.46503 0.55025
0.38678 0.47688 0.62745
0.11752 0.24850 0.66232
0.17922 0.57079 0.63914
0.21530 0.40690 0.66901
0.29799 0.43136 0.58332
0.11824 0.42320 0.67455
0.33480 0.71995 0.60630
0.26986 0.61965 0.63508
0.23696 0.62569 0.64334
0.12807 0.58689 0.52947
0.34425 0.48268 0.69309
0.14598 0.30061 0.69105
0.26483 0.58755 0.40490
0.16985 0.46166 0.52475
0.21796 0.51713 0.65678
0.20311 0.36989 0.65561
0.11786 0.45808 0.65506
0.08983 0.64103 0.59133
0.30733 0.64755 0.73741
0.25615 0.63189 0.52592
0.22612 0.35453 0.62128
0.56798 0.70236 0.45361
0.22302 0.51466 0.63349
0.14877 0.53451 0.69253
0.36178 0.61485 0.57730
0.11255 0.59944 0.47935
0.21766 0.67989 0.74486
0.15807 0.65935 0.54786
0.27238 0.52661 0.50881
0.46119 0.56658 0.49954
0.08501 0.61017 0.77799
0.17400 0.62146 0.58367
0.13583 0.41001 0.57624
0.30007 0.55482 0.70102
0.40512 0.57702 0.69150
0.10576 0.45057 0.69472
0.35420 0.58403 0.69336
0.16024 0.36064 0.62250
0.25366 0.60646 0.52938
0.16844 0.56783 0.65555
0.34229 0.54054 0.47320
0.30747 0.55703 0.57533
0.18091 0.48146 0.50698
0.35625 0.58548 0.67614
0.09297 0.63141 0.68280
0.35663 0.57120 0.55048
0.42256 0.64561 0.48024
0.54721 0.71225 0.53722
0.08327 0.56260 0.53436
0.14988 0.46261 0.45020
0.14395 0.63914 0.50445
0.38071 0.57162 0.66601
0.23851 0.58762 0.49526
0.50950 0.69401 0.44285
0.35314 0.46378 0.52260
0.17220 0.45219 0.63015
0.16356 0.58302 0.58907
0.28751 0.42496 0.57307
0.17732 0.44046 0.55911
0.38673 0.65434 0.65692
0.28976 0.66661 0.60792
0.22169 0.51563 0.61974
0.22460 0.45761 0.49587
0.47641 0.66877 0.61716
0.35747 0.57909 0.50108
0.39508 0.61623 0.68479
0.15421 0.37402 0.57576
0.34370 0.65658 0.57167
0.40169 0.64305 0.52557
0.20351 0.50479 0.57645
0.13137 0.28893 0.68445
0.10342 0.37857 0.53184
0.50909 0.64393 0.43921
0.12421 0.62789 0.61217
0.13383 0.40462 0.69008
0.17778 0.40279 0.58421
0.38601 0.58882 0.55699
0.14791 0.45158 0.71604
0.25725 0.45034 0.61634
0.18660 0.68532 0.65051
0.17440 0.52593 0.44290
0.18354 0.30248 0.65450
0.11544 0.39415 0.63290
0.10778 0.56092 0.76108
0.19550 0.65012 0.63511
0.50229 0.66404 0.48113
0.12120 0.54951 0.45467
0.37833 0.62639 0.66618
0.21527 0.61708 0.47590
0.13745 0.39797 0.62037
0.30014 0.61333 0.65163
0.27447 0.49056 0.68511
0.26596 0.51327 0.49685
0.25205 0.57316 0.69800
0.18570 0.58345 0.71901
0.19786 0.56297 0.68460
0.11101 0.59153 0.49461
0.28180 0.54310 0.48042
0.18738 0.53477 0.46975
0.08529 0.67237 0.57423
0.08775 0.52650 0.49154
0.08030 0.61536 0.57947
0.40236 0.57398 0.55972
0.28456 0.66606 0.46327
0.08696 0.52086 0.60586
0.11689 0.54870 0.67948
0.37536 0.61034 0.70536
0.31429 0.56197 0.62005
0.27875 0.55511 0.44511
0.14803 0.55733 0.52718
0.23699 0.53576 0.42589
0.16779 0.47692 0.59355
0.26635 0.43776 0.64517
0.42757 0.52249 0.53013
0.31148 0.49048 0.59516
0.31586 0.51905 0.59064
0.09918 0.58837 0.62995
0.17045 0.61070 0.51801
0.32612 0.46215 0.49043
0.32323 0.63598 0.50385
0.06352 0.28051 0.73127
0.32407 0.62176 0.38882
0.22916 0.43412 0.60121
0.22629 0.55130 0.65458
0.17643 0.58737 0.58764
0.45381 0.66415 0.56447
0.37806 0.62356 0.49639
0.44170 0.64352 0.38804
0.40910 0.49614 0.58351
0.13180 0.57788 0.66642
0.13212 0.24939 0.59298
0.12650 0.39587 0.54930
0.15718 0.59878 0.58746
0.15303 0.63673 0.68872
0.37845 0.57261 0.49915
0.31139 0.62163 0.56172
0.27335 0.59455 0.65567
0.34141 0.66037 0.46676
0.14593 0.56716 0.64990
0.25355 0.60470 0.70955
0.26238 0.43126 0.57205
0.29852 0.65114 0.55016
0.16606 0.55934 0.65424
0.22264 0.46093 0.49983
0.35726 0.49793 0.62036
0.27928 0.65140 0.59526
0.17378 0.44642 0.59717
0.39423 0.60206 0.46611
0.16965 0.49537 0.48856
0.16874 0.36321 0.61088
0.46027 0.61944 0.61177
0.27715 0.54677 0.62283
0.22268 0.51256 0.74270
0.26250 0.61698 0.57781
0.34198 0.71074 0.44394
0.40201 0.60632 0.52289
0.22149 0.57811 0.52947
0.15254 0.66524 0.66911
0.35615 0.63252 0.55795
0.30262 0.53276 0.64470
0.15278 0.45750 0.55902
0.29000 0.47782 0.65150
0.17338 0.30935 0.59434
0.20352 0.69264 0.52564
0.41530 0.61746 0.48664
0.15229 0.53501 0.65972
0.58345 0.70812 0.42094
0.13914 0.52824 0.63254
0.11541 0.45778 0.63229
0.33814 0.66454 0.65197
0.33994 0.55534 0.62937
0.16380 0.64963 0.52317
0.27672 0.41074 0.51759
0.17753 0.63225 0.58791
0.18554 0.48879 0.41203
0.24199 0.43567 0.62362
0.45951 0.58013 0.39477
0.10000 0.68004 0.47348
0.19471 0.37039 0.47736
0.16221 0.48182 0.56270
0.19823 0.51018 0.66313
0.33977 0.47055 0.53915
0.28790 0.67989 0.59039
0.13527 0.37480 0.73817
0.26681 0.56914 0.61200
0.20481 0.60280 0.57710
0.09610 0.58557 0.57003
0.21024 0.60297 0.55877
0.27711 0.59744 0.63981
0.31982 0.57315 0.74065
0.25331 0.49387 0.73527
0.34839 0.57454 0.57338
0.28591 0.54941 0.39595
0.39070 0.54170 0.61087
0.21700 0.36842 0.57219
0.11282 0.56115 0.63474
0.27410 0.61607 0.55333
0.27377 0.61276 0.57832
0.11385 0.73067 0.61784
0.10496 0.34955 0.70406
0.10881 0.36559 0.64906
0.27478 0.60991 0.46737
0.45784 0.65034 0.57444
0.29136 0.57625 0.62489
0.24063 0.61776 0.80521
0.35137 0.53708 0.61937
0.39988 0.55434 0.47456
0.24015 0.52747 0.58971
0.28268 0.59840 0.64982
0.37134 0.71804 0.65748
0.11133 0.65639 0.60462
0.30442 0.56494 0.58297
0.29754 0.48009 0.52636
0.37497 0.66928 0.46035
0.19190 0.71725 0.49680
0.07392 0.50033 0.62140
0.41339 0.70106 0.56429
0.37864 0.68631 0.62415
0.41740 0.64690 0.58422
0.17383 0.37245 0.63985
0.15777 0.55910 0.59675
0.19641 0.61036 0.51387
0.21853 0.53598 0.66075
0.22200 0.56810 0.58667
0.35586 0.59774 0.58313
0.12801 0.36859 0.68261
0.62273 0.67469 0.37038
0.17516 0.52410 0.58744
0.33934 0.61357 0.65200
0.31617 0.51576 0.71032
0.25593 0.60966 0.66192
0.30756 0.57826 0.46179
0.28777 0.56379 0.67848
0.42354 0.59612 0.73220
0.04736 0.61729 0.77780
0.20120 0.38913 0.67711
0.46273 0.62466 0.48783
0.63018 0.72980 0.36466
0.21973 0.62264 0.61018
0.48390 0.72576 0.36494
0.10356 0.66619 0.69761
0.15406 0.32726 0.52943
0.50870 0.66508 0.51415
0.34030 0.59093 0.63079
0.35403 0.58891 0.64997
0.20485 0.38502 0.55983
0.10972 0.39337 0.53942
0.30396 0.48327 0.47372
0.54196 0.71057 0.43669
0.11142 0.48956 0.54627
0.42646 0.60680 0.40400
0.13581 0.42791 0.45016
0.27666 0.44757 0.63782
0.22320 0.45018 0.59129
0.45918 0.57736 0.50492
0.12545 0.47096 0.59180
0.14690 0.38573 0.61310
0.21674 0.57317 0.48045
0.25228 0.35210 0.61328
0.26540 0.56707 0.46169
0.14508 0.49443 0.52544
0.23921 0.66729 0.59451
0.31027 0.69923 0.63581
0.22173 0.46860 0.48248
0.23459 0.32071 0.70784
0.22342 0.73236 0.56536
0.47943 0.61064 0.45390
0.17925 0.48999 0.66866
0.34128 0.67540 0.53615
0.28325 0.66618 0.48741
0.30924 0.51688 0.58460
0.09921 0.23254 0.63249
0.28385 0.67986 0.64120
0.15829 0.46135 0.74967
0.21978 0.41877 0.64930
0.28910 0.54099 0.53317
0.39256 0.59192 0.66617
0.35078 0.61939 0.66480
0.18087 0.51302 0.61749
0.41394 0.53688 0.65596
0.46946 0.64860 0.69152
0.33882 0.62780 0.62374
0.15982 0.47051 0.66908
0.44192 0.52889 0.51784
0.23026 0.51089 0.66328
0.43754 0.71178 0.61073
0.46514 0.50581 0.49231
0.19647 0.57016 0.76862
0.14379 0.56270 0.73227
0.45363 0.63574 0.48160
0.53066 0.66360 0.53588
0.15511 0.54806 0.46328
0.43201 0.57939 0.63705
0.14801 0.57755 0.73431
0.16359 0.53201 0.70186
0.22933 0.43172 0.60709
0.23960 0.50840 0.51424
0.09021 0.49635 0.65559
0.13976 0.55841 0.63986
0.11422 0.44299 0.79094
0.28193 0.60992 0.65232
0.24069 0.53622 0.71330
0.39439 0.60759 0.55670
0.18878 0.65332 0.48041
0.14574 0.37963 0.70919
0.21610 0.46620 0.55328
