20 5 1000 56826 9879
0.29242 0.07182 0.67156
0.55081 0.07391 0.33168
0.14566 0.79375 0.71158
0.77127 0.80039 0.85245
0.32246 0.53908 0.54652
0.46814 0.40138 0.61727
0.27151 0.62005 0.66034
0.34073 0.45900 0.58743
0.45323 0.34882 0.62151
0.35399 0.46650 0.63116
0.34505 0.41015 0.64138
0.28756 0.54513 0.64519
0.42915 0.39049 0.62364
0.50335 0.40349 0.53958
0.50213 0.35271 0.52397
0.51428 0.76121 0.76749
0.49134 0.57402 0.66714
0.40530 0.23448 0.53203
0.50836 0.45611 0.56594
0.43971 0.54512 0.69813
0.35113 0.22036 0.68407
0.46048 0.65728 0.71080
0.46736 0.33133 0.59449
0.54288 0.57076 0.74673
0.37295 0.49004 0.64804
0.45143 0.12950 0.45550
0.39964 0.36224 0.61281
0.38746 0.40738 0.57000
0.42721 0.33552 0.52140
0.58314 0.70249 0.75160
0.42501 0.70336 0.73699
0.29382 0.55389 0.67947
0.39260 0.39985 0.67739
0.43495 0.33584 0.54703
0.38285 0.29388 0.64240
0.34084 0.44615 0.60648
0.55326 0.54024 0.70123
0.31878 0.51277 0.59845
0.40389 0.56496 0.67469
0.36305 0.35790 0.53465
0.36208 0.59687 0.63882
0.46498 0.51489 0.65657
0.39313 0.47931 0.57467
0.58203 0.63620 0.76031
0.32933 0.49742 0.56200
0.49637 0.26736 0.44332
0.51404 0.28814 0.51509
0.39627 0.28930 0.52490
0.40123 0.48506 0.69147
0.42855 0.48992 0.59132
0.43489 0.25355 0.58164
0.32118 0.59459 0.64627
0.46489 0.57840 0.64716
0.46720 0.61457 0.66758
0.29541 0.58262 0.65834
0.41676 0.43510 0.53911
0.50126 0.48187 0.58587
0.47474 0.38324 0.50730
0.41422 0.51069 0.63534
0.33451 0.55812 0.64522
0.66975 0.58457 0.72210
0.56021 0.53904 0.70661
0.39208 0.36796 0.50779
0.31881 0.44620 0.65373
0.37023 0.24425 0.64337
0.34713 0.33228 0.55193
0.44221 0.48349 0.68049
0.41268 0.35835 0.54000
0.48936 0.40129 0.56594
0.47911 0.26873 0.61369
0.48368 0.26094 0.50023
0.48524 0.49479 0.70981
0.42394 0.49764 0.65234
0.34049 0.48817 0.61883
0.48254 0.52880 0.65875
0.37481 0.43108 0.52129
0.35503 0.37515 0.66418
0.38465 0.35439 0.51545
0.35149 0.36281 0.66041
0.40278 0.40764 0.52090
0.38037 0.45804 0.56460
0.38439 0.49166 0.59596
0.39217 0.70033 0.71371
0.40489 0.57031 0.59691
0.50753 0.65676 0.70965
0.53161 0.47768 0.58314
0.34609 0.48212 0.53888
0.45996 0.61028 0.68314
0.49079 0.53807 0.72798
0.32209 0.18806 0.63088
0.43251 0.39229 0.62631
0.41415 0.31201 0.56086
0.64510 0.67827 0.74013
0.36398 0.62591 0.67293
0.44903 0.36617 0.49637
0.64948 0.49244 0.65296
0.39021 0.27483 0.51632
0.29808 0.29416 0.68457
0.40705 0.43168 0.57852
0.54111 0.51856 0.68492
0.39171 0.42243 0.59681
0.45710 0.17663 0.43975
0.33194 0.31883 0.57167
0.28859 0.67973 0.68317
0.37238 0.44703 0.64610
0.41285 0.31713 0.69704
0.49919 0.22952 0.47080
0.34435 0.72999 0.73140
0.38013 0.44343 0.52983
0.42459 0.57470 0.66158
0.34148 0.41649 0.57880
0.58889 0.47882 0.65433
0.61085 0.66327 0.73836
0.33200 0.23608 0.67982
0.42119 0.33719 0.48235
0.50701 0.34766 0.52327
0.64266 0.66664 0.78009
0.38486 0.43600 0.54028
0.28255 0.60254 0.66523
0.40352 0.30843 0.61120
0.27143 0.63911 0.64482
0.48034 0.35492 0.69300
0.40961 0.30604 0.50259
0.39509 0.47878 0.55893
0.40375 0.26395 0.49197
0.27875 0.54861 0.60317
0.38269 0.63715 0.65288
0.44530 0.57362 0.64333
0.35926 0.28494 0.58064
0.48213 0.69721 0.74537
0.47248 0.60965 0.66692
0.27563 0.55133 0.60174
0.32231 0.26374 0.60663
0.25380 0.66021 0.64396
0.37171 0.46700 0.62159
0.45286 0.41732 0.60195
0.64087 0.62128 0.79474
0.42375 0.61544 0.68614
0.39069 0.48605 0.57713
0.48193 0.42122 0.64126
0.27893 0.58779 0.59655
0.37407 0.27425 0.58463
0.38553 0.36530 0.56711
0.42117 0.45251 0.65855
0.45763 0.44496 0.65598
0.56090 0.43769 0.64965
0.33343 0.40074 0.60683
0.61687 0.54212 0.75046
0.24942 0.55520 0.63073
0.38566 0.12036 0.57334
0.36138 0.49532 0.61912
0.47020 0.29616 0.45191
0.40309 0.36419 0.49556
0.41052 0.58373 0.62649
0.39689 0.59995 0.65480
0.62509 0.65037 0.78265
0.42647 0.57399 0.63954
0.34568 0.30534 0.57828
0.41668 0.35674 0.60231
0.38164 0.47743 0.65335
0.39509 0.41206 0.58823
0.29286 0.42642 0.62314
0.41953 0.38153 0.58432
0.40779 0.34153 0.66596
0.37237 0.57230 0.60168
0.56917 0.39337 0.58104
0.45117 0.58664 0.64015
0.40310 0.43343 0.64851
0.49765 0.40374 0.58012
0.35874 0.53227 0.63342
0.19332 0.65128 0.68092
0.42879 0.26123 0.54042
0.40046 0.30734 0.55788
0.27535 0.45394 0.66542
0.53718 0.41970 0.60880
0.31611 0.32285 0.59411
0.32065 0.62221 0.65795
0.21050 0.68228 0.65742
0.56083 0.57194 0.73191
0.35920 0.22278 0.61875
0.52637 0.56304 0.68771
0.52428 0.58651 0.72156
0.51011 0.54704 0.62103
0.43091 0.43165 0.67191
0.39243 0.40234 0.51730
0.41173 0.35113 0.57999
0.64417 0.48521 0.63800
0.54297 0.41273 0.56640
0.50134 0.37453 0.54092
0.50504 0.42290 0.63217
0.48977 0.27469 0.52267
0.38228 0.30387 0.53733
0.41978 0.44312 0.66352
0.47347 0.48082 0.60296
0.47313 0.53434 0.69373
0.37202 0.55320 0.61697
0.30976 0.65349 0.66731
0.32473 0.63396 0.63143
0.46077 0.53359 0.68856
0.35948 0.51069 0.63235
0.45411 0.48267 0.58065
0.39311 0.50968 0.56832
0.35655 0.46479 0.54340
0.28709 0.14420 0.66433
0.40942 0.33444 0.64978
0.45125 0.30743 0.53948
0.38343 0.46757 0.64345
0.31511 0.31021 0.63979
0.63678 0.66314 0.76670
0.29618 0.53084 0.57429
0.50571 0.57385 0.67504
0.44449 0.41051 0.63056
0.53028 0.62700 0.73865
0.42794 0.39722 0.57999
0.36245 0.70342 0.71737
0.33051 0.25586 0.64316
0.46527 0.37290 0.52183
0.39649 0.66677 0.67473
0.36401 0.57912 0.67201
0.38148 0.37764 0.59448
0.39547 0.35677 0.49396
0.35682 0.43100 0.58950
0.47242 0.51752 0.74957
0.44495 0.60630 0.71496
0.55588 0.60402 0.74940
0.36802 0.56918 0.64827
0.36780 0.53065 0.58405
0.40850 0.66504 0.69236
0.55812 0.54798 0.66737
0.37086 0.36288 0.65209
0.48099 0.43812 0.63412
0.39451 0.62509 0.68512
0.33236 0.43456 0.57818
0.37889 0.38683 0.50650
0.50495 0.31597 0.55340
0.27364 0.50183 0.64790
0.27361 0.35745 0.64985
0.37951 0.49147 0.68337
0.35619 0.46631 0.64672
0.48140 0.41933 0.66767
0.51117 0.54075 0.70005
0.44232 0.65811 0.72823
0.29369 0.48957 0.62011
0.24876 0.49692 0.65744
0.40502 0.47793 0.65958
0.49801 0.50290 0.71584
0.37197 0.51031 0.66111
0.39445 0.37749 0.57991
0.53840 0.45985 0.58690
0.47451 0.40393 0.59611
0.45819 0.28899 0.50052
0.44769 0.31668 0.53156
0.49053 0.48820 0.61582
0.35720 0.44533 0.53342
0.32194 0.41066 0.59686
0.49019 0.61811 0.70054
0.32064 0.38671 0.63555
0.37812 0.48922 0.57110
0.41096 0.38427 0.61586
0.44886 0.31593 0.52233
0.35205 0.49465 0.58363
0.40316 0.26861 0.58262
0.50596 0.35094 0.67107
0.35765 0.41700 0.63852
0.65056 0.58187 0.70419
0.39237 0.41042 0.51640
0.40028 0.38922 0.53201
0.50070 0.36146 0.55489
0.44018 0.62124 0.67698
0.44508 0.37398 0.61326
0.31741 0.44331 0.56847
0.36155 0.50911 0.65782
0.40521 0.31280 0.48463
0.39976 0.30832 0.54152
0.40256 0.31419 0.48185
0.37364 0.43061 0.65983
0.32369 0.41065 0.65226
0.47815 0.58375 0.67476
0.33717 0.29881 0.69097
0.37491 0.53202 0.63383
0.39468 0.62983 0.70652
0.63635 0.57924 0.72566
0.58820 0.51631 0.70781
0.39427 0.35444 0.50575
0.42269 0.59392 0.70192
0.28801 0.49168 0.59982
0.33122 0.27972 0.61878
0.39840 0.43864 0.63667
0.43770 0.30286 0.46303
0.32822 0.59838 0.61105
0.39435 0.58010 0.64425
0.36181 0.44589 0.57070
0.43020 0.34698 0.68847
0.32080 0.27341 0.63603
0.49313 0.35230 0.52427
0.34243 0.51151 0.59764
0.35741 0.17808 0.59997
0.26256 0.68638 0.68601
0.45581 0.47243 0.58789
0.55929 0.66552 0.71288
0.43871 0.38737 0.51083
0.52188 0.35625 0.63754
0.35358 0.54663 0.58870
0.39053 0.27815 0.58192
0.18361 0.72669 0.68540
0.33483 0.54570 0.65808
0.43302 0.71278 0.74445
0.34850 0.58821 0.62653
0.35742 0.45513 0.55062
0.25823 0.50734 0.66340
0.38061 0.35399 0.57503
0.32168 0.61023 0.67600
0.41299 0.44706 0.54455
0.29117 0.61716 0.62385
0.40248 0.56075 0.67805
0.35924 0.39903 0.59240
0.35900 0.49158 0.59172
0.51470 0.48226 0.59311
0.38263 0.47612 0.53967
0.36830 0.53133 0.71370
0.34954 0.36062 0.63142
0.53524 0.46050 0.68784
0.27413 0.66902 0.68688
0.52672 0.42675 0.61649
0.40933 0.46325 0.63497
0.45797 0.42273 0.66094
0.48649 0.30108 0.58489
0.31218 0.39639 0.61785
0.41777 0.40321 0.58937
0.41641 0.32712 0.54373
0.49642 0.68036 0.74424
0.43796 0.21510 0.55092
0.34514 0.49533 0.59328
0.26058 0.57357 0.63996
0.43012 0.32939 0.51340
0.50385 0.44800 0.57506
0.42911 0.25930 0.60833
0.54599 0.40405 0.56063
0.37533 0.34628 0.62698
0.25631 0.44744 0.66038
0.55526 0.44381 0.57879
0.33032 0.19590 0.60907
0.38121 0.42489 0.62577
0.47700 0.74130 0.74956
0.25052 0.67955 0.66435
0.47663 0.39504 0.57896
0.27106 0.32348 0.68078
0.31515 0.52426 0.55774
0.45872 0.41691 0.58780
0.49096 0.41489 0.58229
0.51873 0.32132 0.51052
0.20661 0.72010 0.69555
0.34081 0.44310 0.65103
0.43920 0.39212 0.62858
0.38450 0.55766 0.70146
0.46387 0.23805 0.50448
0.57618 0.49190 0.63690
0.39459 0.21341 0.64342
0.38276 0.45001 0.62617
0.58580 0.43352 0.60992
0.53388 0.35598 0.50968
0.40734 0.65732 0.66787
0.41482 0.25377 0.61715
0.36886 0.60045 0.70129
0.58462 0.50139 0.67593
0.37091 0.58584 0.68124
0.34588 0.46663 0.62079
0.53575 0.37216 0.59371
0.57178 0.60283 0.77541
0.45932 0.23728 0.60441
0.31479 0.43749 0.68603
0.34684 0.36784 0.57078
0.34984 0.25996 0.56065
0.40353 0.42616 0.69670
0.40637 0.59119 0.68973
0.42146 0.21517 0.52330
0.46723 0.42891 0.64431
0.39780 0.66823 0.73535
0.39721 0.23473 0.59734
0.51085 0.33812 0.54806
0.53561 0.50307 0.63394
0.48315 0.20189 0.45749
0.31327 0.46929 0.65771
0.39714 0.23548 0.53127
0.38967 0.39700 0.67734
0.46770 0.41174 0.59503
0.35125 0.53182 0.57814
0.37622 0.56856 0.66273
0.37722 0.22182 0.60408
0.29603 0.50896 0.63986
0.38146 0.34296 0.59566
0.30066 0.50714 0.66044
0.42731 0.45387 0.56269
0.41434 0.29787 0.48947
0.37539 0.36290 0.52344
0.38929 0.48367 0.64347
0.51356 0.28768 0.50918
0.27234 0.58885 0.61146
0.40376 0.49285 0.61716
0.38059 0.50389 0.58361
0.44339 0.53737 0.60679
0.38627 0.43365 0.53399
0.31924 0.34931 0.60993
0.46801 0.72155 0.76427
0.60231 0.56352 0.73524
0.36644 0.38623 0.55870
0.38701 0.45635 0.54563
0.37025 0.11538 0.58422
0.47294 0.35077 0.66047
0.50070 0.26415 0.49756
0.41078 0.29140 0.56644
0.46525 0.44164 0.59478
0.37888 0.56784 0.63453
0.32897 0.49536 0.60324
0.44071 0.25147 0.45998
0.38163 0.27727 0.54722
0.49834 0.62737 0.69133
0.30590 0.45906 0.69335
0.46191 0.30089 0.60221
0.32345 0.47463 0.61214
0.47275 0.40342 0.70735
0.48150 0.27454 0.46000
0.42708 0.61339 0.65879
0.31645 0.35224 0.65638
0.52732 0.54887 0.66329
0.38692 0.28134 0.59146
0.26335 0.53312 0.65428
0.39198 0.57014 0.65750
0.31061 0.37309 0.64396
0.37984 0.45147 0.59683
0.51179 0.55433 0.62371
0.36663 0.35557 0.64561
0.36649 0.30569 0.60860
0.46603 0.34140 0.55776
0.47378 0.51847 0.60903
0.48471 0.30206 0.47176
0.40325 0.48064 0.60397
0.38030 0.47202 0.60376
0.38179 0.48931 0.59820
0.29134 0.36585 0.67568
0.47195 0.61735 0.75098
0.49992 0.63038 0.74170
0.62521 0.68171 0.77599
0.45838 0.51829 0.59677
0.46285 0.43409 0.62136
0.48212 0.30536 0.57014
0.40009 0.37050 0.49630
0.45719 0.67893 0.73248
0.46496 0.45564 0.62533
0.44907 0.45915 0.59406
0.39789 0.39643 0.55961
0.51906 0.69482 0.73468
0.45508 0.42610 0.64083
0.29951 0.54295 0.60697
0.37829 0.40251 0.63303
0.33711 0.31343 0.63137
0.41079 0.45898 0.69105
0.31599 0.49347 0.61526
0.55961 0.57552 0.74597
0.53655 0.70734 0.76515
0.37711 0.15216 0.54551
0.50931 0.40234 0.63972
0.34785 0.20892 0.63623
0.46283 0.50375 0.60831
0.53713 0.54726 0.64030
0.42884 0.39971 0.61335
0.54315 0.53599 0.76395
0.37957 0.35291 0.56285
0.57142 0.63712 0.74709
0.53691 0.25686 0.50206
0.58044 0.50072 0.62309
0.49305 0.17144 0.47432
0.46609 0.65853 0.71125
0.39906 0.41225 0.61395
0.38371 0.32464 0.61400
0.51211 0.42077 0.64703
0.29301 0.36119 0.64723
0.26424 0.65578 0.66661
0.38565 0.41172 0.54012
0.47133 0.41572 0.57863
0.48250 0.43818 0.70272
0.36589 0.26219 0.55059
0.49264 0.47339 0.62783
0.60292 0.70006 0.76259
0.35331 0.44469 0.67910
0.33646 0.37760 0.55916
0.33100 0.40426 0.59659
0.31139 0.46020 0.64225
0.43807 0.42120 0.62817
0.31432 0.43662 0.57531
0.64342 0.75661 0.79796
0.37422 0.44793 0.63493
0.49627 0.49868 0.62465
0.42471 0.36821 0.63105
0.43428 0.32023 0.54892
0.60237 0.71426 0.75760
0.42242 0.45084 0.62617
0.51125 0.41629 0.64646
0.37364 0.71923 0.70664
0.30126 0.58889 0.60807
0.40836 0.42768 0.60698
0.34777 0.59164 0.65730
0.34380 0.44672 0.65922
0.42174 0.23872 0.55989
0.42628 0.59610 0.65217
0.34323 0.61309 0.63085
0.57022 0.57779 0.74167
0.41518 0.52484 0.66335
0.26834 0.49757 0.68055
0.43399 0.53373 0.63550
0.45273 0.49730 0.62307
0.33362 0.36389 0.64868
0.33613 0.50843 0.67069
0.43954 0.52275 0.62190
0.36682 0.39997 0.54151
0.50408 0.64279 0.68117
0.35910 0.39435 0.60083
0.58435 0.62344 0.69195
0.37146 0.51500 0.58761
0.36605 0.59248 0.70787
0.55179 0.43469 0.62793
0.33232 0.45075 0.67103
0.44062 0.31995 0.52521
0.40802 0.46085 0.56326
0.45948 0.63181 0.68667
0.24739 0.45914 0.66373
0.56863 0.60186 0.70671
0.40622 0.54189 0.63825
0.40127 0.66440 0.73102
0.34223 0.59508 0.61508
0.29204 0.58360 0.61867
0.47869 0.64064 0.67471
0.44072 0.54074 0.63118
0.38871 0.32317 0.50289
0.49517 0.35179 0.54709
0.34383 0.38365 0.61970
0.38093 0.46554 0.58916
0.38887 0.41489 0.52759
0.35990 0.51342 0.58087
0.43364 0.24372 0.53253
0.57101 0.63524 0.71575
0.40968 0.53800 0.62825
0.31370 0.47528 0.66903
0.38298 0.32052 0.53288
0.45328 0.49562 0.58274
0.49501 0.57119 0.71299
0.35670 0.23035 0.61824
0.49888 0.67669 0.71358
0.45151 0.36887 0.57512
0.35838 0.42662 0.56965
0.35872 0.56308 0.65719
0.45033 0.27886 0.49048
0.35705 0.28994 0.61852
0.36189 0.36698 0.57266
0.41616 0.64705 0.72643
0.44765 0.24886 0.58269
0.36770 0.43688 0.53444
0.34337 0.52793 0.69757
0.39017 0.50954 0.61518
0.41298 0.30696 0.49564
0.33334 0.62708 0.66201
0.37771 0.33480 0.55707
0.37648 0.38235 0.63179
0.48632 0.22157 0.44524
0.35098 0.38953 0.68183
0.25677 0.53362 0.68465
0.41474 0.41682 0.63824
0.52349 0.49244 0.68832
0.45082 0.16654 0.45903
0.30579 0.22980 0.65466
0.37975 0.16114 0.58709
0.53932 0.43649 0.64418
0.46829 0.23170 0.53266
0.35984 0.38627 0.52906
0.46481 0.34369 0.59647
0.31997 0.56218 0.62643
0.63790 0.63644 0.71368
0.43250 0.30974 0.48902
0.59349 0.66326 0.76102
0.38743 0.59827 0.64178
0.50788 0.65595 0.73926
0.47845 0.30039 0.62527
0.43636 0.13734 0.51353
0.46244 0.27004 0.53509
0.48580 0.49665 0.65938
0.42678 0.28101 0.49493
0.52256 0.61555 0.71440
0.30770 0.56629 0.57912
0.41143 0.43383 0.57056
0.41339 0.56606 0.71339
0.45024 0.55936 0.63159
0.41953 0.70171 0.72220
0.32774 0.53971 0.56990
0.42966 0.60453 0.66769
0.38438 0.38059 0.56838
0.55459 0.56597 0.71057
0.55123 0.44693 0.60643
0.32694 0.23894 0.60323
0.31663 0.54504 0.67894
0.30753 0.69303 0.68723
0.41943 0.34370 0.51424
0.27469 0.55375 0.61881
0.39948 0.77258 0.75460
0.27771 0.61419 0.62205
0.29849 0.40415 0.60605
0.33487 0.62522 0.70668
0.42647 0.55326 0.61293
0.29206 0.35560 0.63826
0.34168 0.20967 0.59616
0.31051 0.15646 0.64739
0.52444 0.49890 0.61042
0.34309 0.45436 0.59072
0.35783 0.49077 0.62188
0.37009 0.56807 0.58897
0.37106 0.49511 0.57167
0.47930 0.41771 0.52286
0.47406 0.28629 0.48003
0.49045 0.20510 0.50418
0.38365 0.26548 0.53321
0.35622 0.51349 0.62783
0.45443 0.38757 0.54340
0.59682 0.74740 0.79733
0.33074 0.57466 0.61225
0.55309 0.52553 0.71487
0.39868 0.56012 0.60609
0.47073 0.20892 0.55809
0.31047 0.55790 0.69228
0.39009 0.33803 0.69845
0.41611 0.23455 0.49985
0.37178 0.16545 0.59905
0.50804 0.50906 0.61496
0.31736 0.09918 0.65315
0.42584 0.44847 0.53590
0.41465 0.34507 0.51225
0.51332 0.67682 0.71243
0.22582 0.64905 0.69921
0.42782 0.39496 0.53825
0.38225 0.53350 0.61179
0.42722 0.55056 0.60593
0.39640 0.54498 0.62896
0.38958 0.45926 0.54327
0.58381 0.55330 0.71423
0.46932 0.28873 0.61893
0.39815 0.55331 0.58669
0.21712 0.64077 0.68924
0.61850 0.41237 0.59304
0.34491 0.54389 0.60449
0.32487 0.42507 0.65585
0.40593 0.60776 0.66083
0.47238 0.66983 0.71782
0.44334 0.32687 0.49149
0.45939 0.27737 0.44935
0.35895 0.39441 0.53687
0.56466 0.55773 0.66464
0.34392 0.47162 0.64680
0.56570 0.49936 0.64323
0.33021 0.33890 0.65515
0.49042 0.17623 0.41430
0.38604 0.43452 0.65473
0.46623 0.29247 0.44731
0.39699 0.47954 0.59538
0.40693 0.47074 0.65207
0.45305 0.37554 0.64456
0.34551 0.44089 0.57938
0.26174 0.61544 0.67769
0.39731 0.43786 0.53350
0.36905 0.56117 0.66313
0.32826 0.50371 0.61327
0.42448 0.29155 0.59471
0.44602 0.29017 0.62576
0.35343 0.55595 0.63760
0.47631 0.44380 0.63086
0.58427 0.53807 0.67254
0.42136 0.18267 0.54357
0.51513 0.59845 0.68447
0.38571 0.47138 0.57020
0.59247 0.69630 0.79797
0.36666 0.33730 0.57701
0.62312 0.50491 0.63494
0.49226 0.22133 0.52819
0.41674 0.33260 0.51906
0.59283 0.61689 0.71040
0.31415 0.48694 0.65720
0.65804 0.65428 0.79356
0.27650 0.52834 0.60257
0.42610 0.44171 0.68506
0.31241 0.26432 0.66335
0.31012 0.41658 0.67199
0.44266 0.30197 0.49622
0.50392 0.46937 0.70502
0.34876 0.60952 0.69264
0.44083 0.62737 0.65112
0.30635 0.38523 0.60359
0.37838 0.51840 0.71112
0.54967 0.67288 0.70632
0.31998 0.51484 0.59526
0.36909 0.53135 0.60249
0.36251 0.35600 0.64675
0.28257 0.65262 0.64107
0.68690 0.67506 0.78906
0.49088 0.18526 0.45994
0.35764 0.33448 0.56853
0.27554 0.71969 0.69373
0.41082 0.27315 0.50326
0.44193 0.23839 0.62508
0.43622 0.32314 0.51071
0.54550 0.52558 0.64766
0.32418 0.71788 0.69923
0.36843 0.47027 0.56526
0.43705 0.25698 0.62569
0.48778 0.58739 0.69453
0.33892 0.46797 0.55753
0.39035 0.45212 0.58330
0.33677 0.31908 0.65046
0.46896 0.38420 0.59608
0.45334 0.48760 0.57378
0.38306 0.22091 0.59620
0.31890 0.64043 0.64361
0.49689 0.62144 0.67995
0.42470 0.27019 0.56829
0.52850 0.50959 0.65578
0.38299 0.71390 0.72830
0.38443 0.25386 0.57468
0.29438 0.47984 0.61900
0.56986 0.60123 0.73288
0.45618 0.20434 0.46114
0.35896 0.38496 0.54603
0.35540 0.27040 0.61721
0.58312 0.51406 0.69779
0.37729 0.41371 0.62067
0.52010 0.31540 0.53071
0.39781 0.57658 0.62835
0.34063 0.47489 0.56427
0.39258 0.47698 0.67655
0.37633 0.49074 0.59592
0.40418 0.43353 0.54985
0.50017 0.24777 0.44443
0.43322 0.21183 0.49815
0.53027 0.25902 0.53182
0.54461 0.70062 0.75936
0.42819 0.32978 0.49827
0.50946 0.64939 0.75344
0.53776 0.49960 0.61704
0.34103 0.52416 0.58955
0.32798 0.45843 0.56480
0.33413 0.35190 0.64967
0.50753 0.65965 0.71634
0.47689 0.64507 0.69699
0.40133 0.55953 0.63577
0.36855 0.44287 0.62536
0.52497 0.48138 0.62324
0.39794 0.60393 0.66308
0.33957 0.56952 0.60459
0.30379 0.33393 0.68454
0.34222 0.56599 0.61534
0.35881 0.47736 0.57035
0.37662 0.32588 0.50993
0.43114 0.31805 0.51873
0.45822 0.21450 0.50396
0.45325 0.37609 0.57756
0.42148 0.43087 0.63998
0.56907 0.74366 0.77023
0.38514 0.40419 0.60719
0.46755 0.39985 0.58426
0.39275 0.47635 0.64408
0.43560 0.23340 0.55239
0.27975 0.51086 0.64589
0.52221 0.50067 0.67314
0.55973 0.56652 0.68093
0.46498 0.67548 0.73022
0.40564 0.17296 0.59550
0.49403 0.50178 0.61844
0.42039 0.66039 0.70035
0.34295 0.18138 0.63772
0.27086 0.58640 0.61494
0.41658 0.52181 0.63592
0.31327 0.50549 0.63530
0.36302 0.54699 0.58475
0.42861 0.46585 0.61398
0.40980 0.48337 0.56666
0.36081 0.21740 0.62267
0.44417 0.47554 0.60284
0.53903 0.43396 0.63648
0.40517 0.56702 0.64482
0.41300 0.35469 0.54666
0.32508 0.23317 0.62888
0.45141 0.28817 0.46248
0.35602 0.43895 0.53695
0.47924 0.56760 0.69490
0.46930 0.33006 0.61159
0.32688 0.26667 0.62315
0.37958 0.44181 0.60927
0.41609 0.31842 0.59249
0.42962 0.48233 0.64912
0.45829 0.47074 0.67747
0.32922 0.43228 0.57820
0.43845 0.30547 0.58031
0.48999 0.58788 0.64329
0.52924 0.29689 0.49111
0.39309 0.46921 0.57611
0.47789 0.30611 0.58257
0.47252 0.54630 0.64978
0.46408 0.32234 0.50236
0.40154 0.44079 0.57671
0.44207 0.34659 0.51973
0.30462 0.60425 0.65817
0.37150 0.67751 0.67864
0.40111 0.51645 0.61014
0.52865 0.58009 0.69131
0.50072 0.71070 0.74081
0.46448 0.36882 0.60947
0.42388 0.61107 0.65682
0.29669 0.64917 0.64621
0.42017 0.49787 0.60822
0.21801 0.59503 0.67687
0.20633 0.67720 0.65830
0.61236 0.71588 0.75935
0.42068 0.22320 0.61955
0.46850 0.30169 0.46516
0.30173 0.46070 0.58583
0.29786 0.57914 0.60917
0.36674 0.36776 0.59588
0.40075 0.68335 0.70305
0.38889 0.37869 0.65002
0.41583 0.33100 0.59795
0.46141 0.58985 0.66188
0.20651 0.72614 0.68573
0.28496 0.59215 0.68166
0.27113 0.58917 0.61482
0.44120 0.31451 0.59893
0.41445 0.35872 0.57129
0.40701 0.51437 0.68502
0.49362 0.23538 0.54117
0.42745 0.36798 0.63111
0.43031 0.41828 0.55877
0.37354 0.52742 0.57495
0.34824 0.51575 0.63505
0.59835 0.63403 0.69950
0.34169 0.47912 0.55644
0.37458 0.27803 0.59011
0.22273 0.62843 0.65024
0.43493 0.26161 0.62797
0.35821 0.20882 0.58100
0.31327 0.49048 0.55989
0.37622 0.47165 0.62608
0.58474 0.58968 0.73810
0.37174 0.36839 0.54291
0.26161 0.48337 0.65231
0.48504 0.47154 0.63796
0.45832 0.32096 0.60190
0.42166 0.54404 0.60589
0.30431 0.46651 0.61395
0.38065 0.30155 0.68300
0.39125 0.47335 0.54542
0.38001 0.26213 0.58807
0.28547 0.60052 0.60633
0.42968 0.43220 0.61201
0.34620 0.33598 0.67810
0.25631 0.55987 0.62825
0.34334 0.45625 0.56008
0.40108 0.47640 0.62910
0.45250 0.70001 0.75239
0.36724 0.15908 0.61589
0.45245 0.37045 0.62991
0.42274 0.34042 0.57888
0.41981 0.39835 0.55737
0.36203 0.61803 0.71168
0.56761 0.51825 0.64613
0.36640 0.56247 0.61012
0.47274 0.39341 0.58789
0.50634 0.43834 0.58075
0.41484 0.54752 0.61070
0.54722 0.47725 0.69411
0.42608 0.38701 0.61834
0.36424 0.20986 0.64113
0.35496 0.20240 0.57045
0.59878 0.52344 0.65834
0.40246 0.21533 0.62231
0.46033 0.64187 0.74014
0.39543 0.16774 0.52878
0.35152 0.50420 0.71215
0.39613 0.58508 0.68093
0.47478 0.36296 0.53278
0.35009 0.38259 0.67779
0.54451 0.60750 0.69984
0.29383 0.33579 0.63742
0.46322 0.25516 0.42542
0.49098 0.22650 0.44458
0.30742 0.12866 0.64844
0.46319 0.44729 0.56220
0.29601 0.39000 0.64737
0.44112 0.31821 0.51785
0.39383 0.53648 0.64817
0.43181 0.40705 0.54487
0.41855 0.25318 0.62014
0.39090 0.40856 0.55827
0.43573 0.37434 0.58154
0.38592 0.56082 0.62237
0.40827 0.15840 0.55822
0.48463 0.56404 0.62724
0.29680 0.68090 0.68253
0.49004 0.66785 0.72648
0.34164 0.57523 0.62027
0.45208 0.40043 0.53074
0.36144 0.50649 0.63382
0.37313 0.37694 0.62828
0.43143 0.32968 0.48039
0.29889 0.29114 0.64471
0.33244 0.44606 0.61740
0.46922 0.33112 0.53505
0.43664 0.45236 0.63108
0.51599 0.28763 0.49760
0.49007 0.68214 0.72224
0.50952 0.58274 0.66044
0.32074 0.51804 0.55054
0.40565 0.27934 0.62536
0.49962 0.47601 0.62829
0.48662 0.51858 0.64111
0.28929 0.22210 0.64827
0.33659 0.54285 0.61190
0.55088 0.56593 0.67046
0.51670 0.49498 0.68598
0.27279 0.58393 0.65279
0.37764 0.57053 0.68673
0.51805 0.29444 0.52959
0.43594 0.39741 0.55456
0.41754 0.43401 0.69828
0.46882 0.45472 0.66508
0.38665 0.63984 0.70364
0.34518 0.39237 0.63877
0.44116 0.52518 0.65353
0.47063 0.45133 0.55822
0.61932 0.65109 0.79838
0.43701 0.33770 0.60898
0.28013 0.42540 0.66237
0.34181 0.25306 0.60633
0.43246 0.22047 0.57898
0.29271 0.50818 0.58749
0.32294 0.48793 0.66893
0.32698 0.43904 0.55214
0.34152 0.62749 0.73265
0.42551 0.33537 0.48946
0.45836 0.32132 0.51963
0.58616 0.67487 0.74310
0.48092 0.40064 0.53582
0.52853 0.40630 0.54821
0.41358 0.43589 0.58729
0.34318 0.57568 0.62688
0.62232 0.70157 0.76482
0.36346 0.38211 0.53897
0.35419 0.36387 0.56513
0.57707 0.55818 0.67170
0.34137 0.57511 0.61594
0.37034 0.23148 0.65930
0.53901 0.49953 0.65386
0.34770 0.41926 0.54045
0.50423 0.51920 0.61261
0.39386 0.48133 0.62288
0.35876 0.42177 0.57602
0.52631 0.40511 0.55410
0.31967 0.39613 0.62709
0.38301 0.24705 0.61412
0.26157 0.40516 0.65391
0.45022 0.41534 0.71502
0.53710 0.62203 0.70694
0.42632 0.28589 0.63128
0.32233 0.52172 0.57672
0.41502 0.47363 0.64308
0.44478 0.41200 0.69931
0.31384 0.36796 0.66069
0.51230 0.47735 0.59553
0.60527 0.56388 0.69680
0.35450 0.47017 0.56665
0.48890 0.24747 0.44267
0.52951 0.51996 0.64052
0.66122 0.67221 0.79708
0.42262 0.33405 0.64951
0.51760 0.32580 0.48641
0.46800 0.48601 0.68263
0.31451 0.65338 0.69452
0.29723 0.62501 0.65318
0.30197 0.41794 0.63756
0.21190 0.68895 0.69082
0.34848 0.28901 0.66956
0.50392 0.44947 0.55687
0.41148 0.55495 0.65480
0.40028 0.24801 0.51591
0.47477 0.49492 0.65336
0.28345 0.55343 0.62829
0.43610 0.69249 0.69975
0.56207 0.45499 0.72951
0.33636 0.24635 0.61779
0.27180 0.70090 0.68855
0.36439 0.54981 0.63567
0.33440 0.46378 0.54464
0.54516 0.51872 0.73822
0.31852 0.59346 0.61303
0.31620 0.31227 0.59458
0.30173 0.44970 0.67593
0.44845 0.59794 0.62890
0.47585 0.50172 0.62803
0.40872 0.30782 0.48242
0.34557 0.51889 0.69961
0.43669 0.45030 0.64761
0.41564 0.54802 0.60995
