20 11 1000 6063 2147
0.77954 0.84877 0.51730
0.45312 0.31470 0.71211
0.56066 0.78498 0.22603
0.66457 0.27352 0.17206
0.93955 0.90832 0.85863
0.99244 0.88262 0.33471
0.28770 0.81464 0.93979
0.11866 0.30008 0.20654
0.83284 0.66875 0.26851
0.56487 0.97743 0.35757
0.58510 0.23759 0.68820
0.71708 0.64828 0.57156
0.56137 0.77538 0.56328
0.64419 0.56152 0.44865
0.70698 0.68438 0.53634
0.70677 0.71366 0.46417
0.67357 0.65393 0.45360
0.59672 0.70572 0.50307
0.60577 0.49060 0.47172
0.58241 0.49592 0.49261
0.52796 0.58713 0.47656
0.66010 0.61843 0.52248
0.58860 0.62079 0.39469
0.47305 0.50867 0.53957
0.50142 0.53238 0.45857
0.64688 0.65674 0.48812
0.77409 0.84507 0.53279
0.67437 0.56416 0.41776
0.66225 0.61571 0.50511
0.55582 0.63758 0.52940
0.67810 0.65337 0.40561
0.54681 0.56592 0.46432
0.54328 0.64716 0.58315
0.64162 0.62249 0.39205
0.66804 0.64931 0.51060
0.44015 0.57824 0.51064
0.66198 0.68404 0.50607
0.56386 0.55773 0.56096
0.65693 0.65442 0.40983
0.59752 0.59720 0.48201
0.56741 0.67161 0.41400
0.67398 0.63620 0.39098
0.67340 0.55761 0.45070
0.63960 0.72487 0.53823
0.71330 0.68363 0.34890
0.67183 0.74711 0.58570
0.70973 0.71523 0.44863
0.58834 0.73550 0.61451
0.62055 0.57942 0.36570
0.66356 0.74265 0.47223
0.79428 0.66260 0.49419
0.58728 0.61271 0.37095
0.60705 0.65865 0.64871
0.56708 0.56299 0.47333
0.59563 0.66168 0.32220
0.60102 0.67974 0.47081
0.60206 0.58272 0.65829
0.57558 0.46866 0.41795
0.59142 0.54614 0.47767
0.40737 0.51978 0.38477
0.51452 0.58674 0.43751
0.63522 0.57409 0.40329
0.65822 0.69086 0.45998
0.65533 0.70471 0.52289
0.66865 0.58558 0.57950
0.61082 0.59535 0.46602
0.65292 0.60700 0.50483
0.54445 0.58599 0.52582
0.71882 0.65024 0.35805
0.47657 0.44960 0.66293
0.63835 0.75526 0.34357
0.54619 0.57500 0.56305
0.58480 0.60278 0.39178
0.62271 0.70812 0.55888
0.58320 0.50835 0.49482
0.66311 0.72824 0.55846
0.74677 0.71293 0.57931
0.49770 0.67297 0.68971
0.71098 0.78947 0.53764
0.64765 0.71650 0.36332
0.51192 0.54952 0.42261
0.65268 0.55712 0.50582
0.60573 0.64762 0.42114
0.66269 0.70419 0.51810
0.56415 0.70226 0.49998
0.56974 0.65377 0.52343
0.64450 0.57032 0.45000
0.66324 0.67667 0.52270
0.60654 0.52158 0.42536
0.64171 0.61898 0.42960
0.59552 0.78535 0.42848
0.74996 0.73479 0.49085
0.65956 0.57757 0.50037
0.57240 0.61118 0.35422
0.64598 0.56310 0.53302
0.56733 0.55838 0.47576
0.61154 0.51822 0.51886
0.72088 0.73059 0.36636
0.60271 0.58270 0.57852
0.63686 0.66974 0.34921
0.61682 0.54043 0.41348
0.53354 0.66689 0.51043
0.62367 0.61246 0.47985
0.58250 0.71185 0.45691
0.74553 0.74278 0.54956
0.56125 0.57707 0.37821
0.56463 0.60678 0.62384
0.47588 0.52702 0.56695
0.57924 0.51915 0.42785
0.72569 0.70462 0.44149
0.69888 0.69315 0.41118
0.56297 0.59326 0.47317
0.47129 0.50337 0.44066
0.56569 0.50889 0.40907
0.70338 0.77065 0.58267
0.53772 0.52422 0.55431
0.74632 0.73828 0.36339
0.69772 0.69323 0.36583
0.49864 0.57765 0.50904
0.70146 0.58835 0.45813
0.67684 0.69532 0.53219
0.75168 0.72720 0.41859
0.59689 0.52295 0.45930
0.51596 0.54875 0.54480
0.52776 0.51785 0.42999
0.61491 0.71552 0.34503
0.58580 0.67007 0.52330
0.36896 0.48673 0.39338
0.58719 0.57276 0.47563
0.55957 0.53693 0.50980
0.59922 0.69605 0.42370
0.70308 0.65201 0.44650
0.65467 0.56643 0.56236
0.54200 0.71346 0.43020
0.72809 0.64832 0.48196
0.66019 0.59193 0.53180
0.73513 0.80805 0.56664
0.60369 0.74031 0.47349
0.73519 0.78665 0.61636
0.67346 0.74668 0.56282
0.53917 0.57758 0.47325
0.59480 0.70976 0.53539
0.46169 0.48937 0.51372
0.70211 0.64393 0.46654
0.65163 0.72403 0.35256
0.79735 0.68480 0.45260
0.69232 0.62888 0.49432
0.69385 0.70803 0.51121
0.54717 0.50955 0.47542
0.62174 0.60065 0.35890
0.63371 0.72690 0.46782
0.62767 0.66019 0.48011
0.54513 0.62036 0.40542
0.69210 0.68292 0.41837
0.58979 0.48367 0.47837
0.50140 0.62183 0.45899
0.63799 0.59347 0.36268
0.53527 0.52270 0.46685
0.57387 0.64291 0.41660
0.67898 0.64807 0.41439
0.58910 0.59774 0.59414
0.66392 0.66029 0.40093
0.67311 0.64751 0.48392
0.53182 0.54777 0.40927
0.67186 0.74297 0.52954
0.52440 0.60277 0.42528
0.63827 0.68791 0.45840
0.68196 0.72199 0.45650
0.44286 0.65398 0.56756
0.59816 0.82392 0.74351
0.71434 0.74331 0.46700
0.41338 0.66540 0.63286
0.56336 0.52881 0.52943
0.59399 0.80178 0.42831
0.66417 0.68036 0.59038
0.63287 0.69205 0.50080
0.53572 0.59807 0.48236
0.58816 0.71550 0.51380
0.55837 0.69310 0.45628
0.59065 0.66352 0.55449
0.44433 0.51471 0.43661
0.51055 0.55711 0.66666
0.60928 0.58786 0.39034
0.64038 0.54857 0.45756
0.69458 0.65573 0.37755
0.52801 0.59033 0.37070
0.68005 0.51572 0.50970
0.63344 0.56839 0.46578
0.49814 0.66989 0.45579
0.60682 0.58732 0.55007
0.67876 0.65403 0.34735
0.62540 0.67323 0.50070
0.48358 0.59666 0.39531
0.69064 0.75969 0.52376
0.83614 0.72954 0.51005
0.62056 0.71844 0.48891
0.61594 0.57455 0.49053
0.60902 0.53984 0.50126
0.60354 0.45760 0.40741
0.61220 0.55707 0.42298
0.62278 0.52311 0.45259
0.56881 0.67687 0.47021
0.65728 0.71727 0.41487
0.54581 0.55521 0.52586
0.46149 0.55139 0.66694
0.65682 0.50029 0.46785
0.76900 0.72271 0.46729
0.72028 0.70895 0.57261
0.62634 0.52963 0.50473
0.58719 0.66080 0.51134
0.63965 0.63767 0.50332
0.54961 0.52889 0.39397
0.61906 0.55510 0.33413
0.59624 0.59051 0.48562
0.55775 0.58582 0.42469
0.66727 0.78135 0.46950
0.60026 0.68461 0.64466
0.49246 0.51297 0.43622
0.39048 0.55761 0.45704
0.62221 0.78930 0.46610
0.77206 0.67053 0.46155
0.74174 0.79386 0.50082
0.65365 0.77395 0.60077
0.58134 0.59386 0.48455
0.71054 0.83635 0.41765
0.56916 0.55842 0.59323
0.68957 0.66271 0.43977
0.65970 0.65768 0.44352
0.60057 0.78753 0.47456
0.67642 0.66746 0.50147
0.70020 0.79448 0.54849
0.49745 0.73030 0.51422
0.62359 0.58904 0.47091
0.44286 0.55279 0.45756
0.71039 0.71457 0.47550
0.62542 0.72192 0.45605
0.56678 0.52112 0.43848
0.57622 0.61132 0.53361
0.38296 0.58492 0.59056
0.63380 0.65115 0.47929
0.55795 0.55625 0.40195
0.73738 0.77321 0.57847
0.63418 0.66325 0.47047
0.50647 0.61497 0.58951
0.62679 0.57088 0.42796
0.78328 0.71883 0.35816
0.58944 0.60028 0.58098
0.61896 0.60951 0.45623
0.51672 0.57086 0.40902
0.66666 0.59108 0.46969
0.58137 0.61888 0.48449
0.56337 0.55042 0.51655
0.61260 0.71087 0.36613
0.71997 0.73638 0.42206
0.49693 0.66451 0.64087
0.73715 0.73083 0.48821
0.67299 0.76448 0.46119
0.60148 0.61777 0.49228
0.63965 0.64258 0.39666
0.64504 0.71512 0.47765
0.74334 0.68508 0.54773
0.64848 0.61535 0.52647
0.68272 0.61280 0.58229
0.41727 0.45233 0.38263
0.61579 0.64033 0.63948
0.69277 0.71848 0.48250
0.60386 0.62130 0.54431
0.62733 0.64458 0.41959
0.63854 0.72689 0.41803
0.60421 0.60568 0.33462
0.59687 0.59594 0.48614
0.64036 0.55539 0.51162
0.60109 0.67803 0.46300
0.55033 0.70159 0.63436
0.65770 0.59882 0.40603
0.68869 0.70624 0.42886
0.52527 0.57780 0.56627
0.63586 0.65573 0.46318
0.69350 0.72225 0.54557
0.57195 0.61602 0.45340
0.59446 0.74735 0.56743
0.62241 0.66156 0.36839
0.54759 0.51570 0.45880
0.53126 0.59370 0.38758
0.46275 0.53245 0.48049
0.55216 0.54368 0.44585
0.57863 0.70862 0.54687
0.57643 0.68905 0.48311
0.71055 0.68804 0.39993
0.72717 0.74865 0.46884
0.74248 0.72900 0.53751
0.66513 0.60840 0.51088
0.45567 0.72321 0.38065
0.73103 0.71047 0.43173
0.61531 0.58299 0.57949
0.71824 0.76188 0.56759
0.63617 0.64342 0.46266
0.60059 0.52628 0.40877
0.57771 0.61697 0.57507
0.71096 0.77566 0.42793
0.59332 0.60238 0.52380
0.51128 0.62390 0.50148
0.64063 0.58754 0.44667
0.68520 0.65471 0.40496
0.77281 0.72165 0.49000
0.67925 0.68680 0.60500
0.48878 0.67040 0.66893
0.73530 0.70149 0.58873
0.64675 0.66117 0.50245
0.67048 0.58886 0.47608
0.62536 0.61911 0.50029
0.70032 0.64010 0.45199
0.51376 0.63324 0.41487
0.53938 0.58352 0.52821
0.64963 0.70685 0.57309
0.61991 0.57380 0.53549
0.68219 0.70051 0.41015
0.71072 0.67237 0.61466
0.71756 0.70366 0.59709
0.50564 0.60045 0.40282
0.71028 0.64763 0.43813
0.58835 0.60305 0.40096
0.66781 0.68698 0.39075
0.61280 0.71276 0.44412
0.61849 0.69137 0.48376
0.54948 0.64472 0.55196
0.67391 0.58900 0.48821
0.67494 0.66785 0.43249
0.62556 0.65455 0.54104
0.54327 0.62190 0.59702
0.56839 0.64893 0.41119
0.51528 0.51405 0.43633
0.54442 0.54792 0.39748
0.65991 0.64908 0.47536
0.62152 0.52173 0.47362
0.68940 0.79165 0.44198
0.59764 0.63385 0.41540
0.53640 0.55460 0.59518
0.65300 0.61326 0.33084
0.66144 0.62765 0.40909
0.55319 0.73429 0.64252
0.60630 0.62182 0.52005
0.69975 0.67428 0.54734
0.62151 0.69961 0.47286
0.54400 0.59785 0.58361
0.67043 0.56951 0.52071
0.49419 0.59550 0.51764
0.58207 0.63699 0.44728
0.66531 0.68035 0.57023
0.58826 0.65040 0.32683
0.71823 0.63372 0.50691
0.54644 0.67322 0.55435
0.58466 0.61471 0.48505
0.46624 0.50896 0.49491
0.66781 0.56394 0.28477
0.71015 0.73301 0.46738
0.61434 0.58682 0.49419
0.71555 0.80395 0.55058
0.48596 0.59662 0.34638
0.52903 0.58693 0.60534
0.73637 0.63079 0.35654
0.74715 0.68728 0.56192
0.51284 0.50949 0.42211
0.54595 0.55527 0.50187
0.62730 0.60036 0.42296
0.57914 0.61135 0.51576
0.57950 0.54414 0.33313
0.63524 0.66227 0.52426
0.63898 0.64070 0.54108
0.69654 0.68732 0.50998
0.66857 0.53966 0.38756
0.64059 0.55616 0.46502
0.57074 0.64640 0.53718
0.61972 0.63258 0.39230
0.67981 0.55649 0.35515
0.63996 0.71766 0.49327
0.59629 0.60842 0.48085
0.57872 0.62822 0.40245
0.58326 0.76227 0.48870
0.57975 0.73631 0.41694
0.65562 0.54285 0.41391
0.68846 0.68324 0.42182
0.53792 0.69813 0.66497
0.55398 0.52861 0.50713
0.48743 0.55641 0.36677
0.62233 0.63776 0.51432
0.64011 0.63914 0.50146
0.47664 0.70793 0.51291
0.65721 0.61859 0.51745
0.59376 0.56342 0.53936
0.65002 0.55749 0.41862
0.66674 0.66154 0.52252
0.54050 0.73955 0.57000
0.72244 0.72071 0.46094
0.72140 0.72443 0.45490
0.66938 0.65254 0.37521
0.57460 0.44873 0.34253
0.66350 0.71583 0.45617
0.63293 0.68357 0.63234
0.67564 0.56042 0.57123
0.57579 0.47655 0.32974
0.67036 0.68056 0.49960
0.56804 0.65302 0.58152
0.66656 0.68753 0.52967
0.75293 0.62349 0.40489
0.68060 0.55396 0.35391
0.62947 0.62462 0.49881
0.60509 0.69008 0.40735
0.54360 0.59091 0.60074
0.79248 0.72835 0.60222
0.50199 0.53196 0.37387
0.62771 0.77749 0.50804
0.56527 0.67876 0.59016
0.60125 0.73500 0.44750
0.53751 0.57763 0.56170
0.45205 0.55544 0.50136
0.54744 0.65630 0.39121
0.60183 0.50179 0.43512
0.67518 0.73303 0.40734
0.62015 0.67961 0.39270
0.69588 0.59275 0.39753
0.60420 0.61293 0.50140
0.50577 0.60833 0.53876
0.65326 0.64143 0.45363
0.56526 0.48517 0.56368
0.60222 0.54582 0.42719
0.68711 0.73706 0.39976
0.66926 0.69473 0.42637
0.72033 0.61633 0.42467
0.64301 0.53880 0.40295
0.58659 0.46654 0.33998
0.63271 0.60174 0.47599
0.58653 0.49577 0.48915
0.68122 0.70828 0.56486
0.60604 0.66302 0.56418
0.69556 0.70294 0.48535
0.57587 0.68369 0.53591
0.71206 0.73531 0.36669
0.55698 0.62274 0.56869
0.63613 0.70871 0.47817
0.61125 0.61729 0.54164
0.54159 0.69084 0.53984
0.63602 0.74056 0.35327
0.70270 0.75869 0.46504
0.48774 0.57414 0.44486
0.62793 0.75103 0.55784
0.54424 0.79915 0.49449
0.59745 0.64046 0.57262
0.58849 0.65162 0.43079
0.62064 0.71232 0.54306
0.51935 0.43465 0.36658
0.67284 0.61324 0.49827
0.62814 0.57866 0.50870
0.64317 0.69003 0.37124
0.57014 0.56574 0.53042
0.55830 0.59618 0.44907
0.53350 0.53232 0.38117
0.62372 0.61919 0.35530
0.63874 0.68667 0.51301
0.62100 0.60922 0.50201
0.54034 0.71977 0.57705
0.65216 0.74535 0.44224
0.60371 0.62066 0.69001
0.53787 0.62364 0.51464
0.54991 0.64198 0.37404
0.58883 0.74287 0.57311
0.60575 0.62847 0.40698
0.67913 0.59058 0.44823
0.59673 0.60997 0.44515
0.67863 0.65960 0.48239
0.61349 0.62798 0.46315
0.57959 0.59149 0.47921
0.50248 0.57218 0.57096
0.63202 0.57103 0.47261
0.59123 0.64900 0.37388
0.56260 0.61664 0.40280
0.50280 0.53655 0.58398
0.58271 0.62677 0.53404
0.62973 0.70354 0.41286
0.72535 0.79278 0.42005
0.68106 0.80030 0.57065
0.61416 0.51107 0.46737
0.58692 0.64471 0.62549
0.72651 0.77309 0.40714
0.64295 0.70725 0.70253
0.52261 0.48851 0.42423
0.53611 0.51343 0.48560
0.65564 0.62047 0.50693
0.62831 0.60550 0.48221
0.55467 0.71158 0.38824
0.61921 0.62577 0.40710
0.55771 0.53260 0.42320
0.56880 0.58337 0.56087
0.70981 0.70890 0.41638
0.48588 0.58671 0.68014
0.51832 0.53311 0.36382
0.57999 0.66148 0.38340
0.69317 0.74475 0.45572
0.48025 0.55464 0.33112
0.65238 0.78628 0.46289
0.58777 0.50817 0.46070
0.61439 0.74532 0.52324
0.57756 0.72001 0.54824
0.52131 0.75449 0.73915
0.69826 0.62471 0.50314
0.64143 0.64800 0.64106
0.48770 0.56890 0.52789
0.66939 0.46457 0.33982
0.73637 0.69020 0.53907
0.60946 0.79025 0.47273
0.75098 0.68859 0.53369
0.60984 0.76110 0.56427
0.51260 0.55378 0.46758
0.61300 0.63540 0.58461
0.70659 0.67341 0.44436
0.67084 0.50559 0.49459
0.74179 0.84309 0.49555
0.66197 0.62102 0.48649
0.70772 0.54155 0.42836
0.58238 0.61239 0.48963
0.63724 0.57017 0.47328
0.62399 0.66884 0.49163
0.57637 0.62900 0.50017
0.69010 0.79975 0.43013
0.57158 0.59718 0.52528
0.71973 0.57702 0.53416
0.76917 0.75882 0.46793
0.57867 0.66099 0.32226
0.64830 0.63072 0.54722
0.59172 0.80589 0.54794
0.54514 0.68320 0.46730
0.57880 0.64996 0.53032
0.69151 0.60022 0.39022
0.69606 0.68904 0.42829
0.57064 0.64768 0.53390
0.63898 0.58446 0.37104
0.66441 0.62787 0.53197
0.59517 0.64993 0.49242
0.77859 0.72398 0.52058
0.76084 0.68899 0.53673
0.59956 0.58533 0.42334
0.61954 0.70543 0.55000
0.56631 0.58430 0.44047
0.57991 0.57361 0.46845
0.62714 0.57418 0.41715
0.66275 0.62387 0.54209
0.49005 0.58099 0.56526
0.55729 0.58664 0.46591
0.69670 0.68722 0.47270
0.70996 0.75090 0.50242
0.65326 0.75072 0.43141
0.62530 0.57130 0.42392
0.51832 0.54841 0.41194
0.55477 0.61872 0.50763
0.61262 0.59897 0.56010
0.56099 0.66297 0.31667
0.47706 0.54180 0.39580
0.68779 0.71750 0.55717
0.61805 0.58542 0.48707
0.64864 0.69640 0.48543
0.65603 0.66621 0.51545
0.61435 0.64924 0.52780
0.59090 0.60257 0.47030
0.57398 0.52363 0.54833
0.60527 0.49498 0.54100
0.75275 0.72977 0.50124
0.45687 0.63304 0.48488
0.53754 0.66420 0.57987
0.67513 0.69621 0.37823
0.56882 0.64909 0.61128
0.48624 0.56679 0.65248
0.48939 0.60525 0.40576
0.49442 0.57993 0.44396
0.69166 0.66837 0.55817
0.76045 0.71646 0.39619
0.75607 0.75694 0.43154
0.68712 0.57218 0.50431
0.72275 0.64219 0.55113
0.72317 0.74496 0.57106
0.55535 0.77158 0.46633
0.63664 0.65041 0.53191
0.52893 0.45721 0.52336
0.50334 0.67269 0.57540
0.76403 0.75523 0.58425
0.69151 0.67204 0.52806
0.66359 0.58606 0.44210
0.62940 0.65529 0.36329
0.68057 0.73493 0.43489
0.60970 0.57667 0.47760
0.65092 0.64411 0.44837
0.56370 0.56887 0.42420
0.72160 0.70104 0.49280
0.45636 0.64255 0.53649
0.58388 0.64279 0.35665
0.63038 0.49729 0.45331
0.69025 0.63584 0.52609
0.44956 0.57217 0.48235
0.61859 0.64069 0.58043
0.54349 0.60282 0.51668
0.62637 0.71734 0.38223
0.51822 0.68144 0.57819
0.64514 0.63407 0.45668
0.68814 0.58230 0.57786
0.63604 0.58555 0.55915
0.70099 0.71779 0.38879
0.61577 0.59374 0.52604
0.63969 0.76090 0.45787
0.62384 0.68989 0.48597
0.70825 0.74071 0.44677
0.66929 0.64176 0.57633
0.58849 0.80893 0.45989
0.43192 0.50464 0.36490
0.64441 0.74522 0.38736
0.52214 0.52387 0.40824
0.60277 0.62400 0.57079
0.64829 0.52279 0.49076
0.45419 0.41105 0.47725
0.62798 0.47148 0.34359
0.65847 0.67965 0.47417
0.58342 0.53665 0.45107
0.48044 0.54816 0.52565
0.61308 0.68215 0.50827
0.65146 0.68213 0.52942
0.68304 0.62667 0.38759
0.74203 0.74662 0.44739
0.46126 0.62333 0.41777
0.65549 0.64843 0.45355
0.41411 0.44337 0.38547
0.59325 0.55821 0.40015
0.65108 0.61191 0.44898
0.56325 0.65571 0.44930
0.61500 0.66720 0.51310
0.64211 0.55776 0.39381
0.58767 0.68835 0.43798
0.64410 0.58782 0.40004
0.61017 0.55783 0.41841
0.68267 0.75509 0.49504
0.57078 0.70142 0.58854
0.62721 0.69393 0.43951
0.63980 0.66756 0.44997
0.55940 0.59420 0.40271
0.66822 0.58904 0.42255
0.67693 0.66425 0.44315
0.61096 0.63639 0.50325
0.51477 0.69262 0.46534
0.62628 0.58315 0.44163
0.68193 0.50273 0.41613
0.60998 0.55710 0.47924
0.83062 0.77531 0.52913
0.58295 0.60058 0.51108
0.59017 0.82729 0.66613
0.66098 0.73448 0.61028
0.66552 0.65575 0.47543
0.60354 0.58865 0.46422
0.59855 0.40058 0.47601
0.53571 0.54525 0.63011
0.53857 0.66697 0.35076
0.67431 0.79735 0.53175
0.61317 0.60618 0.52372
0.64244 0.56346 0.58301
0.57337 0.64992 0.43037
0.45244 0.60422 0.55825
0.63269 0.73186 0.43402
0.61217 0.71990 0.59747
0.74440 0.69088 0.42596
0.56796 0.78640 0.59428
0.45013 0.42369 0.51247
0.57502 0.59515 0.50112
0.52593 0.64539 0.53422
0.64791 0.75859 0.50717
0.69035 0.63022 0.57328
0.76463 0.71387 0.44408
0.53938 0.61709 0.55340
0.62194 0.60945 0.41314
0.59982 0.53633 0.51870
0.48292 0.51805 0.49183
0.59350 0.56237 0.36497
0.64732 0.63975 0.45630
0.58828 0.71015 0.62741
0.56895 0.60090 0.37261
0.49983 0.65951 0.40510
0.57000 0.55906 0.54746
0.63196 0.67416 0.43853
0.72992 0.63972 0.56752
0.56332 0.62106 0.42084
0.58946 0.63725 0.42587
0.48774 0.47684 0.48102
0.62443 0.70422 0.52245
0.55931 0.74530 0.63818
0.68491 0.66414 0.41354
0.55355 0.50231 0.36940
0.73820 0.70123 0.55207
0.62463 0.71039 0.50662
0.53642 0.68519 0.42851
0.54806 0.48728 0.60185
0.51998 0.70330 0.46914
0.72663 0.82487 0.53195
0.53323 0.72080 0.46146
0.59380 0.63924 0.67815
0.58616 0.60900 0.52652
0.46545 0.58088 0.49158
0.68666 0.72644 0.56539
0.58233 0.45251 0.54630
0.51016 0.55014 0.52930
0.70104 0.64581 0.41848
0.72555 0.68574 0.35015
0.65484 0.48293 0.33040
0.76453 0.71583 0.41340
0.64045 0.64336 0.39647
0.63439 0.72845 0.37168
0.64718 0.65790 0.49356
0.60023 0.59672 0.29938
0.67746 0.70144 0.48059
0.72371 0.62206 0.44164
0.63081 0.50782 0.57285
0.75837 0.68705 0.40256
0.58250 0.59056 0.44845
0.77881 0.73104 0.38717
0.50822 0.65740 0.51830
0.58185 0.66141 0.50090
0.53603 0.52810 0.40869
0.63757 0.54468 0.47723
0.65788 0.79113 0.43886
0.56696 0.56571 0.42878
0.73579 0.73536 0.45133
0.69238 0.67909 0.39865
0.76644 0.64619 0.40649
0.62585 0.69772 0.47666
0.52513 0.54309 0.55954
0.57549 0.63372 0.67742
0.58412 0.63384 0.64830
0.64714 0.61877 0.39280
0.58845 0.47293 0.34062
0.64147 0.53877 0.52388
0.68836 0.75544 0.53886
0.57602 0.63109 0.45505
0.67892 0.62556 0.56467
0.49207 0.60796 0.52146
0.72838 0.67226 0.51100
0.63249 0.70538 0.54704
0.65279 0.59194 0.33424
0.55194 0.67470 0.28949
0.59753 0.66912 0.57381
0.70068 0.69300 0.46952
0.66525 0.68282 0.50001
0.64275 0.66084 0.44089
0.55193 0.77861 0.71610
0.55524 0.78621 0.53287
0.53058 0.48790 0.52024
0.53189 0.68178 0.50046
0.57301 0.58915 0.46586
0.60074 0.61598 0.56082
0.69577 0.59355 0.44067
0.63452 0.68415 0.60811
0.67463 0.69084 0.38019
0.51087 0.65013 0.52716
0.63129 0.63605 0.53054
0.65338 0.61854 0.49537
0.71691 0.69369 0.52794
0.57615 0.58166 0.54605
0.60475 0.68313 0.60656
0.55347 0.69467 0.54390
0.69480 0.65928 0.44111
0.80712 0.80102 0.43009
0.66891 0.75871 0.52991
0.64401 0.64027 0.48852
0.54239 0.70152 0.54620
0.55319 0.60893 0.50899
0.56492 0.63048 0.37700
0.58335 0.59553 0.54700
0.67478 0.68569 0.48503
0.71124 0.71595 0.39162
0.64176 0.67282 0.53131
0.55284 0.58486 0.40547
0.62485 0.61436 0.41077
0.58134 0.64583 0.43749
0.59181 0.63788 0.51495
0.50525 0.53416 0.44790
0.70981 0.64075 0.46157
0.64627 0.56506 0.39699
0.66912 0.77025 0.52943
0.77815 0.75339 0.39051
0.69993 0.69782 0.35784
0.70727 0.70862 0.45966
0.45280 0.65064 0.44092
0.66654 0.64597 0.47788
0.64417 0.66798 0.40190
0.54669 0.67574 0.56076
0.60077 0.71717 0.43426
0.55171 0.66226 0.35184
0.65541 0.63432 0.35335
0.55696 0.60554 0.56260
0.51177 0.61802 0.42530
0.72653 0.73867 0.46733
0.61543 0.77960 0.51928
0.56111 0.64833 0.57356
0.60281 0.70443 0.54467
0.64728 0.59523 0.43328
0.61382 0.67508 0.55827
0.59021 0.68084 0.47476
0.65903 0.63308 0.44418
0.52659 0.52865 0.37337
0.64843 0.56755 0.52583
0.58929 0.67208 0.47051
0.57084 0.48828 0.58778
0.61149 0.64532 0.46972
0.67251 0.64195 0.47010
0.64380 0.61299 0.51084
0.68595 0.80704 0.39479
0.55829 0.67116 0.44381
0.63267 0.68133 0.52283
0.54279 0.55245 0.51975
0.57017 0.56247 0.59419
0.62468 0.60517 0.48732
0.59342 0.60971 0.46723
0.58799 0.61665 0.49508
0.72702 0.78271 0.51817
0.60884 0.70659 0.46386
0.42129 0.69599 0.69620
0.62371 0.55301 0.40563
0.53144 0.68302 0.46326
0.50962 0.73758 0.64421
0.73355 0.73383 0.51619
0.68237 0.71654 0.46882
0.62785 0.66579 0.64086
0.70416 0.72709 0.48595
0.64510 0.66600 0.52141
0.61223 0.57858 0.45965
0.60177 0.60677 0.36208
0.63810 0.63100 0.38599
0.63816 0.52237 0.48617
0.63847 0.48372 0.53408
0.63674 0.67577 0.59098
0.75017 0.77484 0.53910
0.58120 0.57596 0.43567
0.61462 0.67227 0.40299
0.67346 0.85226 0.47416
0.53001 0.52529 0.60008
0.50221 0.61248 0.35926
0.61882 0.63579 0.40822
0.58510 0.61057 0.44610
0.60940 0.64725 0.33907
0.64144 0.48680 0.42069
0.68362 0.71525 0.49503
0.68388 0.57257 0.48336
0.45794 0.49884 0.44620
0.68801 0.76248 0.36378
0.63468 0.68116 0.38191
0.59952 0.72778 0.46392
0.70024 0.72239 0.59446
0.64885 0.59471 0.62911
0.54710 0.44941 0.46013
0.67308 0.56254 0.35937
0.80810 0.79787 0.44987
0.57784 0.63473 0.56523
0.53291 0.55128 0.49083
0.52746 0.59125 0.52996
0.67044 0.68022 0.46080
0.58680 0.43989 0.54262
0.51128 0.48420 0.46700
0.72526 0.61534 0.54726
0.59608 0.72117 0.54362
0.73312 0.66675 0.35813
0.65620 0.74472 0.40034
0.66442 0.66732 0.41835
0.63517 0.70389 0.48209
0.55697 0.56625 0.42509
0.52298 0.60590 0.50545
0.60847 0.65826 0.53459
0.64709 0.57406 0.42761
0.53599 0.63532 0.52930
0.68015 0.61075 0.43383
0.76563 0.71949 0.59773
0.68530 0.77340 0.47075
0.70738 0.72303 0.58898
0.63698 0.64453 0.51493
0.58157 0.56334 0.50381
0.56628 0.66983 0.40881
0.52700 0.54089 0.39538
0.71503 0.64707 0.50890
0.58578 0.53054 0.39269
0.68257 0.70460 0.42385
0.60772 0.67988 0.41910
0.50446 0.68597 0.46009
0.60066 0.62467 0.40137
0.63482 0.69560 0.56774
0.48399 0.49457 0.46078
0.59568 0.69989 0.48884
0.47857 0.71411 0.35187
0.62871 0.60192 0.38158
0.75020 0.68207 0.52358
0.62985 0.68985 0.50689
0.68065 0.79493 0.46123
0.62710 0.60067 0.45925
0.71115 0.77719 0.55542
0.41211 0.48586 0.42661
0.61237 0.57973 0.46073
0.49670 0.62743 0.41560
0.69470 0.64296 0.44185
0.69720 0.63149 0.58846
0.54491 0.54382 0.35755
0.53534 0.58421 0.53722
0.59653 0.69379 0.51759
0.65999 0.58524 0.52436
0.54701 0.62529 0.43923
0.50225 0.62815 0.53119
0.66143 0.81450 0.50694
0.67254 0.72268 0.34436
0.73046 0.54621 0.31331
0.47598 0.45633 0.44711
0.68283 0.76114 0.49516
0.61887 0.63261 0.41226
0.64804 0.56940 0.38366
0.56318 0.60766 0.46675
0.75908 0.75386 0.64254
0.66886 0.71341 0.40865
0.69905 0.75865 0.42555
0.69677 0.73233 0.54559
0.40626 0.50643 0.42698
0.59277 0.75727 0.41674
0.48495 0.58019 0.37459
0.61856 0.77391 0.52936
0.46068 0.55459 0.40599
0.62366 0.58764 0.40959
0.57803 0.67644 0.41944
0.44006 0.64057 0.40007
0.55742 0.57482 0.57912
0.57232 0.54436 0.31246
0.58490 0.56942 0.61811
0.70184 0.69870 0.54821
0.61954 0.67701 0.42379
0.45192 0.49942 0.37256
0.66308 0.56530 0.42928
0.56304 0.69601 0.56710
0.73099 0.69701 0.63659
0.64679 0.56254 0.49769
0.61680 0.49905 0.50108
0.61788 0.60869 0.33667
0.71437 0.72098 0.57328
0.50454 0.59029 0.42895
0.73890 0.77697 0.40634
0.64784 0.63931 0.46698
0.58795 0.55503 0.48013
0.72219 0.66374 0.48333
0.67368 0.59581 0.48241
0.66399 0.68654 0.44320
0.59582 0.73364 0.39133
0.53331 0.64512 0.44088
0.61514 0.65394 0.40954
0.65043 0.71720 0.48684
0.54835 0.66346 0.45032
0.67366 0.66691 0.43064
0.73209 0.74243 0.60714
0.77332 0.68214 0.33778
0.59691 0.60284 0.52011
0.61357 0.74652 0.48592
0.56273 0.68948 0.51616
0.62047 0.67222 0.54989
0.65544 0.65900 0.51477
0.64864 0.54570 0.56420
0.57924 0.68216 0.44685
0.65001 0.70372 0.58036
0.76019 0.71333 0.51431
0.60085 0.60376 0.42772
0.61740 0.60944 0.62469
0.53961 0.49420 0.44672
0.50606 0.59372 0.48150
0.52780 0.66443 0.64844
0.59047 0.62242 0.36046
0.62460 0.64568 0.47121
0.60571 0.78126 0.44373
0.62395 0.55585 0.43501
0.45125 0.60843 0.35622
0.64512 0.73632 0.63221
0.48767 0.45232 0.45677
0.47678 0.49362 0.42365
0.61135 0.62852 0.42898
0.63683 0.52741 0.58420
0.64279 0.57243 0.39169
0.59269 0.71214 0.54715
0.67455 0.64561 0.38625
0.59272 0.76074 0.47035
0.52866 0.64680 0.47778
0.53381 0.60796 0.42082
0.47144 0.62221 0.41826
0.71902 0.66191 0.53358
0.56285 0.58547 0.60329
0.64037 0.74809 0.45832
0.69022 0.77890 0.42048
0.56467 0.55796 0.48561
0.62758 0.66510 0.43312
0.57441 0.79135 0.49388
0.61535 0.62927 0.36300
0.51026 0.60372 0.46425
0.68977 0.56277 0.44927
0.45679 0.45839 0.43750
0.48059 0.54984 0.44222
0.54928 0.76322 0.65381
0.69572 0.74847 0.51649
0.64216 0.64698 0.35422
0.69320 0.60841 0.41586
0.60162 0.67958 0.47937
0.57022 0.64716 0.43520
0.54882 0.56454 0.54110
0.62532 0.64052 0.42911
0.62440 0.69810 0.44006
0.70258 0.52690 0.44283
0.59104 0.49686 0.56489
0.77408 0.76129 0.42073
0.61355 0.66689 0.43829
0.73170 0.50599 0.35317
