20 20 1000 39419 241
0.50231 0.68129 0.33867
0.78766 0.41127 0.79217
0.30209 0.06545 0.25523
0.44972 0.47472 0.87489
0.17669 0.92363 0.74470
0.72061 0.12622 0.91462
0.55468 0.72199 0.20538
0.79767 0.72134 0.45490
0.79444 0.19764 0.22293
0.76863 0.96241 0.52799
0.85532 0.73573 0.49257
0.72662 0.26353 0.72335
0.58566 0.04868 0.34973
0.92178 0.83569 0.23357
0.14917 0.40237 0.55143
0.70273 0.60955 0.76859
0.95132 0.60099 0.78468
0.97668 0.14476 0.06569
0.64579 0.25197 0.72331
0.60956 0.48281 0.28774
0.58873 0.34719 0.56901
0.64718 0.49295 0.54741
0.76202 0.57452 0.61985
0.64115 0.42523 0.52450
0.54926 0.44271 0.50467
0.70505 0.38370 0.60753
0.71568 0.52338 0.53140
0.65474 0.57917 0.57069
0.69048 0.51440 0.54294
0.66118 0.40064 0.45487
0.64040 0.47199 0.52636
0.68748 0.67551 0.45103
0.67064 0.52569 0.46543
0.69260 0.43069 0.50142
0.61070 0.42198 0.45212
0.67273 0.52802 0.48685
0.60039 0.48533 0.70195
0.58385 0.50579 0.48413
0.64386 0.47304 0.54899
0.74637 0.44269 0.40429
0.64597 0.51283 0.54971
0.55248 0.51267 0.50784
0.59629 0.52635 0.54914
0.64659 0.48629 0.46707
0.62543 0.55491 0.57029
0.65605 0.57298 0.51403
0.61576 0.50676 0.53686
0.63296 0.44915 0.46496
0.68502 0.46339 0.53811
0.64128 0.48835 0.54884
0.63954 0.49175 0.55050
0.63867 0.43014 0.51970
0.67353 0.50483 0.55702
0.68827 0.48658 0.50095
0.66884 0.46271 0.42717
0.59711 0.51242 0.59029
0.70261 0.51288 0.51306
0.69804 0.49796 0.56318
0.61177 0.57762 0.47427
0.59025 0.43261 0.47841
0.68824 0.48725 0.55194
0.75282 0.46092 0.54397
0.59690 0.34771 0.40687
0.63348 0.33851 0.51880
0.70184 0.41953 0.51389
0.64849 0.43606 0.62954
0.68872 0.40462 0.54549
0.59941 0.48828 0.49524
0.61339 0.42361 0.52791
0.65655 0.57172 0.46801
0.63599 0.39437 0.63173
0.65360 0.53118 0.57942
0.67364 0.45611 0.50015
0.64766 0.43877 0.51396
0.71040 0.38888 0.54761
0.64589 0.63097 0.49869
0.64953 0.40419 0.42102
0.55020 0.51297 0.60663
0.65179 0.51813 0.53335
0.63330 0.47803 0.41314
0.63712 0.54389 0.52813
0.60899 0.48884 0.46723
0.66963 0.53528 0.44233
0.62508 0.56313 0.50373
0.70640 0.60653 0.53292
0.70495 0.49616 0.54589
0.67222 0.55167 0.57709
0.64469 0.45759 0.72058
0.66608 0.40121 0.62376
0.60940 0.39706 0.51687
0.64955 0.54335 0.48397
0.49405 0.42516 0.44657
0.61136 0.53725 0.52478
0.68831 0.44104 0.50598
0.67107 0.52729 0.46988
0.67190 0.38474 0.49771
0.71103 0.48947 0.48324
0.68055 0.50137 0.43666
0.70618 0.51021 0.53675
0.53633 0.46400 0.56367
0.57185 0.36597 0.37295
0.69414 0.50663 0.50195
0.60462 0.50263 0.41906
0.60237 0.44380 0.57278
0.62984 0.46544 0.54338
0.56855 0.54000 0.62720
0.55735 0.52098 0.58713
0.56965 0.52527 0.47349
0.64495 0.42793 0.58244
0.64593 0.40033 0.40053
0.70820 0.45271 0.59463
0.72121 0.46696 0.54295
0.65148 0.41412 0.48585
0.54630 0.41258 0.51822
0.67588 0.42572 0.57629
0.67908 0.56654 0.54881
0.47722 0.56248 0.46365
0.71288 0.37717 0.59677
0.66921 0.47926 0.50034
0.64641 0.47666 0.54835
0.67905 0.55357 0.55995
0.73457 0.52553 0.42810
0.55579 0.46358 0.51350
0.65796 0.51264 0.52597
0.68580 0.46509 0.48567
0.68257 0.45313 0.48994
0.54049 0.47252 0.49374
0.60298 0.47469 0.59411
0.57609 0.52798 0.59095
0.70287 0.42326 0.52595
0.61587 0.51262 0.40088
0.67726 0.35288 0.39419
0.62363 0.46363 0.51615
0.61714 0.41041 0.39026
0.56018 0.42014 0.43256
0.67302 0.42141 0.48114
0.64691 0.47279 0.45562
0.63470 0.44548 0.46649
0.74158 0.46321 0.52209
0.57968 0.40201 0.54460
0.56222 0.49268 0.52404
0.67648 0.58899 0.50033
0.66066 0.47924 0.52024
0.59883 0.46986 0.54643
0.69585 0.58873 0.61825
0.60926 0.49096 0.45770
0.59572 0.41146 0.55553
0.73164 0.50462 0.54053
0.66458 0.43462 0.66963
0.61646 0.49549 0.49369
0.68500 0.48756 0.42729
0.60207 0.45744 0.52847
0.69807 0.44837 0.52087
0.60077 0.47667 0.46539
0.69592 0.58445 0.47349
0.73844 0.33551 0.39796
0.64226 0.40165 0.51572
0.64106 0.37953 0.46636
0.63477 0.47173 0.45879
0.61367 0.38779 0.46835
0.58705 0.43616 0.53831
0.67128 0.48100 0.43714
0.67127 0.51676 0.40124
0.63276 0.59125 0.55871
0.71771 0.49651 0.51083
0.67379 0.50991 0.52201
0.65709 0.42802 0.54934
0.61993 0.50000 0.48757
0.68314 0.41974 0.54465
0.62648 0.50831 0.42994
0.73682 0.49181 0.49038
0.58206 0.54650 0.44598
0.62301 0.35347 0.48257
0.59958 0.53469 0.49978
0.67696 0.46050 0.62129
0.63485 0.52800 0.47769
0.61979 0.43374 0.60358
0.68944 0.44268 0.58652
0.66049 0.55767 0.47446
0.60538 0.47898 0.53169
0.66148 0.38589 0.51670
0.68088 0.46798 0.47646
0.66599 0.44809 0.53056
0.56490 0.54862 0.47051
0.73516 0.43044 0.41639
0.69199 0.48154 0.57280
0.72404 0.48386 0.50235
0.69592 0.38071 0.51287
0.64438 0.46516 0.53323
0.70546 0.49921 0.45013
0.71200 0.48265 0.48316
0.65941 0.53488 0.51535
0.73002 0.47628 0.49547
0.61439 0.43092 0.40910
0.55510 0.47215 0.59712
0.70668 0.45141 0.47356
0.64679 0.48238 0.49703
0.64662 0.46956 0.54277
0.74618 0.51805 0.55148
0.62500 0.47377 0.45885
0.65301 0.57362 0.49648
0.62614 0.45838 0.47484
0.65225 0.46249 0.50860
0.61316 0.50915 0.47864
0.53831 0.44097 0.54718
0.65809 0.48334 0.64724
0.63104 0.51426 0.48329
0.60660 0.40740 0.53741
0.63325 0.52943 0.53520
0.65621 0.53175 0.47378
0.63325 0.39162 0.45165
0.59646 0.54381 0.45178
0.68760 0.58923 0.57875
0.65048 0.50936 0.56441
0.63391 0.56724 0.45699
0.58641 0.53620 0.51665
0.73044 0.46493 0.56147
0.70509 0.51699 0.54928
0.65641 0.45323 0.48627
0.54767 0.33926 0.45867
0.59063 0.60375 0.56053
0.62869 0.42847 0.48653
0.69741 0.43684 0.58200
0.70007 0.45722 0.53701
0.68015 0.37616 0.38164
0.60385 0.46434 0.51389
0.67537 0.46828 0.54256
0.63534 0.43241 0.45799
0.62839 0.41080 0.50092
0.74004 0.43543 0.50081
0.72317 0.52565 0.58359
0.61092 0.59750 0.47014
0.65449 0.44627 0.59433
0.69411 0.47092 0.46818
0.65715 0.39792 0.60949
0.65203 0.43073 0.43943
0.66611 0.57879 0.46946
0.59096 0.43174 0.47696
0.59268 0.52790 0.52527
0.60104 0.63075 0.59852
0.67983 0.52078 0.56513
0.65399 0.51716 0.51482
0.58638 0.39165 0.46257
0.67895 0.47914 0.48836
0.71284 0.54718 0.49314
0.58949 0.36485 0.39971
0.68311 0.33690 0.43753
0.57756 0.52489 0.62932
0.66693 0.46088 0.49111
0.66199 0.40996 0.49593
0.64435 0.53102 0.47740
0.58367 0.44123 0.51324
0.67686 0.44267 0.50797
0.67502 0.47914 0.38775
0.61363 0.50480 0.52515
0.75362 0.67066 0.48120
0.68688 0.45918 0.60748
0.69057 0.52300 0.53724
0.59049 0.45939 0.60750
0.66628 0.56518 0.51576
0.62049 0.50921 0.50081
0.58096 0.49902 0.43454
0.64869 0.43781 0.42502
0.67697 0.44377 0.54691
0.66392 0.46581 0.52411
0.56047 0.49740 0.49795
0.68834 0.62924 0.46359
0.63579 0.50610 0.52015
0.69504 0.53553 0.47801
0.69116 0.52063 0.60166
0.66350 0.45845 0.53189
0.69838 0.43260 0.54217
0.70132 0.37634 0.44793
0.61110 0.50449 0.41544
0.59928 0.45434 0.50370
0.50792 0.39475 0.49867
0.75838 0.46735 0.49195
0.69727 0.50244 0.54604
0.60206 0.35629 0.47603
0.68320 0.47138 0.50367
0.68224 0.31672 0.57360
0.53718 0.41420 0.50681
0.59232 0.40342 0.47272
0.61016 0.37495 0.55150
0.67935 0.53645 0.53515
0.70684 0.43895 0.54058
0.55319 0.45313 0.51255
0.70727 0.52844 0.45940
0.68933 0.56338 0.49905
0.57609 0.45830 0.49620
0.70072 0.52188 0.45513
0.60175 0.47137 0.54668
0.70802 0.46538 0.60052
0.62618 0.57160 0.54077
0.50086 0.48502 0.44251
0.64295 0.44146 0.48206
0.65465 0.45548 0.52469
0.62718 0.64433 0.53653
0.67020 0.47811 0.49308
0.59440 0.66850 0.57122
0.68103 0.57505 0.50188
0.70801 0.62802 0.42970
0.61939 0.51430 0.62510
0.56766 0.49834 0.57397
0.54617 0.48752 0.41618
0.63828 0.40055 0.41937
0.71235 0.55973 0.46941
0.69685 0.55251 0.58223
0.63763 0.48041 0.50270
0.65935 0.52734 0.49682
0.61512 0.52400 0.51849
0.70169 0.48539 0.55277
0.63199 0.46209 0.48193
0.65783 0.49453 0.54077
0.68040 0.41791 0.45260
0.62731 0.55474 0.55212
0.63098 0.43072 0.46195
0.76060 0.65452 0.43526
0.60484 0.43911 0.54927
0.73646 0.46367 0.37353
0.65129 0.52523 0.48387
0.67017 0.44949 0.40021
0.70726 0.45788 0.49248
0.70273 0.53619 0.57610
0.59103 0.55662 0.51288
0.65211 0.52769 0.60555
0.65214 0.45631 0.47012
0.60765 0.43510 0.53924
0.70171 0.46225 0.55424
0.68093 0.42645 0.54456
0.62628 0.52891 0.52593
0.70523 0.43911 0.41360
0.62659 0.50219 0.55301
0.68342 0.53398 0.45084
0.63948 0.35761 0.59189
0.64980 0.48199 0.53237
0.66031 0.49934 0.47985
0.66987 0.46623 0.54654
0.64656 0.49853 0.46373
0.66436 0.45845 0.50454
0.68250 0.51354 0.47663
0.65392 0.49290 0.52847
0.71154 0.52758 0.51963
0.59304 0.44099 0.54167
0.76353 0.51884 0.57842
0.65365 0.48883 0.49123
0.71536 0.53517 0.49085
0.59358 0.39894 0.58209
0.68171 0.45152 0.50342
0.55565 0.58179 0.53334
0.63310 0.51425 0.45279
0.61989 0.56821 0.44633
0.71600 0.50589 0.47581
0.64819 0.42795 0.43770
0.60982 0.45449 0.60281
0.68068 0.53074 0.53426
0.65438 0.48721 0.54408
0.71525 0.35621 0.45108
0.69303 0.54467 0.46510
0.55385 0.50944 0.49772
0.72504 0.55880 0.55934
0.56918 0.50705 0.61908
0.61914 0.43168 0.46767
0.74071 0.46332 0.54074
0.69179 0.46307 0.54728
0.71004 0.63432 0.45759
0.66722 0.49416 0.48512
0.66106 0.44218 0.45720
0.67541 0.49430 0.54145
0.60741 0.38782 0.53399
0.61607 0.31566 0.63621
0.62178 0.49921 0.52174
0.74861 0.46025 0.44424
0.66271 0.42459 0.48522
0.65042 0.44880 0.57249
0.59532 0.44779 0.47270
0.60043 0.46691 0.49692
0.62167 0.50991 0.56090
0.69476 0.50718 0.51339
0.69719 0.51621 0.37259
0.78547 0.54179 0.59063
0.70630 0.47317 0.46084
0.59111 0.45158 0.48245
0.69259 0.49652 0.56193
0.61023 0.44080 0.44222
0.62590 0.38842 0.52836
0.58403 0.47316 0.58494
0.73013 0.44250 0.41868
0.72347 0.45487 0.54388
0.66141 0.41537 0.58142
0.69921 0.48518 0.47464
0.56521 0.50164 0.58058
0.60135 0.37881 0.59421
0.66657 0.54036 0.48947
0.71428 0.46051 0.60291
0.63098 0.54688 0.46898
0.77307 0.52742 0.42195
0.62995 0.46292 0.59589
0.65258 0.47748 0.53883
0.71052 0.41913 0.61938
0.68499 0.54652 0.54419
0.67859 0.48378 0.49788
0.64475 0.51491 0.53885
0.59601 0.42140 0.50039
0.69134 0.46418 0.55389
0.51862 0.63615 0.60511
0.57213 0.47886 0.51337
0.67999 0.42298 0.62941
0.61787 0.37753 0.43876
0.61113 0.53990 0.48510
0.65003 0.42508 0.58595
0.64539 0.49286 0.45563
0.58444 0.50352 0.57908
0.64855 0.53438 0.47708
0.59388 0.42886 0.52220
0.65797 0.52496 0.43609
0.68552 0.49752 0.49877
0.65618 0.55854 0.49296
0.60092 0.57995 0.55203
0.63012 0.38302 0.52771
0.76302 0.45633 0.40478
0.63572 0.42407 0.48582
0.58528 0.57199 0.51737
0.67045 0.49301 0.60280
0.59652 0.49042 0.52017
0.59233 0.34105 0.53266
0.68957 0.48824 0.56343
0.53485 0.41020 0.42737
0.56849 0.44832 0.49577
0.57319 0.44078 0.54528
0.68082 0.55409 0.52032
0.71089 0.45333 0.46225
0.65357 0.48973 0.61633
0.62194 0.43481 0.61887
0.60785 0.50035 0.47927
0.71263 0.56769 0.50864
0.64468 0.45056 0.52864
0.65723 0.51256 0.49282
0.71975 0.51345 0.53251
0.65173 0.49171 0.52061
0.68526 0.63955 0.51902
0.53730 0.51202 0.58704
0.66966 0.44239 0.52556
0.63375 0.62988 0.45150
0.68506 0.53308 0.52432
0.60684 0.44704 0.52194
0.62939 0.42412 0.47457
0.64608 0.47286 0.53048
0.69404 0.53624 0.48869
0.67336 0.50413 0.55477
0.62973 0.47354 0.51365
0.64644 0.44165 0.52940
0.60699 0.42744 0.55832
0.68827 0.46840 0.45809
0.62982 0.54943 0.44145
0.66282 0.51804 0.61182
0.70770 0.56464 0.57700
0.69043 0.49638 0.47428
0.51010 0.59172 0.46489
0.66575 0.51420 0.40588
0.58194 0.38993 0.50147
0.67096 0.55207 0.55063
0.65886 0.51671 0.46295
0.73269 0.44829 0.48569
0.77543 0.54637 0.43634
0.64801 0.43060 0.47866
0.61818 0.55095 0.53343
0.62307 0.53658 0.47280
0.63008 0.45252 0.47705
0.67634 0.49648 0.51060
0.47840 0.43400 0.52701
0.64924 0.38266 0.54282
0.72940 0.56102 0.51901
0.58156 0.38231 0.54203
0.70161 0.43403 0.47712
0.72179 0.55698 0.51469
0.71209 0.50586 0.51696
0.67632 0.43339 0.48368
0.68547 0.43658 0.61296
0.67793 0.48742 0.47706
0.74741 0.55136 0.59089
0.61512 0.38900 0.49577
0.57238 0.48106 0.57450
0.67726 0.59561 0.47812
0.59123 0.53444 0.46743
0.66162 0.51105 0.48183
0.69247 0.46034 0.51349
0.56525 0.49290 0.49113
0.61940 0.53408 0.64097
0.67186 0.61171 0.49104
0.58595 0.63963 0.59041
0.68534 0.51193 0.54737
0.59193 0.46661 0.57868
0.63985 0.50878 0.46572
0.65432 0.39384 0.51859
0.58747 0.41475 0.48569
0.67077 0.59894 0.45817
0.65792 0.51618 0.43343
0.60656 0.43377 0.47854
0.70105 0.55619 0.48325
0.63300 0.49878 0.60982
0.63577 0.48475 0.62202
0.63954 0.46781 0.49426
0.63606 0.49232 0.49776
0.64921 0.38507 0.45694
0.70092 0.46608 0.52236
0.66739 0.46886 0.53074
0.61442 0.52097 0.48390
0.59131 0.47049 0.57850
0.68351 0.40021 0.52167
0.56474 0.59514 0.59301
0.68981 0.52415 0.35655
0.76857 0.41522 0.50094
0.69309 0.51672 0.53931
0.59699 0.52293 0.53855
0.61126 0.47387 0.54966
0.72233 0.45646 0.54965
0.61591 0.39647 0.56578
0.66520 0.41702 0.51595
0.59394 0.47781 0.47208
0.67676 0.50189 0.52909
0.67018 0.45040 0.50535
0.56808 0.44992 0.46854
0.70127 0.48715 0.47121
0.66855 0.45162 0.48153
0.50392 0.54954 0.49697
0.56314 0.47295 0.48757
0.70713 0.47519 0.41820
0.60782 0.49789 0.55047
0.65800 0.53446 0.52755
0.65403 0.58379 0.47564
0.58754 0.44071 0.60871
0.64551 0.43553 0.49460
0.62144 0.55350 0.50715
0.65225 0.39201 0.50836
0.63430 0.59396 0.44894
0.64686 0.47471 0.57049
0.68780 0.50217 0.50957
0.72759 0.40997 0.42314
0.60019 0.58430 0.55394
0.71115 0.47442 0.45350
0.67993 0.40551 0.43870
0.75918 0.51716 0.37807
0.64262 0.39173 0.44165
0.51491 0.44077 0.47782
0.67503 0.56061 0.51137
0.65321 0.44088 0.47881
0.57386 0.51663 0.56277
0.65981 0.58011 0.46114
0.66391 0.44392 0.60735
0.65788 0.40711 0.49927
0.66917 0.60686 0.48007
0.70261 0.50775 0.52541
0.61756 0.39734 0.54116
0.68484 0.52913 0.55097
0.63287 0.50870 0.52020
0.49440 0.63541 0.49670
0.65239 0.51259 0.46554
0.65168 0.41562 0.56577
0.65360 0.56520 0.51510
0.69429 0.59033 0.56560
0.63104 0.58778 0.45664
0.69057 0.59639 0.50804
0.68066 0.48511 0.49827
0.65568 0.42850 0.61946
0.57453 0.52917 0.55824
0.60580 0.43380 0.55942
0.68562 0.47817 0.53527
0.67378 0.39286 0.39884
0.65680 0.41303 0.55701
0.63282 0.48071 0.46635
0.62495 0.48106 0.55347
0.65354 0.58204 0.49685
0.57940 0.47515 0.57322
0.74338 0.48971 0.51792
0.58410 0.48683 0.57796
0.55484 0.44480 0.57657
0.60093 0.49697 0.52709
0.63688 0.50868 0.49632
0.71760 0.48184 0.61059
0.60707 0.39786 0.54223
0.58432 0.50514 0.51230
0.66214 0.49029 0.50300
0.65036 0.46024 0.49668
0.65662 0.45378 0.43266
0.64088 0.52647 0.54677
0.60695 0.56445 0.46793
0.70424 0.52650 0.50055
0.66694 0.46658 0.59391
0.58327 0.34719 0.56523
0.55915 0.51665 0.61008
0.67794 0.58613 0.53612
0.64116 0.58825 0.54137
0.58643 0.32885 0.45739
0.64037 0.47336 0.56068
0.55542 0.49944 0.57890
0.68821 0.41417 0.43070
0.71952 0.55891 0.59837
0.69809 0.53441 0.49590
0.68077 0.52383 0.53385
0.63987 0.54531 0.43303
0.63764 0.56786 0.55341
0.69005 0.42276 0.58688
0.68646 0.50976 0.44425
0.59513 0.51996 0.66070
0.57063 0.46211 0.51201
0.64738 0.43012 0.44228
0.69931 0.40039 0.46342
0.57083 0.62504 0.57461
0.70682 0.50157 0.51327
0.64634 0.44721 0.62356
0.66968 0.46746 0.42438
0.66555 0.48157 0.43442
0.75966 0.46010 0.48598
0.60900 0.51810 0.46192
0.68050 0.51147 0.44663
0.64632 0.53781 0.57397
0.61278 0.41320 0.62618
0.71132 0.38476 0.48230
0.67797 0.54647 0.58545
0.67156 0.50075 0.53946
0.62172 0.55825 0.54275
0.58726 0.48445 0.53445
0.70611 0.39949 0.45219
0.64757 0.41031 0.60004
0.56463 0.53654 0.60210
0.66852 0.45138 0.52039
0.57252 0.48087 0.48051
0.67077 0.47716 0.62849
0.59055 0.54139 0.44812
0.61002 0.48290 0.54439
0.67799 0.59370 0.60911
0.74080 0.43106 0.40786
0.63150 0.56618 0.45444
0.72346 0.54632 0.49946
0.69994 0.37152 0.55974
0.70486 0.39888 0.63988
0.63912 0.48534 0.41139
0.61415 0.51793 0.53039
0.72293 0.58393 0.47014
0.63496 0.49103 0.55213
0.67643 0.59061 0.41054
0.70516 0.45225 0.49105
0.62015 0.44196 0.53291
0.62111 0.46501 0.56206
0.57459 0.48135 0.58125
0.64772 0.49506 0.46527
0.70733 0.41829 0.42806
0.68774 0.54593 0.43198
0.62162 0.53715 0.50300
0.60418 0.46939 0.51272
0.64388 0.61814 0.46535
0.63900 0.48403 0.65114
0.68343 0.57066 0.45126
0.70193 0.47897 0.53218
0.72082 0.61138 0.51029
0.62447 0.48623 0.51863
0.58316 0.47165 0.54862
0.62842 0.44409 0.57906
0.69158 0.57138 0.68895
0.70983 0.38544 0.55529
0.72295 0.42278 0.52108
0.59766 0.59134 0.51733
0.64989 0.52902 0.51323
0.68524 0.50498 0.47986
0.67855 0.54149 0.56882
0.56358 0.60998 0.60947
0.68345 0.49609 0.44711
0.67752 0.41325 0.53436
0.66214 0.50964 0.60607
0.67320 0.44588 0.44103
0.69936 0.57570 0.48464
0.71139 0.47518 0.46806
0.66335 0.51015 0.55869
0.70148 0.48300 0.55906
0.53082 0.35272 0.44654
0.57286 0.48499 0.52636
0.62645 0.48532 0.62322
0.62902 0.42467 0.53130
0.65290 0.47854 0.56838
0.64460 0.44196 0.43467
0.68600 0.56070 0.48781
0.53835 0.50700 0.50729
0.56336 0.42002 0.52532
0.62961 0.47041 0.53572
0.61892 0.47070 0.53676
0.72674 0.54857 0.52488
0.67763 0.53867 0.47484
0.66216 0.55801 0.56209
0.78096 0.42926 0.61473
0.50515 0.54621 0.50734
0.61176 0.50185 0.55507
0.63687 0.44423 0.56173
0.58448 0.40207 0.55206
0.64913 0.52907 0.53246
0.58531 0.55535 0.50433
0.69827 0.40518 0.56483
0.60335 0.52632 0.41696
0.68094 0.48168 0.51041
0.64755 0.50640 0.42675
0.71778 0.54351 0.46413
0.59228 0.48995 0.48994
0.51142 0.33512 0.43761
0.57518 0.42366 0.59545
0.66222 0.52564 0.50559
0.68945 0.53144 0.59180
0.57547 0.48979 0.48312
0.63023 0.42564 0.43022
0.67290 0.44611 0.46932
0.63551 0.39988 0.50756
0.69304 0.63213 0.54836
0.57965 0.45480 0.52773
0.69929 0.53508 0.58204
0.58817 0.50877 0.52433
0.63445 0.48426 0.45162
0.73898 0.38005 0.41099
0.61051 0.50772 0.52489
0.56771 0.57779 0.46018
0.66411 0.50548 0.52046
0.63563 0.47522 0.53304
0.66391 0.50225 0.57726
0.65509 0.64789 0.52588
0.55964 0.45430 0.52865
0.63632 0.43884 0.43585
0.68735 0.41670 0.49593
0.54102 0.62235 0.51150
0.65239 0.53170 0.53999
0.67170 0.52815 0.49528
0.59347 0.55281 0.51605
0.67203 0.51940 0.58224
0.59447 0.50967 0.49481
0.63381 0.41196 0.49864
0.68004 0.51026 0.42622
0.50303 0.55847 0.54001
0.68814 0.46847 0.43912
0.73854 0.45324 0.55414
0.65786 0.50301 0.58298
0.64347 0.33773 0.46681
0.62578 0.52525 0.50061
0.70496 0.52270 0.54818
0.57081 0.48139 0.48356
0.70212 0.45098 0.50775
0.68706 0.57728 0.51992
0.59118 0.48516 0.35590
0.66868 0.45506 0.46839
0.72258 0.38137 0.53188
0.64278 0.47711 0.47084
0.63948 0.45983 0.49423
0.64706 0.52804 0.59546
0.67255 0.48368 0.48447
0.70787 0.34757 0.53540
0.64017 0.55427 0.56072
0.72506 0.54462 0.55451
0.66774 0.49176 0.54840
0.66349 0.51032 0.56890
0.66430 0.63690 0.56441
0.56582 0.50393 0.43865
0.63221 0.53653 0.49946
0.59024 0.49171 0.51190
0.69159 0.39537 0.55409
0.71589 0.44975 0.53720
0.65906 0.54280 0.46086
0.65751 0.42456 0.57530
0.62200 0.41633 0.60341
0.61781 0.47588 0.59026
0.68232 0.44852 0.46824
0.71278 0.36287 0.51929
0.69704 0.45184 0.49426
0.69579 0.57852 0.50873
0.62137 0.55933 0.52536
0.65232 0.47186 0.57044
0.68463 0.44276 0.49358
0.66781 0.49103 0.54809
0.61263 0.51306 0.56177
0.64063 0.55181 0.46138
0.69669 0.49965 0.50055
0.67917 0.51176 0.53826
0.71001 0.38772 0.65302
0.69592 0.40856 0.47605
0.61114 0.47455 0.54398
0.68526 0.49756 0.58391
0.61134 0.46800 0.56485
0.73141 0.53614 0.45683
0.60540 0.60501 0.45137
0.75967 0.41137 0.43149
0.65075 0.56046 0.52313
0.66684 0.52962 0.52537
0.65079 0.42888 0.49426
0.59078 0.49975 0.53621
0.66959 0.44456 0.40717
0.67188 0.65718 0.53952
0.58362 0.39162 0.56590
0.66344 0.46350 0.51013
0.67516 0.49608 0.56686
0.65893 0.40912 0.51242
0.63122 0.47271 0.49826
0.64905 0.50703 0.59275
0.53744 0.46585 0.47150
0.60467 0.48369 0.51206
0.66664 0.57925 0.56535
0.54910 0.48040 0.53798
0.66625 0.46757 0.49177
0.69236 0.52261 0.57164
0.71054 0.48052 0.57697
0.61810 0.46326 0.61682
0.64174 0.46962 0.46917
0.69138 0.50635 0.43527
0.69657 0.40511 0.57497
0.67726 0.42185 0.53739
0.67328 0.46770 0.60316
0.57599 0.38278 0.50556
0.62753 0.37578 0.48021
0.67304 0.53838 0.49538
0.66967 0.48702 0.51620
0.66928 0.59420 0.47155
0.60942 0.46389 0.56293
0.59799 0.51360 0.52897
0.70445 0.43530 0.42924
0.63879 0.41212 0.61291
0.69737 0.44070 0.47703
0.64717 0.47764 0.52883
0.66892 0.43882 0.64256
0.63394 0.57035 0.54431
0.69456 0.53356 0.57047
0.65308 0.53396 0.62871
0.61034 0.53409 0.63980
0.61281 0.57135 0.62491
0.65620 0.52991 0.49811
0.64724 0.52774 0.48918
0.74346 0.51611 0.52207
0.65267 0.50627 0.52536
0.59125 0.43092 0.55226
0.56175 0.51205 0.51144
0.60324 0.40258 0.52393
0.59582 0.51655 0.47554
0.68786 0.45278 0.61670
0.68639 0.46838 0.49375
0.66726 0.53518 0.57311
0.65810 0.44052 0.44466
0.61711 0.52419 0.55197
0.69510 0.48729 0.50686
0.69211 0.42937 0.62950
0.63449 0.40310 0.50276
0.67066 0.53359 0.50293
0.63867 0.49143 0.52072
0.64672 0.57149 0.49690
0.73819 0.52444 0.41877
0.70759 0.48311 0.51934
0.67706 0.43201 0.50010
0.59514 0.50015 0.49940
0.62670 0.39406 0.43003
0.65665 0.44619 0.50828
0.66441 0.43296 0.52532
0.68490 0.55907 0.57097
0.75906 0.53084 0.49687
0.60276 0.44179 0.58688
0.62277 0.52618 0.50728
0.60750 0.57345 0.51099
0.63656 0.58338 0.60131
0.67644 0.45115 0.48351
0.67330 0.46807 0.54040
0.66040 0.46419 0.52914
0.65710 0.46898 0.56979
0.63952 0.52103 0.44857
0.64555 0.45474 0.43298
0.72556 0.43483 0.55833
0.61661 0.42745 0.43723
0.65455 0.53901 0.46515
0.74237 0.45824 0.40805
0.66945 0.33201 0.50705
0.67568 0.53643 0.57420
0.66534 0.43770 0.50054
0.67499 0.48730 0.63563
0.67188 0.53115 0.55639
0.61619 0.44247 0.55072
0.68205 0.48315 0.56274
0.70803 0.39659 0.43572
0.62944 0.51319 0.49521
0.66901 0.49068 0.53327
0.66086 0.47699 0.57602
0.70034 0.48515 0.45324
0.68501 0.50413 0.49642
0.65734 0.56892 0.55551
0.65432 0.46590 0.56638
0.68699 0.51166 0.50643
0.69650 0.44964 0.65388
0.60943 0.52972 0.60773
0.62255 0.40596 0.47942
0.72861 0.48569 0.50952
0.65740 0.43399 0.55068
0.56295 0.51993 0.57127
0.72562 0.48106 0.53208
0.70189 0.58763 0.47464
0.72493 0.58925 0.49475
0.61929 0.36651 0.43128
0.64312 0.51353 0.45929
0.64452 0.51513 0.49885
0.60482 0.33739 0.52848
0.59990 0.39837 0.43396
0.67304 0.53702 0.51920
0.61859 0.51686 0.57054
0.60667 0.41653 0.56750
0.62471 0.55270 0.53778
0.65034 0.46452 0.50026
0.71586 0.44325 0.42160
0.70587 0.43251 0.43744
0.63671 0.61284 0.54517
0.66562 0.56797 0.53321
0.64270 0.51932 0.50199
0.72994 0.42795 0.49805
0.56776 0.40723 0.60256
0.73301 0.42660 0.48422
0.67587 0.48964 0.46093
0.69956 0.52021 0.44949
0.65431 0.48099 0.56025
0.71289 0.46137 0.61834
0.64340 0.50081 0.56102
0.68272 0.49971 0.53290
0.58649 0.52356 0.56428
0.65055 0.46108 0.51714
0.65271 0.48478 0.43108
0.60308 0.47260 0.54313
0.62425 0.43824 0.51957
0.68472 0.53296 0.51387
0.74437 0.49994 0.50226
0.71705 0.37873 0.53280
0.66272 0.47621 0.49702
0.60114 0.39716 0.47062
0.63666 0.41312 0.48408
0.63644 0.50586 0.49537
0.61601 0.54868 0.44138
0.62795 0.55022 0.52500
0.66197 0.54325 0.60483
0.67163 0.45949 0.52476
0.69063 0.53723 0.49752
0.65481 0.52033 0.38940
0.59867 0.55121 0.45948
0.72145 0.40217 0.45453
0.62259 0.44775 0.49475
0.69222 0.46848 0.51176
0.57028 0.48239 0.49315
0.60515 0.43189 0.59578
0.66395 0.54304 0.53352
0.64815 0.48067 0.53477
0.67508 0.49023 0.55350
0.65586 0.51971 0.48689
0.70898 0.45854 0.52301
0.62965 0.48552 0.55023
0.65785 0.50345 0.51628
0.59768 0.52300 0.60409
0.63187 0.52608 0.49378
0.73873 0.48590 0.46263
0.65230 0.55086 0.51086
0.64697 0.49836 0.47302
0.64710 0.56654 0.56469
0.61367 0.43117 0.55052
0.69199 0.45718 0.46575
0.66012 0.44721 0.41969
0.60219 0.55505 0.47166
0.65005 0.43711 0.50428
0.66550 0.42326 0.54728
0.67408 0.40226 0.41252
0.60723 0.50543 0.61448
0.62111 0.57789 0.52415
0.62116 0.46570 0.52777
0.57398 0.57233 0.49148
0.64227 0.45572 0.52618
0.71978 0.37740 0.57271
0.60827 0.38398 0.54967
0.58389 0.47749 0.55962
0.57609 0.46472 0.50812
0.66801 0.52971 0.50858
0.64819 0.52505 0.51956
0.67167 0.49258 0.42724
0.74266 0.35986 0.38784
0.67880 0.52407 0.55895
0.67770 0.42914 0.44823
0.61990 0.49427 0.42505
0.65300 0.45585 0.48375
0.65767 0.48597 0.66178
0.62717 0.56288 0.43751
0.61941 0.47115 0.54700
0.63184 0.45779 0.57644
0.71773 0.57856 0.50258
0.65169 0.52415 0.47414
0.64985 0.46880 0.60169
0.69851 0.59360 0.57862
0.72181 0.53281 0.51285
0.73842 0.51119 0.50410
0.62135 0.41894 0.46890
0.62493 0.43181 0.59091
0.66286 0.40999 0.56438
0.59332 0.51057 0.50269
0.71105 0.48105 0.50270
0.67769 0.50679 0.45365
0.65676 0.45085 0.51358
0.66279 0.55357 0.44172
0.65183 0.51890 0.52563
0.64738 0.49097 0.55007
0.66437 0.56352 0.49889
0.73240 0.47366 0.49178
0.69490 0.50140 0.51632
0.70356 0.43996 0.47488
0.59541 0.55862 0.54138
0.59468 0.46623 0.51339
0.63220 0.42611 0.49506
0.65203 0.43076 0.48176
0.68118 0.39973 0.50216
0.61562 0.59290 0.60287
0.67468 0.50150 0.63022
0.61055 0.41063 0.51041
0.67746 0.51816 0.41430
0.66708 0.55681 0.46910
0.61087 0.47507 0.48824
0.62635 0.45320 0.56274
0.61578 0.41469 0.63954
0.80463 0.37009 0.45854
0.66032 0.62651 0.52710
0.66333 0.41503 0.43405
0.58851 0.41414 0.62093
