20 12 1000 20865 8903
0.35025 0.82108 0.02050
0.84330 0.92136 0.09695
0.15454 0.02974 0.66849
0.27304 0.89725 0.24119
0.28517 0.06039 0.59183
0.79702 0.85271 0.45569
0.10988 0.80149 0.89317
0.90122 0.74551 0.33211
0.13676 0.86723 0.10601
0.96370 0.00135 0.99694
0.41850 0.31024 0.90304
0.51057 0.38450 0.34829
0.44157 0.37887 0.65502
0.41740 0.54062 0.34306
0.38619 0.63899 0.33309
0.53666 0.60321 0.41122
0.50419 0.56738 0.51540
0.46659 0.44258 0.55265
0.35952 0.53725 0.41883
0.48033 0.55716 0.48024
0.31956 0.71714 0.31645
0.48579 0.59257 0.44526
0.52460 0.63303 0.39911
0.38274 0.29756 0.59527
0.38982 0.55996 0.46052
0.39537 0.46193 0.61075
0.58539 0.58544 0.39752
0.56080 0.60920 0.41418
0.37272 0.55641 0.40895
0.41847 0.47399 0.58096
0.38304 0.62438 0.37829
0.48101 0.62947 0.54742
0.41381 0.45558 0.52698
0.46782 0.64018 0.49846
0.57571 0.55200 0.49731
0.48182 0.40951 0.53376
0.51122 0.61866 0.33924
0.48145 0.47839 0.50049
0.43956 0.37748 0.52151
0.55994 0.30828 0.62851
0.42747 0.69353 0.45164
0.54561 0.70358 0.31578
0.52347 0.52962 0.61623
0.62946 0.67795 0.31293
0.54021 0.65011 0.40917
0.42096 0.38307 0.51911
0.50932 0.60529 0.47140
0.64754 0.73674 0.27850
0.52159 0.62432 0.42192
0.50433 0.53657 0.48319
0.46119 0.41221 0.55523
0.34135 0.66731 0.45707
0.32157 0.64734 0.37085
0.37714 0.57620 0.62636
0.45938 0.65606 0.36431
0.35135 0.52919 0.42662
0.56342 0.57924 0.49369
0.39684 0.67498 0.53547
0.49351 0.50544 0.51069
0.42642 0.57063 0.52249
0.61107 0.60754 0.62075
0.50795 0.34371 0.61608
0.40392 0.46362 0.45598
0.52531 0.42256 0.55231
0.58207 0.50864 0.46021
0.44406 0.72515 0.32277
0.50309 0.55788 0.45516
0.50671 0.66538 0.38459
0.55604 0.75975 0.29524
0.43590 0.63109 0.36269
0.46429 0.39787 0.69891
0.38516 0.60337 0.53427
0.50276 0.42759 0.52074
0.58758 0.47377 0.48806
0.55406 0.39528 0.62475
0.54186 0.52960 0.54675
0.43930 0.53817 0.46853
0.56427 0.57649 0.46013
0.42753 0.46353 0.65559
0.44207 0.51632 0.47243
0.65650 0.63884 0.37350
0.38177 0.52698 0.43391
0.43153 0.51066 0.44856
0.54411 0.50117 0.54920
0.57827 0.55431 0.46775
0.37256 0.55989 0.33082
0.43988 0.54819 0.38709
0.62644 0.51882 0.44780
0.29372 0.64272 0.34514
0.64359 0.50712 0.54137
0.45555 0.56915 0.40505
0.53984 0.53986 0.47377
0.55101 0.45886 0.57319
0.41611 0.51185 0.43416
0.58113 0.58033 0.40441
0.41938 0.52368 0.40033
0.38479 0.56115 0.52827
0.67667 0.45294 0.53835
0.47630 0.62359 0.36001
0.56363 0.60111 0.37526
0.56577 0.61363 0.51211
0.67737 0.68593 0.38565
0.60913 0.50360 0.52466
0.41257 0.46356 0.51116
0.42632 0.65276 0.35811
0.39331 0.34039 0.51622
0.40111 0.63359 0.37515
0.37477 0.52569 0.48031
0.51060 0.29846 0.55783
0.46039 0.47988 0.49692
0.39409 0.67549 0.58529
0.36489 0.71113 0.34071
0.39207 0.47282 0.63017
0.39343 0.42842 0.54267
0.36979 0.33555 0.55395
0.34409 0.74552 0.44568
0.45116 0.44403 0.64418
0.65302 0.66098 0.37718
0.51025 0.56497 0.39364
0.31023 0.49412 0.61176
0.48268 0.62630 0.42316
0.47118 0.55137 0.51334
0.45470 0.65131 0.52022
0.45673 0.45564 0.48056
0.42050 0.69259 0.47345
0.49581 0.61269 0.56728
0.57250 0.69052 0.56131
0.60170 0.60585 0.50951
0.49430 0.66779 0.33450
0.50654 0.39360 0.55400
0.52463 0.47161 0.52697
0.29473 0.63085 0.59886
0.40047 0.49262 0.49651
0.52981 0.58157 0.43572
0.49178 0.71351 0.35910
0.39415 0.55775 0.43699
0.39933 0.68850 0.27969
0.53508 0.56609 0.37482
0.39392 0.63663 0.29534
0.32068 0.67518 0.42232
0.47381 0.41524 0.56009
0.44158 0.65087 0.38433
0.44024 0.48269 0.71923
0.30461 0.60486 0.47538
0.39558 0.59910 0.48645
0.39327 0.59994 0.38157
0.36458 0.53369 0.41283
0.55084 0.60805 0.38887
0.51592 0.38654 0.54188
0.49916 0.60052 0.46689
0.53515 0.72250 0.40171
0.39771 0.47939 0.37323
0.63486 0.41347 0.51150
0.51442 0.65042 0.44068
0.38228 0.65163 0.37332
0.44894 0.52288 0.52922
0.46173 0.42637 0.46981
0.42383 0.57479 0.49186
0.53034 0.57609 0.41489
0.49120 0.70720 0.42053
0.50383 0.64024 0.37574
0.58432 0.52154 0.50794
0.41983 0.32636 0.54793
0.47857 0.58109 0.39050
0.34107 0.60618 0.58518
0.37513 0.70497 0.47945
0.50695 0.64126 0.52944
0.42821 0.77965 0.49365
0.59785 0.60099 0.45355
0.37475 0.62153 0.50118
0.48134 0.41520 0.69944
0.44887 0.42977 0.52635
0.42959 0.54709 0.44065
0.49440 0.51662 0.42982
0.33897 0.67291 0.60353
0.48514 0.52817 0.41029
0.37991 0.40580 0.52818
0.46184 0.51278 0.49156
0.39059 0.64475 0.62181
0.41733 0.56531 0.51279
0.50095 0.59816 0.40658
0.48334 0.54743 0.51132
0.64563 0.53443 0.52783
0.48883 0.59435 0.47575
0.51121 0.67735 0.37480
0.41873 0.50274 0.36291
0.45875 0.45724 0.55466
0.49953 0.65575 0.55299
0.55590 0.58476 0.44131
0.46149 0.43808 0.55205
0.41793 0.57881 0.50178
0.61625 0.59705 0.39038
0.43696 0.59611 0.40155
0.43796 0.70459 0.48745
0.40797 0.50511 0.45068
0.42144 0.44506 0.53459
0.43625 0.58703 0.41974
0.37944 0.60693 0.55036
0.54997 0.52816 0.50668
0.50243 0.57871 0.36393
0.52719 0.71210 0.46127
0.60323 0.54450 0.48448
0.46384 0.46504 0.55421
0.53181 0.58984 0.49943
0.52996 0.49679 0.53012
0.49521 0.56057 0.41565
0.45125 0.70576 0.35004
0.48750 0.63256 0.28697
0.50540 0.56313 0.54577
0.35147 0.63827 0.36364
0.51772 0.60451 0.33723
0.58869 0.45590 0.52082
0.46725 0.59288 0.37153
0.31099 0.68622 0.50472
0.39065 0.66914 0.38477
0.49965 0.66421 0.35196
0.41800 0.54240 0.54999
0.53090 0.56531 0.47411
0.44203 0.51996 0.49671
0.41830 0.57691 0.57018
0.36273 0.49645 0.54216
0.42890 0.64800 0.30679
0.39360 0.55886 0.47112
0.31516 0.60817 0.49433
0.60090 0.56765 0.46204
0.37658 0.62014 0.42197
0.35132 0.67223 0.62850
0.43794 0.63054 0.28404
0.41122 0.49332 0.45060
0.51742 0.42392 0.58874
0.45870 0.44352 0.53287
0.51663 0.60007 0.40344
0.42881 0.38832 0.56317
0.61844 0.65476 0.45846
0.41295 0.59863 0.57817
0.46483 0.55990 0.45816
0.48549 0.69964 0.50481
0.37653 0.64092 0.44267
0.35757 0.50175 0.49016
0.50857 0.60088 0.40300
0.37176 0.65688 0.41556
0.45294 0.63369 0.54525
0.38876 0.49014 0.41923
0.44002 0.59738 0.61903
0.56838 0.61020 0.44075
0.62068 0.56509 0.47475
0.46592 0.55000 0.53565
0.59040 0.73157 0.31791
0.38250 0.43017 0.61475
0.38837 0.45927 0.42691
0.37134 0.59755 0.55164
0.34003 0.43327 0.49844
0.53938 0.38851 0.56163
0.55445 0.60573 0.43606
0.42000 0.63161 0.42854
0.48899 0.59702 0.46226
0.55881 0.53304 0.42851
0.58420 0.67451 0.34076
0.42099 0.64287 0.49933
0.60583 0.58807 0.44157
0.46600 0.57582 0.48948
0.52288 0.31085 0.50735
0.30690 0.61260 0.44765
0.55657 0.46745 0.58976
0.40672 0.40554 0.57237
0.52125 0.50218 0.60359
0.58941 0.52286 0.47654
0.35027 0.65432 0.41117
0.46719 0.58103 0.52541
0.44574 0.48794 0.50702
0.48421 0.68463 0.30056
0.41125 0.56446 0.48747
0.40826 0.60760 0.38219
0.39954 0.48716 0.60692
0.46927 0.73890 0.22396
0.50314 0.58027 0.32907
0.41162 0.41324 0.46333
0.57477 0.69807 0.42056
0.61886 0.64962 0.36429
0.47429 0.71756 0.51846
0.47519 0.43700 0.49915
0.56744 0.70753 0.47506
0.41312 0.35251 0.50054
0.33709 0.66622 0.40066
0.55421 0.31978 0.71262
0.41364 0.67858 0.48429
0.39076 0.38928 0.56796
0.63847 0.59036 0.43981
0.49784 0.37232 0.50134
0.54707 0.76433 0.35482
0.51580 0.59247 0.46223
0.42702 0.55925 0.47981
0.52474 0.49512 0.45601
0.38704 0.59375 0.39568
0.49667 0.49305 0.53352
0.57946 0.56979 0.40936
0.50731 0.55444 0.39068
0.48551 0.69413 0.32868
0.49333 0.60432 0.44189
0.45548 0.38851 0.62329
0.49472 0.64690 0.39807
0.44724 0.61401 0.42196
0.51228 0.60930 0.35649
0.46356 0.44135 0.60781
0.71434 0.54426 0.45920
0.49625 0.56208 0.51899
0.33563 0.42561 0.41244
0.31366 0.65470 0.34225
0.49084 0.34410 0.56653
0.59806 0.51279 0.52869
0.56154 0.45138 0.58846
0.37040 0.60446 0.40644
0.43863 0.57430 0.54354
0.43136 0.55822 0.40483
0.49742 0.73437 0.32195
0.58747 0.61854 0.37066
0.46740 0.66312 0.41255
0.45665 0.42953 0.46733
0.53628 0.66878 0.36515
0.56592 0.68416 0.40567
0.38960 0.68873 0.36075
0.52933 0.60546 0.36434
0.64122 0.61574 0.41417
0.37625 0.53965 0.44451
0.49343 0.59275 0.45871
0.47794 0.81523 0.28404
0.32239 0.60770 0.47917
0.35530 0.68798 0.52154
0.52407 0.58863 0.41462
0.44002 0.54672 0.55126
0.60179 0.68716 0.40569
0.60013 0.56547 0.42697
0.49178 0.50573 0.64052
0.50281 0.55257 0.43895
0.45934 0.52093 0.43162
0.50755 0.57039 0.38790
0.40793 0.54535 0.46730
0.46361 0.50035 0.43313
0.46499 0.62517 0.32433
0.43930 0.41782 0.58628
0.29895 0.52310 0.39863
0.43523 0.44120 0.46285
0.40962 0.54358 0.80349
0.44654 0.52681 0.42166
0.44059 0.74736 0.48110
0.50899 0.75766 0.35738
0.53262 0.67481 0.36548
0.49648 0.63165 0.51853
0.39976 0.54883 0.61823
0.45827 0.63578 0.42002
0.45197 0.62883 0.33351
0.35699 0.63428 0.49288
0.37056 0.48354 0.44070
0.57454 0.67844 0.39513
0.46400 0.51094 0.53979
0.51623 0.49270 0.55228
0.56568 0.61754 0.43183
0.47633 0.57921 0.41976
0.42327 0.59627 0.57243
0.59912 0.71836 0.27581
0.54905 0.59545 0.36079
0.44216 0.32138 0.55138
0.41722 0.71242 0.27644
0.53340 0.62026 0.46571
0.61949 0.70704 0.43469
0.62402 0.57120 0.40518
0.43854 0.45114 0.43472
0.39496 0.51636 0.42458
0.55240 0.56921 0.40049
0.52421 0.44946 0.52228
0.60318 0.65287 0.43280
0.49262 0.64164 0.50290
0.53660 0.58566 0.48931
0.49596 0.69336 0.33868
0.55629 0.45858 0.53184
0.53209 0.59811 0.34381
0.44697 0.53943 0.41392
0.42671 0.68453 0.56095
0.37712 0.60284 0.33692
0.52601 0.56201 0.55870
0.36977 0.73282 0.20948
0.40327 0.61242 0.32840
0.57046 0.47366 0.57863
0.50037 0.61088 0.37627
0.48637 0.58016 0.48057
0.46002 0.53564 0.44809
0.39039 0.57751 0.49924
0.53742 0.65672 0.39055
0.26031 0.64732 0.41389
0.41309 0.62315 0.48468
0.54048 0.66121 0.38142
0.56248 0.65113 0.49695
0.52136 0.48951 0.50766
0.39642 0.55945 0.42533
0.59669 0.52231 0.45070
0.39803 0.59361 0.44490
0.55738 0.55115 0.47049
0.50982 0.63912 0.43185
0.54037 0.58149 0.51458
0.39473 0.61400 0.41932
0.57820 0.74313 0.44387
0.37885 0.55560 0.38582
0.49130 0.68023 0.40844
0.53854 0.50266 0.53557
0.50654 0.47611 0.44984
0.59354 0.61362 0.37669
0.39557 0.58113 0.44530
0.54736 0.52872 0.44753
0.32918 0.68422 0.58232
0.61431 0.60850 0.52600
0.50224 0.59205 0.39027
0.52295 0.60098 0.43534
0.42010 0.43017 0.55529
0.47756 0.48752 0.59991
0.54951 0.67446 0.31606
0.41248 0.72602 0.40818
0.62233 0.65312 0.38140
0.43042 0.54916 0.46092
0.49357 0.38770 0.61676
0.58163 0.66204 0.44027
0.49562 0.37046 0.58381
0.48368 0.54482 0.37576
0.50757 0.63879 0.33304
0.40658 0.57905 0.36735
0.52314 0.69535 0.46430
0.50617 0.57256 0.45901
0.43480 0.50807 0.47109
0.56491 0.61256 0.51320
0.60528 0.55161 0.43099
0.51125 0.57624 0.42258
0.42076 0.68565 0.43565
0.44150 0.51799 0.53381
0.37233 0.69522 0.27575
0.46364 0.63117 0.36927
0.42167 0.67988 0.54823
0.55785 0.60306 0.47145
0.52031 0.63558 0.49549
0.35230 0.72098 0.41404
0.61728 0.61067 0.45904
0.50398 0.64417 0.47130
0.45595 0.57666 0.47232
0.48856 0.42943 0.49567
0.58049 0.46375 0.54058
0.44508 0.53089 0.42282
0.47060 0.54548 0.48541
0.57933 0.62352 0.50858
0.45388 0.60261 0.39250
0.53516 0.60406 0.47247
0.56412 0.51980 0.48249
0.41413 0.57523 0.67434
0.60314 0.39286 0.55401
0.51012 0.66106 0.38783
0.53207 0.53704 0.54031
0.53468 0.50156 0.58601
0.51850 0.55939 0.42868
0.43484 0.69841 0.36527
0.47113 0.52583 0.46288
0.45433 0.55406 0.45134
0.43543 0.63877 0.27590
0.61574 0.61300 0.48992
0.60836 0.49275 0.50813
0.51605 0.61574 0.37177
0.58698 0.54915 0.48610
0.45838 0.57282 0.45667
0.36440 0.47700 0.44088
0.40751 0.53834 0.48637
0.55912 0.51021 0.51695
0.43751 0.52769 0.40108
0.56567 0.66580 0.31588
0.49140 0.48351 0.65675
0.42425 0.56776 0.46967
0.46145 0.63776 0.44934
0.56760 0.61447 0.41285
0.47930 0.51020 0.46906
0.43197 0.71827 0.41857
0.44542 0.61000 0.59867
0.50217 0.49810 0.57789
0.37629 0.51035 0.50047
0.48724 0.55716 0.54516
0.60582 0.48366 0.54443
0.49076 0.62906 0.33506
0.37234 0.53111 0.43194
0.49986 0.50437 0.48469
0.33713 0.48140 0.52185
0.58443 0.45522 0.59407
0.47405 0.44260 0.44839
0.56093 0.56078 0.48891
0.55758 0.70411 0.37777
0.38877 0.51952 0.38935
0.43381 0.53062 0.36629
0.49870 0.44880 0.59289
0.50703 0.50959 0.50594
0.43879 0.63917 0.37975
0.57088 0.50819 0.55614
0.52388 0.75112 0.36544
0.46140 0.46884 0.52071
0.53762 0.58819 0.55025
0.31443 0.62321 0.32951
0.47785 0.46536 0.55031
0.50188 0.51551 0.39208
0.68131 0.49078 0.50078
0.38318 0.67331 0.26799
0.48627 0.52658 0.50039
0.50289 0.72683 0.35396
0.45725 0.46043 0.53764
0.40765 0.60018 0.33670
0.37828 0.56729 0.58005
0.46696 0.58607 0.32138
0.59762 0.56774 0.46248
0.49852 0.62113 0.36403
0.46270 0.42268 0.49863
0.46702 0.42523 0.51594
0.53258 0.56784 0.42988
0.36273 0.67229 0.47893
0.34654 0.46754 0.47970
0.36572 0.58984 0.46539
0.60738 0.62375 0.45749
0.37373 0.68879 0.24978
0.59802 0.50789 0.53539
0.59471 0.49322 0.50896
0.59615 0.35908 0.64551
0.46989 0.68505 0.41281
0.42472 0.49144 0.44686
0.55965 0.61541 0.34539
0.45153 0.50819 0.54528
0.35044 0.62537 0.37910
0.47652 0.46719 0.59788
0.52166 0.79079 0.20487
0.55282 0.58657 0.40632
0.52257 0.52362 0.43075
0.48590 0.61388 0.36200
0.51392 0.38513 0.55848
0.37169 0.41902 0.48338
0.56676 0.57859 0.51142
0.27836 0.37993 0.56454
0.42483 0.56220 0.44410
0.36991 0.43514 0.61884
0.34524 0.67211 0.35720
0.30461 0.61502 0.71992
0.58113 0.63226 0.36694
0.55586 0.66035 0.36642
0.49560 0.60420 0.47138
0.43506 0.55876 0.57979
0.46372 0.61478 0.33552
0.46195 0.48578 0.51594
0.54013 0.45327 0.46295
0.43319 0.66586 0.47947
0.46913 0.60159 0.41102
0.61478 0.58487 0.48099
0.40432 0.68387 0.29413
0.61101 0.56947 0.42748
0.48876 0.41741 0.54677
0.42085 0.57402 0.43845
0.58154 0.66489 0.48029
0.36160 0.42220 0.51665
0.35180 0.57380 0.41410
0.39603 0.64775 0.42789
0.44771 0.45223 0.50448
0.52176 0.56559 0.46896
0.42202 0.57210 0.51470
0.47267 0.56261 0.43451
0.33524 0.54095 0.39278
0.56698 0.41053 0.59476
0.37478 0.72386 0.33412
0.42922 0.67530 0.38379
0.67781 0.70726 0.32721
0.34110 0.67426 0.35628
0.58659 0.50895 0.49539
0.46757 0.51527 0.54658
0.56022 0.55518 0.49062
0.36457 0.50844 0.62823
0.38519 0.72239 0.27977
0.66925 0.39622 0.60659
0.41252 0.42585 0.50091
0.43503 0.62870 0.42753
0.41591 0.53045 0.46506
0.47663 0.54310 0.38197
0.42825 0.48224 0.45644
0.39934 0.69394 0.34199
0.46445 0.45975 0.43344
0.42972 0.61695 0.40079
0.35766 0.51930 0.59710
0.61419 0.63888 0.34814
0.51258 0.63404 0.49556
0.48838 0.64119 0.37363
0.52781 0.57839 0.49038
0.39119 0.60582 0.31446
0.38486 0.48497 0.42470
0.49778 0.53185 0.44242
0.54303 0.38751 0.52848
0.38282 0.54377 0.45690
0.53880 0.71068 0.35544
0.53906 0.61724 0.54434
0.53882 0.62757 0.42933
0.38650 0.51077 0.45151
0.42043 0.61813 0.38567
0.42043 0.36676 0.62201
0.44911 0.65756 0.28875
0.56571 0.49934 0.48469
0.32528 0.64113 0.44698
0.53379 0.58615 0.36458
0.57309 0.72092 0.34637
0.56936 0.59878 0.49381
0.54668 0.53403 0.41890
0.66716 0.41713 0.65087
0.49120 0.60892 0.45506
0.47813 0.57721 0.39805
0.36831 0.64891 0.55057
0.58353 0.64829 0.36129
0.47720 0.60219 0.48199
0.46130 0.58134 0.37042
0.52876 0.54587 0.47826
0.42247 0.70312 0.54950
0.66934 0.69764 0.42561
0.65528 0.66700 0.39365
0.31262 0.54592 0.52272
0.66133 0.41485 0.61523
0.58846 0.43075 0.56251
0.34794 0.57100 0.41398
0.58933 0.59423 0.35055
0.39616 0.53929 0.46087
0.46385 0.47848 0.49907
0.51245 0.62322 0.39364
0.54390 0.62995 0.44929
0.52510 0.70960 0.50815
0.49743 0.57722 0.54661
0.37459 0.56266 0.57248
0.58264 0.65478 0.38912
0.56665 0.43061 0.56986
0.34801 0.35625 0.63748
0.46077 0.44636 0.50013
0.36300 0.65398 0.39414
0.53454 0.50820 0.58649
0.56509 0.54707 0.38731
0.51947 0.40362 0.53536
0.47480 0.72258 0.36593
0.53181 0.59041 0.50194
0.35643 0.68879 0.35458
0.42603 0.45468 0.37394
0.48556 0.50322 0.54452
0.40700 0.45507 0.53025
0.47351 0.60361 0.34311
0.49293 0.67363 0.37731
0.46105 0.48430 0.41736
0.40125 0.55158 0.62549
0.42710 0.74740 0.39670
0.46923 0.50918 0.47341
0.49143 0.52945 0.49578
0.40518 0.73178 0.32610
0.66998 0.70130 0.43032
0.42255 0.41814 0.51185
0.47961 0.47378 0.52614
0.42721 0.67393 0.31763
0.39907 0.67662 0.32171
0.60373 0.74806 0.29614
0.56646 0.54132 0.45080
0.51633 0.79421 0.36140
0.41465 0.55670 0.46920
0.64142 0.66168 0.37492
0.44154 0.58364 0.52257
0.41952 0.48422 0.54742
0.57541 0.72764 0.42523
0.53595 0.70340 0.36742
0.42116 0.66333 0.39931
0.49463 0.53708 0.51651
0.30639 0.59995 0.33951
0.46751 0.51918 0.42774
0.65373 0.65127 0.41404
0.28940 0.67880 0.39912
0.45673 0.50791 0.54752
0.57457 0.51279 0.55346
0.49697 0.62731 0.49350
0.44686 0.43746 0.54352
0.46328 0.60109 0.34858
0.51512 0.55675 0.40321
0.55338 0.40973 0.51263
0.46906 0.63203 0.44522
0.40554 0.45878 0.48130
0.38879 0.60537 0.36285
0.42259 0.67903 0.49243
0.54390 0.44058 0.54149
0.56162 0.61529 0.45064
0.49868 0.53548 0.42587
0.51493 0.61543 0.40632
0.46328 0.55616 0.48750
0.49042 0.53773 0.38677
0.37910 0.35105 0.64052
0.35274 0.39486 0.45902
0.37839 0.57161 0.47344
0.53289 0.58411 0.47423
0.37305 0.55243 0.42402
0.46811 0.77507 0.37811
0.46341 0.49420 0.54699
0.45099 0.51759 0.51748
0.45290 0.58167 0.58673
0.47546 0.56983 0.45269
0.62508 0.54924 0.41200
0.50692 0.72563 0.26418
0.47073 0.70078 0.38983
0.29078 0.32057 0.63022
0.44835 0.52165 0.48268
0.34918 0.64004 0.43040
0.56971 0.31070 0.66109
0.55030 0.74745 0.40784
0.62705 0.42261 0.63238
0.49353 0.49033 0.43881
0.45647 0.60115 0.42406
0.59397 0.48985 0.60848
0.40390 0.51394 0.47707
0.68675 0.69518 0.30730
0.43576 0.46935 0.51586
0.51381 0.55342 0.48138
0.40220 0.40808 0.49559
0.66384 0.36670 0.63000
0.63000 0.46220 0.62121
0.34099 0.54674 0.44127
0.45576 0.52195 0.48677
0.40047 0.53688 0.51813
0.51311 0.53585 0.57097
0.46615 0.65564 0.32204
0.46398 0.56358 0.40578
0.64220 0.27075 0.78416
0.59800 0.60766 0.36765
0.37430 0.53347 0.44857
0.47958 0.54381 0.46242
0.44897 0.41531 0.53275
0.55780 0.54918 0.41410
0.43768 0.44281 0.51003
0.39677 0.54161 0.38072
0.51075 0.51443 0.49770
0.53958 0.56858 0.50303
0.52444 0.51625 0.42879
0.48513 0.70013 0.47176
0.50933 0.67494 0.33782
0.48529 0.58365 0.40504
0.40542 0.44949 0.44351
0.54808 0.76199 0.25827
0.54890 0.51928 0.43570
0.59983 0.54036 0.47036
0.37574 0.68820 0.33432
0.36198 0.32609 0.54414
0.47628 0.58358 0.46767
0.43879 0.58782 0.39346
0.45833 0.52618 0.34359
0.53771 0.56812 0.54626
0.53423 0.57676 0.47621
0.48574 0.64711 0.36445
0.50585 0.66162 0.33104
0.44871 0.60991 0.43769
0.45140 0.67211 0.42483
0.53187 0.42531 0.51182
0.43102 0.58439 0.46415
0.41083 0.53119 0.57636
0.52726 0.49181 0.63538
0.48537 0.43910 0.46465
0.48432 0.56056 0.43582
0.35983 0.51541 0.39723
0.33520 0.68739 0.60627
0.50030 0.57607 0.46252
0.39523 0.64447 0.37302
0.51005 0.47965 0.49877
0.39191 0.52708 0.44550
0.48998 0.61900 0.40137
0.43398 0.55134 0.49122
0.48196 0.61932 0.40351
0.51987 0.35326 0.54996
0.42200 0.54265 0.45594
0.41641 0.35492 0.61345
0.43520 0.41805 0.52899
0.43529 0.62416 0.34694
0.48585 0.59830 0.40819
0.43775 0.59652 0.39259
0.55060 0.41593 0.59860
0.49242 0.67702 0.33621
0.60913 0.60376 0.56584
0.45925 0.60250 0.53081
0.56841 0.51096 0.45187
0.39822 0.70441 0.48531
0.43477 0.60175 0.37646
0.44254 0.68734 0.40534
0.46329 0.60570 0.52413
0.46253 0.48929 0.54219
0.37974 0.62048 0.37551
0.52333 0.54405 0.44814
0.45230 0.62658 0.37581
0.44664 0.57831 0.36824
0.33101 0.48357 0.53294
0.46075 0.51347 0.50122
0.49981 0.59769 0.43973
0.63075 0.57355 0.48604
0.48002 0.49011 0.49155
0.66895 0.54247 0.54193
0.72505 0.39568 0.65450
0.36279 0.57159 0.62182
0.41492 0.67071 0.51699
0.53586 0.56867 0.60238
0.57907 0.57653 0.43409
0.47128 0.55971 0.43563
0.43546 0.45577 0.48861
0.48249 0.36103 0.54984
0.37066 0.61701 0.50422
0.58710 0.70878 0.34310
0.45021 0.52635 0.46957
0.38670 0.40386 0.50590
0.50062 0.55101 0.47973
0.56477 0.61126 0.47721
0.43758 0.68379 0.35506
0.46819 0.65883 0.35874
0.48809 0.64093 0.48813
0.38725 0.60235 0.43559
0.41161 0.64631 0.44148
0.56343 0.63048 0.37913
0.38213 0.51913 0.44364
0.54339 0.56504 0.43942
0.48339 0.60978 0.46478
0.39314 0.57820 0.46773
0.42468 0.57018 0.44866
0.56390 0.36984 0.67146
0.32250 0.45008 0.54431
0.46370 0.67034 0.51332
0.57491 0.44378 0.61990
0.39761 0.63182 0.37777
0.54859 0.72085 0.34271
0.53016 0.58703 0.55475
0.38869 0.60587 0.60398
0.42406 0.37035 0.55767
0.31624 0.68452 0.43032
0.41405 0.49996 0.55711
0.50332 0.65042 0.37298
0.57372 0.62323 0.43732
0.60603 0.62147 0.44790
0.48992 0.52410 0.49859
0.53509 0.63589 0.47379
0.54276 0.58144 0.43621
0.48007 0.45634 0.58386
0.50553 0.70430 0.38202
0.43231 0.48315 0.46371
0.49936 0.50523 0.41468
0.61675 0.63456 0.40706
0.44410 0.61289 0.53394
0.34627 0.55732 0.45142
0.49668 0.57425 0.42744
0.54655 0.37658 0.70507
0.53962 0.60629 0.57944
0.61640 0.49646 0.53489
0.43130 0.65921 0.52271
0.54912 0.54076 0.54454
0.56784 0.51844 0.53065
0.51133 0.65622 0.35373
0.49667 0.66007 0.40569
0.36792 0.58715 0.47075
0.39254 0.54639 0.54537
0.53647 0.57244 0.45243
0.51824 0.52828 0.56029
0.45771 0.53991 0.47013
0.46791 0.42576 0.47262
0.50990 0.58404 0.47161
0.47402 0.49965 0.45476
0.49694 0.66158 0.44529
0.49324 0.57751 0.42918
0.35610 0.45381 0.69594
0.71341 0.30335 0.67621
0.40348 0.68986 0.28919
0.52385 0.77097 0.24807
0.36286 0.62314 0.41367
0.67255 0.30255 0.67257
0.56227 0.32242 0.64106
0.54453 0.55744 0.48923
0.53079 0.63906 0.43661
0.52322 0.62487 0.44738
0.48563 0.53562 0.40521
0.40863 0.46465 0.53211
0.57942 0.41787 0.49888
0.43194 0.60914 0.59690
0.47735 0.50562 0.44954
0.44847 0.43991 0.46808
0.43379 0.60278 0.57541
0.43128 0.57178 0.42697
0.56343 0.54299 0.56608
0.58159 0.62076 0.43142
0.39662 0.63179 0.33085
0.51589 0.51894 0.56472
0.44422 0.73538 0.47354
0.50956 0.49584 0.45834
0.58571 0.45522 0.48198
0.62950 0.46066 0.55330
0.36465 0.55050 0.33625
0.37664 0.40020 0.53137
0.59517 0.56937 0.42575
0.44967 0.62425 0.42814
0.34566 0.55554 0.43835
0.31778 0.38269 0.51377
0.28262 0.62398 0.38036
0.40184 0.60918 0.49936
0.45093 0.56645 0.46895
0.38411 0.39207 0.64910
0.41715 0.65918 0.39254
0.50830 0.63627 0.54871
0.37459 0.66518 0.53455
0.43088 0.52416 0.51724
0.46203 0.45241 0.49186
0.48147 0.50644 0.55745
0.51979 0.65842 0.30552
0.56495 0.78807 0.25873
0.53449 0.53167 0.41728
0.49738 0.44008 0.54439
0.56367 0.60867 0.45816
0.53847 0.47959 0.56361
0.44701 0.42373 0.46800
0.44839 0.56523 0.56192
0.51352 0.54835 0.44420
0.41590 0.54214 0.41193
0.50301 0.49253 0.56694
0.59675 0.46695 0.51556
0.43129 0.45401 0.64167
0.45165 0.50834 0.37225
0.46412 0.46866 0.49817
0.38581 0.29498 0.66033
0.54719 0.54566 0.57718
0.59259 0.53340 0.52326
0.51285 0.55605 0.34767
0.51949 0.68619 0.43831
0.54507 0.59662 0.44099
0.30499 0.60816 0.46963
0.39700 0.42732 0.53389
0.58547 0.56952 0.41474
0.40752 0.57952 0.59083
0.54666 0.47452 0.48200
0.65805 0.38241 0.61575
0.39819 0.49084 0.53037
0.47563 0.69873 0.46087
0.34040 0.34143 0.56098
0.48800 0.59153 0.45932
0.46550 0.61901 0.37648
0.42559 0.39408 0.46538
0.69171 0.54819 0.51103
0.34335 0.50812 0.36976
0.45932 0.63430 0.37100
0.44325 0.59174 0.52153
0.40931 0.53990 0.43418
0.43415 0.58226 0.49728
0.51551 0.60904 0.33931
0.34027 0.45779 0.48228
0.53380 0.65379 0.35279
0.41860 0.66338 0.45505
0.43059 0.52337 0.48997
0.47547 0.56044 0.37461
0.57202 0.41740 0.57155
0.36214 0.60442 0.49678
0.52257 0.65352 0.38753
0.44385 0.62783 0.50911
0.57111 0.60153 0.61277
0.42370 0.57093 0.40245
0.43857 0.58811 0.36342
0.63709 0.63375 0.55000
0.33938 0.50655 0.56472
0.39442 0.59982 0.36157
0.52874 0.61209 0.38630
0.54728 0.70672 0.37745
0.45916 0.52157 0.53962
0.41640 0.48522 0.48348
0.36941 0.70286 0.32087
0.45000 0.44380 0.54415
0.46605 0.60911 0.49272
0.55133 0.56405 0.40640
0.50229 0.47314 0.47919
0.46742 0.46042 0.57633
0.58360 0.42831 0.54024
0.25580 0.70930 0.33199
0.40255 0.59545 0.57361
0.47727 0.48890 0.52027
0.34979 0.66766 0.36399
0.46889 0.37621 0.51450
0.37664 0.60875 0.55034
0.37251 0.69613 0.30891
0.44647 0.62261 0.36997
0.47087 0.55444 0.38542
0.47520 0.48934 0.51926
0.44260 0.51847 0.44928
0.33342 0.58355 0.52154
0.44574 0.61524 0.37155
0.53729 0.54905 0.41642
0.54608 0.71639 0.38165
0.62801 0.62012 0.36369
0.52771 0.54578 0.47702
0.53072 0.64744 0.44043
0.53910 0.58560 0.43752
0.69324 0.29023 0.65537
0.47025 0.47517 0.50502
0.59572 0.66380 0.31470
0.60401 0.60060 0.45219
0.40740 0.54503 0.63396
0.37444 0.35183 0.59228
0.37499 0.47570 0.55628
0.50856 0.73179 0.48648
0.45413 0.57606 0.42195
0.52481 0.49430 0.46317
0.31344 0.50878 0.55133
0.40244 0.50716 0.54488
0.50475 0.58609 0.47385
0.31772 0.51728 0.55717
0.59479 0.61574 0.39711
0.46330 0.61146 0.39466
0.39919 0.58644 0.35826
0.50500 0.64728 0.33859
0.43191 0.65567 0.50743
0.55871 0.58187 0.50196
0.60198 0.39239 0.63013
0.40787 0.58250 0.50443
0.44901 0.38074 0.79273
0.39799 0.59330 0.52508
0.55170 0.39097 0.74712
