20 16 1000 6273 163
0.52942 0.17802 0.92435
0.14271 0.69466 0.34492
0.01702 0.85659 0.59733
0.85973 0.75739 0.49929
0.60640 0.65364 0.12639
0.10404 0.87037 0.83230
0.18885 0.72354 0.37995
0.88385 0.02523 0.34441
0.78436 0.95092 0.31956
0.81162 0.50328 0.88642
0.16731 0.16281 0.64369
0.60502 0.34334 0.10668
0.75531 0.36742 0.85410
0.37840 0.27223 0.81119
0.58166 0.50337 0.11597
0.64763 0.62660 0.70638
0.40130 0.64639 0.57545
0.49474 0.55275 0.56849
0.50231 0.55046 0.50620
0.47931 0.58120 0.38634
0.54733 0.51281 0.63650
0.50606 0.53841 0.62327
0.54586 0.55593 0.52615
0.54861 0.55641 0.43636
0.60848 0.53342 0.59166
0.52581 0.56369 0.54363
0.58115 0.50932 0.64026
0.47624 0.53158 0.66159
0.47956 0.60072 0.52571
0.50856 0.61099 0.50073
0.66265 0.39606 0.49521
0.58680 0.56968 0.53068
0.62090 0.56057 0.45290
0.61526 0.44946 0.46900
0.42153 0.47428 0.62272
0.63281 0.39537 0.58697
0.48362 0.56384 0.57585
0.30194 0.59726 0.62014
0.36148 0.65585 0.42068
0.51040 0.63830 0.56425
0.49412 0.52245 0.49073
0.50474 0.68123 0.41153
0.56403 0.43248 0.68679
0.36816 0.44855 0.49663
0.58085 0.54603 0.60143
0.47346 0.52801 0.44050
0.40314 0.38103 0.60425
0.48378 0.52297 0.51175
0.37946 0.64928 0.59211
0.59045 0.58726 0.43565
0.54724 0.54852 0.53755
0.47819 0.60212 0.52059
0.63547 0.45283 0.51715
0.53629 0.43786 0.57115
0.49155 0.51320 0.43160
0.36483 0.64566 0.44667
0.49933 0.45595 0.50840
0.56606 0.55216 0.53985
0.59386 0.50865 0.49634
0.52078 0.58982 0.58112
0.54707 0.50884 0.51617
0.62376 0.55268 0.45809
0.41397 0.59371 0.50601
0.54731 0.49435 0.49060
0.54417 0.49096 0.55290
0.37886 0.55841 0.49959
0.56533 0.48408 0.53536
0.48401 0.56302 0.54609
0.62467 0.51231 0.53088
0.56791 0.46755 0.51529
0.45525 0.57653 0.49903
0.43948 0.58402 0.49127
0.52703 0.56690 0.45096
0.51804 0.54256 0.56180
0.56349 0.49993 0.44051
0.35625 0.40818 0.52240
0.54558 0.62835 0.46793
0.46577 0.46497 0.47177
0.54734 0.51488 0.59887
0.52777 0.49171 0.43829
0.52024 0.50675 0.53520
0.41893 0.53908 0.54862
0.46177 0.46065 0.55153
0.60059 0.62290 0.54812
0.63062 0.51425 0.71524
0.51827 0.57397 0.59220
0.55643 0.52613 0.54746
0.51250 0.61629 0.64429
0.61255 0.49785 0.51907
0.47123 0.46099 0.45800
0.48089 0.53007 0.58177
0.47565 0.52687 0.62142
0.52518 0.46609 0.60205
0.53724 0.59324 0.58615
0.50497 0.51081 0.55675
0.62146 0.54487 0.58166
0.47925 0.49722 0.50827
0.58316 0.47311 0.58120
0.35165 0.60627 0.61266
0.58905 0.47363 0.42266
0.50374 0.51568 0.60603
0.61876 0.63960 0.51539
0.54636 0.41096 0.64006
0.55508 0.51121 0.57643
0.51565 0.52579 0.46481
0.51944 0.45415 0.55628
0.60386 0.55836 0.51874
0.29895 0.62915 0.56007
0.42580 0.50627 0.58582
0.55198 0.47100 0.51618
0.46617 0.62050 0.53060
0.44836 0.44666 0.48373
0.50791 0.55393 0.43901
0.39550 0.45696 0.48821
0.59126 0.52107 0.56060
0.50561 0.63562 0.52194
0.53567 0.57566 0.41911
0.56949 0.45020 0.49766
0.57995 0.60867 0.52656
0.47873 0.38992 0.50951
0.47054 0.46226 0.45356
0.47955 0.61540 0.58700
0.50609 0.61674 0.44983
0.61431 0.48626 0.52930
0.61940 0.50186 0.45094
0.48987 0.53974 0.52955
0.65442 0.45383 0.65949
0.53426 0.66193 0.54977
0.49671 0.66904 0.57403
0.42672 0.44204 0.60148
0.41138 0.52291 0.55477
0.50674 0.50367 0.45840
0.61100 0.50943 0.52254
0.55144 0.57551 0.57506
0.59138 0.55237 0.40189
0.55263 0.53941 0.42115
0.40534 0.63112 0.59948
0.43767 0.64641 0.65272
0.53435 0.40332 0.53356
0.60563 0.46139 0.58655
0.40407 0.58695 0.56246
0.42021 0.54897 0.61073
0.67158 0.62204 0.47031
0.44276 0.55015 0.52711
0.54860 0.49100 0.57053
0.49397 0.58650 0.58443
0.49947 0.51166 0.72605
0.49921 0.47057 0.66429
0.41511 0.53986 0.55344
0.44011 0.52717 0.49212
0.53551 0.57341 0.48896
0.52260 0.53997 0.62286
0.48278 0.47116 0.60848
0.32785 0.49548 0.52661
0.38082 0.62906 0.52115
0.57491 0.54051 0.52301
0.47954 0.48685 0.48713
0.53381 0.56699 0.56141
0.55339 0.48312 0.39383
0.52670 0.52391 0.56473
0.48773 0.51314 0.54308
0.50273 0.53609 0.39635
0.57644 0.51531 0.60046
0.52126 0.51482 0.46918
0.57603 0.48469 0.52994
0.53272 0.56809 0.52703
0.42664 0.50863 0.61349
0.46304 0.58374 0.49115
0.50240 0.44948 0.58289
0.57054 0.52563 0.56670
0.50705 0.50947 0.49715
0.40842 0.57020 0.56195
0.35278 0.53101 0.45219
0.48578 0.54274 0.52111
0.65334 0.57704 0.56181
0.52189 0.47620 0.55069
0.62507 0.65473 0.54594
0.51219 0.55225 0.57556
0.43697 0.58341 0.54406
0.54980 0.49388 0.58380
0.61674 0.43895 0.61041
0.45287 0.54559 0.48488
0.60956 0.54445 0.65652
0.44370 0.69481 0.45428
0.57592 0.50615 0.49030
0.45068 0.53800 0.46590
0.51912 0.44316 0.39802
0.49739 0.48292 0.60951
0.43558 0.65727 0.54100
0.46006 0.62875 0.59110
0.49524 0.49727 0.51805
0.57788 0.50367 0.44843
0.49943 0.57845 0.47193
0.48041 0.47361 0.60574
0.55029 0.62014 0.56529
0.44910 0.48432 0.53875
0.53543 0.52160 0.52637
0.60441 0.50269 0.59486
0.48446 0.49361 0.61678
0.47410 0.55313 0.50985
0.51475 0.60894 0.56438
0.55342 0.59321 0.62291
0.58272 0.47931 0.50937
0.44169 0.49474 0.60625
0.33935 0.66646 0.55505
0.55061 0.59038 0.37772
0.52476 0.49710 0.50237
0.44062 0.56605 0.49241
0.54045 0.58394 0.45076
0.32691 0.61194 0.49242
0.46134 0.51712 0.54311
0.59227 0.46796 0.43759
0.42711 0.55511 0.48575
0.52079 0.45473 0.53986
0.48319 0.58590 0.45883
0.50248 0.54598 0.35229
0.53816 0.59554 0.61256
0.46328 0.48711 0.58118
0.54903 0.49169 0.55616
0.42336 0.46172 0.55196
0.47677 0.62758 0.54819
0.61847 0.50508 0.56991
0.55011 0.61756 0.41591
0.63912 0.56973 0.54119
0.49216 0.57383 0.54927
0.44489 0.52877 0.46417
0.36283 0.51831 0.60340
0.37812 0.55461 0.63032
0.52861 0.54674 0.53423
0.41350 0.57598 0.65031
0.43582 0.51513 0.49695
0.49993 0.50916 0.47316
0.53626 0.64243 0.43741
0.49896 0.48963 0.63666
0.61398 0.44299 0.55552
0.46845 0.53752 0.47755
0.49127 0.55699 0.56189
0.58854 0.46671 0.59471
0.49421 0.49508 0.49026
0.38807 0.44381 0.54786
0.56573 0.48926 0.65103
0.48297 0.62482 0.53653
0.56690 0.48249 0.47204
0.41703 0.51007 0.53204
0.37701 0.63926 0.57954
0.53560 0.51841 0.52622
0.58549 0.45519 0.56391
0.54525 0.60390 0.55043
0.46825 0.59931 0.36534
0.45121 0.55130 0.49140
0.42925 0.54821 0.46992
0.52648 0.62128 0.52367
0.49160 0.38493 0.66283
0.68373 0.43763 0.55256
0.44929 0.54188 0.46850
0.44825 0.54039 0.54081
0.46040 0.58961 0.48680
0.64902 0.62801 0.35622
0.53516 0.43678 0.60816
0.42816 0.65685 0.54672
0.41412 0.60387 0.51288
0.36823 0.62176 0.55169
0.54383 0.53351 0.53232
0.50566 0.55471 0.49236
0.59678 0.47543 0.49473
0.42505 0.48400 0.63577
0.55043 0.39350 0.45693
0.60503 0.48633 0.52458
0.41177 0.51746 0.60150
0.59301 0.50139 0.49770
0.54707 0.50047 0.50924
0.39317 0.64065 0.60003
0.45929 0.52268 0.57606
0.57478 0.33037 0.56828
0.59316 0.54611 0.45283
0.50661 0.58277 0.56285
0.45865 0.44771 0.59532
0.46904 0.49062 0.51772
0.46902 0.58131 0.55510
0.35509 0.61545 0.52148
0.59780 0.45338 0.46069
0.51891 0.56233 0.65032
0.53102 0.45880 0.57408
0.39802 0.51323 0.57512
0.50328 0.44540 0.59298
0.47789 0.56251 0.49503
0.55890 0.54298 0.50656
0.53735 0.54050 0.50883
0.55549 0.54027 0.41165
0.50932 0.54657 0.63486
0.51619 0.48298 0.59141
0.55325 0.58803 0.52924
0.64797 0.48753 0.51017
0.34764 0.65039 0.58583
0.48634 0.40671 0.72585
0.55008 0.50302 0.38333
0.43839 0.59321 0.54192
0.54848 0.49076 0.54929
0.64686 0.61297 0.39660
0.56540 0.63727 0.57263
0.54006 0.47669 0.48521
0.48655 0.57377 0.53603
0.48625 0.43543 0.58826
0.44495 0.46569 0.61959
0.57122 0.47666 0.44616
0.38363 0.55974 0.40440
0.54593 0.47616 0.42584
0.48801 0.56267 0.50128
0.55328 0.63040 0.50480
0.43240 0.54963 0.63579
0.53596 0.51549 0.56366
0.42773 0.57159 0.44999
0.50750 0.43348 0.60398
0.52705 0.50026 0.50856
0.45908 0.55428 0.51463
0.45350 0.52283 0.53079
0.49518 0.58607 0.49264
0.42552 0.53650 0.52927
0.55632 0.50425 0.50055
0.65644 0.43118 0.65627
0.38459 0.50522 0.51130
0.42640 0.65344 0.55760
0.63124 0.35108 0.39890
0.57554 0.48331 0.48998
0.48226 0.53514 0.63589
0.44864 0.62999 0.58859
0.52878 0.54466 0.55621
0.41189 0.50690 0.57673
0.45610 0.41905 0.58155
0.52306 0.59974 0.44466
0.50341 0.52150 0.56660
0.51586 0.61319 0.43907
0.51348 0.59352 0.58275
0.43302 0.51891 0.55137
0.45635 0.49505 0.54426
0.62043 0.42817 0.46844
0.48579 0.60594 0.51736
0.41609 0.57445 0.50692
0.50082 0.54142 0.55657
0.50478 0.52922 0.39786
0.41551 0.58212 0.59204
0.49446 0.55795 0.55038
0.54799 0.56696 0.56110
0.51696 0.48716 0.54725
0.48873 0.53561 0.37404
0.44080 0.44080 0.54564
0.44815 0.51906 0.59477
0.53817 0.45864 0.43970
0.54949 0.54945 0.50482
0.62426 0.43887 0.46463
0.45033 0.58540 0.59458
0.52838 0.45907 0.60476
0.45675 0.55755 0.45472
0.53875 0.54541 0.51602
0.53310 0.45004 0.43634
0.42015 0.61015 0.55001
0.56416 0.45505 0.53413
0.45134 0.54133 0.50144
0.59348 0.56671 0.59658
0.49099 0.62760 0.60908
0.43496 0.60827 0.58547
0.38978 0.47513 0.64037
0.58871 0.57547 0.61150
0.49782 0.56753 0.47293
0.56725 0.44937 0.57275
0.53312 0.65691 0.51657
0.58310 0.57282 0.57663
0.60370 0.49431 0.54300
0.51469 0.54802 0.41246
0.38571 0.50350 0.55192
0.43741 0.53137 0.55751
0.44910 0.68439 0.55244
0.55151 0.50653 0.60815
0.50230 0.50530 0.55922
0.46688 0.52211 0.53415
0.37498 0.57350 0.61080
0.46572 0.52080 0.51500
0.56475 0.46068 0.62789
0.44711 0.66860 0.53852
0.59282 0.69251 0.39300
0.49328 0.53053 0.53112
0.50255 0.62016 0.62746
0.41177 0.60815 0.51626
0.38569 0.62146 0.50676
0.51774 0.60866 0.47232
0.53127 0.55957 0.59163
0.41388 0.43362 0.68974
0.44032 0.55931 0.54868
0.47479 0.53879 0.48700
0.55332 0.46132 0.48608
0.52560 0.57302 0.50878
0.63528 0.39202 0.54637
0.46714 0.47430 0.48599
0.42195 0.61127 0.47041
0.43629 0.51252 0.56134
0.63879 0.53114 0.57009
0.58326 0.60721 0.60100
0.45849 0.55602 0.54584
0.56224 0.60961 0.46600
0.54193 0.48181 0.50975
0.53957 0.54756 0.55968
0.49526 0.56920 0.54366
0.42804 0.60137 0.57368
0.52177 0.59857 0.59963
0.42443 0.54975 0.50172
0.50131 0.52211 0.58118
0.52004 0.59578 0.48557
0.52356 0.62444 0.47936
0.58922 0.41271 0.53041
0.55339 0.54907 0.55585
0.47014 0.49488 0.47019
0.56687 0.58414 0.47316
0.58003 0.61479 0.46376
0.51633 0.47836 0.56932
0.45309 0.47578 0.51995
0.52680 0.44237 0.52033
0.61021 0.54239 0.65318
0.57723 0.45341 0.59900
0.44515 0.55043 0.55308
0.47419 0.52783 0.37692
0.52503 0.47979 0.44929
0.45495 0.55128 0.53842
0.50928 0.51248 0.55102
0.38816 0.57374 0.59876
0.44373 0.42238 0.49245
0.57650 0.53143 0.60088
0.57877 0.48779 0.58067
0.54513 0.60752 0.60599
0.55082 0.56037 0.53306
0.51839 0.62067 0.54839
0.36936 0.54450 0.65776
0.45503 0.51815 0.62507
0.52267 0.61332 0.57419
0.51946 0.41135 0.45779
0.58815 0.58349 0.55847
0.50407 0.60326 0.43019
0.48486 0.48149 0.53485
0.55261 0.58137 0.50893
0.49359 0.49547 0.53180
0.64144 0.48628 0.66646
0.66003 0.36282 0.53632
0.55321 0.46401 0.53294
0.54491 0.52935 0.60062
0.58547 0.39767 0.53197
0.38023 0.55584 0.50587
0.49948 0.61042 0.50394
0.52453 0.49269 0.62196
0.44732 0.51454 0.50121
0.59844 0.52959 0.49715
0.53486 0.55185 0.49349
0.54830 0.56626 0.65125
0.41832 0.44223 0.49939
0.57525 0.49210 0.57498
0.46905 0.54484 0.47684
0.53926 0.54153 0.49117
0.39975 0.66159 0.52041
0.43819 0.64919 0.61304
0.54227 0.40626 0.50760
0.48032 0.53359 0.51070
0.47345 0.63675 0.54668
0.42329 0.51139 0.59727
0.50327 0.55022 0.49268
0.42190 0.58521 0.63246
0.55470 0.52670 0.59667
0.41766 0.62894 0.51116
0.59891 0.45754 0.43531
0.50460 0.43277 0.59480
0.55234 0.59547 0.52802
0.55864 0.47247 0.65657
0.54589 0.53667 0.55386
0.48768 0.48352 0.50118
0.52716 0.36185 0.70113
0.46602 0.57441 0.65593
0.33212 0.61586 0.57608
0.53544 0.52956 0.61579
0.52583 0.44610 0.58907
0.58576 0.44462 0.59190
0.52012 0.57475 0.44458
0.61801 0.54047 0.53123
0.42492 0.51710 0.59455
0.52131 0.53116 0.50298
0.50341 0.54461 0.42344
0.47864 0.60711 0.48844
0.33362 0.70029 0.57828
0.46837 0.57838 0.56708
0.55304 0.63973 0.54935
0.47046 0.52294 0.51624
0.46759 0.53228 0.54595
0.44604 0.55616 0.50965
0.54473 0.52675 0.41303
0.49529 0.53170 0.50338
0.59252 0.37944 0.50556
0.63014 0.48669 0.54001
0.41268 0.54279 0.36323
0.51432 0.49816 0.62734
0.58988 0.60376 0.51860
0.46692 0.48793 0.49472
0.52717 0.50694 0.56344
0.41259 0.58267 0.48411
0.50486 0.52813 0.48098
0.53250 0.51860 0.50628
0.42968 0.56399 0.61698
0.48725 0.49303 0.59831
0.38245 0.56705 0.58384
0.51780 0.56739 0.57933
0.45228 0.52743 0.44883
0.50708 0.53789 0.51289
0.46846 0.59967 0.47817
0.52405 0.57886 0.36801
0.55985 0.37227 0.56474
0.40321 0.59828 0.50712
0.51100 0.44658 0.42809
0.57103 0.44040 0.47605
0.48280 0.55249 0.59251
0.58890 0.49527 0.61832
0.49476 0.51553 0.56746
0.41478 0.52605 0.54925
0.40657 0.57431 0.59100
0.46520 0.59343 0.53149
0.58179 0.39158 0.48935
0.51597 0.54932 0.55458
0.57090 0.66728 0.47878
0.43682 0.41143 0.57393
0.35815 0.61053 0.54852
0.52547 0.54046 0.48858
0.49195 0.57199 0.48064
0.56417 0.46793 0.39014
0.49282 0.47174 0.49499
0.56889 0.50768 0.59717
0.54951 0.42450 0.52589
0.41975 0.55626 0.47129
0.47903 0.53426 0.49117
0.50508 0.64730 0.40506
0.54230 0.50026 0.51781
0.53998 0.43595 0.36625
0.47600 0.46646 0.48038
0.50863 0.58688 0.61115
0.59303 0.49678 0.45444
0.49800 0.45412 0.40267
0.50957 0.51785 0.54682
0.45469 0.48280 0.60209
0.61954 0.41011 0.52305
0.48531 0.42542 0.45284
0.45660 0.65508 0.47243
0.57334 0.45291 0.43869
0.58403 0.48043 0.63246
0.52814 0.45066 0.55544
0.47533 0.60304 0.52926
0.42906 0.64381 0.44894
0.33116 0.61986 0.58749
0.46846 0.59665 0.50323
0.56439 0.50165 0.64908
0.41971 0.53762 0.62224
0.45097 0.59329 0.57341
0.50332 0.66337 0.56002
0.52056 0.55642 0.54572
0.48579 0.54569 0.52458
0.51917 0.57599 0.49138
0.46060 0.50081 0.46271
0.54187 0.49489 0.53222
0.53015 0.42279 0.56164
0.48087 0.38295 0.63886
0.63822 0.57698 0.50435
0.50259 0.46857 0.57349
0.37621 0.62772 0.58370
0.48698 0.52319 0.46461
0.44610 0.59305 0.54160
0.57776 0.48579 0.51201
0.50134 0.60006 0.39293
0.51537 0.52573 0.52655
0.45070 0.52665 0.50975
0.31977 0.63624 0.56512
0.45306 0.44277 0.66849
0.47397 0.46273 0.58853
0.59031 0.47276 0.40795
0.45847 0.54465 0.68153
0.48230 0.52737 0.40796
0.51807 0.50038 0.46005
0.53768 0.49802 0.56150
0.46677 0.60327 0.49989
0.52281 0.51216 0.56254
0.36035 0.59539 0.60285
0.51305 0.66439 0.54030
0.46054 0.69035 0.50166
0.49727 0.53183 0.56222
0.53282 0.44019 0.54146
0.45689 0.57334 0.59119
0.55032 0.56948 0.56652
0.49283 0.57785 0.56283
0.48605 0.51589 0.63082
0.51458 0.58018 0.42868
0.59120 0.59163 0.56389
0.48960 0.51832 0.52748
0.48872 0.48391 0.46165
0.48698 0.54150 0.39748
0.51482 0.49164 0.46630
0.54074 0.51131 0.50697
0.50251 0.58282 0.58078
0.62296 0.53255 0.59732
0.55589 0.57167 0.45620
0.61382 0.51258 0.38299
0.45282 0.58140 0.42026
0.47646 0.66553 0.48860
0.61042 0.51001 0.57733
0.45018 0.62887 0.49623
0.45531 0.48505 0.43280
0.54490 0.55969 0.48424
0.61539 0.56464 0.56765
0.46075 0.46084 0.65272
0.51524 0.53961 0.49477
0.50671 0.44424 0.63704
0.53724 0.37710 0.49291
0.44765 0.62163 0.59772
0.43322 0.51195 0.55714
0.52600 0.45709 0.57748
0.62498 0.50215 0.39482
0.51900 0.48673 0.44519
0.49767 0.46647 0.63261
0.58391 0.45200 0.58296
0.38090 0.52579 0.69221
0.57851 0.49125 0.74000
0.43297 0.61208 0.56018
0.52754 0.48988 0.53207
0.49450 0.59194 0.53206
0.58017 0.42844 0.41148
0.53770 0.51894 0.58709
0.45675 0.57775 0.46090
0.60260 0.48165 0.62916
0.42896 0.49670 0.50962
0.54328 0.53282 0.54542
0.56693 0.52460 0.48915
0.36557 0.56341 0.51387
0.53007 0.46423 0.56013
0.53480 0.48831 0.53627
0.49727 0.52856 0.55217
0.52128 0.43905 0.56316
0.47797 0.52985 0.60589
0.56398 0.60572 0.50525
0.59777 0.63636 0.55858
0.51706 0.51281 0.59771
0.58793 0.44768 0.39476
0.46600 0.44534 0.54465
0.51243 0.48607 0.57039
0.46372 0.53415 0.43739
0.61270 0.39231 0.54040
0.47897 0.56739 0.49006
0.50781 0.60543 0.53703
0.48422 0.52495 0.55812
0.37825 0.53386 0.52909
0.57943 0.46645 0.56678
0.55186 0.49897 0.61396
0.60637 0.44743 0.56944
0.59283 0.51090 0.44092
0.45478 0.45162 0.55026
0.51543 0.48860 0.42939
0.43697 0.54584 0.58055
0.53536 0.51537 0.50287
0.37354 0.58127 0.61033
0.59472 0.57257 0.47081
0.48513 0.51445 0.60072
0.51450 0.45337 0.56433
0.50591 0.45129 0.38629
0.47437 0.45341 0.54545
0.43027 0.62322 0.58475
0.44915 0.54449 0.49193
0.53669 0.56806 0.49251
0.43083 0.54013 0.48843
0.55718 0.63902 0.48335
0.58737 0.59775 0.58794
0.52001 0.52754 0.53118
0.47846 0.50705 0.49903
0.57698 0.58180 0.59683
0.49180 0.46846 0.54346
0.52234 0.45991 0.50376
0.57323 0.50149 0.51441
0.53074 0.42073 0.55136
0.47132 0.54371 0.50202
0.44360 0.58866 0.41855
0.43191 0.61721 0.61141
0.50775 0.49616 0.46719
0.57346 0.51837 0.49326
0.59586 0.52563 0.60910
0.47201 0.49563 0.53006
0.50074 0.52452 0.44863
0.44630 0.54735 0.49857
0.52086 0.55590 0.49680
0.51956 0.44803 0.48936
0.56399 0.62237 0.51359
0.51990 0.56741 0.37075
0.56200 0.42325 0.44836
0.54986 0.58480 0.52537
0.46285 0.38522 0.56416
0.53956 0.28286 0.60793
0.43634 0.56492 0.47341
0.46311 0.50902 0.51184
0.46836 0.60049 0.60019
0.58084 0.45511 0.53210
0.55195 0.59989 0.45710
0.41503 0.57651 0.63995
0.42796 0.56848 0.52690
0.56867 0.42185 0.62954
0.48711 0.50042 0.51588
0.46536 0.60388 0.49980
0.52181 0.47934 0.52005
0.51100 0.58277 0.38717
0.62846 0.43968 0.51909
0.47763 0.49223 0.43136
0.54748 0.50324 0.47482
0.40572 0.63164 0.54332
0.56523 0.46996 0.43606
0.47881 0.57207 0.55239
0.51960 0.45841 0.41825
0.40425 0.60354 0.52004
0.47153 0.44620 0.47976
0.46834 0.59220 0.42508
0.49779 0.46146 0.54763
0.51507 0.56234 0.44472
0.48587 0.55188 0.56272
0.50976 0.55686 0.52851
0.45840 0.48966 0.46492
0.56142 0.52670 0.46808
0.39774 0.63743 0.49085
0.53761 0.53856 0.50776
0.51020 0.51125 0.61610
0.45807 0.34018 0.53244
0.48229 0.54166 0.54650
0.49203 0.60180 0.39550
0.49785 0.54555 0.57526
0.45659 0.46936 0.60491
0.52534 0.57428 0.57272
0.45409 0.59328 0.40283
0.44684 0.62359 0.50640
0.49634 0.51421 0.40227
0.21734 0.58787 0.56109
0.50367 0.37552 0.42416
0.44462 0.42631 0.49720
0.53041 0.53941 0.52333
0.45596 0.53370 0.62082
0.61554 0.44967 0.61637
0.52712 0.50982 0.39893
0.45788 0.52817 0.61527
0.49461 0.56075 0.53717
0.49898 0.54129 0.70791
0.52637 0.54198 0.45707
0.37161 0.61241 0.52329
0.35404 0.51864 0.58987
0.51001 0.56092 0.54419
0.50761 0.57764 0.58196
0.61299 0.53248 0.53894
0.51168 0.45437 0.61721
0.36322 0.54222 0.52700
0.55594 0.39579 0.59109
0.41363 0.58399 0.56949
0.54070 0.52808 0.46540
0.51253 0.39903 0.58207
0.57926 0.50729 0.57317
0.61567 0.53880 0.57233
0.48346 0.56770 0.44969
0.40201 0.59245 0.55183
0.47239 0.63626 0.56064
0.38189 0.44985 0.63659
0.45718 0.60615 0.58380
0.54987 0.56963 0.53322
0.49448 0.49107 0.51277
0.36373 0.62877 0.48823
0.59202 0.60098 0.48349
0.51032 0.59457 0.50682
0.47582 0.49552 0.41977
0.57427 0.67663 0.50480
0.57344 0.56243 0.51282
0.52224 0.58110 0.37096
0.43553 0.64020 0.46557
0.58925 0.54486 0.54846
0.50923 0.54037 0.46680
0.50322 0.61243 0.59023
0.51896 0.44349 0.58013
0.51429 0.56323 0.51410
0.55527 0.53162 0.63454
0.54817 0.56188 0.44041
0.51919 0.43793 0.45643
0.50392 0.55080 0.48076
0.53205 0.57840 0.51935
0.54496 0.51235 0.56874
0.49596 0.57116 0.53182
0.49501 0.53841 0.52793
0.50306 0.52777 0.56292
0.44384 0.48988 0.57197
0.39737 0.45033 0.53889
0.40523 0.48930 0.52113
0.49392 0.52019 0.54807
0.60211 0.59317 0.43327
0.54768 0.54897 0.51464
0.51396 0.43556 0.56973
0.37614 0.57225 0.58054
0.58820 0.55799 0.46011
0.45080 0.54568 0.44101
0.58780 0.54631 0.59537
0.59251 0.43420 0.53693
0.43108 0.47148 0.60688
0.54177 0.52988 0.34017
0.47664 0.45459 0.51840
0.49882 0.59530 0.48183
0.62132 0.48400 0.56849
0.58767 0.48691 0.52228
0.42712 0.62629 0.55798
0.48294 0.48697 0.53286
0.56776 0.58879 0.48871
0.42457 0.50172 0.54232
0.43007 0.62739 0.48327
0.53368 0.52771 0.48763
0.49779 0.50976 0.49586
0.50836 0.56381 0.46570
0.50072 0.52899 0.49509
0.57605 0.52530 0.63056
0.52067 0.52204 0.54072
0.63530 0.51275 0.56273
0.36404 0.58006 0.57879
0.45109 0.55971 0.50520
0.51674 0.47416 0.71618
0.41904 0.53371 0.46432
0.44194 0.51687 0.58957
0.53835 0.41756 0.51114
0.43242 0.53218 0.49019
0.43189 0.61380 0.58603
0.45809 0.58715 0.47096
0.47171 0.50077 0.52611
0.51392 0.42502 0.59036
0.50209 0.62930 0.54467
0.46515 0.55206 0.46758
0.59071 0.54763 0.57275
0.53493 0.64281 0.40322
0.42573 0.56147 0.49213
0.53049 0.52889 0.61747
0.39181 0.42144 0.66522
0.45995 0.44060 0.50653
0.52665 0.52417 0.55242
0.47253 0.57426 0.53273
0.58957 0.58825 0.51292
0.48138 0.62766 0.53752
0.58513 0.42624 0.56376
0.47639 0.60351 0.52512
0.58277 0.50782 0.50790
0.47053 0.48723 0.46112
0.51723 0.50136 0.53992
0.55101 0.50472 0.56494
0.50617 0.49447 0.60783
0.54239 0.58610 0.53329
0.42656 0.51541 0.47093
0.52081 0.58093 0.61263
0.45512 0.53661 0.49812
0.58549 0.52810 0.63311
0.55143 0.49758 0.58423
0.55301 0.44790 0.48165
0.60885 0.35258 0.56465
0.66665 0.54527 0.59031
0.54677 0.54145 0.58520
0.56308 0.54521 0.49756
0.55224 0.45649 0.56855
0.46775 0.60509 0.48520
0.44010 0.57024 0.59782
0.53914 0.59939 0.39617
0.45781 0.49556 0.65617
0.42653 0.61677 0.43133
0.39288 0.44584 0.67243
0.46017 0.62456 0.58708
0.53374 0.49633 0.48447
0.48272 0.61011 0.46377
0.42020 0.44210 0.60556
0.52689 0.53451 0.39669
0.50313 0.50178 0.58225
0.49604 0.49191 0.43997
0.36427 0.61416 0.56009
0.40043 0.54004 0.48671
0.58071 0.58736 0.56406
0.54759 0.54726 0.44821
0.45998 0.47090 0.52475
0.62847 0.50431 0.50510
0.42986 0.52310 0.51493
0.51371 0.54913 0.55491
0.52109 0.41297 0.63426
0.52580 0.51815 0.40745
0.47059 0.50777 0.43720
0.50350 0.56522 0.55039
0.52190 0.57126 0.50051
0.45099 0.56421 0.63841
0.53122 0.48486 0.67919
0.46840 0.58277 0.52312
0.53216 0.52298 0.56022
0.41157 0.43532 0.64391
0.44016 0.43033 0.50589
0.49003 0.68579 0.54221
0.41919 0.53561 0.46393
0.36012 0.63913 0.46837
0.52401 0.52862 0.50470
0.36820 0.58757 0.50471
0.53660 0.51450 0.51903
0.52916 0.52208 0.52627
0.51012 0.50820 0.57252
0.58681 0.40403 0.70666
0.46702 0.61320 0.43223
0.53115 0.54785 0.54701
0.45773 0.53228 0.59060
0.53271 0.48604 0.50777
0.57215 0.48643 0.47347
0.40428 0.56236 0.62502
0.48224 0.56467 0.51971
0.45698 0.60824 0.46413
0.37410 0.60597 0.50566
0.53217 0.59551 0.46998
0.49347 0.54965 0.45697
0.43348 0.53175 0.48486
0.61835 0.47306 0.42873
0.45576 0.53854 0.41407
0.50090 0.44218 0.50986
0.44069 0.64675 0.63051
0.58364 0.47127 0.64633
0.57129 0.58018 0.62192
0.50520 0.56957 0.44388
0.53856 0.65136 0.46574
0.40271 0.53727 0.59248
0.46222 0.58948 0.50689
0.48032 0.50796 0.60434
0.52766 0.56918 0.45209
0.27564 0.68802 0.54895
0.49350 0.51646 0.65395
0.59630 0.52375 0.46217
0.45451 0.47871 0.52857
0.55196 0.41519 0.58023
0.40371 0.52404 0.57408
0.57563 0.66524 0.46619
0.39977 0.55446 0.55796
0.65436 0.62576 0.53744
0.40155 0.57538 0.47670
0.57583 0.56768 0.49181
0.62170 0.62859 0.45770
0.54860 0.68505 0.40808
0.53863 0.51995 0.48898
0.49721 0.67948 0.52747
0.48150 0.46661 0.58167
0.46851 0.53835 0.52739
0.60308 0.48419 0.66924
0.50501 0.51311 0.59185
0.35947 0.42531 0.58313
0.50869 0.47180 0.46413
0.55230 0.54122 0.50913
0.53322 0.38493 0.53623
0.47635 0.47653 0.58551
0.55125 0.57606 0.53489
0.58191 0.49663 0.65467
0.56034 0.35699 0.56257
0.45935 0.53445 0.56042
0.47213 0.54747 0.55807
0.52650 0.43576 0.55423
0.34429 0.71043 0.50878
0.41039 0.54751 0.57821
0.49271 0.45092 0.49539
0.50354 0.62084 0.53243
0.48433 0.63368 0.49425
0.57640 0.51341 0.55369
0.53799 0.58902 0.46729
0.38774 0.51015 0.53024
0.51410 0.48921 0.42794
0.44169 0.53849 0.49742
0.45339 0.43532 0.62770
0.56468 0.53727 0.46507
0.59358 0.49987 0.44923
0.55824 0.58821 0.56247
0.41351 0.45360 0.50801
0.54199 0.54617 0.52721
0.54642 0.56384 0.50459
0.54740 0.62651 0.34676
0.52645 0.58961 0.54051
0.51284 0.50992 0.42154
0.54024 0.44488 0.53486
0.45149 0.46604 0.53173
0.47031 0.55267 0.62135
0.54175 0.47072 0.56661
0.55921 0.48540 0.59196
0.44266 0.64868 0.44230
0.54210 0.59451 0.53129
0.56226 0.53077 0.45182
0.57535 0.59141 0.53384
0.45396 0.55742 0.46479
0.60510 0.42191 0.53164
0.52406 0.54542 0.65737
0.52659 0.47621 0.53792
0.51134 0.51486 0.52021
0.46352 0.55196 0.45237
0.42625 0.46830 0.52225
0.54992 0.48983 0.69263
0.54454 0.60046 0.55406
0.49504 0.57472 0.36815
0.47762 0.54498 0.45815
0.53751 0.46854 0.45346
0.56129 0.45137 0.60031
0.47866 0.44511 0.43558
0.46526 0.50490 0.58283
0.49332 0.59156 0.55138
0.45457 0.61865 0.53538
0.42419 0.48277 0.48005
0.61634 0.52478 0.56355
0.44589 0.50033 0.54649
0.54781 0.55854 0.48954
0.36318 0.66631 0.53200
0.48468 0.41482 0.52725
0.45810 0.58326 0.46586
0.42257 0.42958 0.56119
0.55031 0.44628 0.48916
0.52394 0.50899 0.55187
0.46892 0.47285 0.45945
0.58021 0.50270 0.56178
0.49261 0.49656 0.65359
0.58464 0.58386 0.55002
0.48496 0.58936 0.50782
0.54261 0.42039 0.61752
0.50471 0.53797 0.47400
