20 17 1000 11530 3419
0.98821 0.45425 0.47121
0.77750 0.99713 0.20813
0.58210 0.34741 0.64285
0.79188 0.84330 0.13243
0.35319 0.15383 0.81989
0.71047 0.78673 0.76233
0.78796 0.15266 0.04504
0.69636 0.16087 0.85407
0.69508 0.42582 0.39351
0.66877 0.56209 0.13803
0.18923 0.82157 0.81764
0.88327 0.59946 0.32793
0.42654 0.13028 0.86064
0.48134 0.52717 0.71693
0.16079 0.92382 0.37365
0.73733 0.27754 0.79137
0.27774 0.31457 0.18351
0.57256 0.52273 0.45610
0.45705 0.47229 0.46836
0.56124 0.49652 0.52218
0.64479 0.48783 0.52562
0.55951 0.48548 0.58659
0.64153 0.46676 0.54088
0.48693 0.54698 0.59146
0.60771 0.41573 0.54200
0.53227 0.52425 0.56347
0.60279 0.35631 0.58009
0.59018 0.48093 0.51498
0.54497 0.45894 0.48238
0.60811 0.47441 0.55759
0.65960 0.58262 0.56258
0.60123 0.42221 0.52637
0.62458 0.50533 0.40948
0.64684 0.41532 0.55031
0.61301 0.40122 0.45577
0.51032 0.36793 0.58200
0.58209 0.48439 0.50536
0.62711 0.48529 0.44542
0.51391 0.47135 0.50992
0.71482 0.46298 0.39879
0.68884 0.51874 0.42150
0.67936 0.46623 0.44917
0.57357 0.57264 0.47586
0.64523 0.56208 0.35982
0.64378 0.56004 0.46552
0.62309 0.39375 0.58043
0.61839 0.59688 0.52086
0.49699 0.48011 0.55554
0.54790 0.50194 0.65129
0.53849 0.56788 0.51856
0.58632 0.46674 0.54528
0.62440 0.40171 0.43204
0.56733 0.54122 0.36100
0.55345 0.60588 0.41860
0.74649 0.48958 0.44470
0.57473 0.39692 0.34801
0.72290 0.51367 0.40226
0.58343 0.56464 0.50524
0.64831 0.47594 0.47669
0.55926 0.50761 0.59687
0.57749 0.37663 0.57114
0.49725 0.61340 0.56492
0.60425 0.50494 0.40298
0.68905 0.49980 0.51050
0.56256 0.44263 0.46021
0.51367 0.49002 0.58409
0.68195 0.51951 0.43429
0.63077 0.45815 0.56862
0.59924 0.49841 0.57871
0.57110 0.44463 0.58436
0.63000 0.45401 0.61264
0.50738 0.56664 0.46822
0.50466 0.46967 0.53131
0.61992 0.59874 0.49467
0.70230 0.41213 0.60054
0.65323 0.55009 0.50180
0.55346 0.47599 0.57544
0.52602 0.43438 0.58920
0.59839 0.47119 0.45566
0.65331 0.46372 0.59775
0.72254 0.49073 0.54436
0.57718 0.47624 0.56697
0.59771 0.51332 0.45778
0.60027 0.48347 0.56998
0.63504 0.42239 0.46559
0.65005 0.55005 0.36792
0.61752 0.52904 0.49658
0.53667 0.48811 0.56470
0.57150 0.49179 0.54947
0.58309 0.35438 0.59727
0.58626 0.56102 0.51261
0.58917 0.48728 0.54618
0.53309 0.56539 0.57255
0.65999 0.68526 0.39693
0.58519 0.57355 0.45075
0.60217 0.44648 0.54505
0.59205 0.49559 0.44563
0.64643 0.54297 0.46365
0.60842 0.55104 0.54786
0.60976 0.45059 0.45958
0.62480 0.57375 0.48329
0.62307 0.58040 0.39227
0.62436 0.44154 0.56165
0.57010 0.58504 0.40890
0.71671 0.44920 0.55487
0.49631 0.46808 0.43053
0.64600 0.43257 0.57805
0.69020 0.40806 0.45479
0.55430 0.64066 0.56748
0.65159 0.51721 0.44243
0.63081 0.43697 0.58105
0.52176 0.49283 0.50798
0.56367 0.53277 0.38211
0.51944 0.62252 0.47240
0.62595 0.52923 0.56777
0.65908 0.53224 0.44784
0.68403 0.51329 0.45636
0.58694 0.48866 0.51089
0.66405 0.50418 0.63975
0.62179 0.55233 0.59101
0.54742 0.53538 0.46698
0.60862 0.54682 0.42961
0.63728 0.45843 0.37884
0.59313 0.63878 0.47491
0.65835 0.47641 0.50074
0.55015 0.51318 0.56249
0.62036 0.44796 0.47823
0.68874 0.48057 0.38241
0.58893 0.45598 0.56717
0.68863 0.56839 0.33496
0.66878 0.47142 0.50366
0.57547 0.47568 0.38461
0.57444 0.54771 0.48109
0.55353 0.38524 0.60024
0.59271 0.43781 0.45752
0.65125 0.56374 0.47241
0.50221 0.46222 0.46717
0.64015 0.44305 0.53973
0.58544 0.33140 0.51123
0.68488 0.46982 0.29621
0.58073 0.55449 0.65701
0.48548 0.58129 0.56687
0.70619 0.40539 0.43847
0.64672 0.59068 0.56653
0.62978 0.38817 0.54026
0.69829 0.49602 0.42152
0.58189 0.65414 0.44404
0.63205 0.61506 0.48553
0.53919 0.48993 0.53320
0.43823 0.50283 0.53924
0.56820 0.42981 0.55853
0.59018 0.45509 0.45463
0.65072 0.54032 0.53148
0.58385 0.55914 0.46803
0.61879 0.51853 0.51365
0.67497 0.55397 0.51313
0.60454 0.51820 0.54496
0.66734 0.50105 0.55488
0.57886 0.54473 0.48492
0.62852 0.48020 0.40946
0.59692 0.55400 0.45485
0.60756 0.39287 0.57936
0.55204 0.57719 0.47335
0.61970 0.49717 0.54327
0.66169 0.46566 0.48783
0.68506 0.53648 0.37401
0.64143 0.52940 0.42169
0.55285 0.52498 0.49616
0.55015 0.48184 0.55374
0.58278 0.50870 0.60549
0.61320 0.38510 0.37663
0.56918 0.49855 0.53574
0.50479 0.48092 0.54341
0.66493 0.54616 0.43676
0.65274 0.45325 0.55502
0.57834 0.43018 0.64867
0.64565 0.52677 0.56226
0.59329 0.51760 0.60795
0.62268 0.43720 0.44449
0.61954 0.43208 0.59461
0.54563 0.47256 0.55684
0.52115 0.53541 0.56186
0.53901 0.39769 0.52208
0.64056 0.49170 0.43680
0.48016 0.59187 0.59709
0.62232 0.55441 0.38165
0.62903 0.39509 0.57293
0.56618 0.57575 0.43908
0.59879 0.43317 0.41043
0.60658 0.53936 0.51784
0.59312 0.54762 0.42908
0.57666 0.41822 0.55368
0.53374 0.53726 0.48860
0.67520 0.43311 0.59549
0.61050 0.42429 0.51761
0.64655 0.59413 0.42375
0.54952 0.55686 0.56772
0.60947 0.61490 0.46020
0.54917 0.58305 0.45652
0.68832 0.49002 0.48589
0.54106 0.41069 0.48001
0.52971 0.60853 0.47977
0.68671 0.51328 0.53326
0.58710 0.52387 0.44379
0.66356 0.52931 0.44933
0.60514 0.47306 0.54050
0.65065 0.53067 0.48907
0.62757 0.45934 0.54983
0.66912 0.59324 0.38127
0.57068 0.46066 0.52636
0.55597 0.42593 0.56147
0.62305 0.40122 0.47777
0.57566 0.42968 0.45090
0.65483 0.55760 0.41606
0.55446 0.44593 0.56242
0.61218 0.61574 0.47577
0.50311 0.59919 0.48637
0.70525 0.61137 0.36700
0.56787 0.54314 0.54231
0.65213 0.49047 0.48640
0.54976 0.47492 0.51485
0.62778 0.59991 0.36460
0.67266 0.52974 0.37902
0.59704 0.43365 0.54904
0.69783 0.55412 0.38328
0.59754 0.47868 0.55150
0.62416 0.54965 0.53712
0.54866 0.50298 0.55871
0.65252 0.47245 0.54506
0.59455 0.46709 0.51720
0.53049 0.50211 0.52550
0.54283 0.41855 0.59976
0.58894 0.47930 0.34458
0.60401 0.46659 0.46947
0.67945 0.45155 0.49899
0.51800 0.50846 0.56164
0.49013 0.53186 0.54677
0.67020 0.46811 0.49352
0.62404 0.50153 0.46697
0.63631 0.52722 0.42794
0.67321 0.51811 0.30820
0.52267 0.44935 0.61780
0.62190 0.58952 0.42155
0.51471 0.46963 0.62262
0.64627 0.56148 0.53493
0.61904 0.42432 0.46931
0.56059 0.56657 0.56738
0.66879 0.53560 0.46981
0.57296 0.52559 0.57743
0.66133 0.52394 0.54568
0.67334 0.71638 0.25432
0.56413 0.67214 0.43079
0.51205 0.62797 0.65096
0.57087 0.42748 0.56614
0.74085 0.48647 0.43990
0.58810 0.40314 0.44042
0.66670 0.50797 0.45543
0.55669 0.52518 0.37589
0.59940 0.49143 0.46728
0.70417 0.56951 0.51946
0.65397 0.46899 0.49426
0.54827 0.41004 0.53450
0.65751 0.55241 0.47917
0.64477 0.45384 0.43274
0.72810 0.57842 0.35870
0.59973 0.46061 0.55464
0.52819 0.45024 0.52454
0.48335 0.58793 0.49687
0.62432 0.46922 0.43129
0.62650 0.43177 0.54889
0.69495 0.52050 0.50912
0.61304 0.63567 0.43786
0.57748 0.55272 0.40547
0.50197 0.45107 0.51207
0.53659 0.41004 0.60643
0.69705 0.45302 0.45489
0.54984 0.48505 0.51513
0.64191 0.46082 0.51440
0.60935 0.51455 0.55482
0.66972 0.39511 0.43872
0.49773 0.61474 0.51381
0.58502 0.48787 0.54053
0.56291 0.41512 0.39211
0.51144 0.51552 0.51528
0.58359 0.42074 0.56125
0.56561 0.63384 0.43999
0.48625 0.47702 0.46543
0.65420 0.45539 0.49989
0.58707 0.45738 0.54618
0.58392 0.47978 0.51166
0.62761 0.48731 0.55923
0.58597 0.47015 0.40571
0.57409 0.51551 0.62653
0.66470 0.39580 0.51564
0.57445 0.42122 0.46394
0.63252 0.47136 0.55021
0.60684 0.48634 0.52130
0.60720 0.48379 0.41038
0.55297 0.43795 0.54924
0.55631 0.55820 0.49623
0.59369 0.41592 0.55786
0.62901 0.44129 0.57636
0.56642 0.44992 0.53846
0.56157 0.46004 0.58316
0.55861 0.49877 0.53104
0.57942 0.65184 0.52554
0.60944 0.35892 0.58774
0.64224 0.44655 0.53199
0.57022 0.44314 0.56446
0.51583 0.45187 0.45825
0.60314 0.41630 0.45687
0.57608 0.52858 0.57414
0.67802 0.37582 0.41481
0.52499 0.52265 0.51403
0.54976 0.51783 0.40648
0.54749 0.45365 0.56815
0.54514 0.36226 0.57298
0.58432 0.42512 0.52759
0.60024 0.46372 0.56249
0.64069 0.44487 0.52958
0.54235 0.58255 0.53057
0.57569 0.51215 0.49089
0.55402 0.58629 0.61778
0.61669 0.44937 0.53323
0.52718 0.39948 0.52798
0.64156 0.53073 0.47007
0.61135 0.50162 0.45419
0.61803 0.38965 0.52831
0.60940 0.56199 0.43619
0.46957 0.46701 0.52929
0.63727 0.45279 0.37783
0.46048 0.55660 0.57005
0.60990 0.42034 0.51379
0.57587 0.54670 0.51599
0.48616 0.49758 0.50461
0.64482 0.44964 0.39263
0.58625 0.57560 0.38075
0.62132 0.60191 0.46539
0.55361 0.51947 0.59500
0.60463 0.54617 0.57375
0.56953 0.50818 0.56444
0.62047 0.43590 0.51418
0.57514 0.45855 0.58120
0.63379 0.59422 0.33167
0.48636 0.56346 0.59494
0.68286 0.54373 0.38929
0.65123 0.51242 0.55758
0.60558 0.48262 0.60963
0.61898 0.57184 0.49823
0.54386 0.63114 0.53562
0.62004 0.66670 0.46675
0.60121 0.58703 0.49568
0.59430 0.44296 0.52869
0.52951 0.47692 0.53039
0.55924 0.57317 0.50651
0.62107 0.43130 0.51776
0.63301 0.56040 0.52274
0.53113 0.57653 0.48141
0.62389 0.61936 0.46862
0.60658 0.39281 0.53990
0.51075 0.57993 0.55643
0.72608 0.43636 0.42768
0.65973 0.44033 0.45884
0.65467 0.55647 0.35819
0.65680 0.52089 0.40395
0.51172 0.51615 0.51019
0.63937 0.42905 0.55004
0.55163 0.45523 0.54216
0.62816 0.40617 0.46856
0.50196 0.52849 0.46253
0.55911 0.53618 0.44163
0.63387 0.52691 0.51611
0.47025 0.45450 0.57872
0.58706 0.56346 0.58933
0.59044 0.46067 0.50915
0.67103 0.50425 0.48034
0.58038 0.56510 0.53774
0.61418 0.41518 0.58566
0.62708 0.45398 0.43462
0.64968 0.39397 0.42196
0.65023 0.51710 0.40028
0.46242 0.37058 0.65591
0.68626 0.61235 0.47237
0.61258 0.53792 0.46772
0.60133 0.56345 0.50824
0.55874 0.44580 0.55845
0.64126 0.45686 0.59294
0.57041 0.36316 0.61606
0.57969 0.48991 0.52722
0.61749 0.47926 0.53093
0.54167 0.45639 0.45158
0.44437 0.45676 0.59715
0.59489 0.54924 0.48205
0.74018 0.48961 0.54080
0.58529 0.59421 0.44678
0.60370 0.42014 0.54523
0.44667 0.50502 0.56836
0.68531 0.45974 0.40227
0.61685 0.49818 0.54800
0.60165 0.52532 0.39152
0.68830 0.53432 0.45860
0.54160 0.42738 0.38746
0.53963 0.59371 0.45142
0.64387 0.44863 0.53440
0.57003 0.54177 0.46789
0.62919 0.41939 0.60168
0.55139 0.49004 0.54526
0.69368 0.53988 0.44375
0.61452 0.48519 0.55714
0.62119 0.43978 0.42682
0.63357 0.45556 0.49297
0.66290 0.49065 0.45899
0.53534 0.40977 0.49351
0.60082 0.46831 0.43641
0.66090 0.52886 0.48272
0.59805 0.36192 0.65952
0.54261 0.45736 0.38360
0.59894 0.43664 0.49853
0.63354 0.57527 0.50756
0.54336 0.54968 0.41492
0.50382 0.45886 0.53042
0.64444 0.48322 0.52869
0.56031 0.43025 0.42845
0.63760 0.61490 0.43385
0.63501 0.39981 0.37363
0.55422 0.53766 0.54290
0.56830 0.45777 0.55330
0.49543 0.46026 0.63059
0.76288 0.48902 0.35146
0.55721 0.54068 0.50543
0.68046 0.55010 0.43826
0.62367 0.42991 0.50749
0.58891 0.55095 0.44982
0.62746 0.49912 0.53454
0.64275 0.40189 0.51059
0.63249 0.47303 0.54189
0.56661 0.64864 0.54445
0.67452 0.45845 0.51780
0.68031 0.45691 0.31505
0.61811 0.47877 0.51606
0.60260 0.60474 0.52380
0.62702 0.44366 0.55452
0.60554 0.47162 0.43991
0.48426 0.57714 0.57415
0.57888 0.51846 0.47495
0.60721 0.57254 0.47017
0.63176 0.50931 0.56540
0.61587 0.53983 0.55474
0.60047 0.66025 0.47008
0.53649 0.47370 0.58259
0.62002 0.42090 0.52742
0.61914 0.51832 0.51708
0.66839 0.55016 0.45732
0.65855 0.48865 0.54180
0.58862 0.54007 0.47439
0.54998 0.49096 0.49577
0.66905 0.46458 0.54602
0.56898 0.48941 0.57580
0.59031 0.59887 0.53367
0.59567 0.44699 0.59674
0.53677 0.53925 0.56351
0.58150 0.53567 0.50809
0.49705 0.42652 0.52676
0.73192 0.60497 0.38867
0.51818 0.45048 0.47677
0.67255 0.41029 0.56909
0.67559 0.51653 0.41610
0.51064 0.56689 0.55843
0.67471 0.48480 0.46808
0.57009 0.46056 0.50250
0.50607 0.51904 0.50246
0.60555 0.42762 0.55076
0.59538 0.48780 0.50778
0.58742 0.60437 0.52066
0.62295 0.53691 0.44927
0.59235 0.56706 0.55193
0.55642 0.54581 0.47963
0.54733 0.48374 0.54272
0.48562 0.56429 0.57791
0.49627 0.46268 0.56231
0.60078 0.45438 0.44748
0.58236 0.53775 0.47177
0.66690 0.51847 0.44526
0.51113 0.44356 0.57382
0.60477 0.53598 0.48656
0.65343 0.51625 0.39485
0.55461 0.47663 0.53757
0.61725 0.41578 0.53809
0.60367 0.52395 0.57560
0.55797 0.63120 0.45924
0.66780 0.52287 0.49683
0.65276 0.52973 0.48467
0.65038 0.50976 0.52119
0.55893 0.44087 0.43482
0.58979 0.53987 0.43413
0.61055 0.43510 0.69284
0.60047 0.39007 0.56896
0.48485 0.50330 0.49366
0.59370 0.58266 0.57017
0.52696 0.55438 0.57871
0.64110 0.64512 0.53802
0.63439 0.40592 0.60081
0.48610 0.47687 0.58193
0.57991 0.47331 0.60827
0.61672 0.53445 0.45258
0.62996 0.41347 0.44070
0.63101 0.42243 0.37626
0.58665 0.45191 0.62656
0.56944 0.42552 0.53851
0.60229 0.48374 0.37591
0.63391 0.45572 0.42964
0.48709 0.42293 0.57549
0.64876 0.45908 0.50933
0.55608 0.50012 0.46623
0.64249 0.64529 0.40088
0.64139 0.60703 0.45441
0.61268 0.53281 0.55215
0.71230 0.47694 0.39985
0.61000 0.46734 0.48636
0.60066 0.51351 0.55729
0.64450 0.49635 0.49292
0.60039 0.42845 0.51362
0.54229 0.59101 0.47912
0.54319 0.67259 0.48043
0.64005 0.50266 0.49696
0.58988 0.53491 0.46056
0.60867 0.41046 0.61001
0.64363 0.60175 0.44979
0.53872 0.51731 0.58486
0.66320 0.46716 0.57913
0.47330 0.58168 0.47878
0.59564 0.44939 0.46428
0.61601 0.46695 0.52575
0.57180 0.49639 0.52098
0.60053 0.52737 0.41372
0.64205 0.51280 0.43951
0.61196 0.48925 0.55147
0.58045 0.54825 0.53391
0.61214 0.41182 0.53776
0.61039 0.45716 0.53134
0.59164 0.59179 0.54037
0.67050 0.44415 0.55972
0.62364 0.45383 0.61434
0.63696 0.57509 0.41549
0.70045 0.46109 0.55659
0.63592 0.58406 0.48679
0.64247 0.47851 0.57581
0.61862 0.42867 0.46653
0.71986 0.47073 0.44713
0.70738 0.49750 0.40584
0.50106 0.52060 0.58463
0.54133 0.46050 0.43063
0.64527 0.37284 0.59133
0.45515 0.51274 0.63898
0.64506 0.52527 0.51260
0.61929 0.58009 0.52262
0.51134 0.52560 0.43216
0.56209 0.48666 0.58243
0.68531 0.50534 0.61151
0.58787 0.53372 0.48894
0.56451 0.41485 0.58322
0.63361 0.48320 0.42609
0.53506 0.56468 0.59731
0.64004 0.58062 0.58113
0.63243 0.53965 0.38112
0.59270 0.50327 0.45816
0.52203 0.54085 0.50300
0.60623 0.50452 0.51083
0.62415 0.57904 0.40508
0.60952 0.57179 0.51657
0.60611 0.42157 0.43804
0.55744 0.51567 0.55370
0.56658 0.53998 0.54500
0.68063 0.56089 0.45071
0.56847 0.53738 0.53430
0.54100 0.47355 0.56127
0.57514 0.40442 0.61089
0.52548 0.57940 0.45349
0.68867 0.53777 0.43969
0.55036 0.47704 0.53499
0.64027 0.55021 0.49233
0.67411 0.38162 0.54985
0.66779 0.43634 0.47620
0.53701 0.51061 0.55912
0.63341 0.45579 0.64170
0.61060 0.39289 0.50371
0.65512 0.51997 0.41769
0.50267 0.52308 0.50819
0.52198 0.46819 0.56267
0.52791 0.56054 0.49963
0.62685 0.45863 0.51876
0.58536 0.45913 0.42672
0.45225 0.50390 0.58648
0.67888 0.45109 0.44813
0.67658 0.47861 0.57126
0.67859 0.45980 0.47693
0.65550 0.37246 0.40371
0.71792 0.46343 0.41418
0.64319 0.45319 0.53163
0.68157 0.45652 0.54783
0.70225 0.49172 0.46128
0.54462 0.42553 0.52871
0.61596 0.54946 0.37931
0.65669 0.59620 0.48552
0.56698 0.49385 0.38853
0.62056 0.47276 0.48444
0.56270 0.51342 0.36898
0.56247 0.46954 0.58012
0.54794 0.55604 0.54015
0.57954 0.49066 0.48679
0.64096 0.54046 0.38915
0.72210 0.63963 0.42133
0.66619 0.55693 0.39655
0.55579 0.41615 0.50168
0.63778 0.49352 0.40243
0.56066 0.52831 0.46248
0.62659 0.44563 0.55856
0.63175 0.63213 0.47869
0.55645 0.43874 0.52708
0.54595 0.48396 0.42122
0.60937 0.44683 0.56740
0.61373 0.45091 0.56051
0.70604 0.60856 0.37476
0.48693 0.68505 0.43595
0.61532 0.48749 0.57388
0.70736 0.51447 0.52445
0.66240 0.60459 0.52182
0.47762 0.51944 0.49129
0.62212 0.47997 0.43490
0.53973 0.50472 0.45959
0.52275 0.48669 0.58865
0.45740 0.68753 0.52952
0.60686 0.48082 0.55261
0.57265 0.42833 0.55643
0.64124 0.43396 0.57941
0.49883 0.52794 0.56678
0.53495 0.58353 0.51358
0.51425 0.47387 0.41386
0.52480 0.42097 0.41369
0.56973 0.53725 0.46571
0.61379 0.42240 0.55408
0.68312 0.41857 0.40151
0.63095 0.53782 0.54389
0.68889 0.50341 0.45946
0.62111 0.38657 0.61391
0.58064 0.58794 0.38930
0.54973 0.55325 0.43026
0.55869 0.61343 0.49786
0.63532 0.55338 0.46429
0.64595 0.48419 0.54396
0.56154 0.50094 0.44870
0.54313 0.50885 0.49467
0.62974 0.40057 0.52802
0.51904 0.61809 0.43790
0.61178 0.51090 0.51540
0.66556 0.46639 0.51198
0.63873 0.44617 0.53664
0.53821 0.47373 0.46154
0.54391 0.51331 0.46709
0.65781 0.54177 0.57962
0.61826 0.53596 0.42775
0.60916 0.55278 0.50227
0.44355 0.49557 0.58819
0.59102 0.54975 0.36906
0.48109 0.60814 0.48025
0.63254 0.53991 0.55520
0.55946 0.39288 0.52737
0.59356 0.48939 0.40718
0.53667 0.40719 0.50851
0.55832 0.40724 0.55910
0.61574 0.56607 0.53727
0.63801 0.58631 0.59969
0.51575 0.51605 0.59854
0.69650 0.51545 0.40322
0.64586 0.55265 0.47788
0.57914 0.51198 0.41018
0.55319 0.46438 0.57139
0.50233 0.57823 0.45502
0.58219 0.46733 0.45783
0.66998 0.58916 0.46815
0.54216 0.51144 0.59282
0.49089 0.57262 0.51924
0.60397 0.43620 0.62462
0.55903 0.48436 0.41150
0.63757 0.54892 0.50792
0.59041 0.58029 0.49541
0.59508 0.50942 0.52082
0.56944 0.41639 0.56557
0.62598 0.44744 0.57682
0.67376 0.50408 0.42461
0.70236 0.40734 0.51888
0.56681 0.46647 0.50756
0.51872 0.58551 0.53911
0.58077 0.52203 0.62660
0.58866 0.45275 0.51273
0.58157 0.52052 0.44238
0.57549 0.46183 0.49935
0.67770 0.38533 0.53468
0.50711 0.63892 0.57997
0.57089 0.30509 0.59301
0.60915 0.64274 0.47276
0.55452 0.50438 0.30486
0.50200 0.50019 0.62323
0.63960 0.47756 0.61389
0.60388 0.51073 0.43414
0.62088 0.66509 0.40718
0.63799 0.59259 0.44481
0.56525 0.44933 0.51577
0.63697 0.57196 0.44466
0.67442 0.54316 0.56552
0.52883 0.62635 0.46708
0.63854 0.52777 0.41167
0.65801 0.48443 0.45683
0.61349 0.50038 0.56481
0.56481 0.41764 0.61680
0.60340 0.47731 0.42503
0.59998 0.52768 0.50484
0.56330 0.63988 0.54274
0.62443 0.46810 0.51146
0.60090 0.45957 0.52265
0.65140 0.42677 0.55830
0.51453 0.51237 0.45096
0.63697 0.44875 0.60430
0.55187 0.55171 0.48718
0.53444 0.60345 0.60068
0.63327 0.49618 0.55670
0.56331 0.38288 0.60089
0.64632 0.49636 0.43333
0.64635 0.53011 0.48929
0.60623 0.62939 0.43639
0.54009 0.50883 0.57418
0.58582 0.41362 0.58400
0.47943 0.67803 0.56094
0.64734 0.38364 0.53076
0.62086 0.50682 0.48358
0.63214 0.45566 0.41631
0.58417 0.38400 0.54364
0.42685 0.63574 0.60183
0.60467 0.50430 0.50030
0.56930 0.51681 0.51807
0.68941 0.45145 0.50988
0.58987 0.64527 0.52044
0.56775 0.52479 0.48003
0.51024 0.48340 0.63320
0.59034 0.50033 0.60570
0.59129 0.42221 0.46202
0.65295 0.42267 0.63941
0.61089 0.50372 0.51395
0.55496 0.47692 0.45461
0.57571 0.42908 0.47991
0.70830 0.52239 0.54159
0.53626 0.47714 0.53262
0.64210 0.62535 0.43726
0.51679 0.57453 0.55336
0.61964 0.68140 0.43350
0.60401 0.47940 0.52858
0.62807 0.58593 0.42167
0.65996 0.55501 0.49565
0.66417 0.48552 0.57233
0.62167 0.40121 0.60957
0.63823 0.48191 0.51198
0.61504 0.47600 0.49866
0.65208 0.62670 0.40212
0.54604 0.56180 0.54536
0.67906 0.52103 0.61347
0.59681 0.50511 0.53496
0.62953 0.43724 0.62776
0.66857 0.47279 0.45185
0.62864 0.56154 0.49707
0.47961 0.53721 0.55736
0.60648 0.54877 0.54841
0.63435 0.55340 0.44448
0.62495 0.48948 0.50342
0.51519 0.57679 0.49065
0.63175 0.56757 0.46357
0.55800 0.50344 0.54019
0.59396 0.54885 0.38755
0.62691 0.44602 0.34119
0.61467 0.50955 0.57588
0.54568 0.55756 0.56445
0.64625 0.44191 0.42085
0.60877 0.56386 0.46649
0.66054 0.47401 0.56214
0.57006 0.40997 0.61877
0.55449 0.41087 0.55109
0.59824 0.47187 0.51288
0.60020 0.67690 0.39885
0.64945 0.38403 0.42679
0.53794 0.41448 0.68486
0.55964 0.50532 0.51040
0.58290 0.47107 0.40894
0.53017 0.51320 0.52035
0.55983 0.44713 0.47875
0.48144 0.46914 0.56522
0.64974 0.51824 0.52477
0.55618 0.55513 0.55657
0.65006 0.55604 0.52028
0.71272 0.58386 0.40462
0.55177 0.55435 0.43818
0.53776 0.54377 0.54016
0.65796 0.48259 0.46796
0.64412 0.48916 0.53353
0.65569 0.54332 0.43231
0.65254 0.49930 0.35718
0.68109 0.48179 0.42759
0.58061 0.56992 0.50852
0.62889 0.44305 0.48091
0.55300 0.52070 0.57454
0.73094 0.51061 0.38798
0.59529 0.44226 0.46042
0.63582 0.42974 0.37201
0.54337 0.54808 0.48888
0.62220 0.46204 0.56917
0.53342 0.53609 0.62587
0.69558 0.46329 0.44315
0.59034 0.35393 0.41438
0.61623 0.53920 0.48819
0.45198 0.48539 0.44543
0.67665 0.59826 0.36954
0.69368 0.52351 0.44762
0.54540 0.53287 0.54650
0.55432 0.52731 0.49992
0.60052 0.48258 0.45255
0.54988 0.45601 0.48386
0.60289 0.53902 0.55042
0.52495 0.62521 0.45813
0.55993 0.47565 0.60641
0.70570 0.51485 0.51370
0.66120 0.47449 0.52691
0.60483 0.45093 0.42748
0.48883 0.52268 0.58614
0.57079 0.45544 0.40589
0.59841 0.58069 0.52029
0.58316 0.46664 0.54670
0.63595 0.65923 0.36234
0.64305 0.63074 0.38355
0.67435 0.41499 0.44790
0.61432 0.51202 0.50508
0.62136 0.57772 0.51608
0.71048 0.50644 0.37831
0.59866 0.53007 0.62430
0.59746 0.49397 0.48423
0.68028 0.52465 0.38917
0.56970 0.44324 0.61040
0.56826 0.53976 0.48635
0.51683 0.62484 0.43772
0.61132 0.37393 0.61795
0.57172 0.51651 0.51046
0.61908 0.47911 0.57775
0.64787 0.50945 0.51102
0.63816 0.65514 0.35947
0.66402 0.48347 0.49050
0.52882 0.46306 0.55968
0.69466 0.46090 0.44358
0.56203 0.54469 0.59848
0.61507 0.43748 0.62596
0.55908 0.46132 0.53766
0.62207 0.66274 0.34121
0.59241 0.60410 0.35459
0.58422 0.55444 0.46152
0.44569 0.64837 0.48497
0.63009 0.46479 0.51245
0.64837 0.49886 0.54119
0.54767 0.63790 0.52508
0.59364 0.49027 0.39729
0.53596 0.42917 0.55414
0.60752 0.46215 0.57409
0.52146 0.40443 0.51555
0.69516 0.56492 0.42076
0.62020 0.52589 0.47349
0.59107 0.47634 0.51050
0.63571 0.33142 0.56320
0.49397 0.63373 0.60456
0.68786 0.43872 0.43488
0.61464 0.45140 0.48321
0.52557 0.56975 0.39455
0.54395 0.62324 0.45890
0.62076 0.55407 0.41645
0.64580 0.42765 0.52919
0.54475 0.50881 0.44194
0.61303 0.53700 0.45027
0.65161 0.43749 0.51234
0.65299 0.45917 0.66475
0.64881 0.45610 0.43847
0.62457 0.46197 0.56068
0.63211 0.48205 0.46495
0.53831 0.48849 0.44441
0.66782 0.51219 0.43933
0.60438 0.46647 0.53473
0.57722 0.43812 0.54025
0.61592 0.38352 0.57516
0.67439 0.49772 0.50647
0.57618 0.53007 0.49709
0.53352 0.59931 0.41620
0.59597 0.48706 0.54899
0.66834 0.48566 0.40797
0.58954 0.47072 0.51482
0.70312 0.48054 0.54227
0.67018 0.54464 0.51023
0.55474 0.46012 0.49775
0.56177 0.49413 0.47905
0.63922 0.43297 0.48135
0.55375 0.43620 0.60688
0.65306 0.56097 0.40923
0.58984 0.42833 0.56050
0.63741 0.57818 0.56739
0.54984 0.55989 0.47316
0.63788 0.61346 0.48933
0.52963 0.46596 0.52597
0.59676 0.55686 0.43138
0.67898 0.50753 0.48803
0.62562 0.48084 0.47468
0.55688 0.44073 0.60739
0.54086 0.47030 0.60668
0.63360 0.55521 0.46443
0.62546 0.52550 0.45379
0.58443 0.51204 0.48062
0.53567 0.49117 0.36426
0.60969 0.52207 0.48008
0.63100 0.56158 0.54111
0.59125 0.53320 0.50710
0.55267 0.45940 0.57887
0.61797 0.47859 0.62255
0.62331 0.45117 0.51220
0.56733 0.40763 0.62462
0.65319 0.56408 0.50839
0.64992 0.50563 0.58421
0.60918 0.58660 0.42290
0.57522 0.65258 0.38142
0.63447 0.42944 0.56432
0.68366 0.43980 0.52686
0.53666 0.61008 0.44315
0.57855 0.51044 0.58782
0.54087 0.51036 0.44847
0.65213 0.45275 0.50706
0.61833 0.43863 0.38417
0.57150 0.42656 0.53870
0.59011 0.53765 0.45068
0.54305 0.53800 0.50639
0.64737 0.43304 0.58731
0.51278 0.46048 0.60118
0.60673 0.58880 0.58064
0.53632 0.55603 0.38379
0.59557 0.46055 0.45948
0.63456 0.52744 0.42868
0.63550 0.49362 0.58429
0.68957 0.53241 0.45813
0.61785 0.62456 0.50723
0.66486 0.42855 0.42690
0.59394 0.52347 0.52059
0.57143 0.47097 0.53997
0.71600 0.52598 0.43751
0.61958 0.52868 0.47419
0.65781 0.48575 0.54378
0.54927 0.46024 0.60619
0.65307 0.51018 0.53294
0.57407 0.52466 0.56573
0.59368 0.50430 0.50762
0.49586 0.46274 0.63601
0.62065 0.52075 0.51168
0.54795 0.43198 0.56231
0.57376 0.50529 0.41587
0.58630 0.53312 0.41698
0.44138 0.47857 0.64377
0.49524 0.56925 0.52239
0.64515 0.41693 0.40873
0.67902 0.49221 0.46942
0.55385 0.52877 0.53118
0.56330 0.62888 0.55660
0.53263 0.56612 0.44122
0.54793 0.66045 0.57229
0.61475 0.54328 0.46095
0.53188 0.50460 0.55856
0.49420 0.47372 0.44957
0.63437 0.44749 0.50091
0.50999 0.65944 0.47795
0.48632 0.42970 0.63291
0.50801 0.39747 0.61040
0.58296 0.40763 0.59048
0.53284 0.49230 0.55015
0.58796 0.53054 0.67242
0.64926 0.46654 0.52782
0.56457 0.39274 0.50487
0.61024 0.46462 0.43555
0.58315 0.57775 0.55007
0.50677 0.45904 0.48727
0.67255 0.45909 0.51938
0.68224 0.50162 0.50234
0.67650 0.50268 0.61252
0.65602 0.47608 0.34713
0.51547 0.49189 0.51533
0.65294 0.44187 0.51979
0.52107 0.43253 0.63567
0.69724 0.45594 0.56413
0.61212 0.53285 0.52297
0.51061 0.46586 0.37762
0.76589 0.53917 0.50307
0.65433 0.37563 0.45242
0.65933 0.67202 0.34281
0.64741 0.52169 0.41293
0.71233 0.52761 0.45308
0.62917 0.54874 0.51777
0.61804 0.45200 0.39317
0.53065 0.52541 0.48878
0.59456 0.49779 0.53296
0.63268 0.67035 0.38848
0.71815 0.40628 0.32070
0.52545 0.52869 0.49827
0.52650 0.43140 0.58786
0.64107 0.56246 0.43275
0.64579 0.50475 0.39244
0.62294 0.52965 0.54227
0.52294 0.50583 0.56316
0.59710 0.53456 0.51406
0.61498 0.33668 0.53357
0.46064 0.51215 0.56086
0.59909 0.47388 0.42667
