20 5 1000 17440 57
0.81374 0.40348 0.80708
0.37874 0.66454 0.64120
0.22670 0.55217 0.52850
0.52506 0.00792 0.04625
0.15487 0.64350 0.09431
0.32761 0.48996 0.50040
0.29254 0.54474 0.38485
0.35356 0.47734 0.33674
0.31039 0.56619 0.51263
0.30791 0.49761 0.19474
0.49107 0.52184 0.52189
0.46582 0.20778 0.18995
0.40261 0.53734 0.48149
0.50388 0.34367 0.34344
0.39371 0.47798 0.40312
0.31599 0.45376 0.24028
0.45554 0.31411 0.34586
0.38301 0.32654 0.24771
0.38459 0.49122 0.34646
0.45432 0.49629 0.49244
0.67948 0.44780 0.69573
0.46748 0.45502 0.50824
0.57804 0.32226 0.46079
0.37658 0.37838 0.24268
0.34625 0.46102 0.43762
0.58760 0.40331 0.55312
0.34689 0.48192 0.39754
0.42489 0.57560 0.53810
0.62110 0.47484 0.69987
0.30171 0.50770 0.40054
0.44285 0.23348 0.18175
0.33140 0.41239 0.36594
0.32270 0.52193 0.44956
0.53814 0.39943 0.54094
0.49235 0.48261 0.63509
0.51006 0.26160 0.31936
0.27762 0.57059 0.43556
0.30470 0.54165 0.45671
0.36923 0.56572 0.46307
0.41084 0.36588 0.36320
0.42935 0.58632 0.62082
0.51475 0.23873 0.28299
0.52257 0.33755 0.41377
0.28068 0.52431 0.34655
0.66516 0.46773 0.68337
0.44122 0.40916 0.45171
0.30298 0.48966 0.26034
0.60145 0.25315 0.41813
0.38495 0.55593 0.41613
0.35872 0.50046 0.42049
0.35813 0.48125 0.46615
0.36955 0.48296 0.43675
0.42038 0.29764 0.22538
0.29043 0.62843 0.37175
0.44919 0.33078 0.33116
0.38393 0.42863 0.42550
0.36819 0.38349 0.35669
0.36400 0.47947 0.28432
0.22635 0.56853 0.36427
0.33057 0.49005 0.41031
0.38536 0.36398 0.22210
0.36375 0.62720 0.58965
0.37244 0.42589 0.31283
0.46115 0.39608 0.40241
0.34333 0.55552 0.52926
0.39200 0.52226 0.49838
0.36818 0.52019 0.37421
0.33056 0.53364 0.44571
0.54531 0.41855 0.48302
0.45300 0.42738 0.49136
0.61344 0.40678 0.55029
0.36663 0.57412 0.52360
0.42421 0.42908 0.37789
0.30995 0.50505 0.44915
0.41399 0.44122 0.47871
0.33190 0.52529 0.34932
0.38338 0.47056 0.35893
0.54028 0.34586 0.47927
0.42379 0.34170 0.26874
0.27269 0.57322 0.23395
0.41403 0.52354 0.52396
0.41177 0.43917 0.49555
0.40086 0.40289 0.34262
0.45029 0.49746 0.51463
0.38352 0.51908 0.40955
0.36663 0.49146 0.51345
0.27503 0.57666 0.30033
0.57554 0.37794 0.52588
0.47571 0.41323 0.44999
0.47540 0.21707 0.18497
0.28753 0.59664 0.40792
0.57487 0.39175 0.55024
0.43294 0.26369 0.21795
0.48325 0.51557 0.55198
0.28435 0.47853 0.41789
0.54025 0.45434 0.55206
0.42251 0.50920 0.52392
0.48718 0.55995 0.61077
0.36999 0.48171 0.45174
0.49678 0.42769 0.46597
0.37788 0.55558 0.47284
0.32687 0.53327 0.42405
0.31648 0.57147 0.33502
0.32809 0.60925 0.41626
0.59306 0.42551 0.52819
0.38383 0.48607 0.39705
0.42605 0.50991 0.57664
0.37660 0.43151 0.47157
0.21033 0.57932 0.13253
0.34241 0.44832 0.34171
0.45081 0.40366 0.41348
0.41032 0.33816 0.27798
0.36374 0.40698 0.22342
0.30124 0.57891 0.35380
0.36948 0.62463 0.56343
0.38511 0.50394 0.53311
0.36812 0.54226 0.49151
0.54395 0.39512 0.48945
0.48940 0.50649 0.48143
0.47367 0.47209 0.52843
0.61758 0.44299 0.64341
0.32715 0.41654 0.29331
0.37966 0.61793 0.55642
0.35399 0.46005 0.33903
0.47252 0.38611 0.45090
0.36286 0.57397 0.45574
0.42696 0.40843 0.33456
0.43503 0.52210 0.52064
0.54867 0.43976 0.56445
0.61294 0.48437 0.68342
0.38005 0.43269 0.38996
0.44260 0.51016 0.52730
0.42360 0.54810 0.44712
0.40631 0.24587 0.13737
0.41297 0.33385 0.31665
0.66653 0.26857 0.48902
0.38515 0.46340 0.51676
0.34479 0.50943 0.48466
0.56835 0.47831 0.61731
0.42651 0.37206 0.26505
0.36727 0.40280 0.41511
0.52858 0.26789 0.33912
0.44512 0.43074 0.47649
0.47465 0.39652 0.37211
0.21749 0.62586 0.29215
0.36740 0.44283 0.47173
0.36041 0.41790 0.30977
0.29775 0.50489 0.29751
0.30446 0.53732 0.47191
0.27387 0.54043 0.46891
0.42203 0.46739 0.48792
0.41920 0.46112 0.46031
0.33606 0.43446 0.38798
0.37838 0.42228 0.31495
0.41242 0.39479 0.26646
0.44191 0.47108 0.49814
0.39567 0.46438 0.53602
0.35876 0.61594 0.59634
0.47049 0.25615 0.24528
0.33667 0.49890 0.45814
0.42189 0.54229 0.53770
0.33350 0.54609 0.45125
0.40572 0.34938 0.26255
0.42987 0.53516 0.40533
0.31032 0.53175 0.43631
0.57985 0.33627 0.49953
0.58075 0.48036 0.63713
0.33043 0.50280 0.44954
0.35393 0.59710 0.54967
0.57965 0.35686 0.47071
0.39089 0.42559 0.39627
0.36679 0.46737 0.30753
0.43648 0.43307 0.45865
0.51017 0.35147 0.45107
0.29164 0.58683 0.35339
0.45141 0.38057 0.37864
0.30438 0.48690 0.48652
0.44137 0.50671 0.53825
0.39115 0.51701 0.59692
0.59244 0.46934 0.63578
0.53707 0.51169 0.62528
0.48263 0.46135 0.44848
0.30999 0.51331 0.50337
0.30773 0.51875 0.45426
0.28124 0.55199 0.30701
0.31654 0.47604 0.41360
0.39732 0.34425 0.28036
0.45553 0.39211 0.34474
0.42552 0.46052 0.38575
0.52680 0.20237 0.27536
0.38937 0.47102 0.46498
0.46591 0.48228 0.53096
0.44472 0.45371 0.50830
0.57636 0.48516 0.67180
0.47989 0.33495 0.34816
0.27977 0.60076 0.41948
0.58336 0.47067 0.62048
0.25579 0.60893 0.34559
0.34463 0.50115 0.34909
0.33438 0.41956 0.28818
0.40832 0.38870 0.29561
0.34358 0.58203 0.48843
0.42395 0.46332 0.35995
0.41614 0.37380 0.22532
0.30210 0.46189 0.36861
0.40010 0.52910 0.38172
0.46886 0.39779 0.44932
0.37343 0.53266 0.42169
0.31876 0.51127 0.41297
0.33320 0.47448 0.48034
0.43773 0.55509 0.48838
0.40931 0.35535 0.33910
0.38921 0.41475 0.34263
0.42863 0.40866 0.38370
0.46535 0.43730 0.39597
0.42304 0.38610 0.35799
0.39343 0.45713 0.37842
0.46098 0.42988 0.38652
0.55625 0.35362 0.43151
0.36748 0.54170 0.41618
0.47571 0.27248 0.28578
0.31073 0.55585 0.30659
0.44367 0.59311 0.63431
0.46885 0.36482 0.33294
0.31577 0.54231 0.33296
0.46493 0.49825 0.49139
0.54368 0.50382 0.56883
0.32812 0.38361 0.20102
0.54626 0.15299 0.22981
0.38719 0.46399 0.37855
0.50081 0.49820 0.60635
0.56982 0.45146 0.57430
0.37811 0.39246 0.37261
0.48645 0.50472 0.45635
0.55394 0.48424 0.58232
0.38117 0.55880 0.45171
0.30175 0.55642 0.25822
0.33907 0.52107 0.40135
0.40601 0.28420 0.18741
0.48008 0.27983 0.25477
0.55722 0.40384 0.54223
0.51379 0.49013 0.48176
0.34441 0.37468 0.14985
0.48186 0.23831 0.24073
0.43607 0.36597 0.34509
0.55967 0.40448 0.52096
0.55199 0.38448 0.46817
0.28137 0.50928 0.30885
0.33411 0.45857 0.29479
0.42658 0.26068 0.26517
0.38778 0.40539 0.34575
0.67900 0.33419 0.57564
0.35731 0.50644 0.44077
0.27511 0.52496 0.44420
0.43187 0.35309 0.40437
0.41204 0.28196 0.23725
0.20953 0.59104 0.23135
0.31010 0.58662 0.47555
0.41390 0.28408 0.19431
0.45484 0.40704 0.44669
0.46409 0.43941 0.47718
0.33659 0.55652 0.41833
0.46665 0.38263 0.42343
0.48557 0.43309 0.48005
0.36570 0.57070 0.44312
0.42648 0.30645 0.27414
0.49846 0.25699 0.27153
0.60158 0.45860 0.60119
0.66735 0.45545 0.72032
0.47320 0.55509 0.60221
0.55827 0.26256 0.37823
0.28095 0.50080 0.43331
0.34714 0.52232 0.30319
0.43510 0.40276 0.37718
0.25913 0.48979 0.16218
0.41757 0.53870 0.55340
0.43173 0.36264 0.36333
0.40250 0.38933 0.28847
0.41138 0.47829 0.47057
0.32866 0.59651 0.50002
0.41528 0.49487 0.50555
0.35471 0.49596 0.47427
0.70534 0.39567 0.67563
0.27978 0.55733 0.54085
0.31177 0.54266 0.53103
0.29658 0.47219 0.44651
0.43417 0.43078 0.43695
0.48473 0.26158 0.25135
0.48192 0.44716 0.50270
0.46315 0.46109 0.51034
0.38389 0.53402 0.51494
0.39758 0.47626 0.34266
0.42103 0.42533 0.44905
0.37562 0.38821 0.31642
0.47657 0.38328 0.44981
0.43366 0.51255 0.52029
0.34256 0.52368 0.51573
0.50221 0.45050 0.47339
0.60346 0.45512 0.63948
0.25092 0.61638 0.33138
0.38552 0.54852 0.44096
0.39256 0.53818 0.58387
0.46407 0.34126 0.35664
0.30817 0.49804 0.41796
0.39935 0.46991 0.44860
0.39994 0.49351 0.49753
0.70306 0.32048 0.60017
0.29939 0.51237 0.22463
0.44669 0.46779 0.47211
0.39647 0.50422 0.50674
0.51305 0.22860 0.28401
0.36300 0.57592 0.49607
0.45947 0.42898 0.51435
0.45475 0.54379 0.61811
0.44490 0.55847 0.57703
0.56345 0.31400 0.44843
0.32422 0.52459 0.31874
0.42006 0.56370 0.51090
0.48846 0.54469 0.64629
0.37664 0.48030 0.46939
0.39725 0.47220 0.47401
0.36112 0.52545 0.30237
0.41004 0.42769 0.42408
0.37250 0.47855 0.46096
0.63505 0.38832 0.59540
0.30544 0.60356 0.58159
0.52364 0.42423 0.47118
0.55116 0.46913 0.55225
0.33332 0.48104 0.41197
0.45706 0.40121 0.39999
0.39729 0.32241 0.31520
0.41375 0.41045 0.41748
0.31714 0.58880 0.39690
0.34832 0.62138 0.55286
0.47296 0.52802 0.51517
0.47621 0.36003 0.43334
0.54089 0.50026 0.60008
0.38752 0.47943 0.35454
0.71710 0.43304 0.73553
0.46883 0.51659 0.54916
0.36702 0.39856 0.23555
0.46516 0.55084 0.59412
0.48124 0.35567 0.31635
0.26403 0.55725 0.31517
0.44832 0.50643 0.49067
0.42710 0.35098 0.32979
0.68555 0.36652 0.62266
0.54519 0.47450 0.60973
0.46578 0.27366 0.21085
0.33071 0.57044 0.47651
0.52024 0.32313 0.39728
0.37148 0.34598 0.27855
0.31234 0.49229 0.43427
0.63487 0.46199 0.64328
0.25621 0.52258 0.30201
0.45827 0.36865 0.30631
0.31882 0.54897 0.26311
0.50658 0.49395 0.63832
0.35194 0.50064 0.33364
0.32739 0.57279 0.40825
0.40136 0.47331 0.42257
0.36605 0.56473 0.47598
0.45420 0.43808 0.49916
0.43775 0.51283 0.58026
0.36207 0.56560 0.49914
0.34611 0.48533 0.42490
0.37348 0.51256 0.34896
0.51876 0.23421 0.29217
0.30280 0.58518 0.27916
0.46194 0.41231 0.47937
0.21376 0.55537 0.10277
0.33828 0.58039 0.51823
0.34926 0.54575 0.55462
0.42619 0.43063 0.45907
0.27141 0.59911 0.34094
0.35485 0.48423 0.47150
0.59175 0.40977 0.60494
0.53748 0.29545 0.34715
0.37406 0.49409 0.28808
0.37353 0.31170 0.14079
0.43166 0.56131 0.60128
0.31860 0.58849 0.45889
0.46852 0.25709 0.28429
0.34553 0.50636 0.33755
0.36475 0.44504 0.34677
0.52443 0.26158 0.34479
0.56720 0.46401 0.57429
0.37076 0.32337 0.22154
0.41791 0.24649 0.24618
0.26517 0.62581 0.32683
0.36734 0.45135 0.43319
0.48373 0.55148 0.62453
0.30384 0.54760 0.44041
0.46834 0.57560 0.62203
0.49875 0.28590 0.30155
0.32942 0.52665 0.33721
0.48819 0.47775 0.54347
0.43018 0.48873 0.43670
0.36763 0.52539 0.40934
0.44730 0.35321 0.36414
0.42313 0.37686 0.34941
0.40835 0.26870 0.26682
0.42069 0.43353 0.46335
0.26264 0.56757 0.43351
0.31093 0.61506 0.41995
0.55197 0.40974 0.54049
0.37448 0.46092 0.37122
0.70819 0.41475 0.69981
0.37134 0.48074 0.34037
0.36315 0.51679 0.42730
0.42160 0.36229 0.37213
0.30206 0.50453 0.37720
0.50534 0.23885 0.26614
0.55711 0.42678 0.58747
0.49183 0.29691 0.31310
0.34564 0.41523 0.37979
0.34454 0.46815 0.31315
0.53404 0.33888 0.39199
0.34648 0.37350 0.16460
0.28293 0.48368 0.16979
0.56583 0.40009 0.53016
0.38785 0.49393 0.49237
0.61572 0.46987 0.64487
0.52290 0.34371 0.45279
0.50740 0.31353 0.34912
0.27569 0.56884 0.30569
0.39971 0.48708 0.47911
0.26689 0.54978 0.45746
0.28482 0.53288 0.28632
0.57795 0.41755 0.53348
0.43885 0.31368 0.30074
0.29403 0.45619 0.35485
0.37425 0.54333 0.34932
0.27709 0.60121 0.33117
0.37383 0.45698 0.43558
0.31171 0.55789 0.35595
0.27894 0.56974 0.37143
0.45197 0.48783 0.44982
0.34348 0.55171 0.50829
0.22466 0.56133 0.39515
0.37231 0.40831 0.25184
0.44802 0.25821 0.21034
0.45528 0.42282 0.44601
0.33927 0.58792 0.35470
0.36209 0.59385 0.41108
0.28995 0.50861 0.37718
0.43268 0.55219 0.52537
0.50833 0.44485 0.56765
0.39545 0.41644 0.26416
0.39427 0.55408 0.49555
0.50339 0.55887 0.64238
0.27050 0.51986 0.41805
0.42257 0.46533 0.41878
0.48332 0.33996 0.36357
0.36392 0.37262 0.29809
0.40454 0.55860 0.51066
0.46251 0.46282 0.48242
0.30621 0.50577 0.36488
0.48274 0.18757 0.22616
0.52970 0.22169 0.30534
0.41929 0.40836 0.36327
0.40646 0.47285 0.50345
0.44817 0.53131 0.52652
0.41941 0.29527 0.29837
0.48605 0.49105 0.52469
0.37180 0.51711 0.49041
0.34553 0.51277 0.45932
0.41863 0.25623 0.21096
0.47020 0.45521 0.47792
0.31918 0.53276 0.49530
0.29313 0.52262 0.29689
0.45477 0.41225 0.43345
0.62781 0.46217 0.66684
0.46155 0.31300 0.29756
0.34558 0.40397 0.20772
0.76852 0.40944 0.76564
0.33944 0.56919 0.55406
0.23746 0.53130 0.29731
0.63332 0.44790 0.66072
0.56002 0.40074 0.52147
0.51095 0.52536 0.55383
0.39186 0.50106 0.42432
0.59056 0.41763 0.64199
0.25267 0.59636 0.28777
0.40637 0.43151 0.41675
0.37260 0.51330 0.42121
0.35116 0.53642 0.44199
0.53085 0.41416 0.50126
0.50198 0.26465 0.31261
0.45998 0.58495 0.60141
0.35734 0.50808 0.36180
0.45099 0.42539 0.40036
0.42581 0.39530 0.44681
0.39636 0.53217 0.50397
0.45247 0.48378 0.48037
0.39046 0.44263 0.48004
0.51589 0.41676 0.45770
0.65376 0.37701 0.59619
0.30969 0.57482 0.54942
0.38563 0.57238 0.57555
0.46165 0.23274 0.24032
0.64085 0.43818 0.63492
0.52133 0.52260 0.62487
0.38133 0.31829 0.27146
0.41851 0.28785 0.27302
0.47211 0.55289 0.56405
0.44478 0.34884 0.37607
0.47703 0.39133 0.42262
0.32521 0.54522 0.46799
0.43357 0.44452 0.39207
0.37560 0.39362 0.27697
0.54563 0.36529 0.43318
0.45002 0.55380 0.53667
0.54377 0.37118 0.46759
0.28584 0.56351 0.49696
0.51861 0.48322 0.60356
0.58542 0.45205 0.62718
0.56676 0.44585 0.64682
0.59671 0.40799 0.59408
0.56571 0.48706 0.56644
0.31139 0.46932 0.21128
0.46051 0.45503 0.45793
0.37069 0.44114 0.23447
0.38677 0.56814 0.55364
0.47664 0.44513 0.40725
0.32967 0.56108 0.44971
0.55651 0.36869 0.49732
0.53326 0.26462 0.32026
0.55478 0.31753 0.42783
0.40531 0.55000 0.51410
0.44904 0.50921 0.59892
0.51559 0.52341 0.63478
0.34085 0.53548 0.39158
0.56201 0.42294 0.59407
0.72562 0.42605 0.72547
0.30340 0.45317 0.42536
0.49869 0.44054 0.45109
0.51138 0.51241 0.65698
0.34402 0.49157 0.42384
0.54560 0.50973 0.63297
0.40089 0.55444 0.47440
0.35375 0.52148 0.48295
0.38159 0.44957 0.42902
0.64607 0.26575 0.47186
0.44497 0.58038 0.63234
0.33751 0.55492 0.40493
0.66953 0.43747 0.66870
0.57519 0.28742 0.43320
0.23016 0.57384 0.40648
0.34508 0.51270 0.31178
0.42807 0.57046 0.53893
0.44215 0.40699 0.39145
0.59119 0.45164 0.62775
0.48244 0.51440 0.47837
0.59266 0.43384 0.58209
0.40831 0.51652 0.48764
0.46771 0.43353 0.45361
0.24756 0.54338 0.49777
0.43816 0.27474 0.29733
0.53824 0.46538 0.55598
0.37145 0.57045 0.51838
0.54733 0.49069 0.61832
0.28180 0.57801 0.39909
0.40701 0.55469 0.43288
0.56716 0.46199 0.57244
0.36520 0.41426 0.38857
0.43213 0.47281 0.50623
0.36896 0.55240 0.54488
0.28677 0.58130 0.34089
0.55969 0.38086 0.48437
0.41524 0.56657 0.51448
0.48438 0.49733 0.62289
0.34291 0.46959 0.38757
0.41841 0.47110 0.49625
0.50402 0.44666 0.46878
0.28686 0.54072 0.29424
0.32324 0.58041 0.41518
0.38363 0.48694 0.38829
0.40516 0.36226 0.26277
0.40221 0.49738 0.42110
0.25132 0.57112 0.28837
0.40899 0.60491 0.60122
0.43792 0.18216 0.10984
0.57979 0.33071 0.49127
0.32058 0.60637 0.49055
0.68312 0.38884 0.64904
0.33974 0.49580 0.27014
0.37670 0.54718 0.53567
0.45470 0.43236 0.40616
0.58798 0.41081 0.55914
0.47833 0.50820 0.49798
0.56917 0.31927 0.40249
0.49028 0.43462 0.41316
0.40030 0.45929 0.47687
0.30258 0.45696 0.16047
0.35817 0.52273 0.55926
0.48751 0.45731 0.40478
0.56250 0.39532 0.54651
0.39218 0.42764 0.25681
0.44502 0.43164 0.46118
0.26264 0.61461 0.34054
0.41074 0.51700 0.54649
0.29261 0.55480 0.29403
0.39156 0.53871 0.44056
0.41039 0.40898 0.31882
0.37109 0.42326 0.26347
0.35575 0.53537 0.39588
0.38891 0.27714 0.20501
0.59353 0.47027 0.63570
0.46291 0.41140 0.45408
0.50583 0.13618 0.15168
0.52862 0.33379 0.42344
0.36862 0.44777 0.30634
0.41552 0.39810 0.40952
0.56882 0.40434 0.54839
0.53843 0.40654 0.52570
0.34987 0.57464 0.55565
0.37035 0.34582 0.19808
0.32055 0.45788 0.33000
0.44214 0.51048 0.52479
0.45938 0.30980 0.29303
0.57671 0.39595 0.55703
0.38677 0.51663 0.43408
0.42201 0.38839 0.30760
0.47665 0.36863 0.40162
0.31552 0.52277 0.31114
0.37412 0.27921 0.08782
0.30501 0.46882 0.38142
0.27727 0.53676 0.31659
0.49787 0.32429 0.33934
0.23138 0.58550 0.24285
0.40650 0.37662 0.27123
0.36961 0.46692 0.40123
0.60079 0.39559 0.62023
0.38891 0.40985 0.42152
0.65819 0.32772 0.54824
0.32313 0.43625 0.20615
0.36139 0.60071 0.51759
0.39409 0.34512 0.17790
0.26831 0.57681 0.43715
0.46425 0.50417 0.52745
0.61766 0.39629 0.53737
0.50363 0.43304 0.50840
0.49952 0.34260 0.43693
0.57481 0.50109 0.64646
0.49557 0.47764 0.51272
0.32165 0.55386 0.39871
0.43736 0.49832 0.59458
0.37874 0.47285 0.29244
0.31015 0.57530 0.30718
0.39431 0.37294 0.35234
0.44854 0.55077 0.62236
0.38726 0.28539 0.19195
0.44823 0.51249 0.50293
0.31122 0.51067 0.28623
0.32780 0.50134 0.28595
0.35682 0.55743 0.54019
0.42880 0.33225 0.29198
0.29894 0.55547 0.48159
0.46613 0.32588 0.29088
0.40704 0.33160 0.24952
0.54842 0.26321 0.33693
0.50770 0.19921 0.24250
0.51365 0.47690 0.50041
0.40389 0.48000 0.48447
0.38227 0.37940 0.30204
0.46778 0.45602 0.42092
0.41173 0.55083 0.58128
0.37582 0.53361 0.43910
0.36662 0.48791 0.28191
0.35848 0.33467 0.11305
0.41558 0.46806 0.48893
0.45455 0.39306 0.46387
0.43665 0.43113 0.35589
0.57086 0.47136 0.60835
0.45065 0.48560 0.46970
0.46169 0.46910 0.43877
0.31604 0.48164 0.46185
0.49606 0.36422 0.43876
0.44339 0.44346 0.45998
0.30209 0.58589 0.31312
0.31228 0.53835 0.40922
0.47928 0.37643 0.42831
0.39576 0.29408 0.24208
0.46294 0.34934 0.34469
0.41957 0.47101 0.51274
0.57827 0.50202 0.64493
0.40777 0.25233 0.15864
0.52919 0.47420 0.61112
0.33764 0.47194 0.36952
0.34680 0.55201 0.48945
0.33721 0.52330 0.50136
0.37319 0.42549 0.40680
0.59150 0.32696 0.50483
0.55845 0.31161 0.40098
0.43667 0.58046 0.60911
0.40771 0.62778 0.62459
0.41973 0.40961 0.34231
0.49621 0.50998 0.53116
0.62751 0.47396 0.64101
0.30631 0.44900 0.28520
0.37737 0.31185 0.24866
0.27859 0.56387 0.27258
0.42275 0.32324 0.34612
0.46692 0.44284 0.45777
0.47849 0.41416 0.47678
0.26548 0.57828 0.38070
0.56020 0.39260 0.50741
0.43230 0.33875 0.35640
0.31804 0.49493 0.29733
0.40782 0.54816 0.42741
0.26891 0.49581 0.29747
0.38919 0.41474 0.42934
0.49218 0.49699 0.54151
0.50649 0.40665 0.47220
0.41262 0.33958 0.26484
0.56529 0.35209 0.44480
0.45469 0.54180 0.54273
0.42172 0.43027 0.39012
0.33560 0.50977 0.28667
0.44941 0.32338 0.34173
0.42109 0.57592 0.55744
0.58507 0.46881 0.65697
0.40176 0.53316 0.54285
0.32320 0.63754 0.45792
0.46267 0.53278 0.58436
0.34028 0.52192 0.52101
0.34729 0.52693 0.40672
0.39507 0.50525 0.33247
0.37759 0.53132 0.53975
0.37916 0.53533 0.51699
0.49940 0.51820 0.61766
0.41244 0.41095 0.35397
0.55716 0.27758 0.39517
0.46294 0.50809 0.53868
0.25884 0.53015 0.36806
0.51773 0.44315 0.55519
0.46925 0.43712 0.44145
0.37117 0.60020 0.50523
0.32154 0.58685 0.30891
0.47116 0.52022 0.54647
0.42673 0.44445 0.52121
0.33505 0.56594 0.33044
0.27156 0.51761 0.35109
0.31074 0.54054 0.35230
0.27768 0.49126 0.30182
0.46028 0.35245 0.44124
0.40150 0.51555 0.43018
0.40327 0.42712 0.40507
0.33596 0.62907 0.46540
0.40655 0.42430 0.38890
0.46689 0.23861 0.27751
0.36567 0.39113 0.24020
0.36876 0.57482 0.55369
0.31986 0.57162 0.38251
0.27875 0.61548 0.30346
0.53775 0.26762 0.34702
0.34794 0.46689 0.50073
0.36098 0.34981 0.22175
0.42955 0.24667 0.13766
0.32652 0.50363 0.50724
0.36625 0.44424 0.38547
0.34530 0.47525 0.42615
0.49393 0.48776 0.53863
0.34486 0.50350 0.41629
0.23433 0.55918 0.41685
0.53957 0.52311 0.64344
0.47312 0.41632 0.40204
0.33611 0.51064 0.37875
0.47420 0.34038 0.40211
0.40643 0.35304 0.32594
0.40675 0.47668 0.45475
0.55021 0.44165 0.56817
0.66533 0.43392 0.67328
0.45890 0.34090 0.32218
0.49164 0.50262 0.60078
0.35876 0.50302 0.39985
0.53976 0.21969 0.31503
0.30696 0.54792 0.48166
0.42744 0.40238 0.36118
0.55005 0.29871 0.39502
0.30633 0.53369 0.44307
0.28278 0.47957 0.42866
0.50454 0.41797 0.49744
0.47844 0.50659 0.57241
0.39756 0.52777 0.43942
0.28670 0.54082 0.22077
0.66189 0.34499 0.56419
0.38189 0.52567 0.46755
0.48763 0.48222 0.49446
0.45892 0.38151 0.35847
0.26785 0.57452 0.36832
0.59107 0.38778 0.56271
0.49869 0.19712 0.24060
0.55333 0.43017 0.55972
0.27335 0.56104 0.35279
0.34848 0.52689 0.33945
0.41597 0.40902 0.43908
0.46730 0.35761 0.36188
0.52392 0.27223 0.36925
0.27625 0.59977 0.45825
0.55405 0.49616 0.66027
0.62872 0.42842 0.59438
0.36172 0.39554 0.39068
0.45699 0.47934 0.54339
0.59057 0.30361 0.47016
0.40929 0.30954 0.22010
0.50675 0.34660 0.43503
0.36055 0.42834 0.25216
0.28721 0.48936 0.17381
0.26686 0.55603 0.37599
0.31977 0.57426 0.56604
0.38865 0.36526 0.33004
0.49166 0.25389 0.29179
0.35325 0.46111 0.33696
0.34170 0.59544 0.52515
0.33913 0.43494 0.39977
0.41848 0.25429 0.23241
0.53641 0.47838 0.58697
0.48385 0.21682 0.26732
0.45174 0.53213 0.60413
0.27076 0.57658 0.34365
0.40364 0.52603 0.58035
0.39195 0.47174 0.40362
0.48671 0.52809 0.58512
0.29818 0.57281 0.38999
0.56510 0.22529 0.34630
0.43813 0.39317 0.41017
0.41317 0.34431 0.23316
0.55002 0.19574 0.30172
0.47177 0.41804 0.42959
0.46630 0.39093 0.39658
0.52751 0.48734 0.58365
0.33952 0.48314 0.43745
0.36572 0.50396 0.49727
0.35324 0.60831 0.46900
0.30520 0.49392 0.37247
0.46411 0.34627 0.37727
0.49568 0.56161 0.61188
0.41064 0.46540 0.41076
0.35511 0.48631 0.49035
0.23758 0.54820 0.49499
0.38051 0.29961 0.21342
0.65562 0.35598 0.58684
0.34797 0.54217 0.38266
0.41323 0.50180 0.35561
0.36222 0.55702 0.40815
0.49817 0.32347 0.39285
0.26571 0.61124 0.25359
0.37210 0.58416 0.50487
0.56584 0.47083 0.54900
0.36479 0.43925 0.32445
0.50530 0.23054 0.27529
0.61945 0.38560 0.61049
0.44687 0.28999 0.31069
0.38495 0.47914 0.50401
0.61301 0.43911 0.63643
0.51252 0.41749 0.51616
0.54192 0.12899 0.19882
0.49453 0.47766 0.46911
0.38362 0.49247 0.42128
0.27476 0.60257 0.38033
0.28760 0.47705 0.19681
0.34492 0.62113 0.56227
0.54458 0.12201 0.20537
0.63668 0.27497 0.46503
0.28033 0.51924 0.20350
0.41644 0.40943 0.36257
0.43727 0.46345 0.40655
0.41722 0.57481 0.54617
0.41331 0.32672 0.29707
0.38012 0.51417 0.53259
0.52140 0.42390 0.47935
0.47385 0.55126 0.57239
0.45293 0.42293 0.42503
0.34820 0.36174 0.23633
0.34790 0.45307 0.40704
0.35026 0.54300 0.35969
0.46487 0.53010 0.64359
0.39840 0.52368 0.49276
0.39584 0.32938 0.27194
0.51772 0.23789 0.30026
0.56369 0.30389 0.45272
0.52976 0.47628 0.58741
0.53577 0.46890 0.61255
0.49489 0.44461 0.53252
0.41432 0.38934 0.34140
0.44798 0.51024 0.51281
0.38342 0.48156 0.37732
0.54289 0.30008 0.42416
0.41154 0.59416 0.62572
0.58348 0.31476 0.45268
0.35081 0.38584 0.24107
0.48257 0.48990 0.53876
0.39419 0.45649 0.44093
0.65976 0.33730 0.56607
0.50377 0.52708 0.61044
0.27542 0.54732 0.23280
0.36400 0.43779 0.42507
0.49179 0.36754 0.44754
0.36462 0.39863 0.28320
0.36811 0.36420 0.31959
0.30329 0.57832 0.36168
0.45890 0.46681 0.48561
0.47831 0.50576 0.58360
0.51584 0.47526 0.61260
0.42001 0.45484 0.46039
0.42164 0.32819 0.29808
0.59485 0.46847 0.65247
0.26000 0.53524 0.50286
0.31942 0.43078 0.23826
0.43244 0.54871 0.54683
0.38240 0.49219 0.34370
0.41013 0.51485 0.46613
0.58434 0.29155 0.46212
0.36855 0.50620 0.34655
0.35214 0.52262 0.43038
0.42958 0.41900 0.38244
0.28928 0.56644 0.51182
0.28846 0.60565 0.35950
0.46996 0.46009 0.47759
0.41067 0.46436 0.35013
0.47706 0.47776 0.43969
0.41990 0.50094 0.47637
0.39956 0.41621 0.43749
0.28080 0.53069 0.20911
0.31876 0.53559 0.36274
0.42805 0.30415 0.31545
0.49879 0.47566 0.52220
0.60447 0.44955 0.59139
0.34149 0.48783 0.43188
0.37367 0.31371 0.21992
0.32372 0.60518 0.46548
0.44359 0.49961 0.46005
0.44529 0.39299 0.44609
0.28413 0.61596 0.35211
0.38626 0.55441 0.42693
0.43970 0.42011 0.46165
0.43162 0.24121 0.17437
0.53894 0.43978 0.60025
0.38431 0.42894 0.40543
0.44661 0.35980 0.31502
0.35546 0.43438 0.38358
0.45487 0.31469 0.25723
0.34483 0.48001 0.44288
0.32350 0.53714 0.48266
0.51078 0.36060 0.46918
0.43642 0.43045 0.49549
0.57156 0.37125 0.48832
0.26658 0.49201 0.38487
0.41756 0.42579 0.34138
0.25955 0.54804 0.51457
0.47257 0.55297 0.61037
0.25108 0.54149 0.34125
0.32204 0.53644 0.28706
0.33979 0.46543 0.47264
0.48785 0.29610 0.32699
0.40081 0.45856 0.46273
0.36519 0.51030 0.38497
0.34508 0.54579 0.33749
0.55108 0.42186 0.54054
0.48768 0.49937 0.57065
0.54004 0.52258 0.68309
0.53823 0.36212 0.46372
0.38273 0.46332 0.50335
0.38565 0.43959 0.36482
0.58322 0.50140 0.63842
0.44426 0.43751 0.47954
0.41937 0.44964 0.51340
0.29092 0.57608 0.42571
0.31002 0.60217 0.46787
0.59160 0.31344 0.45420
0.36013 0.44947 0.42148
0.46959 0.29077 0.30015
0.43143 0.47865 0.45027
0.40860 0.52994 0.41919
0.25372 0.57200 0.24590
0.48558 0.41489 0.39247
0.36130 0.56604 0.54479
0.48727 0.39282 0.46185
0.43136 0.34361 0.35465
0.31378 0.44112 0.17885
0.42289 0.36618 0.29643
0.39009 0.56023 0.51644
0.48708 0.35509 0.40400
0.64441 0.43179 0.64438
0.49357 0.21272 0.28189
0.39402 0.56365 0.58758
0.41717 0.50319 0.49144
0.53342 0.48199 0.63749
0.49781 0.42890 0.48360
0.39961 0.49266 0.52627
0.33011 0.45990 0.26699
0.41370 0.60040 0.60519
0.31005 0.55748 0.33249
0.41104 0.51822 0.38859
0.58347 0.40948 0.57098
0.43833 0.50849 0.43498
0.45808 0.39092 0.39040
0.28121 0.57023 0.27682
0.51448 0.38147 0.46108
0.37238 0.53842 0.57788
0.28760 0.51676 0.36232
0.40628 0.41499 0.43471
0.38767 0.41435 0.30554
