20 6 1000 17393 109
0.75715 0.10245 0.26579
0.94015 0.27190 0.65149
0.84778 0.36492 0.20765
0.97136 0.22293 0.99627
0.17371 0.25842 0.17766
0.10164 0.25239 0.83550
0.54945 0.26936 0.46735
0.75159 0.26713 0.68215
0.87915 0.24948 0.75878
0.67234 0.26778 0.68701
0.56931 0.24371 0.48537
0.86537 0.25210 0.65460
0.47900 0.27364 0.58538
0.64362 0.29731 0.42010
0.49832 0.26368 0.22974
0.84412 0.23888 0.82756
0.56961 0.27087 0.60870
0.79421 0.23839 0.54142
0.72956 0.22426 0.79767
0.66433 0.19370 0.48382
0.77141 0.21013 0.45960
0.74235 0.20432 0.54497
0.89101 0.21025 0.78757
0.36405 0.23292 0.53340
0.59125 0.27805 0.40862
0.81663 0.30349 0.31085
0.75289 0.26853 0.46217
0.73623 0.29466 0.43424
0.43857 0.24704 0.72128
0.73364 0.26755 0.59974
0.68504 0.25763 0.42558
0.68937 0.28952 0.44017
0.55205 0.23371 0.57751
0.61244 0.22490 0.34356
0.77164 0.27240 0.66431
0.75548 0.31971 0.33485
0.76262 0.29264 0.41143
0.46548 0.26865 0.42987
0.84948 0.21425 0.78435
0.72133 0.28572 0.45552
0.54403 0.25447 0.42719
0.58858 0.23956 0.69996
0.82424 0.23233 0.73244
0.63267 0.26091 0.57583
0.81915 0.30790 0.36901
0.77899 0.18851 0.44622
0.68244 0.22303 0.55749
0.59464 0.27003 0.42377
0.69910 0.26550 0.44714
0.82382 0.23243 0.49892
0.55942 0.24007 0.56024
0.65581 0.29890 0.50232
0.66889 0.19794 0.38374
0.75147 0.30975 0.45680
0.40465 0.25427 0.72280
0.47164 0.22854 0.59131
0.83645 0.22328 0.68317
0.62342 0.26924 0.57071
0.54319 0.29671 0.41006
0.85839 0.20509 0.77978
0.53457 0.24441 0.49904
0.49919 0.25700 0.57179
0.59205 0.20625 0.43743
0.72015 0.25652 0.47889
0.76091 0.25249 0.50425
0.72450 0.28757 0.54750
0.78056 0.26111 0.36864
0.64305 0.23450 0.45805
0.68828 0.21419 0.56469
0.74692 0.23778 0.58828
0.61739 0.27640 0.62092
0.65194 0.21105 0.52134
0.38166 0.23933 0.44810
0.37530 0.25743 0.41314
0.67636 0.18541 0.49366
0.50018 0.21813 0.39014
0.68871 0.27116 0.63073
0.79090 0.23024 0.58153
0.62779 0.23621 0.43158
0.59765 0.30806 0.32497
0.76942 0.18351 0.51014
0.85988 0.26433 0.65960
0.63616 0.25314 0.64580
0.58960 0.20921 0.38303
0.68579 0.22556 0.70017
0.44975 0.25228 0.52423
0.53101 0.23320 0.61290
0.71565 0.22898 0.48107
0.69186 0.22466 0.57229
0.74294 0.24531 0.37699
0.41562 0.24957 0.66632
0.42178 0.27793 0.53484
0.52449 0.18505 0.49246
0.64679 0.30162 0.29569
0.57032 0.22229 0.57273
0.53072 0.25714 0.55610
0.54811 0.19831 0.55218
0.58395 0.28090 0.56525
0.60109 0.19520 0.46302
0.47218 0.25969 0.41079
0.63155 0.19363 0.57221
0.75473 0.19799 0.52575
0.36744 0.25931 0.50864
0.77207 0.24524 0.42332
0.48989 0.25152 0.40578
0.81004 0.29165 0.53610
0.76442 0.29694 0.38234
0.46357 0.21825 0.54428
0.72229 0.24864 0.61756
0.83403 0.32359 0.36580
0.71614 0.24353 0.65834
0.66580 0.22893 0.54763
0.48605 0.25115 0.46291
0.55795 0.28151 0.38780
0.71928 0.27661 0.41413
0.37598 0.26867 0.46690
0.75960 0.26008 0.38982
0.41236 0.25513 0.67920
0.71958 0.26028 0.59970
0.84280 0.24211 0.76738
0.61588 0.25053 0.68320
0.55467 0.26946 0.34192
0.69050 0.28902 0.41841
0.63431 0.24805 0.65494
0.85509 0.24479 0.79917
0.65827 0.27705 0.39299
0.35923 0.24605 0.69680
0.55715 0.23724 0.73912
0.93640 0.23588 0.83647
0.40606 0.25464 0.67034
0.84002 0.25702 0.65857
0.46189 0.25039 0.66541
0.40382 0.26825 0.33230
0.82432 0.26119 0.74670
0.50234 0.26852 0.34684
0.72548 0.26758 0.37410
0.78905 0.30929 0.38298
0.46623 0.25059 0.50868
0.47465 0.20894 0.62748
0.72352 0.25616 0.59060
0.52687 0.28775 0.50467
0.77640 0.26014 0.64781
0.41497 0.25747 0.34090
0.68627 0.23094 0.65337
0.69202 0.20982 0.47038
0.79131 0.19564 0.64403
0.77172 0.28591 0.36344
0.60646 0.23280 0.64118
0.66443 0.16641 0.41465
0.51322 0.25165 0.37637
0.79509 0.16682 0.43397
0.42512 0.23847 0.55763
0.59006 0.27861 0.53432
0.60597 0.25686 0.55322
0.42364 0.25317 0.23416
0.77588 0.26561 0.48873
0.58727 0.25813 0.52855
0.43744 0.25163 0.31926
0.74740 0.19931 0.52476
0.39564 0.26360 0.61706
0.79240 0.22773 0.56256
0.71571 0.25307 0.54541
0.84097 0.25008 0.65634
0.60810 0.24460 0.58916
0.72842 0.21232 0.48264
0.75747 0.28670 0.35355
0.32764 0.25831 0.62797
0.60900 0.24756 0.42401
0.56028 0.23351 0.55223
0.64798 0.19837 0.45711
0.70349 0.19513 0.45606
0.45853 0.27122 0.67649
0.78463 0.25216 0.69747
0.23539 0.25329 0.73841
0.50307 0.25825 0.47595
0.27225 0.26032 0.64785
0.81507 0.24523 0.51268
0.57957 0.28312 0.63848
0.60714 0.21964 0.73343
0.49932 0.22834 0.54976
0.77874 0.24604 0.47168
0.81094 0.20604 0.56223
0.71839 0.26838 0.65309
0.50774 0.25153 0.71899
0.61806 0.27185 0.43252
0.51722 0.26450 0.68174
0.58842 0.26368 0.54620
0.87614 0.21923 0.64196
0.44320 0.21848 0.55631
0.77294 0.23920 0.61256
0.73396 0.26647 0.46918
0.72335 0.20593 0.53175
0.73262 0.22432 0.60749
0.43068 0.24935 0.55895
0.57654 0.24462 0.64526
0.59700 0.29059 0.33834
0.47053 0.27688 0.57974
0.66559 0.24098 0.68321
0.67935 0.29483 0.39911
0.74498 0.19813 0.48192
0.69156 0.24795 0.58236
0.53694 0.26745 0.37384
0.75799 0.28113 0.52217
0.74660 0.19278 0.65013
0.66023 0.25258 0.50015
0.65318 0.30372 0.46175
0.67356 0.22640 0.65648
0.45058 0.25501 0.36525
0.52609 0.20221 0.44732
0.73109 0.26502 0.67735
0.59118 0.24610 0.51734
0.45545 0.26050 0.35658
0.32171 0.25681 0.64423
0.79726 0.25447 0.65430
0.39222 0.22686 0.48680
0.46281 0.20643 0.53514
0.51970 0.25580 0.73749
0.82927 0.24250 0.75259
0.41365 0.25403 0.64098
0.70249 0.30708 0.34548
0.48694 0.26741 0.50207
0.78389 0.27011 0.60401
0.52899 0.25601 0.63380
0.60399 0.24100 0.46203
0.73295 0.21303 0.58772
0.77154 0.23351 0.68254
0.41364 0.24107 0.66521
0.65152 0.28296 0.42005
0.42668 0.26117 0.44958
0.73952 0.19316 0.61082
0.74888 0.26581 0.60546
0.70888 0.21909 0.73734
0.84900 0.31461 0.39219
0.72509 0.27216 0.55656
0.65196 0.29957 0.51904
0.39757 0.23998 0.38170
0.64818 0.24308 0.67665
0.72544 0.28809 0.41742
0.44846 0.25589 0.53769
0.56505 0.20635 0.31861
0.76665 0.25476 0.58207
0.44887 0.24506 0.48691
0.60280 0.21207 0.52949
0.58451 0.24053 0.43330
0.36845 0.24433 0.73501
0.76736 0.22609 0.47906
0.56073 0.26381 0.60179
0.62788 0.20485 0.56155
0.74211 0.25327 0.49205
0.68162 0.25982 0.71058
0.73359 0.28843 0.42217
0.78974 0.24372 0.72990
0.67423 0.21645 0.58103
0.67115 0.26815 0.31352
0.84606 0.22682 0.62947
0.72013 0.23689 0.34329
0.56245 0.27399 0.56538
0.52731 0.18373 0.35786
0.41173 0.21213 0.51847
0.73724 0.19931 0.34620
0.63888 0.23819 0.64416
0.58550 0.26198 0.43822
0.64883 0.23616 0.51305
0.57525 0.22483 0.52402
0.60068 0.23351 0.52177
0.74731 0.24378 0.56006
0.73821 0.26740 0.42603
0.70190 0.21525 0.55301
0.84685 0.29762 0.50463
0.73540 0.21432 0.41178
0.62709 0.22887 0.29061
0.70522 0.23512 0.72474
0.48393 0.25442 0.42583
0.59173 0.23121 0.37049
0.26455 0.25767 0.38924
0.61894 0.20997 0.44449
0.75391 0.25502 0.59551
0.69029 0.19414 0.38538
0.79826 0.26433 0.55042
0.56581 0.23667 0.45321
0.74702 0.27891 0.39955
0.57538 0.23799 0.36855
0.80109 0.33063 0.38062
0.50938 0.23227 0.66985
0.71573 0.27450 0.34981
0.72600 0.30402 0.46516
0.62346 0.23942 0.47997
0.57588 0.25920 0.51055
0.60546 0.22653 0.55269
0.67526 0.22016 0.61873
0.60616 0.26885 0.39761
0.45483 0.22970 0.47932
0.46498 0.24157 0.45696
0.53365 0.20566 0.56160
0.79585 0.28439 0.53139
0.49781 0.23234 0.51809
0.49887 0.23763 0.35602
0.74965 0.22985 0.58703
0.60286 0.22309 0.57074
0.57490 0.23810 0.47611
0.60407 0.30204 0.28689
0.55348 0.23528 0.67532
0.50350 0.25082 0.43609
0.71282 0.22180 0.47270
0.29036 0.24777 0.33655
0.35946 0.27851 0.51406
0.53975 0.21297 0.37791
0.56055 0.24512 0.55354
0.78811 0.28388 0.28963
0.72282 0.29485 0.51290
0.74266 0.26789 0.44191
0.85640 0.25315 0.70137
0.74957 0.29825 0.51921
0.57372 0.28950 0.47858
0.65789 0.24337 0.38925
0.75610 0.23488 0.47409
0.42663 0.24055 0.27056
0.67823 0.25234 0.63672
0.56696 0.19444 0.55828
0.53728 0.26747 0.42278
0.51729 0.22318 0.36451
0.72017 0.16543 0.42232
0.79201 0.26983 0.52252
0.69899 0.22090 0.54789
0.61973 0.23278 0.54997
0.35107 0.23780 0.66500
0.57683 0.22767 0.45141
0.58868 0.27541 0.45137
0.79587 0.18684 0.48295
0.63690 0.28557 0.27241
0.70361 0.26203 0.58186
0.73451 0.26314 0.63967
0.45576 0.25425 0.62915
0.53288 0.23095 0.47074
0.67171 0.21950 0.58540
0.79043 0.22257 0.53111
0.61724 0.26046 0.57801
0.75932 0.18504 0.52682
0.78215 0.26550 0.64266
0.61645 0.28814 0.36764
0.82120 0.27046 0.53573
0.80661 0.22851 0.74551
0.71575 0.27312 0.64432
0.65865 0.27098 0.43814
0.43390 0.23345 0.54469
0.68097 0.22729 0.65904
0.68223 0.26383 0.41393
0.65278 0.28202 0.45435
0.70866 0.23355 0.47822
0.56255 0.26744 0.64274
0.75208 0.16746 0.47746
0.72057 0.23947 0.84529
0.84229 0.26793 0.71687
0.71437 0.20304 0.67167
0.55719 0.26599 0.60086
0.47594 0.23146 0.57410
0.83314 0.26739 0.55652
0.70161 0.28701 0.40751
0.86574 0.29057 0.55278
0.66638 0.28945 0.54376
0.78857 0.31704 0.33426
0.52755 0.30029 0.48610
0.51207 0.20376 0.43567
0.58913 0.26890 0.70183
0.59062 0.22784 0.71774
0.66644 0.26026 0.42979
0.79865 0.28961 0.56154
0.40168 0.23895 0.62682
0.56095 0.19246 0.29632
0.63184 0.23953 0.79285
0.73370 0.25359 0.50044
0.38880 0.24910 0.62611
0.63086 0.19397 0.61281
0.74675 0.23619 0.51188
0.34921 0.26275 0.48602
0.77501 0.29717 0.48879
0.56796 0.24218 0.64034
0.65656 0.22618 0.70111
0.67236 0.27279 0.45553
0.65812 0.22696 0.43950
0.59077 0.28997 0.42644
0.45531 0.21257 0.56041
0.63920 0.26055 0.66328
0.80573 0.22659 0.57105
0.46341 0.26795 0.49111
0.47085 0.25364 0.52707
0.36343 0.24391 0.27020
0.65648 0.27158 0.45348
0.67363 0.25525 0.60838
0.77994 0.29450 0.51600
0.64992 0.17106 0.54541
0.69430 0.24602 0.52856
0.54797 0.28034 0.46967
0.49358 0.22868 0.42639
0.85053 0.25110 0.68419
0.70238 0.25218 0.45352
0.46213 0.25430 0.54914
0.75336 0.26725 0.44675
0.64917 0.23752 0.61570
0.80463 0.24220 0.70034
0.61542 0.27213 0.52971
0.76882 0.23273 0.68828
0.61960 0.24896 0.65912
0.53691 0.23747 0.50248
0.61820 0.23514 0.51261
0.63510 0.25408 0.41818
0.86582 0.23511 0.84432
0.63544 0.25526 0.50696
0.55207 0.19460 0.43978
0.41758 0.23281 0.52007
0.67378 0.27607 0.36318
0.64258 0.24180 0.43834
0.49725 0.22691 0.35444
0.42955 0.25826 0.30602
0.41253 0.23942 0.43323
0.76204 0.31119 0.42239
0.84037 0.25276 0.58772
0.63672 0.24179 0.52843
0.57657 0.24308 0.60413
0.78060 0.22832 0.71579
0.81916 0.22713 0.60509
0.88416 0.27660 0.57814
0.61847 0.23237 0.48045
0.65737 0.25186 0.45778
0.55139 0.26211 0.54517
0.70982 0.30194 0.47419
0.43656 0.25476 0.71278
0.54006 0.25756 0.64070
0.73304 0.23294 0.71414
0.37836 0.26962 0.30088
0.88923 0.22906 0.85758
0.75824 0.24177 0.62842
0.87256 0.25850 0.65261
0.51706 0.23013 0.56990
0.73762 0.17100 0.29593
0.85000 0.21158 0.61719
0.84507 0.26823 0.62285
0.69878 0.30061 0.50336
0.65462 0.26227 0.35127
0.64302 0.26641 0.50347
0.57376 0.31347 0.38575
0.41554 0.24997 0.52788
0.87865 0.20325 0.76330
0.60293 0.19711 0.40597
0.70302 0.27046 0.51636
0.53440 0.22786 0.41972
0.75759 0.12334 0.28396
0.54689 0.26608 0.41980
0.73459 0.27144 0.57205
0.78349 0.23193 0.52202
0.69597 0.18233 0.48782
0.43526 0.21362 0.49650
0.83240 0.19484 0.50776
0.40044 0.26568 0.59826
0.67617 0.20725 0.42161
0.63138 0.25091 0.64761
0.84133 0.21346 0.59747
0.74418 0.25593 0.51157
0.58612 0.24958 0.53996
0.50084 0.22672 0.56991
0.74236 0.28936 0.48154
0.33059 0.23901 0.74634
0.82503 0.24234 0.45483
0.60108 0.22766 0.38608
0.63159 0.26889 0.55156
0.76023 0.23569 0.61203
0.88142 0.28967 0.58249
0.45865 0.25399 0.35569
0.80740 0.25155 0.69258
0.55706 0.26705 0.65747
0.69447 0.26537 0.53688
0.33529 0.25928 0.72260
0.67083 0.27101 0.69974
0.65729 0.19977 0.46634
0.38257 0.26832 0.27802
0.44647 0.24054 0.72156
0.51872 0.25648 0.70945
0.57529 0.25517 0.57208
0.54082 0.25338 0.48099
0.62935 0.22497 0.35865
0.67602 0.23202 0.38496
0.61223 0.27465 0.42073
0.80339 0.25244 0.69804
0.58090 0.23295 0.52633
0.67549 0.22029 0.62111
0.60722 0.21614 0.44188
0.67417 0.26508 0.46275
0.73814 0.26790 0.58793
0.54753 0.25819 0.59481
0.48418 0.20805 0.31615
0.36798 0.27452 0.36096
0.58189 0.22076 0.43271
0.71237 0.23104 0.52064
0.61146 0.25430 0.58917
0.53627 0.29992 0.29536
0.51471 0.26045 0.67912
0.57092 0.26911 0.40490
0.61569 0.20792 0.58943
0.59622 0.27132 0.51474
0.65906 0.21534 0.69937
0.50445 0.27904 0.33840
0.49524 0.22780 0.54937
0.78139 0.19156 0.40295
0.74294 0.25830 0.62874
0.86277 0.23177 0.67979
0.35808 0.24380 0.57977
0.59070 0.22616 0.55155
0.64941 0.25551 0.45347
0.75106 0.27406 0.62204
0.74026 0.21665 0.47905
0.61803 0.23300 0.44747
0.67205 0.28239 0.41611
0.61472 0.21653 0.52011
0.68661 0.22204 0.51468
0.53140 0.24981 0.38261
0.36561 0.25542 0.39239
0.64244 0.25465 0.76289
0.79908 0.23339 0.77226
0.55174 0.24111 0.45520
0.75867 0.25273 0.72914
0.82274 0.21797 0.72990
0.67458 0.25399 0.48492
0.53834 0.25547 0.38190
0.71116 0.21906 0.42522
0.66818 0.17200 0.37872
0.61765 0.20178 0.37890
0.69820 0.32224 0.39806
0.51512 0.22412 0.62910
0.51031 0.19695 0.56943
0.79444 0.21474 0.56304
0.61026 0.23367 0.66994
0.78986 0.27014 0.44158
0.51778 0.21520 0.44112
0.63926 0.23715 0.50870
0.69991 0.26834 0.46255
0.47805 0.26879 0.47610
0.87392 0.24780 0.61196
0.51960 0.22552 0.49852
0.52763 0.22602 0.44991
0.67986 0.25197 0.64676
0.45284 0.23233 0.67285
0.64315 0.26061 0.59756
0.63673 0.28262 0.47393
0.31102 0.22811 0.41378
0.64410 0.24304 0.73771
0.40059 0.24043 0.44718
0.77708 0.24955 0.70740
0.37002 0.24135 0.32130
0.24042 0.25259 0.20101
0.78520 0.24455 0.42057
0.84988 0.28284 0.63720
0.82380 0.18983 0.63606
0.67793 0.24012 0.34422
0.68608 0.23233 0.51399
0.74622 0.17696 0.42240
0.49135 0.22907 0.54809
0.48724 0.20513 0.53305
0.85863 0.24995 0.75521
0.63737 0.22318 0.62063
0.61090 0.19107 0.33412
0.56747 0.21071 0.67349
0.43694 0.23334 0.51335
0.83562 0.27734 0.54287
0.76882 0.16534 0.49138
0.76463 0.28218 0.62433
0.67505 0.24244 0.72135
0.75031 0.23540 0.59308
0.49423 0.21170 0.65546
0.51427 0.23869 0.61735
0.74431 0.18454 0.34779
0.87987 0.24338 0.55974
0.72793 0.20158 0.57943
0.70017 0.22640 0.54474
0.45050 0.25298 0.35967
0.72305 0.28658 0.35915
0.56877 0.19447 0.51969
0.53392 0.23956 0.73839
0.78560 0.25380 0.65530
0.60680 0.24460 0.41733
0.80115 0.25037 0.64172
0.64043 0.24115 0.50172
0.64203 0.21614 0.48114
0.57510 0.23485 0.73075
0.61448 0.24373 0.48201
0.77454 0.28665 0.25963
0.51229 0.24268 0.55145
0.42511 0.26682 0.57450
0.54951 0.25546 0.45954
0.63808 0.23956 0.69026
0.80480 0.25324 0.65354
0.74609 0.14144 0.29362
0.38858 0.25486 0.68033
0.42672 0.20681 0.56285
0.50950 0.24034 0.70250
0.72303 0.22351 0.73629
0.46144 0.24298 0.44854
0.64776 0.20951 0.33941
0.44184 0.24680 0.44814
0.65456 0.25459 0.55064
0.66997 0.20546 0.45002
0.78119 0.26883 0.29956
0.57923 0.21311 0.55895
0.75047 0.27361 0.59180
0.49133 0.22180 0.55218
0.77339 0.24382 0.50576
0.77545 0.25319 0.45331
0.88180 0.23384 0.71696
0.55392 0.27285 0.51653
0.81264 0.24606 0.64151
0.75254 0.17553 0.46830
0.60056 0.27374 0.51165
0.68137 0.28017 0.42664
0.77803 0.15691 0.42018
0.64275 0.22129 0.45984
0.69458 0.27531 0.53277
0.60563 0.28795 0.41520
0.58611 0.20724 0.35388
0.68183 0.30893 0.44110
0.67903 0.18989 0.39283
0.43778 0.25237 0.67115
0.45869 0.27152 0.61028
0.79893 0.27336 0.65489
0.72034 0.24241 0.62361
0.49660 0.27839 0.45303
0.79630 0.20487 0.72622
0.46320 0.25286 0.41605
0.54250 0.22621 0.39225
0.55465 0.23455 0.66663
0.79347 0.22191 0.56923
0.65565 0.24709 0.46140
0.29726 0.26339 0.64077
0.48545 0.22740 0.31309
0.46550 0.22462 0.32096
0.63579 0.21995 0.34408
0.65444 0.20760 0.45487
0.70395 0.23650 0.38288
0.62485 0.23355 0.38227
0.39340 0.23664 0.35313
0.72776 0.27202 0.60475
0.67223 0.26561 0.45300
0.40127 0.26423 0.70257
0.73983 0.26475 0.40153
0.85762 0.20436 0.63780
0.65400 0.26914 0.64696
0.63061 0.24343 0.49928
0.69587 0.23144 0.73355
0.66103 0.21110 0.43224
0.66819 0.27934 0.45299
0.83898 0.27006 0.37405
0.40096 0.25796 0.47121
0.64526 0.15404 0.46175
0.68262 0.23501 0.51897
0.86562 0.21831 0.65322
0.82489 0.18728 0.52035
0.46894 0.24014 0.65631
0.72154 0.22626 0.83506
0.56988 0.25074 0.62677
0.54043 0.26373 0.52737
0.57184 0.25059 0.64706
0.73769 0.25577 0.38455
0.75795 0.21074 0.37423
0.54058 0.24654 0.39186
0.76308 0.25269 0.54775
0.53089 0.25651 0.69656
0.75798 0.27950 0.59541
0.58759 0.24170 0.49353
0.64995 0.24226 0.37277
0.57844 0.29287 0.35546
0.56065 0.26227 0.33589
0.72677 0.24771 0.41621
0.80256 0.29474 0.35207
0.48398 0.23301 0.51019
0.48435 0.25400 0.63531
0.42477 0.25283 0.53688
0.78189 0.21863 0.55831
0.59182 0.31461 0.32641
0.82307 0.18201 0.54182
0.80112 0.26922 0.56480
0.68520 0.22514 0.45395
0.80330 0.24432 0.36253
0.69483 0.22701 0.72993
0.83296 0.25311 0.71836
0.89540 0.25149 0.77697
0.68752 0.21192 0.55718
0.79236 0.25607 0.55922
0.62441 0.26644 0.51037
0.72127 0.28587 0.42697
0.47727 0.22900 0.28201
0.60917 0.26600 0.53869
0.32252 0.24853 0.29355
0.72271 0.23313 0.45969
0.44430 0.25605 0.41679
0.79262 0.22158 0.61573
0.34326 0.25447 0.51613
0.78682 0.16420 0.46056
0.63425 0.25151 0.54736
0.75339 0.27134 0.49090
0.65993 0.28073 0.51144
0.51581 0.23328 0.51657
0.70649 0.28976 0.36253
0.51336 0.25175 0.57646
0.57882 0.22179 0.36202
0.69415 0.22410 0.67765
0.80448 0.20671 0.60283
0.53677 0.24166 0.70634
0.65071 0.23035 0.66189
0.76239 0.17048 0.48238
0.75347 0.28545 0.36592
0.25746 0.24976 0.26491
0.61801 0.23010 0.53956
0.50126 0.25080 0.42211
0.78419 0.24982 0.40773
0.55568 0.24384 0.41143
0.41554 0.27787 0.56961
0.85543 0.26819 0.57641
0.81347 0.24744 0.67180
0.78554 0.26323 0.62795
0.72334 0.23484 0.35835
0.66418 0.22995 0.48168
0.73657 0.27279 0.56389
0.62459 0.26239 0.70862
0.64691 0.23071 0.54097
0.47535 0.22607 0.62464
0.39820 0.24453 0.50076
0.86922 0.28154 0.45537
0.57600 0.27292 0.43389
0.77374 0.26053 0.58130
0.58729 0.25396 0.74436
0.46018 0.25886 0.39188
0.78221 0.21195 0.43390
0.54659 0.23924 0.76966
0.32609 0.24012 0.41870
0.71842 0.22621 0.67401
0.67903 0.20248 0.40568
0.86351 0.26739 0.47005
0.71749 0.22879 0.66398
0.55560 0.24367 0.52372
0.60788 0.22561 0.57619
0.69179 0.15263 0.33808
0.54185 0.19417 0.31597
0.63027 0.18699 0.39488
0.49558 0.25071 0.28374
0.50939 0.21488 0.45134
0.53784 0.23656 0.63778
0.55761 0.21381 0.42904
0.74499 0.20721 0.50300
0.73314 0.29260 0.48723
0.77024 0.22409 0.58680
0.69738 0.22441 0.43585
0.65305 0.26048 0.73982
0.49933 0.25127 0.58289
0.45751 0.20485 0.46923
0.69581 0.27848 0.46087
0.54261 0.26615 0.48568
0.59709 0.29385 0.32325
0.79265 0.25713 0.62746
0.74983 0.26260 0.44716
0.77450 0.26157 0.61810
0.66367 0.23100 0.61018
0.82249 0.33300 0.31806
0.73144 0.17707 0.32161
0.69240 0.22425 0.55935
0.80739 0.28714 0.50079
0.56448 0.27186 0.32089
0.71851 0.26539 0.45174
0.58847 0.26501 0.65270
0.43072 0.27028 0.43461
0.26007 0.25191 0.69957
0.65288 0.29486 0.26464
0.54330 0.27831 0.52621
0.54491 0.22003 0.47932
0.49097 0.27266 0.49762
0.47355 0.22488 0.52335
0.40302 0.22755 0.58314
0.80314 0.19976 0.56722
0.53838 0.21134 0.56283
0.50837 0.27059 0.49346
0.73410 0.27236 0.63893
0.73758 0.21290 0.59119
0.72384 0.23662 0.50794
0.39852 0.26233 0.60178
0.36022 0.25642 0.41002
0.39789 0.23063 0.44886
0.29882 0.25815 0.23456
0.38417 0.25667 0.43229
0.77463 0.24666 0.44581
0.57717 0.24354 0.46495
0.48293 0.25864 0.64041
0.66290 0.25334 0.67296
0.83222 0.28666 0.46131
0.71046 0.23857 0.47663
0.62118 0.21341 0.37050
0.71757 0.22601 0.77022
0.50867 0.26916 0.44841
0.58983 0.23938 0.36071
0.80377 0.26114 0.56080
0.63915 0.23966 0.51856
0.73719 0.23308 0.54486
0.36084 0.26036 0.52809
0.78327 0.21839 0.61366
0.43931 0.25775 0.46322
0.62405 0.24718 0.66714
0.64870 0.26609 0.50192
0.65223 0.21674 0.40293
0.67360 0.25088 0.64090
0.73945 0.27057 0.39785
0.63079 0.25164 0.66377
0.45666 0.21391 0.61844
0.86553 0.22441 0.77618
0.74203 0.25754 0.60716
0.76549 0.20246 0.57101
0.62487 0.27460 0.49385
0.68843 0.22514 0.58447
0.51816 0.26433 0.64919
0.51583 0.20978 0.32456
0.71917 0.23174 0.49458
0.61026 0.18675 0.51365
0.74141 0.28461 0.56952
0.69018 0.24452 0.78615
0.78453 0.17753 0.46246
0.61258 0.23309 0.60754
0.77806 0.20659 0.44735
0.58368 0.25777 0.39713
0.62439 0.20238 0.57750
0.76592 0.22524 0.57711
0.85923 0.25378 0.76432
0.77146 0.24837 0.43578
0.63469 0.22734 0.50496
0.63613 0.23393 0.49727
0.57582 0.26868 0.60787
0.81038 0.23272 0.61025
0.29045 0.26712 0.67938
0.47328 0.23730 0.44513
0.36175 0.25572 0.67679
0.85739 0.27415 0.64644
0.75647 0.23152 0.80022
0.66854 0.23022 0.45579
0.28479 0.22278 0.55891
0.51574 0.24568 0.66896
0.83244 0.25988 0.70953
0.68811 0.26616 0.36635
0.63597 0.24747 0.62546
0.82253 0.20098 0.47681
0.59065 0.22516 0.50446
0.50323 0.28630 0.47663
0.55563 0.24504 0.56044
0.64830 0.23697 0.59202
0.40582 0.25350 0.42736
0.82638 0.19636 0.56383
0.64011 0.23379 0.59029
0.53523 0.25962 0.46752
0.43311 0.23794 0.58881
0.72166 0.20670 0.42808
0.58864 0.21868 0.43340
0.83877 0.29242 0.31781
0.50721 0.24843 0.59851
0.46444 0.19588 0.55318
0.72599 0.23919 0.68084
0.76212 0.19914 0.31456
0.71082 0.24904 0.54811
0.81005 0.29434 0.53665
0.60027 0.28226 0.50865
0.48940 0.26490 0.48836
0.71177 0.21445 0.59093
0.58599 0.29219 0.54276
0.54798 0.24144 0.58512
0.73251 0.29353 0.51495
0.31136 0.23958 0.34860
0.68141 0.25206 0.53219
0.73625 0.29164 0.46235
0.57354 0.19063 0.42904
0.63910 0.25612 0.55019
0.82724 0.22354 0.60216
0.57157 0.19030 0.36803
0.56627 0.24240 0.52568
0.77908 0.29858 0.40278
0.59639 0.24931 0.37929
0.77962 0.20527 0.31144
0.56015 0.26083 0.48034
0.45447 0.22918 0.63684
0.54498 0.24761 0.58162
0.78250 0.24854 0.63654
0.69909 0.26791 0.30023
0.38027 0.24240 0.65478
0.74632 0.27703 0.37736
0.71344 0.23601 0.61390
0.51703 0.23401 0.54504
0.64980 0.27050 0.42226
0.52064 0.30195 0.41651
0.44235 0.28517 0.23496
0.63867 0.18382 0.34716
0.65502 0.21458 0.58838
0.49889 0.21444 0.41338
0.84579 0.27769 0.64573
0.34629 0.23783 0.71930
0.59110 0.24346 0.47844
0.67858 0.30229 0.45413
0.65185 0.29941 0.48457
0.60397 0.22895 0.63221
0.55765 0.27443 0.50214
0.57480 0.26117 0.43284
0.83316 0.26205 0.56348
0.43491 0.25772 0.45850
0.45537 0.21797 0.41266
0.64994 0.25412 0.35055
0.74789 0.25618 0.48406
0.51851 0.25309 0.49224
0.51764 0.25310 0.29281
0.45986 0.24736 0.68863
0.57183 0.31044 0.47349
0.49879 0.24020 0.50298
0.80351 0.22326 0.46401
0.67989 0.29279 0.32668
0.67967 0.23017 0.56522
0.42728 0.24721 0.54963
0.74008 0.23445 0.71663
0.57738 0.24832 0.54966
0.62615 0.17558 0.33036
0.58770 0.22819 0.65769
0.75869 0.26354 0.51617
0.78775 0.23473 0.67018
0.58313 0.24475 0.61976
0.51364 0.25376 0.47937
0.77735 0.28063 0.44205
0.74416 0.29347 0.45343
0.49288 0.28212 0.58083
0.77728 0.22092 0.56383
0.42019 0.25331 0.32834
0.65438 0.29160 0.36189
0.42551 0.24213 0.37086
0.68759 0.26180 0.61821
0.50225 0.23712 0.47406
0.34133 0.26552 0.50133
0.66130 0.17239 0.47536
0.69390 0.27767 0.43465
0.75566 0.24834 0.51242
0.55677 0.22202 0.53230
0.55652 0.25848 0.51607
0.53740 0.28871 0.46008
0.54304 0.20504 0.51272
0.67401 0.18626 0.42196
0.73155 0.31829 0.39634
0.75837 0.21056 0.38880
0.80465 0.27535 0.60191
0.37114 0.25420 0.53395
0.46368 0.23567 0.40580
0.67812 0.26541 0.56820
0.62670 0.26544 0.39314
0.55467 0.19837 0.48409
0.52868 0.23195 0.66977
0.55866 0.22011 0.59251
0.69872 0.20785 0.56891
0.72146 0.26644 0.61978
0.31788 0.24696 0.63818
0.43803 0.25697 0.72006
0.74885 0.23629 0.87497
0.50908 0.23759 0.50235
0.76206 0.18389 0.52299
0.53180 0.26057 0.42133
0.71752 0.25027 0.74546
0.77442 0.28796 0.34223
0.39933 0.25429 0.45133
0.68778 0.20902 0.51879
0.70488 0.23502 0.61028
0.76825 0.26015 0.27949
0.70793 0.16950 0.37426
0.29436 0.23804 0.59112
0.66996 0.26498 0.50487
0.60641 0.30771 0.28466
0.67226 0.27814 0.29454
0.48855 0.27757 0.30966
0.68205 0.21918 0.52967
0.55914 0.24140 0.52214
0.75231 0.27806 0.49784
0.75377 0.28170 0.36344
0.68730 0.21418 0.53104
0.35786 0.22153 0.59147
0.55805 0.24690 0.51108
0.30600 0.24825 0.71425
0.72007 0.28001 0.52619
0.62861 0.23104 0.66427
0.59696 0.20875 0.41418
0.60754 0.20984 0.37659
0.80747 0.24854 0.75315
0.39054 0.24209 0.37975
0.82001 0.26316 0.57208
0.70773 0.22891 0.57378
0.71266 0.25904 0.43236
0.54269 0.23020 0.56573
0.74333 0.22632 0.55593
0.63075 0.26142 0.53520
0.51138 0.22293 0.41130
0.74201 0.30714 0.46337
0.43571 0.26794 0.52081
0.68465 0.31761 0.36246
0.60431 0.31545 0.41490
0.54911 0.21183 0.38601
0.71300 0.21802 0.51626
0.56292 0.25828 0.48716
0.33106 0.26064 0.55709
0.81211 0.26259 0.56466
0.65478 0.25485 0.63601
0.53835 0.25417 0.70110
0.76754 0.19757 0.58742
0.51811 0.24971 0.75397
0.51717 0.24610 0.38596
