20 11 1000 60221 1133
0.04509 0.75266 0.87684
0.59057 0.57143 0.88756
0.92358 0.04262 0.47423
0.59883 0.93765 0.10331
0.97244 0.73158 0.71000
0.10350 0.50047 0.60653
0.26067 0.45942 0.92013
0.76859 0.93505 0.75689
0.65173 0.97737 0.35929
0.45524 0.41622 0.95954
0.12322 0.60306 0.38362
0.55470 0.63103 0.69285
0.52205 0.60283 0.79068
0.58500 0.69985 0.60938
0.45275 0.64730 0.56723
0.46860 0.56399 0.65371
0.43867 0.60888 0.69592
0.43921 0.68841 0.70557
0.62013 0.70484 0.69054
0.36861 0.55410 0.68918
0.53602 0.69932 0.56214
0.55212 0.69059 0.62988
0.64414 0.48455 0.64131
0.54444 0.66791 0.66186
0.65689 0.70354 0.65631
0.39098 0.60539 0.67641
0.46906 0.62153 0.65971
0.46752 0.57289 0.58715
0.47985 0.63394 0.58921
0.58048 0.72332 0.67672
0.51676 0.67626 0.72539
0.55666 0.62032 0.67889
0.60445 0.67431 0.52589
0.40734 0.49402 0.65255
0.68461 0.71258 0.58517
0.47223 0.61529 0.78758
0.37347 0.61327 0.64657
0.35587 0.70008 0.74068
0.57034 0.64201 0.68518
0.43106 0.57934 0.53272
0.44566 0.51455 0.59136
0.57527 0.60953 0.61845
0.44635 0.58792 0.72091
0.56754 0.66450 0.53882
0.39599 0.67850 0.62752
0.52516 0.66955 0.70102
0.58821 0.71336 0.60153
0.61198 0.79171 0.61462
0.55736 0.71283 0.56934
0.59002 0.65536 0.64538
0.53871 0.70086 0.66048
0.48109 0.66033 0.71984
0.54288 0.61634 0.63646
0.62945 0.55856 0.62918
0.49008 0.68582 0.44109
0.63341 0.60484 0.68478
0.56813 0.48278 0.61901
0.62096 0.81582 0.41136
0.39474 0.54119 0.66053
0.46191 0.66358 0.58891
0.44465 0.62293 0.66658
0.40448 0.58115 0.74451
0.44355 0.66436 0.62929
0.42598 0.62441 0.72039
0.64220 0.50825 0.58937
0.41242 0.63515 0.55982
0.39974 0.69325 0.64755
0.48632 0.74296 0.66242
0.51753 0.65352 0.72983
0.41347 0.73293 0.53933
0.61901 0.64944 0.67767
0.51933 0.70425 0.52724
0.49204 0.72516 0.64026
0.62401 0.47014 0.57192
0.47729 0.54804 0.57184
0.54417 0.68074 0.63807
0.51021 0.70444 0.54759
0.32777 0.58298 0.63881
0.35979 0.59220 0.62462
0.35272 0.58399 0.68613
0.55188 0.71596 0.56523
0.58518 0.78486 0.48626
0.66253 0.65752 0.49613
0.45993 0.65748 0.54395
0.47449 0.54400 0.64640
0.52967 0.54527 0.75197
0.69067 0.55246 0.55099
0.51961 0.70943 0.57103
0.32371 0.64398 0.68885
0.54340 0.61636 0.58341
0.59277 0.72247 0.67990
0.50938 0.66077 0.67534
0.37827 0.64383 0.64650
0.47027 0.56771 0.78149
0.32873 0.68113 0.61231
0.53092 0.68484 0.67092
0.64269 0.66460 0.70682
0.50904 0.62466 0.59942
0.44127 0.49497 0.79491
0.46473 0.62465 0.71129
0.61056 0.80678 0.54374
0.57656 0.58626 0.69070
0.48765 0.65228 0.64561
0.50223 0.61135 0.68854
0.54509 0.61187 0.74449
0.45686 0.58981 0.70913
0.30488 0.63699 0.73421
0.53446 0.64601 0.60924
0.46934 0.52163 0.71819
0.53390 0.53543 0.65419
0.55515 0.61860 0.59034
0.64186 0.50797 0.60502
0.49133 0.61293 0.69863
0.52350 0.67710 0.69751
0.39325 0.56499 0.78784
0.30699 0.60705 0.73388
0.51094 0.58527 0.77219
0.50380 0.60273 0.53711
0.44248 0.67882 0.59456
0.38227 0.72388 0.45996
0.55682 0.54683 0.60858
0.74487 0.54339 0.56700
0.39037 0.60968 0.58778
0.51750 0.67561 0.65052
0.53229 0.69709 0.58366
0.38524 0.58953 0.73480
0.36870 0.56570 0.73064
0.43311 0.59234 0.60662
0.43057 0.70784 0.63429
0.44343 0.59001 0.72719
0.40167 0.65254 0.62127
0.53716 0.65886 0.51392
0.47945 0.64332 0.66080
0.36846 0.63153 0.67769
0.43986 0.64543 0.61131
0.53566 0.56178 0.75189
0.53653 0.80387 0.52831
0.44610 0.51517 0.68207
0.70821 0.64783 0.40575
0.60297 0.67053 0.72502
0.49922 0.67059 0.70646
0.54532 0.52658 0.65289
0.58706 0.62698 0.69412
0.58423 0.68975 0.73548
0.58351 0.57871 0.71323
0.55073 0.73458 0.64378
0.63380 0.62483 0.57913
0.58033 0.75283 0.65864
0.58941 0.66445 0.54149
0.34908 0.59653 0.68130
0.62173 0.36289 0.66687
0.32178 0.54885 0.74074
0.57417 0.62908 0.68788
0.46758 0.74046 0.55667
0.52218 0.68820 0.61636
0.46965 0.68529 0.73197
0.59569 0.67040 0.58335
0.61483 0.65880 0.65404
0.54537 0.64090 0.63670
0.63999 0.63073 0.64318
0.42383 0.59449 0.58905
0.41414 0.57855 0.71063
0.47646 0.66931 0.63122
0.45451 0.60189 0.59972
0.56747 0.74647 0.67475
0.42997 0.55331 0.70911
0.46699 0.67769 0.59795
0.47468 0.61508 0.62433
0.57711 0.49572 0.58033
0.61897 0.55185 0.66332
0.41529 0.60783 0.63246
0.47040 0.63359 0.54980
0.39940 0.58776 0.61346
0.62313 0.56922 0.51923
0.40720 0.69723 0.63596
0.51948 0.65207 0.55912
0.55210 0.67249 0.57889
0.52781 0.62666 0.55785
0.36392 0.62217 0.74867
0.29807 0.68159 0.61788
0.54553 0.58540 0.59978
0.37043 0.63286 0.71249
0.50126 0.59667 0.68317
0.29374 0.59309 0.66048
0.49613 0.66310 0.56752
0.53778 0.72693 0.61528
0.48176 0.70149 0.76702
0.55042 0.48382 0.67101
0.44072 0.64761 0.63299
0.39405 0.68876 0.54363
0.51619 0.68467 0.51970
0.48643 0.59571 0.66836
0.72213 0.58586 0.63184
0.63714 0.77036 0.62756
0.45367 0.55023 0.68903
0.49985 0.63987 0.65342
0.51875 0.73872 0.61609
0.59441 0.62340 0.62797
0.39110 0.61867 0.76329
0.53000 0.68258 0.53473
0.44080 0.65552 0.56651
0.40893 0.54096 0.67059
0.60983 0.72721 0.58768
0.56549 0.60100 0.57002
0.58233 0.60102 0.66814
0.61512 0.68600 0.53520
0.61242 0.64056 0.62877
0.53419 0.47186 0.73177
0.36703 0.64950 0.60160
0.42769 0.63316 0.57335
0.35034 0.56605 0.64094
0.36018 0.60046 0.68901
0.68603 0.62684 0.62263
0.52673 0.65804 0.59512
0.59678 0.54938 0.65615
0.60997 0.57874 0.56595
0.34531 0.69028 0.63079
0.62280 0.52039 0.69457
0.59100 0.63991 0.69008
0.44791 0.79351 0.52220
0.44338 0.59122 0.69824
0.46272 0.66185 0.54614
0.43654 0.64815 0.63179
0.47974 0.69575 0.45820
0.53117 0.46228 0.68365
0.45843 0.55024 0.56085
0.51893 0.59848 0.71002
0.55102 0.70399 0.66890
0.60710 0.48531 0.56995
0.51308 0.55702 0.74521
0.46490 0.68059 0.64853
0.40147 0.50288 0.67729
0.59362 0.74145 0.52251
0.50494 0.53510 0.72842
0.57188 0.56583 0.64033
0.45996 0.75344 0.59318
0.55929 0.75762 0.65912
0.53073 0.66818 0.64569
0.52343 0.55237 0.75740
0.48734 0.58361 0.55309
0.47262 0.61130 0.68145
0.50766 0.63170 0.75250
0.50410 0.62560 0.55587
0.44832 0.44665 0.68227
0.41485 0.57010 0.74636
0.58222 0.52438 0.58878
0.51371 0.72562 0.53256
0.47540 0.66676 0.71562
0.54041 0.40550 0.60734
0.51008 0.66397 0.71976
0.23830 0.62573 0.68568
0.45764 0.62147 0.59555
0.48197 0.70374 0.66983
0.49741 0.58715 0.58305
0.54659 0.69932 0.67770
0.52715 0.58077 0.56100
0.48991 0.62663 0.66382
0.57492 0.77555 0.61452
0.38690 0.66243 0.69552
0.44099 0.69798 0.74097
0.60141 0.68569 0.65424
0.71035 0.81467 0.53291
0.39292 0.62509 0.78085
0.37464 0.56689 0.64902
0.32776 0.68884 0.59617
0.60238 0.42884 0.62682
0.68148 0.78835 0.69652
0.42674 0.70864 0.62281
0.51189 0.69113 0.52939
0.61436 0.64205 0.71462
0.57396 0.66374 0.64514
0.52654 0.59937 0.66511
0.48867 0.72839 0.37819
0.50129 0.69235 0.62256
0.58440 0.69220 0.58571
0.54727 0.65525 0.68968
0.47304 0.69063 0.71959
0.31602 0.54687 0.60249
0.23091 0.66396 0.55308
0.57585 0.74885 0.61592
0.51526 0.70469 0.68263
0.43833 0.70896 0.62165
0.57510 0.75102 0.66198
0.33797 0.63277 0.50611
0.65876 0.53447 0.69296
0.51476 0.80214 0.67054
0.57322 0.56299 0.63881
0.47911 0.58499 0.64644
0.53113 0.59945 0.55046
0.37849 0.62307 0.59880
0.60753 0.72793 0.66517
0.56198 0.59527 0.60545
0.39184 0.63603 0.59275
0.54337 0.60677 0.59986
0.41509 0.75616 0.54878
0.38239 0.63581 0.67381
0.29959 0.64807 0.70708
0.41052 0.59241 0.68105
0.54617 0.65697 0.53834
0.57611 0.62870 0.59922
0.35008 0.56747 0.74438
0.48011 0.53918 0.74322
0.52834 0.68791 0.51158
0.48789 0.60174 0.55921
0.29199 0.57692 0.65757
0.50895 0.60149 0.55035
0.41065 0.67211 0.65000
0.58096 0.69870 0.59912
0.50588 0.54504 0.63126
0.56158 0.65029 0.62333
0.42417 0.61531 0.54163
0.29940 0.65288 0.45314
0.56194 0.56598 0.74886
0.64870 0.78567 0.45067
0.39049 0.61611 0.59097
0.39897 0.63230 0.65770
0.54720 0.60872 0.71967
0.35301 0.59388 0.80031
0.46292 0.70726 0.67037
0.66668 0.59239 0.60622
0.35678 0.62651 0.60406
0.36744 0.69977 0.76925
0.48510 0.72321 0.62203
0.50516 0.72329 0.61933
0.42519 0.58485 0.64286
0.40041 0.70873 0.68233
0.49109 0.64158 0.60468
0.37323 0.66329 0.72801
0.53232 0.61674 0.71508
0.45436 0.60917 0.67195
0.57832 0.63742 0.65203
0.53153 0.64507 0.56116
0.62623 0.69073 0.60155
0.39440 0.65808 0.59488
0.44803 0.70221 0.60306
0.54537 0.65068 0.75140
0.50593 0.54171 0.69355
0.68434 0.62021 0.63016
0.65801 0.51147 0.60558
0.45016 0.61101 0.60767
0.37395 0.65029 0.60857
0.43988 0.60703 0.59439
0.61032 0.66781 0.72444
0.51782 0.52178 0.70351
0.57966 0.71293 0.51690
0.61175 0.57466 0.63063
0.46697 0.56325 0.64397
0.59087 0.70035 0.69011
0.44042 0.59858 0.69914
0.64209 0.76450 0.62842
0.58527 0.59658 0.74216
0.34646 0.66050 0.65777
0.47156 0.51029 0.48170
0.63055 0.63823 0.61918
0.54034 0.68128 0.59503
0.29542 0.51341 0.70014
0.33407 0.69655 0.58385
0.52675 0.52053 0.57740
0.56612 0.76338 0.57543
0.48756 0.59157 0.72984
0.39495 0.61970 0.63682
0.46882 0.56969 0.69102
0.67145 0.58372 0.56229
0.35963 0.58628 0.56005
0.50889 0.61207 0.68244
0.55776 0.52261 0.68208
0.50033 0.65777 0.70841
0.32209 0.63490 0.58479
0.45785 0.70400 0.52242
0.48832 0.49992 0.62177
0.58911 0.75272 0.52359
0.52641 0.56543 0.56883
0.39834 0.62000 0.61554
0.49864 0.66568 0.70296
0.57924 0.61678 0.67779
0.35691 0.48971 0.66523
0.37975 0.53664 0.68316
0.60030 0.56033 0.65405
0.42249 0.65719 0.48526
0.46218 0.47650 0.54491
0.54011 0.76845 0.60728
0.62561 0.66229 0.59328
0.52018 0.70475 0.52975
0.60796 0.71753 0.75190
0.44179 0.66688 0.53088
0.53051 0.66837 0.80298
0.37681 0.56832 0.52249
0.48615 0.65129 0.55339
0.46969 0.63007 0.72223
0.48926 0.60463 0.66151
0.66145 0.42100 0.62835
0.45174 0.61266 0.73178
0.54764 0.58787 0.56242
0.54050 0.64964 0.53624
0.43316 0.73588 0.56215
0.51252 0.63285 0.59304
0.27386 0.56044 0.72953
0.29027 0.61829 0.49324
0.43945 0.61666 0.69324
0.43273 0.75873 0.53160
0.54828 0.53607 0.58765
0.51512 0.67085 0.62668
0.59450 0.54143 0.73425
0.47657 0.70555 0.59315
0.65926 0.58854 0.65043
0.62044 0.57570 0.59251
0.41650 0.70831 0.61475
0.36880 0.60280 0.63179
0.61270 0.73405 0.69691
0.53958 0.70203 0.64067
0.53751 0.69548 0.68078
0.42006 0.57602 0.58668
0.46588 0.64023 0.60480
0.47788 0.66283 0.69169
0.62208 0.51449 0.70374
0.52052 0.70711 0.67675
0.39664 0.59469 0.63627
0.47264 0.65999 0.67901
0.53940 0.61890 0.74694
0.70207 0.29635 0.59153
0.41608 0.54604 0.55982
0.53783 0.69639 0.62857
0.44036 0.64829 0.56231
0.36241 0.61107 0.61290
0.46592 0.64066 0.74779
0.42334 0.69707 0.74521
0.33884 0.57733 0.63887
0.43565 0.51606 0.75825
0.54369 0.62845 0.67452
0.55235 0.62046 0.49283
0.26861 0.59445 0.71596
0.53531 0.74581 0.60939
0.53404 0.55774 0.65370
0.52772 0.63623 0.64801
0.52178 0.65055 0.57703
0.51695 0.62892 0.69510
0.53019 0.67130 0.61466
0.45042 0.68462 0.60650
0.50639 0.68756 0.70581
0.49605 0.71923 0.61621
0.49248 0.55433 0.73767
0.59355 0.60886 0.52141
0.44506 0.60836 0.54394
0.39411 0.61034 0.69186
0.51382 0.69253 0.71866
0.36872 0.62365 0.80730
0.53431 0.70155 0.65261
0.56608 0.70217 0.56628
0.68060 0.78036 0.57342
0.60831 0.52343 0.47605
0.48899 0.68543 0.61080
0.33130 0.62610 0.72224
0.71646 0.41701 0.67854
0.50246 0.65214 0.57782
0.43729 0.67037 0.53698
0.47045 0.62392 0.69514
0.50050 0.54501 0.73738
0.44425 0.66266 0.64675
0.52529 0.65569 0.62010
0.56444 0.65926 0.65163
0.51986 0.70742 0.56842
0.50516 0.47856 0.61139
0.49237 0.70951 0.56889
0.41260 0.58867 0.67966
0.58458 0.70310 0.64663
0.39712 0.63407 0.73203
0.45771 0.59731 0.69643
0.71958 0.52872 0.64027
0.37959 0.57938 0.69475
0.41809 0.68209 0.58182
0.60507 0.71289 0.57650
0.58093 0.70002 0.66040
0.46406 0.62537 0.71055
0.54796 0.74194 0.56892
0.38648 0.54729 0.78098
0.42480 0.55333 0.58780
0.40032 0.67301 0.65949
0.50471 0.64628 0.74684
0.66796 0.63838 0.63028
0.66533 0.33109 0.56265
0.53168 0.51772 0.64202
0.49902 0.64946 0.66081
0.33020 0.58430 0.71323
0.40677 0.63631 0.65463
0.44521 0.65697 0.59676
0.35275 0.74568 0.63692
0.45970 0.64098 0.76779
0.51218 0.54125 0.63593
0.71011 0.44922 0.62936
0.61579 0.68243 0.56983
0.35324 0.61796 0.62354
0.45528 0.63294 0.72171
0.51212 0.69931 0.67461
0.54362 0.67740 0.58718
0.53067 0.58251 0.71531
0.39618 0.68354 0.60181
0.58114 0.38329 0.63663
0.49094 0.60324 0.65496
0.49225 0.61337 0.58299
0.61478 0.70345 0.66381
0.53419 0.65559 0.56504
0.51819 0.71733 0.58558
0.66911 0.57476 0.62104
0.49090 0.47304 0.65945
0.57077 0.76673 0.48354
0.46079 0.65383 0.53437
0.43012 0.69050 0.54497
0.47464 0.63878 0.57136
0.55331 0.71883 0.70707
0.47851 0.61840 0.71253
0.43124 0.74331 0.65639
0.40772 0.71096 0.54104
0.52245 0.56135 0.61912
0.39433 0.56426 0.59631
0.31203 0.72058 0.53430
0.43747 0.61692 0.70214
0.56350 0.55257 0.59147
0.47490 0.63756 0.61096
0.39438 0.66869 0.67624
0.56624 0.73624 0.67614
0.58130 0.69532 0.61766
0.54962 0.66072 0.60013
0.51386 0.69100 0.70976
0.52942 0.62794 0.64283
0.54469 0.67650 0.54707
0.38649 0.63109 0.66122
0.41323 0.68033 0.73238
0.49637 0.67878 0.70957
0.40468 0.70795 0.56215
0.49313 0.64669 0.70925
0.66184 0.77450 0.66362
0.48074 0.69240 0.68297
0.47472 0.68577 0.67338
0.41303 0.53628 0.73927
0.59578 0.58848 0.52679
0.40796 0.57696 0.70128
0.49759 0.59448 0.77506
0.30000 0.62483 0.71313
0.43025 0.58726 0.65316
0.38817 0.69100 0.71999
0.48884 0.49303 0.67942
0.37400 0.47969 0.66020
0.59141 0.74270 0.55941
0.55131 0.57777 0.73937
0.45851 0.51637 0.64983
0.50612 0.80415 0.45634
0.45819 0.62420 0.59043
0.49345 0.53443 0.63782
0.52965 0.64769 0.58443
0.34067 0.56770 0.62496
0.45353 0.62167 0.67205
0.50208 0.63709 0.64637
0.41401 0.60631 0.68868
0.51990 0.52373 0.59149
0.65605 0.51371 0.62276
0.57835 0.51966 0.60540
0.48467 0.54082 0.68449
0.44931 0.66813 0.69360
0.52272 0.52580 0.69252
0.67200 0.73217 0.65230
0.54307 0.71691 0.62210
0.45685 0.58232 0.78993
0.39197 0.68177 0.71178
0.41607 0.58856 0.71484
0.48612 0.70617 0.56205
0.49233 0.56319 0.67798
0.50821 0.55901 0.64268
0.57984 0.69738 0.57164
0.53494 0.62582 0.61490
0.57907 0.68552 0.61953
0.58180 0.59277 0.66261
0.32434 0.58808 0.61047
0.42778 0.60844 0.59562
0.40715 0.63139 0.67649
0.58439 0.54860 0.67872
0.25096 0.55500 0.59570
0.67648 0.71416 0.68329
0.53663 0.62793 0.56660
0.65608 0.56157 0.48374
0.62829 0.54446 0.65134
0.48034 0.70483 0.55527
0.49860 0.66201 0.61904
0.52858 0.49821 0.73505
0.45789 0.60131 0.66330
0.47594 0.64856 0.67286
0.48061 0.63411 0.61405
0.58094 0.77988 0.51938
0.58658 0.69968 0.66572
0.55050 0.68207 0.70571
0.48192 0.64071 0.64937
0.48496 0.57225 0.65197
0.47012 0.68463 0.64461
0.44610 0.63722 0.61128
0.46093 0.60597 0.58700
0.51195 0.71523 0.61586
0.45953 0.61498 0.55058
0.44318 0.64765 0.60986
0.50776 0.71258 0.59614
0.50939 0.70661 0.58169
0.51978 0.58076 0.64396
0.52259 0.60595 0.53304
0.54836 0.59522 0.67880
0.50039 0.72241 0.66183
0.49393 0.62683 0.62685
0.43956 0.59670 0.69275
0.36496 0.58635 0.74521
0.53731 0.65648 0.60382
0.53140 0.79699 0.54973
0.41439 0.66479 0.62687
0.49247 0.64745 0.54173
0.45024 0.65134 0.54923
0.43503 0.71543 0.58399
0.52529 0.53951 0.72016
0.43735 0.68169 0.52437
0.56061 0.76908 0.46263
0.59095 0.60355 0.61263
0.31041 0.62051 0.60448
0.50022 0.57846 0.56772
0.55261 0.70161 0.55448
0.49607 0.64341 0.70543
0.56308 0.63525 0.65188
0.53610 0.67318 0.65331
0.55110 0.70679 0.59525
0.45230 0.75696 0.72565
0.56575 0.64109 0.58230
0.49494 0.65725 0.69396
0.41157 0.70583 0.64968
0.46098 0.69727 0.59780
0.50070 0.62054 0.70150
0.52796 0.67984 0.69479
0.36309 0.70818 0.62002
0.52298 0.60446 0.76309
0.53882 0.74463 0.55748
0.63301 0.70931 0.63576
0.41592 0.64723 0.55130
0.54260 0.60394 0.62365
0.50765 0.69716 0.59669
0.56517 0.61965 0.48345
0.40034 0.62237 0.61153
0.35062 0.63458 0.63965
0.58500 0.65036 0.50000
0.54698 0.49604 0.64690
0.57793 0.62368 0.73021
0.58023 0.82383 0.47935
0.59391 0.61687 0.58574
0.50019 0.62151 0.59145
0.58120 0.55972 0.52638
0.47461 0.78198 0.69030
0.40724 0.66921 0.56420
0.54581 0.55518 0.68253
0.45771 0.66591 0.68293
0.46506 0.54726 0.78056
0.52724 0.63768 0.58467
0.46709 0.66255 0.51351
0.49138 0.57596 0.79561
0.48248 0.75520 0.61246
0.57486 0.63499 0.76556
0.59870 0.62909 0.63310
0.42253 0.68505 0.75316
0.46852 0.54164 0.71260
0.44435 0.60617 0.68825
0.44247 0.53884 0.71814
0.54370 0.71501 0.64788
0.52299 0.48086 0.55207
0.33220 0.69847 0.67034
0.61735 0.53795 0.72665
0.45185 0.70316 0.46907
0.54767 0.66230 0.67551
0.61562 0.58252 0.67014
0.59383 0.47561 0.61685
0.47944 0.59627 0.66943
0.56198 0.59367 0.67209
0.70287 0.76450 0.70077
0.42682 0.64341 0.60629
0.50913 0.78826 0.57906
0.48500 0.59758 0.56902
0.43650 0.66053 0.71111
0.51708 0.62353 0.70057
0.54089 0.59694 0.65680
0.55190 0.61070 0.62942
0.38926 0.63470 0.58175
0.39390 0.52416 0.64583
0.61383 0.52211 0.64433
0.62627 0.65828 0.68900
0.44256 0.59030 0.59851
0.44119 0.57716 0.75887
0.49615 0.52399 0.61588
0.34439 0.52671 0.70376
0.35378 0.63200 0.63975
0.44787 0.63551 0.56733
0.68604 0.43461 0.59085
0.45499 0.63607 0.55669
0.56305 0.65117 0.66219
0.49544 0.60110 0.61509
0.66107 0.72264 0.71542
0.46559 0.70756 0.56644
0.43053 0.62028 0.64094
0.51712 0.55241 0.60846
0.42792 0.69244 0.66924
0.49110 0.66111 0.70973
0.52955 0.66180 0.66278
0.59147 0.52032 0.69187
0.58884 0.71488 0.67892
0.51315 0.75454 0.55166
0.60627 0.69734 0.70304
0.62179 0.66686 0.54132
0.27798 0.52223 0.63623
0.53907 0.69043 0.69247
0.44384 0.70211 0.72085
0.53156 0.61720 0.71803
0.56852 0.68486 0.54561
0.51374 0.67478 0.66258
0.55949 0.72297 0.56069
0.58850 0.66437 0.55486
0.38026 0.72874 0.59092
0.56031 0.44464 0.56707
0.56284 0.61382 0.61238
0.26975 0.61755 0.74894
0.64531 0.53049 0.64928
0.63120 0.68687 0.49133
0.50136 0.64041 0.66174
0.64474 0.64470 0.71134
0.32900 0.65160 0.49176
0.41060 0.48775 0.75085
0.46886 0.70983 0.50131
0.50250 0.70263 0.67450
0.54730 0.71011 0.61145
0.44774 0.62630 0.76612
0.50369 0.57922 0.58067
0.36768 0.63521 0.61935
0.57012 0.69470 0.60468
0.51520 0.75675 0.65558
0.44590 0.62301 0.68553
0.50725 0.65752 0.67136
0.49119 0.56262 0.62667
0.37006 0.57032 0.77851
0.52904 0.74128 0.58797
0.41996 0.74500 0.58818
0.55554 0.52018 0.64362
0.58786 0.70377 0.66764
0.42475 0.64457 0.63545
0.60287 0.69820 0.57911
0.48057 0.65040 0.56928
0.53191 0.56911 0.73512
0.47587 0.58858 0.77199
0.52506 0.48832 0.55945
0.36016 0.69931 0.67330
0.40954 0.59552 0.66918
0.51927 0.67345 0.72087
0.39627 0.65869 0.63786
0.43968 0.52110 0.62777
0.60967 0.62906 0.61978
0.59121 0.66922 0.73634
0.64740 0.53390 0.56103
0.55431 0.65200 0.65348
0.59214 0.64936 0.57150
0.52355 0.55065 0.52920
0.33812 0.59127 0.72558
0.46106 0.78650 0.58084
0.47807 0.61847 0.60517
0.58905 0.72159 0.70163
0.47151 0.63844 0.60412
0.60730 0.78611 0.66498
0.59264 0.66039 0.65946
0.57022 0.65574 0.59919
0.29554 0.65583 0.69909
0.58768 0.72775 0.66399
0.46674 0.58744 0.71470
0.42360 0.58154 0.69728
0.38769 0.58239 0.77319
0.53907 0.56035 0.73518
0.47768 0.47457 0.64499
0.75466 0.67629 0.58611
0.50630 0.62901 0.69803
0.50858 0.69859 0.60927
0.47313 0.70816 0.61035
0.50878 0.59272 0.66028
0.46096 0.67713 0.67946
0.42670 0.71777 0.43665
0.54013 0.68421 0.57168
0.48814 0.53591 0.68153
0.63253 0.56216 0.61741
0.72636 0.68082 0.67299
0.40953 0.59584 0.70249
0.27378 0.64008 0.53974
0.56258 0.68148 0.74799
0.33599 0.61588 0.66688
0.54382 0.64314 0.56755
0.45002 0.52419 0.66597
0.39421 0.58101 0.67253
0.47377 0.47822 0.62185
0.63130 0.41427 0.69839
0.44601 0.63787 0.64961
0.27721 0.56331 0.66381
0.58130 0.56058 0.74200
0.44903 0.71563 0.45306
0.55278 0.65565 0.63287
0.53451 0.78634 0.58474
0.65836 0.59863 0.64235
0.44110 0.49743 0.56945
0.61614 0.54020 0.62466
0.40745 0.66829 0.65679
0.53488 0.62390 0.55927
0.48923 0.55191 0.60759
0.53688 0.48098 0.67464
0.58100 0.57758 0.66329
0.28821 0.63263 0.74899
0.64299 0.68313 0.52956
0.53324 0.58929 0.60533
0.54343 0.68617 0.46631
0.54871 0.75276 0.64179
0.45417 0.63971 0.67456
0.63322 0.64122 0.61235
0.31771 0.63701 0.59661
0.56824 0.51538 0.62502
0.56633 0.56831 0.50817
0.43587 0.68393 0.57047
0.39585 0.59866 0.55373
0.73069 0.55644 0.68444
0.43748 0.62888 0.64586
0.37455 0.73232 0.65397
0.39896 0.64851 0.61407
0.73430 0.57710 0.60819
0.55930 0.71279 0.61348
0.54536 0.59437 0.72584
0.55214 0.71386 0.65413
0.52407 0.53876 0.67598
0.50620 0.60984 0.53669
0.58988 0.70205 0.67719
0.42634 0.63500 0.75016
0.64414 0.69555 0.54556
0.50519 0.67518 0.62098
0.43712 0.54953 0.55756
0.54359 0.59034 0.54582
0.28698 0.61240 0.76164
0.58836 0.75531 0.77157
0.46074 0.68461 0.67249
0.43295 0.67496 0.55985
0.67270 0.58451 0.69013
0.71914 0.56038 0.66674
0.53349 0.74864 0.56866
0.57641 0.59539 0.65112
0.49555 0.62989 0.70805
0.69135 0.56844 0.49131
0.55298 0.64547 0.66036
0.58738 0.62067 0.73728
0.71359 0.62054 0.53931
0.53397 0.68400 0.61220
0.53501 0.68806 0.62486
0.42735 0.52996 0.82380
0.40349 0.59968 0.66557
0.43624 0.61766 0.57170
0.48865 0.57366 0.64807
0.45921 0.64883 0.65626
0.59880 0.60456 0.78876
0.49672 0.74785 0.50730
0.34703 0.59333 0.61141
0.47012 0.64371 0.70876
0.51655 0.54394 0.63046
0.46164 0.68498 0.65292
0.52943 0.72808 0.60032
0.45757 0.71394 0.58798
0.43650 0.61981 0.69466
0.40358 0.56775 0.66399
0.46004 0.72917 0.53910
0.44274 0.60435 0.74200
0.44207 0.62816 0.51856
0.48250 0.69890 0.70186
0.35509 0.65887 0.75970
0.51999 0.62375 0.67708
0.41663 0.58410 0.66829
0.63585 0.45584 0.64594
0.37672 0.62497 0.72043
0.36147 0.61546 0.59193
0.64677 0.75685 0.71157
0.47855 0.74614 0.65426
0.41619 0.62375 0.72546
0.56210 0.67196 0.66710
0.62473 0.80707 0.56944
0.56499 0.65117 0.62874
0.28974 0.64309 0.63804
0.62407 0.62205 0.65628
0.42103 0.51330 0.66964
0.52099 0.69720 0.65237
0.47075 0.72592 0.59418
0.47560 0.71072 0.45492
0.56049 0.64112 0.66571
0.28538 0.61994 0.53930
0.47329 0.72966 0.54070
0.62521 0.56108 0.58921
0.37455 0.56368 0.63420
0.47229 0.49743 0.64168
0.52568 0.52544 0.58301
0.50998 0.48606 0.57643
0.42865 0.64816 0.70056
0.40003 0.60263 0.64293
0.46967 0.56650 0.69830
0.67641 0.77911 0.64282
0.51263 0.72812 0.58803
0.59183 0.61133 0.62021
0.53507 0.67911 0.64595
0.44336 0.68619 0.47875
0.51117 0.58589 0.50049
0.54030 0.67869 0.64827
0.26192 0.63155 0.70125
0.64088 0.71262 0.49122
0.51751 0.75966 0.46762
0.41402 0.70513 0.55984
0.28906 0.59195 0.64276
0.59897 0.61278 0.48796
0.58371 0.76343 0.60758
0.44167 0.67206 0.59149
0.53593 0.60547 0.61786
0.37429 0.63400 0.72629
0.64369 0.73027 0.67107
0.58379 0.36179 0.62580
0.55524 0.65030 0.68338
0.43278 0.58871 0.60058
0.52625 0.63391 0.74296
0.44285 0.68453 0.53613
0.50581 0.63387 0.63911
0.71729 0.77882 0.56263
0.47085 0.63852 0.70856
0.41467 0.61074 0.68614
0.44606 0.57988 0.72399
0.41936 0.66240 0.61505
0.48746 0.63436 0.67259
0.42138 0.55332 0.53477
0.35925 0.71168 0.59299
0.30622 0.69754 0.68140
0.59827 0.53293 0.65220
0.38136 0.68265 0.61618
0.55409 0.59032 0.68701
0.40227 0.61149 0.69370
0.54586 0.65165 0.63294
0.31080 0.69537 0.60202
0.57156 0.68906 0.55027
0.53945 0.70735 0.51575
0.39563 0.64463 0.69980
0.70477 0.57006 0.48867
0.50942 0.61300 0.64924
0.37907 0.70872 0.66590
0.47883 0.78812 0.58824
0.61285 0.63802 0.57324
0.36782 0.73715 0.67344
0.64815 0.72384 0.61455
0.55304 0.62303 0.65555
0.50098 0.63037 0.60718
0.61393 0.72609 0.59421
0.58160 0.62389 0.75356
0.54986 0.74420 0.59000
0.61756 0.68267 0.74262
0.58927 0.63343 0.51741
0.61251 0.53684 0.64947
0.53510 0.72044 0.69403
0.52379 0.64449 0.66043
0.60343 0.62319 0.67173
0.50874 0.64472 0.53518
0.55067 0.56027 0.67716
0.51262 0.69098 0.65197
0.32930 0.59274 0.59881
0.57305 0.56538 0.75228
0.53431 0.54162 0.72704
0.55340 0.63117 0.66450
0.47527 0.68255 0.70298
0.63019 0.65682 0.65483
0.64983 0.56664 0.63204
0.37075 0.61223 0.66453
0.43784 0.69686 0.62792
0.33654 0.66612 0.63911
0.41741 0.72805 0.61642
0.49549 0.55880 0.72561
0.55132 0.79093 0.58106
0.47388 0.58604 0.70525
0.67055 0.65163 0.54017
0.45578 0.55812 0.55968
0.25815 0.60311 0.51846
0.36092 0.66825 0.69795
0.49294 0.65419 0.58644
0.59397 0.45195 0.58458
0.52695 0.64052 0.70509
0.44634 0.60904 0.64476
0.48294 0.62195 0.57875
0.45488 0.63467 0.53086
0.46182 0.66082 0.57392
0.49083 0.67036 0.64577
0.52923 0.72800 0.66116
0.38403 0.66524 0.71999
0.37494 0.64124 0.50807
0.47779 0.56612 0.74467
0.59076 0.69079 0.65544
0.40790 0.54791 0.74996
0.43094 0.60746 0.62683
0.45102 0.63142 0.74093
0.64132 0.44596 0.56872
0.56377 0.53601 0.60575
0.56431 0.57012 0.62293
0.51535 0.70983 0.66917
0.38573 0.63533 0.58695
0.50218 0.76233 0.49917
0.39616 0.67908 0.70871
0.52756 0.69019 0.77866
0.42707 0.69016 0.58767
0.69863 0.47698 0.57593
0.59173 0.65980 0.63264
0.43701 0.66851 0.68827
0.52324 0.75445 0.45420
0.51995 0.57034 0.60298
0.65873 0.72543 0.67900
0.54586 0.60095 0.64366
0.65423 0.73089 0.51336
