20 5 1000 16947 9064
0.93285 0.97569 0.73941
0.21591 0.72348 0.59805
0.80867 0.74947 0.14699
0.16739 0.63734 0.33956
0.20293 0.08917 0.51276
0.54550 0.55667 0.31865
0.72710 0.79101 0.44599
0.24598 0.46021 0.40750
0.60331 0.66846 0.36078
0.66958 0.82251 0.54162
0.34603 0.68539 0.36347
0.38948 0.52688 0.53388
0.36845 0.68647 0.47477
0.29915 0.66275 0.53802
0.60342 0.64117 0.61941
0.43985 0.73526 0.44563
0.47606 0.62792 0.33404
0.24491 0.63483 0.45161
0.38024 0.70527 0.53138
0.36664 0.64419 0.36616
0.48744 0.58298 0.54145
0.31851 0.37620 0.48434
0.65126 0.72319 0.65797
0.27303 0.63471 0.49235
0.60304 0.75592 0.64455
0.49454 0.70107 0.55361
0.51697 0.55364 0.46829
0.67282 0.81224 0.47314
0.46486 0.55829 0.41163
0.31058 0.70107 0.46462
0.35938 0.65572 0.48461
0.40828 0.61039 0.48652
0.42165 0.35660 0.44634
0.46487 0.75001 0.59730
0.62275 0.73726 0.44950
0.32658 0.60257 0.47959
0.22606 0.64708 0.53646
0.41960 0.69270 0.39684
0.48882 0.51844 0.57182
0.49404 0.67092 0.56828
0.39287 0.50919 0.44561
0.26565 0.42654 0.39829
0.58648 0.73624 0.31506
0.70994 0.74649 0.33914
0.37099 0.65265 0.37725
0.44664 0.46871 0.39290
0.37419 0.59913 0.51365
0.68990 0.73926 0.23501
0.44714 0.74117 0.47084
0.40620 0.41601 0.43417
0.60994 0.70936 0.43570
0.30913 0.68558 0.42041
0.33250 0.59893 0.38608
0.34600 0.53808 0.53012
0.52057 0.60951 0.35688
0.21537 0.63205 0.38458
0.76063 0.87822 0.59003
0.55469 0.75565 0.47796
0.57204 0.74369 0.34346
0.52522 0.74119 0.46289
0.38393 0.53486 0.45235
0.57599 0.58275 0.30536
0.33428 0.39970 0.45120
0.47439 0.61218 0.49214
0.26317 0.36948 0.45542
0.24571 0.44208 0.44569
0.72371 0.85522 0.56582
0.56145 0.61594 0.50539
0.39975 0.67332 0.51008
0.49183 0.72603 0.44544
0.53233 0.74891 0.53508
0.49919 0.59720 0.60775
0.59548 0.68237 0.38111
0.51994 0.55513 0.46639
0.53750 0.64221 0.46374
0.36731 0.72701 0.47880
0.83242 0.90486 0.62096
0.52078 0.74185 0.44592
0.37041 0.66485 0.33984
0.56589 0.67023 0.53676
0.47141 0.58298 0.51970
0.50700 0.56293 0.54856
0.49326 0.77197 0.49744
0.61647 0.73642 0.59792
0.43148 0.74053 0.50232
0.50843 0.65424 0.39838
0.38285 0.60170 0.40184
0.41020 0.49440 0.47277
0.35354 0.69606 0.38466
0.44475 0.58999 0.40965
0.55037 0.62265 0.49930
0.77406 0.82766 0.56510
0.34811 0.63284 0.51224
0.49218 0.73506 0.57191
0.51765 0.71826 0.43227
0.46670 0.63003 0.55410
0.26237 0.64201 0.55842
0.50636 0.50468 0.49062
0.51674 0.72544 0.53762
0.67421 0.85754 0.61162
0.74539 0.82786 0.49205
0.48319 0.72443 0.40940
0.30333 0.68739 0.51375
0.36105 0.57156 0.39661
0.43012 0.54762 0.42980
0.34278 0.48336 0.52094
0.34277 0.46605 0.45557
0.38770 0.59129 0.40407
0.49476 0.65455 0.36544
0.35094 0.64097 0.46194
0.79521 0.75386 0.22572
0.65037 0.64211 0.42969
0.60571 0.67284 0.30888
0.48458 0.67136 0.47718
0.51371 0.71389 0.31863
0.49502 0.62806 0.35553
0.25700 0.53000 0.38684
0.38403 0.57742 0.50106
0.61414 0.73645 0.49071
0.70763 0.71133 0.56853
0.50771 0.49207 0.41835
0.40580 0.72283 0.42294
0.28715 0.60684 0.40058
0.40773 0.35834 0.54836
0.52802 0.68726 0.29535
0.71995 0.79484 0.47430
0.57950 0.70563 0.42602
0.33285 0.48176 0.51354
0.36729 0.39853 0.43917
0.38497 0.72594 0.50368
0.55651 0.79955 0.61819
0.43120 0.62901 0.46894
0.59698 0.74560 0.32495
0.53667 0.68210 0.34728
0.72341 0.86313 0.59458
0.23158 0.61150 0.35444
0.36967 0.71660 0.42942
0.53740 0.69548 0.42486
0.45681 0.64719 0.47760
0.71612 0.86707 0.65366
0.68823 0.71152 0.22481
0.71470 0.85153 0.63663
0.29632 0.49153 0.48219
0.36794 0.70549 0.46048
0.48051 0.75021 0.54242
0.58985 0.65393 0.38510
0.45294 0.65968 0.57809
0.52076 0.73773 0.49739
0.35411 0.66215 0.48252
0.48300 0.50725 0.52275
0.52892 0.71897 0.45430
0.49460 0.61498 0.39402
0.61408 0.74659 0.39750
0.44298 0.45095 0.36423
0.42585 0.61334 0.44650
0.55511 0.66088 0.41407
0.35163 0.29848 0.45773
0.54034 0.63434 0.28009
0.49401 0.63588 0.39414
0.36028 0.53399 0.33941
0.54623 0.70457 0.34288
0.50417 0.65202 0.42145
0.18855 0.54855 0.40482
0.23541 0.44437 0.45922
0.59835 0.75780 0.40576
0.54370 0.67163 0.39455
0.49555 0.67054 0.40775
0.72549 0.79337 0.66664
0.32918 0.52752 0.58206
0.35299 0.37179 0.43457
0.26439 0.52999 0.53062
0.35849 0.65018 0.42702
0.83869 0.91554 0.67862
0.57283 0.69745 0.54802
0.58224 0.80559 0.60066
0.53744 0.71076 0.61316
0.27758 0.64926 0.56896
0.49000 0.74608 0.46478
0.59932 0.72311 0.52196
0.28429 0.42491 0.43921
0.42145 0.72157 0.44293
0.59025 0.75225 0.60074
0.40384 0.40829 0.53947
0.47566 0.50543 0.57498
0.65803 0.79142 0.62680
0.72762 0.86011 0.58373
0.50360 0.52900 0.33436
0.37653 0.59152 0.45614
0.29193 0.64486 0.51262
0.61515 0.67726 0.48001
0.42996 0.71670 0.43911
0.38964 0.62849 0.48778
0.40403 0.66409 0.43306
0.58882 0.70545 0.37805
0.47727 0.60533 0.39124
0.69847 0.80195 0.53483
0.36499 0.51347 0.39547
0.44931 0.51310 0.48656
0.30567 0.53248 0.40693
0.46652 0.41703 0.43175
0.67413 0.72098 0.43182
0.51418 0.74476 0.50741
0.28984 0.66134 0.31476
0.41473 0.63256 0.42865
0.34527 0.47348 0.50253
0.43265 0.39043 0.36566
0.40279 0.72797 0.45920
0.33517 0.60213 0.51303
0.28224 0.58453 0.42068
0.34988 0.63346 0.49170
0.42340 0.69632 0.50389
0.35674 0.61072 0.45907
0.34840 0.67794 0.53746
0.44782 0.68357 0.52836
0.48089 0.78976 0.59149
0.53742 0.80009 0.54170
0.53514 0.53001 0.35248
0.28800 0.30438 0.50173
0.65139 0.77866 0.45673
0.57837 0.74358 0.34519
0.37388 0.67795 0.50657
0.63094 0.64758 0.58949
0.61807 0.65847 0.27716
0.28297 0.69839 0.49978
0.46129 0.75220 0.57869
0.48406 0.65196 0.51901
0.40767 0.63601 0.37758
0.36186 0.50077 0.45044
0.26996 0.33778 0.48828
0.49650 0.68700 0.47096
0.31295 0.52957 0.51583
0.60707 0.75910 0.49451
0.55568 0.71717 0.51350
0.39305 0.57873 0.53362
0.43124 0.63878 0.40591
0.52580 0.56148 0.42407
0.55667 0.69701 0.45436
0.38973 0.68975 0.39522
0.63547 0.64843 0.44840
0.80401 0.87472 0.58920
0.40484 0.47757 0.54340
0.56871 0.64479 0.47476
0.36863 0.62175 0.51517
0.27336 0.46521 0.52820
0.43363 0.68077 0.36197
0.68740 0.73119 0.55065
0.31317 0.56740 0.48918
0.54394 0.68768 0.55010
0.57628 0.73481 0.37969
0.59880 0.73744 0.39720
0.76262 0.85120 0.54377
0.43990 0.72387 0.60561
0.42885 0.62646 0.50775
0.51183 0.59280 0.43572
0.25840 0.61279 0.55993
0.56175 0.72749 0.49050
0.35084 0.48972 0.51967
0.39497 0.51322 0.56253
0.27790 0.56910 0.36614
0.48570 0.70502 0.46083
0.32354 0.42859 0.40793
0.53513 0.56909 0.33506
0.39154 0.65286 0.48158
0.56952 0.73111 0.55789
0.39839 0.67857 0.59835
0.47576 0.65853 0.39107
0.28964 0.44656 0.50661
0.50673 0.73046 0.49234
0.32495 0.69330 0.43100
0.38093 0.47333 0.44687
0.25855 0.28961 0.47595
0.50226 0.63609 0.35360
0.49442 0.72005 0.41596
0.52360 0.46862 0.48909
0.55637 0.66813 0.32051
0.69816 0.73490 0.37903
0.49005 0.46799 0.32757
0.60820 0.73149 0.48965
0.36833 0.61352 0.44521
0.26333 0.65012 0.47952
0.59905 0.77328 0.57178
0.53821 0.56482 0.44663
0.35719 0.64951 0.45689
0.37085 0.47149 0.45871
0.38459 0.53133 0.53166
0.31352 0.45841 0.50794
0.73118 0.76908 0.62420
0.35273 0.62901 0.50877
0.67214 0.69007 0.37335
0.39923 0.56652 0.52750
0.58400 0.58478 0.56876
0.61292 0.70808 0.31162
0.35134 0.65320 0.46481
0.83933 0.86352 0.69889
0.52487 0.70962 0.33509
0.72878 0.79238 0.57083
0.28053 0.44458 0.49874
0.24970 0.33524 0.53474
0.25479 0.65060 0.58728
0.57204 0.73402 0.49144
0.42176 0.74399 0.52572
0.53761 0.57878 0.36347
0.56405 0.69733 0.57295
0.50802 0.75260 0.43519
0.73185 0.82846 0.46435
0.41725 0.70559 0.39896
0.37529 0.60306 0.48838
0.34014 0.64094 0.47200
0.46367 0.67273 0.36027
0.41546 0.70986 0.51420
0.37734 0.33429 0.40383
0.39162 0.74304 0.55320
0.58660 0.69091 0.46658
0.54929 0.55298 0.34011
0.30509 0.72243 0.50695
0.68177 0.83645 0.55766
0.56399 0.64226 0.60897
0.46692 0.56884 0.44778
0.40773 0.47030 0.36952
0.69862 0.80761 0.43133
0.45345 0.74430 0.54254
0.38854 0.59370 0.44132
0.29077 0.62123 0.43811
0.51661 0.75367 0.55644
0.25962 0.44437 0.40135
0.25442 0.25722 0.51139
0.39933 0.70439 0.44915
0.55679 0.74783 0.46349
0.72864 0.73296 0.39951
0.66089 0.75751 0.63232
0.38988 0.65084 0.46339
0.44584 0.52582 0.38890
0.63224 0.69700 0.21628
0.61414 0.69344 0.44902
0.43625 0.56605 0.41394
0.49440 0.67845 0.35760
0.45188 0.56227 0.34282
0.43376 0.72312 0.53055
0.47647 0.63436 0.40603
0.43647 0.67200 0.41385
0.22486 0.39798 0.50451
0.59846 0.67771 0.51932
0.23190 0.29832 0.49774
0.46847 0.56829 0.46384
0.51713 0.69598 0.47275
0.67405 0.70979 0.47459
0.26874 0.65994 0.54878
0.46459 0.55643 0.37547
0.26070 0.66604 0.41391
0.26307 0.59040 0.50674
0.60041 0.74674 0.41795
0.37907 0.67041 0.33769
0.48950 0.76773 0.59381
0.20749 0.52939 0.39275
0.59474 0.83822 0.62853
0.56983 0.76425 0.45430
0.35867 0.69972 0.51921
0.37667 0.61354 0.39995
0.64681 0.73861 0.28942
0.44245 0.69438 0.37066
0.45444 0.72907 0.48182
0.37488 0.71350 0.46202
0.37038 0.32507 0.46977
0.59963 0.62779 0.34622
0.43422 0.45412 0.47198
0.25513 0.66095 0.44731
0.33484 0.47758 0.50747
0.37175 0.63323 0.53208
0.30770 0.43707 0.47790
0.72028 0.79509 0.57098
0.50004 0.71788 0.61378
0.63092 0.69794 0.60808
0.40404 0.60209 0.40171
0.30697 0.35381 0.49808
0.22471 0.65949 0.38487
0.43111 0.58871 0.54767
0.69896 0.80645 0.43986
0.37235 0.61841 0.50497
0.29714 0.61001 0.42650
0.77668 0.81501 0.45651
0.48741 0.65748 0.47209
0.31787 0.58329 0.55428
0.38176 0.51667 0.52310
0.59656 0.70804 0.43591
0.47726 0.73952 0.58845
0.48990 0.64510 0.51610
0.47232 0.61939 0.37538
0.20528 0.59924 0.39503
0.55848 0.59755 0.48269
0.53989 0.76934 0.55182
0.47427 0.70421 0.42403
0.46536 0.74500 0.58159
0.40579 0.70764 0.37200
0.30395 0.63707 0.56052
0.54451 0.77844 0.58778
0.45830 0.76109 0.52040
0.63318 0.77985 0.62290
0.49400 0.74465 0.47770
0.57802 0.77309 0.63440
0.41804 0.60325 0.44014
0.47513 0.60508 0.43412
0.26327 0.54198 0.36259
0.66037 0.78033 0.51699
0.53410 0.51620 0.33857
0.54715 0.67478 0.62661
0.37520 0.51692 0.52774
0.44311 0.69170 0.55437
0.51119 0.52284 0.54857
0.49142 0.54188 0.57300
0.39438 0.66149 0.48871
0.38778 0.49762 0.43785
0.32985 0.48903 0.39018
0.53832 0.63451 0.52233
0.49875 0.65249 0.41420
0.41376 0.47682 0.36152
0.25989 0.44986 0.49700
0.35535 0.57101 0.43617
0.57525 0.73403 0.33592
0.36221 0.60695 0.34745
0.47667 0.59372 0.40376
0.53214 0.67654 0.47299
0.54836 0.70645 0.56037
0.39240 0.74928 0.60515
0.29350 0.59926 0.47821
0.54396 0.77095 0.48197
0.68575 0.79144 0.64027
0.39738 0.71347 0.55803
0.48044 0.60539 0.44782
0.40866 0.65538 0.56391
0.29670 0.50181 0.43890
0.27448 0.37813 0.49006
0.34103 0.38991 0.53675
0.46048 0.75112 0.58392
0.64576 0.78981 0.65898
0.30130 0.46554 0.48559
0.71727 0.66907 0.24932
0.59207 0.60444 0.50163
0.30038 0.30102 0.46487
0.66042 0.83030 0.58257
0.36937 0.68733 0.38076
0.55465 0.78189 0.51519
0.51038 0.66348 0.39710
0.52544 0.78155 0.53713
0.54967 0.73191 0.39996
0.61120 0.74360 0.54708
0.72582 0.80262 0.52570
0.49800 0.78373 0.59249
0.27888 0.48884 0.49420
0.64400 0.78077 0.45490
0.28883 0.69204 0.44035
0.51405 0.63227 0.42127
0.38344 0.35786 0.55853
0.26827 0.55174 0.46615
0.57587 0.68646 0.34520
0.54917 0.63940 0.34977
0.74399 0.86306 0.68399
0.34338 0.63883 0.49372
0.47887 0.73248 0.48842
0.50362 0.72542 0.49665
0.32169 0.65110 0.38578
0.51046 0.52347 0.33201
0.48585 0.67353 0.50489
0.29673 0.63588 0.45329
0.78633 0.89045 0.67141
0.54695 0.66976 0.58598
0.45406 0.67633 0.40049
0.54784 0.55536 0.47143
0.26167 0.55770 0.48960
0.57739 0.83583 0.62220
0.38413 0.42472 0.45015
0.26514 0.55483 0.52429
0.70548 0.75980 0.31883
0.39063 0.72768 0.54881
0.42264 0.57401 0.42828
0.35021 0.61722 0.52559
0.48256 0.70830 0.42912
0.48895 0.68458 0.41501
0.52407 0.51879 0.38791
0.43879 0.66966 0.49987
0.58258 0.66823 0.48836
0.70247 0.80141 0.47644
0.65850 0.65266 0.35622
0.38196 0.66136 0.46175
0.59638 0.63461 0.41194
0.45788 0.64228 0.37538
0.32585 0.54074 0.40012
0.48820 0.66307 0.44673
0.43372 0.57389 0.36075
0.49658 0.65829 0.45002
0.50456 0.60490 0.27974
0.37896 0.62988 0.49345
0.40439 0.51717 0.43221
0.37126 0.63194 0.46786
0.42495 0.70237 0.46308
0.43394 0.56025 0.40142
0.33156 0.70290 0.41919
0.66060 0.59264 0.25442
0.52219 0.60963 0.55809
0.53935 0.70982 0.58237
0.59952 0.61477 0.32326
0.52023 0.75574 0.55780
0.37560 0.29190 0.46125
0.37623 0.38269 0.46791
0.45408 0.45830 0.53021
0.34597 0.37677 0.43384
0.33092 0.62104 0.37601
0.32042 0.67940 0.58536
0.81147 0.85442 0.63049
0.29173 0.57603 0.50669
0.58099 0.78252 0.46714
0.44648 0.65717 0.41540
0.44461 0.67848 0.34163
0.51016 0.60977 0.55026
0.28711 0.63066 0.44834
0.30666 0.63503 0.42950
0.31582 0.71153 0.49255
0.39076 0.45840 0.53959
0.49127 0.66008 0.38716
0.36607 0.39239 0.44631
0.60529 0.77721 0.52339
0.36345 0.46822 0.40226
0.39905 0.58702 0.51660
0.47010 0.72134 0.42585
0.21898 0.49146 0.44352
0.30783 0.32354 0.49914
0.49906 0.58751 0.56661
0.42894 0.72412 0.48367
0.38790 0.61627 0.32863
0.33553 0.51089 0.43365
0.25101 0.62987 0.41182
0.49969 0.69203 0.44586
0.38416 0.58073 0.51089
0.38978 0.64184 0.35727
0.56096 0.72070 0.51354
0.42554 0.64847 0.57901
0.49891 0.59480 0.55763
0.68526 0.80007 0.42887
0.50764 0.65659 0.55595
0.50278 0.63798 0.45851
0.37365 0.72731 0.49438
0.28488 0.50693 0.43123
0.65295 0.73909 0.62789
0.38491 0.75365 0.56841
0.58274 0.74694 0.49979
0.26815 0.59165 0.50633
0.36490 0.64451 0.50875
0.64174 0.73285 0.51369
0.29638 0.23734 0.46495
0.64585 0.68218 0.58017
0.36580 0.68007 0.46021
0.60670 0.71137 0.43081
0.45781 0.70132 0.42976
0.51512 0.67405 0.58004
0.33539 0.49803 0.55933
0.28718 0.57098 0.46212
0.68063 0.72005 0.52793
0.51781 0.64201 0.39162
0.64435 0.82769 0.62949
0.41871 0.64523 0.33536
0.54192 0.72886 0.46926
0.44655 0.48669 0.38863
0.58660 0.65529 0.27167
0.56814 0.68656 0.28262
0.63250 0.79148 0.56533
0.22571 0.62242 0.38272
0.40386 0.50839 0.37497
0.21223 0.66575 0.44425
0.29643 0.31501 0.47078
0.23487 0.47979 0.49568
0.76937 0.84741 0.59999
0.32816 0.46938 0.46831
0.57221 0.61003 0.31876
0.45360 0.69230 0.53039
0.42240 0.72408 0.44334
0.37026 0.59657 0.52817
0.78574 0.88878 0.63832
0.68146 0.83670 0.63523
0.37196 0.67232 0.40141
0.44632 0.74061 0.45032
0.34296 0.69365 0.46983
0.48043 0.65071 0.47404
0.56511 0.71791 0.61996
0.52560 0.76342 0.45683
0.40120 0.67605 0.49639
0.45262 0.67841 0.45243
0.41129 0.43134 0.53835
0.28950 0.54724 0.44103
0.32588 0.56491 0.42676
0.50036 0.69756 0.46785
0.53437 0.71777 0.52535
0.52279 0.65478 0.54073
0.29801 0.50408 0.42066
0.51551 0.77078 0.64272
0.45435 0.74617 0.49130
0.23909 0.40612 0.50803
0.48945 0.64692 0.43880
0.25634 0.44435 0.44273
0.25666 0.51355 0.41558
0.34574 0.73957 0.53110
0.25275 0.56072 0.52772
0.33691 0.55013 0.47756
0.54894 0.56633 0.36267
0.38390 0.69638 0.40526
0.26162 0.56084 0.45345
0.32359 0.60504 0.48623
0.39641 0.60546 0.39647
0.59110 0.80105 0.55677
0.36734 0.67956 0.39499
0.38824 0.62937 0.39516
0.53670 0.77721 0.51629
0.33157 0.50832 0.47231
0.54155 0.62286 0.36653
0.59173 0.75614 0.47394
0.44888 0.65064 0.29808
0.29662 0.56817 0.55843
0.52870 0.58431 0.30345
0.48593 0.63135 0.56979
0.54853 0.73392 0.55403
0.63927 0.63676 0.47834
0.41689 0.58920 0.48212
0.52306 0.52132 0.46608
0.47004 0.58250 0.41264
0.41002 0.51218 0.45359
0.43274 0.68389 0.47189
0.23799 0.49332 0.46440
0.50121 0.68534 0.48352
0.26322 0.44530 0.44767
0.62906 0.75871 0.60343
0.34491 0.66406 0.43591
0.35359 0.54686 0.48941
0.54093 0.52809 0.54256
0.39401 0.64011 0.48274
0.40986 0.70397 0.58403
0.32135 0.41691 0.44955
0.48551 0.74318 0.41077
0.52710 0.67912 0.27866
0.54654 0.71210 0.51052
0.56203 0.76034 0.46363
0.50267 0.73193 0.54892
0.67539 0.72972 0.47526
0.44127 0.72028 0.52887
0.46649 0.71393 0.42370
0.58167 0.68782 0.37231
0.31194 0.40963 0.45160
0.51258 0.73021 0.44381
0.75843 0.80330 0.55566
0.67554 0.77818 0.43799
0.54919 0.69032 0.52073
0.25156 0.49291 0.47587
0.51506 0.69951 0.40560
0.51723 0.72933 0.41757
0.51701 0.58082 0.55188
0.38533 0.71691 0.53924
0.26430 0.35305 0.50108
0.54758 0.57629 0.45194
0.60616 0.77240 0.55107
0.43444 0.68061 0.46972
0.48711 0.69863 0.44936
0.54077 0.73924 0.59694
0.84698 0.89201 0.55738
0.34763 0.59461 0.47373
0.39981 0.70651 0.55213
0.23462 0.59978 0.39034
0.37341 0.68466 0.41387
0.33308 0.58580 0.49792
0.46625 0.67474 0.36213
0.51241 0.63009 0.44456
0.29934 0.43623 0.44086
0.54168 0.72765 0.34565
0.50384 0.76167 0.46003
0.41954 0.56442 0.43145
0.35691 0.66079 0.46534
0.64596 0.75009 0.37237
0.27732 0.65087 0.43953
0.69315 0.80559 0.59314
0.67664 0.71451 0.59600
0.49712 0.68085 0.54765
0.41840 0.65086 0.43837
0.72250 0.82022 0.49961
0.41740 0.45838 0.40351
0.50543 0.66104 0.43576
0.57400 0.70371 0.39013
0.36426 0.64612 0.40806
0.73582 0.80006 0.40468
0.54973 0.69555 0.49655
0.55110 0.71200 0.53585
0.40930 0.72005 0.40316
0.22016 0.53165 0.36624
0.32373 0.27299 0.47980
0.32160 0.71262 0.47275
0.33368 0.72138 0.49835
0.62047 0.74884 0.56512
0.52627 0.61045 0.28309
0.28460 0.69884 0.49468
0.36840 0.63513 0.50969
0.50110 0.53673 0.30034
0.41128 0.53886 0.42651
0.69202 0.81470 0.51436
0.58551 0.68615 0.49383
0.38278 0.52983 0.39763
0.35311 0.27340 0.44157
0.64469 0.72779 0.51496
0.37760 0.57549 0.34248
0.34485 0.58383 0.44649
0.40318 0.52313 0.41194
0.62070 0.72004 0.45379
0.45224 0.70717 0.33852
0.59763 0.72964 0.32319
0.40789 0.67493 0.40646
0.55229 0.78894 0.49980
0.51065 0.54460 0.55303
0.53970 0.58219 0.40417
0.67447 0.73470 0.34220
0.30567 0.58322 0.36780
0.69575 0.72784 0.42925
0.43329 0.72429 0.45758
0.60664 0.79207 0.50548
0.56623 0.71288 0.39065
0.41480 0.63229 0.43127
0.29592 0.45594 0.49187
0.40579 0.54167 0.50399
0.45756 0.68277 0.55928
0.49242 0.76675 0.57272
0.67509 0.71538 0.50391
0.33355 0.64551 0.35415
0.67112 0.85593 0.60761
0.44440 0.68949 0.48585
0.26011 0.53543 0.47563
0.28455 0.50173 0.42509
0.27189 0.62288 0.57463
0.43224 0.70776 0.53049
0.30573 0.60194 0.51596
0.61914 0.65904 0.38925
0.45647 0.51519 0.43877
0.39067 0.51035 0.51183
0.43816 0.62892 0.30773
0.40760 0.44932 0.51838
0.42459 0.70326 0.33951
0.41979 0.59695 0.37891
0.41367 0.52658 0.51505
0.62139 0.60442 0.27817
0.64790 0.75300 0.59474
0.48551 0.56378 0.37522
0.50352 0.78029 0.56415
0.43119 0.73766 0.44744
0.38469 0.50059 0.51730
0.50236 0.68758 0.59402
0.53503 0.74282 0.57676
0.53135 0.65870 0.40802
0.25049 0.56697 0.39354
0.40070 0.44083 0.36259
0.52282 0.76874 0.53717
0.51365 0.55746 0.33928
0.54063 0.73863 0.46385
0.30893 0.63415 0.56981
0.42645 0.71769 0.40743
0.31813 0.61993 0.45596
0.49986 0.57188 0.31583
0.23666 0.59981 0.54229
0.28587 0.59768 0.43839
0.53225 0.51976 0.45153
0.42952 0.70260 0.59027
0.49405 0.68186 0.48034
0.43423 0.74348 0.45843
0.46135 0.74720 0.47345
0.46886 0.58536 0.41463
0.36999 0.52050 0.40830
0.52928 0.71190 0.56876
0.36831 0.50674 0.38034
0.31138 0.55572 0.43834
0.37076 0.51306 0.47740
0.32246 0.27039 0.50906
0.43085 0.52444 0.46459
0.34647 0.52031 0.47833
0.56192 0.69141 0.36076
0.49427 0.66149 0.52244
0.37718 0.61975 0.45603
0.42915 0.66380 0.58030
0.55504 0.64761 0.35356
0.53713 0.73753 0.40495
0.27534 0.58440 0.50201
0.66957 0.63042 0.23345
0.42986 0.72868 0.46572
0.30886 0.59755 0.51457
0.52847 0.60260 0.61628
0.64411 0.76211 0.38043
0.41849 0.60530 0.39546
0.43784 0.51972 0.39550
0.30359 0.32667 0.49768
0.22446 0.66724 0.42240
0.39934 0.64366 0.45861
0.75160 0.76211 0.30967
0.47698 0.60773 0.36077
0.32011 0.67898 0.48640
0.36431 0.60618 0.43712
0.43159 0.50105 0.51518
0.72375 0.75537 0.30500
0.22761 0.59653 0.35665
0.57245 0.56354 0.33485
0.38959 0.69289 0.38010
0.67355 0.81124 0.54676
0.27079 0.66244 0.52622
0.34520 0.70167 0.49580
0.43018 0.54662 0.48086
0.27503 0.63543 0.47102
0.56943 0.75078 0.56849
0.35764 0.47735 0.45086
0.38325 0.69833 0.38075
0.74273 0.77675 0.42507
0.65680 0.72583 0.27839
0.28957 0.52538 0.48730
0.45517 0.69654 0.48221
0.49086 0.68211 0.41737
0.57034 0.71148 0.33459
0.25648 0.60115 0.38186
0.55875 0.61059 0.32422
0.65998 0.67230 0.44774
0.59736 0.59220 0.30959
0.30894 0.45639 0.46934
0.40527 0.71054 0.42511
0.54680 0.70929 0.51374
0.38151 0.50354 0.56608
0.33778 0.47473 0.44405
0.39969 0.42765 0.46382
0.23592 0.46440 0.44562
0.50000 0.63118 0.47774
0.22296 0.62655 0.39858
0.50750 0.68810 0.34660
0.61510 0.80405 0.55666
0.60024 0.76289 0.48615
0.43471 0.42642 0.40080
0.57738 0.77416 0.63480
0.51443 0.67249 0.39046
0.62786 0.61005 0.32822
0.41120 0.63928 0.52584
0.44640 0.47982 0.40207
0.54660 0.55815 0.55333
0.30303 0.56945 0.35133
0.49878 0.53099 0.47641
0.55493 0.69432 0.48450
0.40579 0.61983 0.47681
0.34440 0.70436 0.42650
0.45424 0.64517 0.32860
0.33359 0.58884 0.50655
0.22998 0.30434 0.47497
0.52992 0.56638 0.54174
0.44031 0.69553 0.45108
0.67477 0.67345 0.39703
0.23784 0.66734 0.43110
0.25051 0.47553 0.49504
0.48158 0.71803 0.41082
0.49281 0.78255 0.59902
0.41311 0.72059 0.45546
0.57114 0.64915 0.60742
0.66587 0.81035 0.55107
0.68953 0.79195 0.61770
0.51799 0.61811 0.50941
0.46157 0.66631 0.29831
0.51377 0.50292 0.39968
0.50410 0.49979 0.40706
0.65722 0.76508 0.46695
0.35661 0.71754 0.46814
0.40771 0.48891 0.58595
0.59096 0.64148 0.30877
0.51727 0.55310 0.38555
0.35482 0.62494 0.41673
0.55749 0.61740 0.43579
0.67614 0.70085 0.50989
0.41449 0.54061 0.48974
0.56790 0.56148 0.48668
0.29810 0.55431 0.50122
0.54465 0.78012 0.50523
0.32556 0.49016 0.47964
0.44983 0.55123 0.51995
0.41633 0.72966 0.48927
0.44129 0.52691 0.48697
0.29395 0.58557 0.45945
0.41953 0.69638 0.49488
0.27962 0.57839 0.42345
0.59541 0.71644 0.37495
0.59471 0.76346 0.63522
0.49093 0.62052 0.56732
0.52328 0.64851 0.35158
0.24443 0.38691 0.50966
0.48096 0.73044 0.59931
0.40400 0.69944 0.48655
0.55542 0.77503 0.58673
0.53767 0.61730 0.27540
0.35218 0.67223 0.41692
0.45980 0.56298 0.36853
0.42769 0.72847 0.54710
0.57923 0.66329 0.59585
0.52455 0.62956 0.36272
0.39336 0.67297 0.51320
0.62922 0.80333 0.64031
0.35256 0.57872 0.49489
0.58884 0.74704 0.44149
0.46931 0.55539 0.33416
0.44935 0.58098 0.53656
0.50576 0.63606 0.45523
0.45814 0.63201 0.56118
0.29245 0.65207 0.39313
0.62138 0.60658 0.28566
0.67344 0.69215 0.36300
0.33878 0.49047 0.47000
0.58135 0.68377 0.39509
0.62288 0.74702 0.42557
0.42143 0.69705 0.45792
0.36112 0.66755 0.50407
0.35561 0.69330 0.46946
0.55433 0.69744 0.61405
0.47581 0.69017 0.48727
0.62713 0.81671 0.59329
0.46738 0.48281 0.47475
0.43150 0.67869 0.54937
0.24346 0.40749 0.54733
0.38568 0.49912 0.34714
0.49654 0.71304 0.34987
0.39722 0.53813 0.36806
0.50753 0.71397 0.45561
0.71300 0.81126 0.52620
0.53414 0.57449 0.33879
0.58571 0.75344 0.38557
0.58049 0.63597 0.31911
0.28663 0.63656 0.42487
0.33600 0.55523 0.40107
0.28736 0.48998 0.40000
0.52754 0.74334 0.39002
0.48017 0.68856 0.56837
0.63152 0.73043 0.38315
0.23207 0.45519 0.41409
0.61850 0.77219 0.57234
0.23959 0.66039 0.46681
0.49606 0.64439 0.39891
0.66599 0.71976 0.58559
0.30029 0.51038 0.53354
0.25787 0.62247 0.55728
0.36931 0.56847 0.47852
0.60387 0.60279 0.59971
0.33189 0.72610 0.51459
0.42584 0.67862 0.58535
0.46799 0.53114 0.37073
0.48274 0.69346 0.49792
0.38073 0.59328 0.41319
0.33144 0.60804 0.49569
0.31188 0.72248 0.50911
0.45678 0.57516 0.34538
0.64174 0.66539 0.34970
0.39492 0.63074 0.56894
0.62468 0.69379 0.27419
0.44872 0.55186 0.53190
0.34058 0.67084 0.44503
0.67659 0.78923 0.56081
0.65529 0.65300 0.30220
0.24704 0.70347 0.57792
0.40134 0.65654 0.49400
0.44983 0.53805 0.47830
0.39966 0.35421 0.39922
0.34447 0.69172 0.40111
0.49213 0.64703 0.37894
0.45689 0.77943 0.58487
0.50226 0.74265 0.39924
0.25226 0.63722 0.42041
0.23686 0.47309 0.47077
0.31029 0.34741 0.53563
0.46422 0.76671 0.60179
0.60303 0.72031 0.38116
0.47007 0.62413 0.49271
0.27132 0.35579 0.43395
0.26863 0.30458 0.49805
0.40944 0.56685 0.44820
0.62897 0.75078 0.51051
0.37359 0.64005 0.31850
0.26525 0.52250 0.50441
0.23086 0.32434 0.46552
0.40875 0.65181 0.31116
0.22019 0.61919 0.38678
0.39762 0.67153 0.42989
0.43624 0.63134 0.40204
0.38014 0.65182 0.42271
0.43781 0.71998 0.38278
0.46258 0.70400 0.39095
0.56939 0.59069 0.56966
0.27507 0.44125 0.51886
0.54739 0.62100 0.52870
0.61544 0.63991 0.44403
0.42028 0.69947 0.46429
0.62757 0.66512 0.25606
0.26531 0.45716 0.44669
0.21209 0.43676 0.48283
0.34047 0.70620 0.48024
0.65549 0.66042 0.33816
0.48949 0.55438 0.58354
0.40989 0.72855 0.48737
0.58928 0.75141 0.42295
0.48839 0.64701 0.36218
0.47177 0.69278 0.54957
0.63517 0.76488 0.41632
0.39885 0.36618 0.46657
0.41408 0.66285 0.36986
0.34731 0.71838 0.49354
0.57187 0.66213 0.47791
0.67365 0.65550 0.31694
0.49901 0.61921 0.52085
0.35053 0.30842 0.48317
