20 9 1000 5313 2987
0.40924 0.00102 0.73108
0.69230 0.03076 0.01932
0.99851 0.10180 0.90607
0.88909 0.43867 0.52000
0.01398 0.62728 0.73457
0.09863 0.14581 0.06047
0.05516 0.54703 0.78715
0.61379 0.28405 0.77550
0.87346 0.81295 0.90164
0.51526 0.49885 0.65708
0.63551 0.30553 0.54391
0.28616 0.38187 0.71355
0.70264 0.33057 0.53212
0.51805 0.26134 0.64546
0.54049 0.24780 0.36026
0.52866 0.42473 0.79476
0.53486 0.35165 0.62604
0.65000 0.20776 0.57577
0.26640 0.29584 0.56990
0.61288 0.30848 0.45831
0.60520 0.22543 0.43252
0.32933 0.37550 0.69230
0.50052 0.29653 0.57571
0.46833 0.22108 0.50082
0.55921 0.23805 0.47993
0.33448 0.25285 0.65302
0.50605 0.25101 0.60547
0.48960 0.28817 0.61218
0.54970 0.38536 0.68126
0.57170 0.19124 0.60750
0.80688 0.30302 0.65332
0.61120 0.35591 0.71334
0.58621 0.26089 0.61623
0.39171 0.29285 0.42382
0.47696 0.36335 0.53935
0.57384 0.25623 0.50385
0.49820 0.37263 0.61063
0.46606 0.34707 0.58459
0.52495 0.28071 0.65282
0.53126 0.16220 0.62281
0.29770 0.30930 0.38073
0.56259 0.31415 0.59072
0.34441 0.34553 0.55972
0.61647 0.37686 0.72880
0.54692 0.28580 0.63981
0.33536 0.40131 0.69275
0.46995 0.34890 0.61961
0.39716 0.25090 0.34747
0.54022 0.26100 0.40338
0.49045 0.42954 0.68841
0.49341 0.22666 0.54695
0.39113 0.30740 0.50720
0.66013 0.40615 0.65975
0.64949 0.23442 0.51484
0.29760 0.39785 0.64571
0.68138 0.27843 0.61856
0.67946 0.35814 0.72985
0.45140 0.28962 0.63473
0.48960 0.39408 0.71710
0.57760 0.42876 0.68598
0.39954 0.17197 0.61014
0.43071 0.36300 0.67155
0.56198 0.30795 0.66151
0.54379 0.21852 0.60429
0.75616 0.18939 0.78605
0.51821 0.19102 0.32883
0.45772 0.34272 0.49686
0.63301 0.25798 0.43907
0.55338 0.26707 0.61634
0.67597 0.35581 0.75524
0.60574 0.43483 0.65407
0.36189 0.34174 0.56761
0.63676 0.48511 0.64034
0.54907 0.22184 0.65149
0.53383 0.40568 0.62403
0.31979 0.31504 0.55825
0.49297 0.40926 0.55913
0.40735 0.28072 0.45162
0.52942 0.24951 0.67112
0.61910 0.40702 0.62077
0.59743 0.28833 0.56997
0.40095 0.39828 0.56621
0.49219 0.45806 0.67876
0.58920 0.43313 0.63328
0.53249 0.32733 0.51816
0.38172 0.26566 0.45239
0.61958 0.49427 0.73884
0.59497 0.33869 0.71318
0.27768 0.36053 0.53599
0.65991 0.44447 0.63487
0.68772 0.44809 0.67949
0.57791 0.30124 0.71585
0.51159 0.34094 0.60031
0.50502 0.31683 0.54763
0.58645 0.43949 0.54816
0.63860 0.49702 0.77388
0.45419 0.43372 0.67166
0.53774 0.32442 0.60792
0.57053 0.41069 0.66942
0.40965 0.28836 0.64007
0.35757 0.33847 0.49951
0.56609 0.48502 0.69621
0.63002 0.40488 0.62407
0.42725 0.62310 0.78741
0.67944 0.53600 0.66143
0.45901 0.30814 0.75522
0.45688 0.33192 0.62192
0.49961 0.41509 0.58001
0.46125 0.34381 0.51946
0.64871 0.28877 0.65969
0.63292 0.43128 0.66339
0.39631 0.44300 0.62320
0.56054 0.28821 0.66646
0.41518 0.41164 0.63373
0.58561 0.28350 0.61719
0.62435 0.29760 0.63998
0.59354 0.33005 0.63154
0.49907 0.38466 0.74473
0.40469 0.48764 0.58772
0.40365 0.48435 0.74484
0.46530 0.35197 0.71068
0.53196 0.20230 0.60195
0.39409 0.42469 0.72842
0.46259 0.40239 0.63593
0.50572 0.28236 0.69446
0.58500 0.27697 0.52295
0.66885 0.19639 0.43039
0.55810 0.36485 0.67097
0.72815 0.57507 0.79641
0.67241 0.42488 0.63925
0.56952 0.39168 0.61916
0.37708 0.46196 0.73684
0.41877 0.16005 0.60549
0.34230 0.31376 0.45261
0.47562 0.31031 0.52457
0.47103 0.27971 0.58121
0.49339 0.36005 0.75448
0.45946 0.35941 0.56391
0.46751 0.19655 0.41589
0.67417 0.49156 0.76167
0.64836 0.23311 0.69082
0.54381 0.28429 0.63689
0.64293 0.22495 0.57290
0.69387 0.30821 0.64335
0.57601 0.42203 0.72185
0.68283 0.47500 0.68368
0.40987 0.40721 0.64661
0.64365 0.32207 0.64778
0.55738 0.37688 0.54055
0.59177 0.25295 0.66437
0.43563 0.34883 0.47986
0.46876 0.28244 0.51653
0.57203 0.41623 0.68158
0.40257 0.35343 0.61366
0.63008 0.30685 0.52774
0.50890 0.14472 0.57189
0.69922 0.31896 0.73053
0.46832 0.35755 0.65713
0.51913 0.36302 0.50852
0.45345 0.37382 0.70108
0.40947 0.44031 0.66614
0.73094 0.45390 0.72620
0.35584 0.41552 0.57604
0.66690 0.32096 0.58152
0.36402 0.39431 0.67713
0.49954 0.32160 0.55073
0.47303 0.31943 0.59606
0.37396 0.47750 0.61807
0.69933 0.28328 0.74659
0.49212 0.26434 0.46522
0.60473 0.39697 0.67848
0.42821 0.36852 0.54690
0.51901 0.26702 0.39795
0.68819 0.42653 0.73136
0.65591 0.33809 0.71907
0.53483 0.30099 0.69848
0.39436 0.34868 0.64490
0.63397 0.22526 0.69556
0.53462 0.33191 0.67547
0.67300 0.38703 0.58861
0.59261 0.23257 0.54972
0.32635 0.53907 0.73211
0.23982 0.48655 0.66653
0.31616 0.37484 0.50808
0.60271 0.27782 0.49530
0.59450 0.29925 0.64673
0.21123 0.38602 0.63019
0.48571 0.49159 0.66914
0.59903 0.30501 0.72837
0.31181 0.25418 0.28723
0.57506 0.43746 0.74309
0.67648 0.20532 0.44795
0.52488 0.33795 0.76486
0.49738 0.32526 0.60663
0.53361 0.28087 0.57029
0.61087 0.20500 0.55606
0.55429 0.24048 0.63264
0.65952 0.29408 0.53748
0.52536 0.41208 0.65652
0.56345 0.41284 0.60889
0.31159 0.46993 0.68958
0.53449 0.30561 0.66510
0.43674 0.51859 0.69348
0.33428 0.33362 0.70424
0.59807 0.26507 0.56360
0.69632 0.35800 0.73760
0.59412 0.45632 0.68386
0.51304 0.30727 0.67140
0.48431 0.28257 0.38595
0.62814 0.37328 0.53401
0.45900 0.26471 0.51531
0.40535 0.26222 0.46204
0.55749 0.30286 0.56179
0.57077 0.32378 0.68563
0.30037 0.34018 0.40611
0.73669 0.27175 0.67927
0.31700 0.41245 0.67716
0.62330 0.47883 0.79316
0.47472 0.28326 0.64295
0.71392 0.49894 0.74166
0.27723 0.37721 0.65996
0.54964 0.54435 0.64626
0.56948 0.32352 0.55592
0.34853 0.51665 0.71010
0.47927 0.21299 0.28590
0.60396 0.32788 0.54314
0.39001 0.37024 0.57221
0.48612 0.29639 0.54857
0.38356 0.40728 0.69496
0.66679 0.35072 0.70496
0.63732 0.17878 0.43584
0.56270 0.38023 0.56223
0.71212 0.20803 0.49332
0.44442 0.25361 0.44638
0.50492 0.30874 0.53690
0.43497 0.40095 0.64580
0.49534 0.42521 0.71811
0.59136 0.42976 0.57532
0.43388 0.34099 0.60716
0.41923 0.26228 0.37214
0.46298 0.22383 0.53669
0.43166 0.40794 0.71892
0.33957 0.44414 0.67422
0.42243 0.33603 0.54890
0.42731 0.34890 0.54065
0.32688 0.32965 0.38804
0.40509 0.36782 0.46067
0.70147 0.42494 0.62413
0.30111 0.26870 0.49889
0.53268 0.24572 0.57821
0.44398 0.27299 0.40810
0.52764 0.32373 0.49958
0.33949 0.42674 0.69345
0.54145 0.39123 0.68553
0.49094 0.26397 0.62967
0.32804 0.46196 0.76525
0.50628 0.31840 0.72670
0.71546 0.39071 0.61794
0.49331 0.37212 0.53938
0.60115 0.28519 0.67760
0.64172 0.45169 0.70530
0.61485 0.26010 0.60882
0.60785 0.28314 0.73142
0.55284 0.39639 0.61857
0.30409 0.32609 0.46696
0.53250 0.47247 0.64340
0.56264 0.29707 0.62205
0.34963 0.35682 0.63063
0.46966 0.29254 0.53723
0.72076 0.31331 0.68254
0.39057 0.38175 0.62645
0.55110 0.42619 0.58525
0.40857 0.21400 0.47308
0.59240 0.45959 0.67944
0.35165 0.28581 0.54011
0.68252 0.32974 0.72751
0.45995 0.39615 0.65085
0.64084 0.27631 0.48137
0.28306 0.44810 0.74796
0.34171 0.34621 0.48439
0.65337 0.37961 0.78134
0.45301 0.44533 0.62951
0.40105 0.27030 0.41153
0.39192 0.38332 0.55490
0.48581 0.25215 0.59297
0.60545 0.30857 0.65550
0.56929 0.42445 0.60991
0.36642 0.42545 0.59712
0.62873 0.26187 0.51749
0.49323 0.28609 0.65427
0.74657 0.48065 0.71329
0.50522 0.42282 0.73119
0.64370 0.24464 0.67979
0.50529 0.54711 0.75594
0.27442 0.34108 0.47825
0.58063 0.22152 0.51845
0.58131 0.26284 0.57825
0.39535 0.38745 0.54701
0.35397 0.32913 0.60556
0.64690 0.25715 0.54898
0.64728 0.21372 0.50958
0.45869 0.47871 0.69755
0.65308 0.30266 0.77245
0.59296 0.26002 0.77950
0.47329 0.25162 0.56645
0.72217 0.36898 0.65867
0.65732 0.34703 0.53199
0.49875 0.15724 0.63703
0.65763 0.38325 0.68512
0.65763 0.39464 0.65924
0.62889 0.24626 0.44464
0.44753 0.35140 0.67291
0.22971 0.39933 0.46144
0.56821 0.36424 0.60648
0.64184 0.31181 0.66381
0.71559 0.41562 0.75414
0.45982 0.37622 0.56006
0.40528 0.25599 0.56717
0.37530 0.39038 0.57689
0.39836 0.44036 0.68954
0.68119 0.54878 0.75287
0.56993 0.27441 0.53670
0.36352 0.23190 0.35781
0.56557 0.34657 0.69546
0.62894 0.55037 0.72469
0.63209 0.20147 0.57253
0.48609 0.28335 0.67471
0.46791 0.35112 0.75381
0.52761 0.21540 0.43550
0.70694 0.22906 0.50714
0.32617 0.31663 0.56852
0.80281 0.25692 0.78393
0.59620 0.20601 0.52858
0.57845 0.30321 0.56989
0.49300 0.30172 0.62832
0.51610 0.31370 0.64648
0.68463 0.35779 0.74152
0.24037 0.48144 0.70256
0.61372 0.26226 0.67684
0.65860 0.34034 0.66362
0.39421 0.37112 0.58088
0.46108 0.38568 0.58793
0.51171 0.36503 0.68965
0.71088 0.22227 0.53836
0.51149 0.34978 0.63888
0.52831 0.20473 0.51829
0.63916 0.29015 0.70711
0.58410 0.47303 0.66698
0.68104 0.32406 0.66372
0.65106 0.25051 0.46967
0.34388 0.30228 0.48037
0.43447 0.38402 0.72373
0.52959 0.35937 0.61402
0.38714 0.33705 0.53824
0.29513 0.39135 0.63853
0.59903 0.38047 0.66847
0.55755 0.37327 0.55057
0.52063 0.37673 0.54591
0.51763 0.47315 0.64502
0.47080 0.27680 0.51207
0.69598 0.34289 0.70465
0.59995 0.33520 0.47156
0.39842 0.29520 0.54329
0.59148 0.18995 0.22379
0.48028 0.41518 0.63863
0.45162 0.23446 0.42395
0.41317 0.16637 0.52420
0.53193 0.40926 0.65348
0.65072 0.46923 0.65544
0.48501 0.23330 0.65471
0.46659 0.27942 0.62767
0.59655 0.46851 0.67440
0.59083 0.29951 0.66861
0.57192 0.18194 0.26166
0.65779 0.32773 0.41945
0.52890 0.57274 0.79391
0.58707 0.38301 0.56747
0.43717 0.06612 0.72555
0.39791 0.38800 0.62706
0.73035 0.37355 0.53362
0.59468 0.41129 0.61450
0.70776 0.32731 0.74597
0.45142 0.23019 0.48606
0.56767 0.15787 0.67520
0.56504 0.25061 0.33237
0.67553 0.24267 0.48037
0.76489 0.25230 0.76128
0.70238 0.35860 0.57319
0.43695 0.18468 0.61770
0.56820 0.26660 0.52851
0.44885 0.26671 0.66505
0.65819 0.36058 0.67991
0.71108 0.46013 0.57151
0.44039 0.24663 0.67840
0.32066 0.37386 0.63033
0.63217 0.33662 0.77563
0.55006 0.40662 0.61842
0.45979 0.25499 0.37348
0.40269 0.36266 0.60720
0.57267 0.34311 0.67437
0.53851 0.48730 0.68556
0.35493 0.31349 0.59251
0.66272 0.31577 0.46373
0.55161 0.36274 0.53060
0.60869 0.39713 0.72899
0.32572 0.29762 0.48368
0.42093 0.36624 0.65967
0.82620 0.19838 0.75913
0.62229 0.23708 0.72629
0.58079 0.33573 0.61898
0.78553 0.58130 0.81371
0.41002 0.28898 0.36935
0.39153 0.31367 0.49905
0.56015 0.34003 0.63330
0.54280 0.27154 0.71677
0.66175 0.14480 0.66472
0.63880 0.53861 0.76423
0.49139 0.51333 0.71160
0.60859 0.28080 0.51903
0.70710 0.27840 0.65819
0.38790 0.45035 0.70619
0.41735 0.28725 0.65153
0.37753 0.45385 0.65219
0.37345 0.35408 0.65412
0.40809 0.41852 0.70462
0.63443 0.29231 0.63919
0.36505 0.36297 0.54882
0.67379 0.42589 0.69905
0.56167 0.48113 0.67035
0.29062 0.41826 0.71928
0.58802 0.14288 0.61819
0.63418 0.38009 0.61870
0.43966 0.43021 0.66957
0.58575 0.29416 0.56016
0.35229 0.38919 0.59274
0.57118 0.32682 0.54326
0.75351 0.16959 0.51930
0.62852 0.38474 0.72016
0.70811 0.25097 0.63128
0.50148 0.23881 0.54534
0.45565 0.36488 0.56864
0.34794 0.30414 0.53819
0.48118 0.30414 0.61122
0.42721 0.39653 0.65293
0.45446 0.33453 0.62454
0.35171 0.32335 0.48657
0.66552 0.37603 0.69811
0.78384 0.24638 0.74791
0.33249 0.50537 0.72364
0.50221 0.37069 0.65316
0.68640 0.39889 0.54462
0.57216 0.22681 0.65896
0.67693 0.40815 0.67652
0.40487 0.35484 0.51641
0.58280 0.34675 0.69754
0.44219 0.41463 0.65101
0.58393 0.20559 0.45303
0.42933 0.47144 0.64286
0.56138 0.32518 0.67180
0.44616 0.34735 0.55076
0.62696 0.33651 0.51934
0.64057 0.29693 0.40802
0.49612 0.32106 0.59452
0.34519 0.49434 0.62433
0.54094 0.24554 0.60250
0.35355 0.26668 0.31057
0.63211 0.38165 0.65517
0.55650 0.24432 0.43065
0.50621 0.29030 0.66444
0.62710 0.32141 0.74685
0.28594 0.28972 0.31238
0.60777 0.31803 0.51867
0.56300 0.31634 0.62532
0.45299 0.24269 0.53144
0.50773 0.28120 0.61852
0.51405 0.28304 0.54970
0.57699 0.24767 0.43250
0.63098 0.33199 0.59865
0.50129 0.23812 0.55016
0.45812 0.27374 0.49922
0.50734 0.24873 0.45819
0.61179 0.40784 0.61564
0.47513 0.22260 0.44995
0.38015 0.37267 0.58897
0.51918 0.27494 0.59990
0.71762 0.29575 0.63126
0.56991 0.35969 0.69967
0.60156 0.28069 0.74619
0.81179 0.17019 0.68057
0.68317 0.42571 0.77795
0.38442 0.36477 0.72198
0.52724 0.40327 0.73911
0.45429 0.37832 0.53682
0.54891 0.31929 0.57950
0.50889 0.23630 0.51044
0.46834 0.35915 0.54289
0.53644 0.25429 0.49000
0.30039 0.36511 0.60556
0.53650 0.23537 0.56604
0.50836 0.26946 0.58527
0.41008 0.40073 0.67934
0.61382 0.22846 0.65507
0.38461 0.33642 0.47322
0.69124 0.14609 0.57929
0.57258 0.19326 0.54053
0.51507 0.31815 0.59328
0.63590 0.32891 0.71646
0.66322 0.29918 0.48266
0.59490 0.24677 0.56150
0.38087 0.38445 0.68477
0.55144 0.17040 0.40798
0.34036 0.38029 0.60795
0.39805 0.32274 0.45447
0.50483 0.23122 0.43278
0.48764 0.25438 0.33372
0.63499 0.15678 0.44778
0.32071 0.26850 0.38251
0.58534 0.27685 0.60504
0.31950 0.36930 0.51173
0.47645 0.13981 0.45111
0.68617 0.46908 0.64080
0.52580 0.36772 0.54036
0.47856 0.43082 0.63554
0.64481 0.40915 0.70770
0.29719 0.43968 0.73408
0.69495 0.12648 0.47256
0.59001 0.41055 0.57476
0.69536 0.34496 0.56573
0.69165 0.45013 0.75191
0.43815 0.38836 0.74833
0.62375 0.40072 0.54172
0.52147 0.20263 0.41129
0.58119 0.16030 0.33610
0.33813 0.43933 0.75720
0.58562 0.21781 0.49485
0.50130 0.27662 0.71052
0.37457 0.25547 0.61807
0.68195 0.26331 0.49274
0.52013 0.30887 0.44406
0.61739 0.34838 0.70137
0.36249 0.40731 0.65597
0.50096 0.33117 0.68382
0.57854 0.17701 0.55479
0.61698 0.36264 0.59191
0.30899 0.35824 0.56788
0.67073 0.14478 0.29120
0.52573 0.36506 0.71274
0.51850 0.43003 0.59756
0.39157 0.48944 0.71960
0.59801 0.24603 0.54966
0.38936 0.24919 0.40560
0.42358 0.40088 0.56843
0.30856 0.29554 0.40917
0.26347 0.27477 0.47894
0.56823 0.21125 0.54599
0.44160 0.30237 0.51852
0.56277 0.52870 0.78065
0.39489 0.38668 0.66162
0.48205 0.33142 0.48273
0.49274 0.28223 0.66460
0.58769 0.37897 0.56687
0.17330 0.49610 0.66076
0.50239 0.43253 0.64386
0.47027 0.27813 0.63773
0.55255 0.47772 0.67731
0.32465 0.38018 0.54059
0.44500 0.40960 0.69081
0.57409 0.23222 0.60046
0.27224 0.27511 0.42581
0.44276 0.32963 0.47553
0.67748 0.29005 0.74330
0.46526 0.33428 0.60404
0.56446 0.27107 0.58471
0.60119 0.24042 0.66671
0.60757 0.34537 0.73990
0.62408 0.42744 0.52268
0.62032 0.29202 0.48680
0.61708 0.23930 0.61590
0.37235 0.33344 0.68307
0.52531 0.24655 0.46398
0.60329 0.30423 0.62618
0.25968 0.40331 0.55585
0.52176 0.38684 0.66723
0.59935 0.45222 0.69068
0.38057 0.39849 0.68154
0.47353 0.36770 0.59235
0.68651 0.23284 0.49548
0.23636 0.41733 0.66490
0.46393 0.22900 0.42333
0.64086 0.49404 0.61291
0.40154 0.42418 0.74642
0.63558 0.47609 0.65474
0.58367 0.20984 0.47545
0.50370 0.31155 0.65063
0.56861 0.52388 0.77023
0.26722 0.34755 0.48801
0.51756 0.45817 0.58601
0.50626 0.18749 0.73177
0.32383 0.37927 0.54803
0.63769 0.27622 0.40800
0.38291 0.23351 0.56397
0.66990 0.51052 0.75746
0.58785 0.44950 0.57188
0.37453 0.40999 0.71842
0.30878 0.53055 0.69860
0.44817 0.23403 0.56350
0.38079 0.28015 0.42561
0.44684 0.45374 0.73595
0.47537 0.31960 0.57034
0.61339 0.64359 0.77061
0.58541 0.47040 0.65950
0.42114 0.42552 0.66115
0.46956 0.35429 0.61848
0.40763 0.40872 0.55943
0.66568 0.25529 0.70136
0.44048 0.24015 0.51619
0.45407 0.28605 0.75754
0.44959 0.35191 0.48999
0.37974 0.43638 0.63078
0.67868 0.27843 0.55910
0.55248 0.31649 0.68167
0.56066 0.34259 0.61933
0.38506 0.45532 0.60665
0.61742 0.39191 0.61020
0.38104 0.33546 0.59223
0.65297 0.46885 0.72181
0.69788 0.30087 0.59250
0.23707 0.35775 0.49967
0.76355 0.46476 0.79028
0.43694 0.26687 0.53601
0.64974 0.45600 0.60702
0.62381 0.25176 0.63484
0.52556 0.30802 0.50068
0.37674 0.44999 0.63704
0.47232 0.22256 0.44205
0.57712 0.20314 0.51516
0.46741 0.35126 0.55540
0.48211 0.34020 0.54918
0.63897 0.25150 0.69315
0.50395 0.35252 0.53431
0.64906 0.45228 0.64910
0.49870 0.33429 0.63170
0.33331 0.38415 0.70974
0.57542 0.26916 0.48695
0.46693 0.37887 0.66493
0.57908 0.38966 0.65737
0.38505 0.35662 0.59378
0.53611 0.25507 0.61137
0.60316 0.32106 0.73015
0.69333 0.34900 0.74128
0.48555 0.27876 0.43403
0.57217 0.27183 0.62576
0.68752 0.18843 0.61039
0.34366 0.32269 0.47161
0.62211 0.28240 0.65064
0.42401 0.20645 0.53755
0.50740 0.40672 0.63841
0.61729 0.44482 0.56544
0.40212 0.39993 0.66443
0.55129 0.29837 0.67443
0.34809 0.35195 0.65233
0.43969 0.43378 0.71115
0.56575 0.23426 0.53862
0.33263 0.44038 0.71627
0.52506 0.39729 0.68524
0.43322 0.40055 0.58773
0.62770 0.46296 0.60303
0.61446 0.39365 0.69841
0.49407 0.28369 0.54841
0.55907 0.21889 0.71499
0.44386 0.37540 0.52385
0.65581 0.30418 0.65527
0.48046 0.27463 0.55310
0.45866 0.42614 0.54922
0.46183 0.24443 0.58943
0.54578 0.52067 0.70670
0.26797 0.54830 0.68164
0.67694 0.48091 0.66649
0.54449 0.32779 0.50290
0.66447 0.31875 0.51409
0.57553 0.38963 0.63480
0.54518 0.25357 0.56908
0.31174 0.39525 0.53573
0.51603 0.28445 0.67353
0.51769 0.15890 0.59631
0.51789 0.35650 0.71325
0.48390 0.25902 0.38571
0.44269 0.44512 0.73170
0.68688 0.20382 0.55794
0.51850 0.29306 0.60787
0.52780 0.39862 0.71056
0.74089 0.26570 0.72146
0.56075 0.40380 0.69243
0.43489 0.30398 0.72024
0.45777 0.41243 0.70226
0.45316 0.36161 0.72458
0.53572 0.41945 0.81976
0.52466 0.30223 0.67215
0.58579 0.33688 0.58097
0.34399 0.45833 0.66793
0.67370 0.26031 0.68755
0.41671 0.31807 0.69290
0.49885 0.33492 0.72391
0.25079 0.25184 0.45221
0.45195 0.27001 0.40278
0.47769 0.37403 0.67277
0.39524 0.43765 0.66011
0.49931 0.31749 0.61879
0.34852 0.33392 0.63686
0.54529 0.20848 0.64338
0.56276 0.24461 0.63032
0.54838 0.40895 0.57894
0.56859 0.36653 0.71434
0.62812 0.27030 0.67999
0.52812 0.34199 0.57705
0.61849 0.44261 0.75513
0.34051 0.35511 0.58809
0.49494 0.36728 0.62883
0.42811 0.35005 0.65203
0.58691 0.39909 0.65787
0.44989 0.24890 0.60410
0.50994 0.39006 0.69633
0.53549 0.41167 0.64381
0.49998 0.23973 0.38792
0.60789 0.21098 0.68753
0.51390 0.32499 0.55440
0.73660 0.42213 0.71143
0.54316 0.26500 0.73458
0.49341 0.41198 0.61172
0.45912 0.29162 0.56892
0.40776 0.48656 0.67761
0.35503 0.28832 0.59022
0.48080 0.26666 0.55923
0.70526 0.40371 0.60501
0.40656 0.23164 0.51363
0.65739 0.25252 0.68954
0.30574 0.33828 0.54623
0.40232 0.34959 0.43326
0.47737 0.51613 0.72026
0.61157 0.28074 0.39769
0.59628 0.22562 0.55056
0.47866 0.26672 0.50955
0.57194 0.25556 0.37631
0.39790 0.36093 0.61669
0.46507 0.21971 0.35610
0.55329 0.16880 0.51598
0.41425 0.40584 0.65844
0.57191 0.24427 0.45589
0.34310 0.28667 0.45895
0.43047 0.29630 0.50399
0.66046 0.25095 0.53935
0.42533 0.49232 0.70888
0.34308 0.39737 0.70344
0.40570 0.36231 0.64179
0.27258 0.32856 0.53585
0.43160 0.32797 0.55001
0.51990 0.32483 0.63119
0.49678 0.31019 0.69873
0.34275 0.23955 0.33116
0.52808 0.14923 0.41159
0.56771 0.35336 0.77224
0.42626 0.32593 0.65709
0.65782 0.35346 0.64278
0.69707 0.30347 0.67183
0.44478 0.39784 0.54818
0.33652 0.28934 0.64740
0.54435 0.29456 0.59577
0.71150 0.29524 0.72897
0.45156 0.39893 0.73469
0.65775 0.19628 0.70233
0.59262 0.28461 0.54745
0.60495 0.17590 0.77292
0.53049 0.29798 0.40886
0.39397 0.39222 0.71330
0.49492 0.23272 0.52963
0.35812 0.25315 0.40489
0.50992 0.37164 0.75814
0.59737 0.37145 0.72989
0.54279 0.36895 0.71200
0.54687 0.22813 0.48684
0.47975 0.29471 0.61802
0.57039 0.33735 0.73775
0.46798 0.29750 0.64496
0.36657 0.41887 0.74620
0.47006 0.35253 0.75799
0.41966 0.24043 0.47795
0.59296 0.27889 0.55835
0.20439 0.41508 0.59286
0.53810 0.26538 0.67488
0.29229 0.30758 0.40974
0.55019 0.38693 0.58566
0.50164 0.27647 0.67443
0.62217 0.32376 0.62698
0.53151 0.39703 0.71996
0.56259 0.26712 0.73255
0.69111 0.21447 0.51603
0.66276 0.20998 0.36963
0.69876 0.37957 0.64091
0.19159 0.53807 0.70311
0.33412 0.37668 0.53092
0.19371 0.32715 0.38394
0.38771 0.44754 0.66252
0.28627 0.28561 0.44937
0.41765 0.37696 0.70003
0.50278 0.40178 0.56654
0.52136 0.35362 0.69657
0.58688 0.27091 0.45424
0.58263 0.37847 0.74305
0.61329 0.29606 0.63773
0.37304 0.32158 0.48292
0.47790 0.36877 0.68663
0.43911 0.33878 0.58083
0.60728 0.32998 0.51959
0.59401 0.35040 0.55282
0.53090 0.39561 0.64050
0.31940 0.28856 0.40147
0.35354 0.35023 0.53817
0.63623 0.20346 0.61380
0.50724 0.42453 0.58082
0.40063 0.31962 0.50937
0.49981 0.21900 0.49386
0.59143 0.27240 0.55262
0.74056 0.16331 0.50723
0.54675 0.24868 0.59299
0.57520 0.18248 0.59956
0.47600 0.36216 0.74982
0.61316 0.35009 0.68314
0.64804 0.33517 0.54966
0.61743 0.26443 0.60370
0.33623 0.40696 0.72680
0.59554 0.25852 0.65589
0.62519 0.36788 0.64206
0.39407 0.38615 0.55409
0.49000 0.29734 0.57148
0.34681 0.28325 0.36568
0.51996 0.18310 0.67576
0.24501 0.39835 0.70193
0.63972 0.43533 0.59885
0.46048 0.40403 0.75965
0.33256 0.29905 0.50389
0.63684 0.47286 0.70406
0.55060 0.31896 0.74183
0.51214 0.31132 0.58506
0.72123 0.31737 0.59143
0.52817 0.23200 0.67405
0.50587 0.26097 0.55121
0.45741 0.28931 0.54635
0.52459 0.25601 0.50587
0.54807 0.30845 0.58385
0.62930 0.21634 0.80189
0.67460 0.31649 0.74776
0.66483 0.40227 0.68967
0.58127 0.26811 0.61715
0.52746 0.20691 0.37249
0.60942 0.27865 0.79493
0.52845 0.18996 0.39687
0.35229 0.30928 0.50758
0.65973 0.27124 0.77962
0.65612 0.32591 0.66666
0.43244 0.28607 0.52782
0.49236 0.24297 0.58113
0.44590 0.29435 0.57818
0.55081 0.44179 0.64283
0.57574 0.28239 0.69133
0.55626 0.41322 0.57908
0.55410 0.33045 0.76440
0.52804 0.27715 0.51019
0.66640 0.31462 0.64150
0.45204 0.41703 0.59848
0.62646 0.17466 0.59001
0.42539 0.34204 0.60399
0.37512 0.50993 0.68820
0.43037 0.36748 0.61017
0.49336 0.33817 0.58104
0.50002 0.42811 0.69595
0.38871 0.34261 0.50398
0.31210 0.41067 0.60213
0.44571 0.29718 0.55526
0.54472 0.25592 0.61860
0.37730 0.46893 0.71330
0.43821 0.26808 0.53974
0.37274 0.40432 0.67647
0.45949 0.33960 0.53149
0.59682 0.41618 0.74351
0.61789 0.19069 0.65109
0.39321 0.35509 0.55514
0.46463 0.27438 0.53552
0.58957 0.32146 0.68422
0.32885 0.52639 0.73070
0.59894 0.33839 0.67887
0.74000 0.39412 0.74970
0.76456 0.52583 0.78981
0.63934 0.28936 0.72469
0.50086 0.23605 0.55839
0.56744 0.45128 0.77168
0.61276 0.35267 0.71136
0.41778 0.41942 0.67896
0.50236 0.21604 0.45721
0.61771 0.38562 0.64099
0.50608 0.22113 0.67534
0.57868 0.24902 0.52144
0.61697 0.27547 0.75747
0.52762 0.24603 0.57717
0.52875 0.28938 0.38532
0.61603 0.53993 0.72931
0.52463 0.10209 0.49795
0.64963 0.22386 0.49420
0.69792 0.17530 0.75632
0.46082 0.23756 0.45988
0.62331 0.23513 0.55953
0.55639 0.44178 0.63223
0.47788 0.35167 0.50849
0.67730 0.21022 0.75266
0.39483 0.31397 0.40356
0.41053 0.29975 0.50981
0.35859 0.43999 0.70212
0.61188 0.22686 0.31216
0.45237 0.55494 0.67852
0.56322 0.42054 0.64198
0.39456 0.35935 0.65963
0.61793 0.29108 0.57287
0.39744 0.29307 0.60124
0.47824 0.46580 0.65856
0.61135 0.31739 0.55697
0.43760 0.38275 0.59788
0.40425 0.30996 0.58354
0.75706 0.32802 0.71383
0.57403 0.34120 0.53637
0.58452 0.30610 0.50184
0.29047 0.41183 0.62920
0.54729 0.28960 0.65564
0.62487 0.44148 0.67942
0.35880 0.25526 0.41891
0.38736 0.25484 0.47616
0.43163 0.27406 0.56185
0.29130 0.40315 0.62169
0.52035 0.40244 0.53245
0.35456 0.43096 0.68485
0.54610 0.23837 0.55139
0.51938 0.14723 0.47506
0.39440 0.34576 0.72664
0.55004 0.26309 0.60257
0.56482 0.38639 0.68474
0.42766 0.41290 0.55765
0.71471 0.42142 0.66985
0.56009 0.34441 0.58437
0.32741 0.14505 0.45111
0.51066 0.32486 0.69220
0.65985 0.37489 0.55786
0.36714 0.27364 0.40650
0.30361 0.27122 0.45919
0.51762 0.25724 0.71536
0.39630 0.32925 0.44734
0.50771 0.32153 0.58262
0.55417 0.30215 0.60398
0.45931 0.25736 0.41308
0.38467 0.40003 0.62148
0.39733 0.44954 0.64355
0.60852 0.34496 0.72580
0.44665 0.50668 0.58459
0.27487 0.49390 0.63409
0.48035 0.24550 0.43596
0.66538 0.17527 0.61519
0.53883 0.42075 0.72058
0.52906 0.35736 0.73270
0.32350 0.41711 0.67895
0.46326 0.32066 0.43743
0.75345 0.28846 0.71393
0.52300 0.31027 0.47083
0.62217 0.30362 0.48532
0.42060 0.23096 0.36195
0.61760 0.36476 0.66843
0.47777 0.25447 0.61683
0.47363 0.44455 0.63962
0.54626 0.21325 0.49562
0.71223 0.29148 0.72974
0.50133 0.28031 0.36513
0.50892 0.18867 0.64097
0.37920 0.27942 0.53859
0.64133 0.43065 0.72043
0.30406 0.36272 0.46687
0.50256 0.25622 0.48148
0.49465 0.32174 0.74860
0.50329 0.25612 0.51797
0.48974 0.22948 0.50677
0.73073 0.30851 0.60077
0.49538 0.27562 0.45543
0.58817 0.26580 0.54737
0.45763 0.37740 0.73015
0.17436 0.40102 0.51972
0.47308 0.35855 0.61815
0.53826 0.27944 0.60251
0.40987 0.34638 0.45898
0.59100 0.52776 0.75205
0.44297 0.33231 0.59545
0.48952 0.36175 0.76276
0.63545 0.40722 0.54765
0.58482 0.40223 0.55810
0.58358 0.15981 0.31298
0.50930 0.32303 0.46590
0.66228 0.44744 0.64371
0.23490 0.42675 0.63903
0.37684 0.24793 0.41337
0.57615 0.31673 0.71101
0.62563 0.45747 0.76882
0.57708 0.43446 0.63600
0.41428 0.27347 0.56202
0.72172 0.23014 0.76556
0.75327 0.33092 0.77002
