20 12 1000 14047 1982
0.18642 0.96725 0.79438
0.22498 0.21511 0.22760
0.48679 0.59387 0.68313
0.75008 0.02806 0.94208
0.25089 0.35741 0.01898
0.52413 0.91215 0.20481
0.96158 0.16830 0.31178
0.85810 0.01548 0.76536
0.37509 0.76331 0.79551
0.69322 0.35987 0.92626
0.53748 0.66326 0.17335
0.65307 0.58312 0.76088
0.49476 0.49125 0.51119
0.54336 0.37665 0.46914
0.53662 0.55030 0.68043
0.75295 0.28212 0.55108
0.55133 0.45128 0.44816
0.55198 0.58166 0.45022
0.57290 0.46528 0.60990
0.50437 0.49573 0.51425
0.55660 0.39166 0.49796
0.56662 0.40721 0.56312
0.39793 0.52461 0.50635
0.44135 0.52287 0.40285
0.43348 0.44360 0.53665
0.64139 0.30218 0.66496
0.47737 0.47599 0.61859
0.44369 0.52765 0.38412
0.56418 0.43190 0.50512
0.44995 0.57055 0.65130
0.62370 0.31422 0.70351
0.50362 0.42348 0.56204
0.68805 0.32188 0.74128
0.57789 0.40478 0.64564
0.62877 0.39486 0.63756
0.59670 0.41973 0.51947
0.53024 0.41641 0.56399
0.60049 0.41307 0.68913
0.42706 0.59866 0.51546
0.52924 0.46116 0.58612
0.46522 0.57053 0.58046
0.55027 0.48233 0.45749
0.51226 0.51629 0.63632
0.55372 0.51257 0.59367
0.42772 0.48279 0.43617
0.59330 0.41854 0.55047
0.51582 0.56258 0.66311
0.60075 0.47304 0.63036
0.55833 0.54009 0.54052
0.50601 0.69239 0.44759
0.68027 0.43052 0.61287
0.50743 0.46282 0.52966
0.49963 0.66859 0.43234
0.60009 0.43446 0.63307
0.51475 0.52971 0.58950
0.50897 0.57926 0.50891
0.61028 0.41663 0.58539
0.56608 0.39467 0.34935
0.47776 0.56514 0.62355
0.62605 0.38633 0.61782
0.58631 0.31549 0.47356
0.47216 0.43892 0.54229
0.42785 0.42356 0.48362
0.59584 0.46735 0.57512
0.57127 0.52143 0.44346
0.53658 0.50323 0.51506
0.53158 0.48680 0.60300
0.54946 0.59308 0.50482
0.55440 0.46077 0.53656
0.39298 0.56610 0.50313
0.52718 0.49086 0.63175
0.50241 0.62718 0.45778
0.57573 0.47032 0.48283
0.64137 0.48804 0.61104
0.64184 0.44587 0.52698
0.44502 0.48857 0.41883
0.42051 0.60867 0.63348
0.55477 0.35854 0.48164
0.59458 0.47717 0.52141
0.63560 0.28545 0.55875
0.55757 0.47944 0.55282
0.52851 0.39722 0.49607
0.54211 0.58061 0.61503
0.56792 0.47256 0.58938
0.51460 0.64448 0.55748
0.60716 0.44668 0.56330
0.52194 0.54226 0.54626
0.55713 0.45745 0.50995
0.53679 0.38526 0.44476
0.46275 0.54977 0.48069
0.57861 0.50073 0.67490
0.47184 0.48449 0.61038
0.52392 0.47794 0.59726
0.50793 0.51424 0.54475
0.57364 0.40170 0.53086
0.64288 0.38060 0.59628
0.62169 0.42952 0.58835
0.63061 0.30561 0.67102
0.53655 0.51053 0.59610
0.60356 0.37473 0.44986
0.50672 0.53368 0.57335
0.61356 0.45794 0.64952
0.48918 0.61830 0.48713
0.65212 0.41465 0.70645
0.57150 0.47708 0.45782
0.56551 0.48334 0.57119
0.46286 0.48502 0.54837
0.61328 0.46970 0.64199
0.55975 0.27584 0.56549
0.56170 0.42794 0.40439
0.55979 0.49296 0.54461
0.55033 0.51774 0.61956
0.55480 0.34129 0.42785
0.49388 0.58675 0.53235
0.48187 0.49787 0.46010
0.49768 0.53712 0.61729
0.58729 0.44833 0.66091
0.61829 0.38732 0.60768
0.61648 0.45083 0.68540
0.54942 0.44452 0.67077
0.58278 0.37866 0.49237
0.54001 0.55004 0.53878
0.56169 0.43305 0.65226
0.54438 0.39227 0.42657
0.55235 0.40231 0.52791
0.41133 0.50988 0.44070
0.52834 0.44647 0.55247
0.59902 0.40752 0.50264
0.46471 0.56994 0.57083
0.66990 0.28142 0.72598
0.61300 0.40572 0.63955
0.42916 0.59747 0.65623
0.56365 0.39406 0.46272
0.50420 0.63231 0.35935
0.56923 0.48635 0.66370
0.44182 0.65780 0.64380
0.46783 0.68640 0.54770
0.60126 0.47257 0.49979
0.53277 0.42070 0.64364
0.58523 0.42736 0.69672
0.52749 0.51461 0.44665
0.58061 0.51091 0.50329
0.49528 0.55745 0.70795
0.48653 0.55659 0.49258
0.58798 0.41330 0.51241
0.52796 0.51290 0.42343
0.49714 0.50770 0.47401
0.55272 0.62498 0.40510
0.47402 0.66668 0.53481
0.52073 0.42163 0.57968
0.56132 0.39175 0.52856
0.49620 0.56735 0.64385
0.55496 0.46800 0.53513
0.50763 0.48184 0.52169
0.54378 0.45906 0.44599
0.55106 0.46192 0.50448
0.53501 0.38282 0.53439
0.53483 0.56749 0.39663
0.47481 0.51657 0.50011
0.46146 0.56156 0.49771
0.36204 0.43086 0.41634
0.39118 0.59850 0.45958
0.59478 0.38022 0.42246
0.52787 0.39340 0.40858
0.50224 0.52211 0.60984
0.53331 0.58679 0.62236
0.48928 0.58791 0.61766
0.40646 0.63441 0.50759
0.51389 0.51351 0.56889
0.70114 0.36956 0.52240
0.56212 0.50855 0.54009
0.61354 0.41782 0.50671
0.54738 0.44236 0.54926
0.48489 0.44629 0.50149
0.60156 0.41630 0.67082
0.44604 0.52210 0.52269
0.57647 0.45121 0.60702
0.47518 0.60098 0.69785
0.59779 0.49385 0.63619
0.52397 0.58172 0.54931
0.53770 0.47477 0.64714
0.59379 0.52355 0.49865
0.53514 0.43140 0.51178
0.46725 0.54327 0.59173
0.57450 0.40804 0.67124
0.50498 0.39372 0.43716
0.61435 0.37019 0.63744
0.40091 0.55839 0.58893
0.56789 0.46246 0.43675
0.44930 0.52836 0.55597
0.55497 0.47318 0.49872
0.59894 0.39172 0.42703
0.47276 0.54107 0.55853
0.49154 0.52053 0.56500
0.49214 0.47200 0.74059
0.56794 0.46028 0.56898
0.63326 0.37028 0.55051
0.58273 0.58520 0.56434
0.54248 0.42780 0.61187
0.49893 0.44691 0.31282
0.51796 0.51145 0.40186
0.44089 0.39556 0.46438
0.51247 0.50691 0.52831
0.47578 0.46899 0.55135
0.38596 0.52914 0.38134
0.51183 0.50988 0.59452
0.57021 0.42492 0.56412
0.60276 0.46080 0.63461
0.61010 0.38789 0.67769
0.49677 0.39287 0.37167
0.52634 0.52847 0.64212
0.56172 0.34692 0.56724
0.49477 0.62241 0.50912
0.51823 0.57794 0.39854
0.56679 0.43012 0.51426
0.54552 0.48829 0.58927
0.51003 0.54483 0.61256
0.67263 0.40126 0.47840
0.59863 0.48843 0.60584
0.50967 0.55507 0.53624
0.55684 0.50070 0.58539
0.48358 0.59855 0.64696
0.49903 0.55181 0.55742
0.57365 0.61049 0.44658
0.47828 0.48951 0.58181
0.51979 0.52833 0.66690
0.64723 0.35564 0.45153
0.58469 0.49631 0.63398
0.51982 0.46048 0.49496
0.54401 0.47633 0.68762
0.50105 0.40375 0.47543
0.47453 0.50691 0.58604
0.59357 0.39242 0.53770
0.57280 0.50670 0.61446
0.53507 0.50569 0.57412
0.63384 0.30360 0.57744
0.57852 0.41032 0.65853
0.57421 0.51123 0.48679
0.49481 0.50601 0.70646
0.43550 0.41111 0.54766
0.59322 0.42167 0.71659
0.50398 0.35098 0.52409
0.49745 0.38063 0.44660
0.60766 0.36536 0.56530
0.44856 0.57998 0.41144
0.44915 0.63470 0.47055
0.49674 0.57564 0.58761
0.60563 0.41487 0.57431
0.55299 0.50845 0.46150
0.51463 0.41344 0.64770
0.58061 0.47047 0.52315
0.54089 0.57203 0.39521
0.56601 0.49582 0.55614
0.52597 0.28578 0.56549
0.58075 0.55650 0.59281
0.57313 0.39287 0.63390
0.65212 0.24336 0.59539
0.55934 0.31347 0.61466
0.50832 0.67434 0.44903
0.59987 0.43539 0.71516
0.48646 0.50426 0.55724
0.61894 0.45096 0.33572
0.46803 0.52662 0.50792
0.46779 0.49754 0.54411
0.65046 0.34088 0.55445
0.68335 0.36286 0.59082
0.62043 0.40901 0.77633
0.41121 0.45998 0.43384
0.46224 0.43152 0.58131
0.53588 0.36979 0.52373
0.61885 0.47297 0.75446
0.49224 0.66203 0.61448
0.55137 0.52693 0.60261
0.69394 0.37166 0.49639
0.61668 0.34829 0.57480
0.57069 0.40678 0.47878
0.66236 0.33257 0.67820
0.58930 0.39613 0.57968
0.58703 0.43657 0.45887
0.48172 0.46792 0.44446
0.46043 0.56563 0.55414
0.56442 0.54474 0.48510
0.45106 0.68764 0.52035
0.48789 0.60009 0.47358
0.63887 0.40869 0.56180
0.52360 0.47344 0.63865
0.49934 0.53204 0.70633
0.58456 0.37901 0.59471
0.47059 0.43051 0.44474
0.52089 0.44918 0.65198
0.54028 0.51936 0.48845
0.64382 0.27632 0.76632
0.50734 0.40497 0.46348
0.36616 0.64376 0.68384
0.53047 0.62438 0.40503
0.49239 0.50669 0.51611
0.60742 0.49649 0.28797
0.50702 0.53303 0.65619
0.59915 0.39881 0.71551
0.40499 0.59014 0.40794
0.62141 0.31601 0.70718
0.49620 0.47006 0.60749
0.55710 0.46135 0.50020
0.50008 0.39990 0.60778
0.53598 0.37369 0.53882
0.43200 0.53052 0.62331
0.52008 0.53815 0.44774
0.63944 0.33286 0.50345
0.58319 0.44219 0.65475
0.38589 0.34812 0.35488
0.57146 0.51175 0.42980
0.46899 0.49522 0.66877
0.52619 0.54799 0.52513
0.49871 0.53958 0.55325
0.61341 0.43836 0.45031
0.49388 0.54319 0.65033
0.50466 0.46887 0.64709
0.48051 0.51610 0.59069
0.51101 0.57258 0.40276
0.46380 0.49071 0.56821
0.57192 0.49697 0.73073
0.43411 0.52445 0.52501
0.67183 0.29761 0.72090
0.43135 0.47931 0.55917
0.55369 0.49965 0.63480
0.54003 0.53806 0.49443
0.58662 0.57906 0.52257
0.49671 0.56696 0.57883
0.49771 0.59525 0.37374
0.46993 0.48273 0.48677
0.57829 0.51665 0.49894
0.51121 0.42629 0.47656
0.55755 0.49736 0.69088
0.62023 0.36748 0.53228
0.65493 0.47461 0.54451
0.53539 0.60996 0.57017
0.56695 0.37497 0.45066
0.59556 0.40870 0.52637
0.58127 0.41741 0.51192
0.53604 0.48859 0.59200
0.56440 0.38881 0.53880
0.48617 0.57539 0.45068
0.44997 0.54697 0.52965
0.53942 0.44271 0.61457
0.52554 0.62534 0.50303
0.54187 0.45547 0.42050
0.57477 0.49991 0.63450
0.47206 0.45463 0.40433
0.49154 0.42781 0.57704
0.67752 0.33513 0.69764
0.48933 0.64716 0.55287
0.54347 0.45085 0.50146
0.59754 0.37102 0.45346
0.55072 0.48252 0.58134
0.58866 0.44488 0.71847
0.52479 0.57120 0.48105
0.60834 0.45512 0.70039
0.52966 0.53625 0.57727
0.62953 0.38598 0.49767
0.57059 0.42654 0.61376
0.52366 0.48294 0.55236
0.37685 0.45184 0.33187
0.41696 0.54384 0.49432
0.52789 0.68584 0.33047
0.60751 0.35061 0.61333
0.58545 0.46230 0.55266
0.49755 0.51432 0.50718
0.63815 0.34691 0.56352
0.53928 0.43258 0.39084
0.51317 0.54772 0.66991
0.55416 0.51778 0.50586
0.47205 0.47563 0.63119
0.52672 0.59647 0.54629
0.55847 0.44181 0.62296
0.54845 0.32654 0.48914
0.47795 0.50962 0.47354
0.54697 0.48823 0.50922
0.48131 0.69482 0.58528
0.47674 0.44088 0.48955
0.56644 0.40870 0.56097
0.45482 0.51455 0.41839
0.58750 0.45857 0.61697
0.52633 0.55685 0.47973
0.51233 0.50587 0.67242
0.57391 0.47614 0.48331
0.56486 0.50288 0.43509
0.50836 0.48177 0.65747
0.48682 0.45234 0.62020
0.45870 0.49561 0.41969
0.45898 0.44489 0.33430
0.59224 0.33973 0.53675
0.66208 0.38397 0.60110
0.76480 0.35468 0.47222
0.56645 0.50926 0.60712
0.48473 0.53747 0.57900
0.74880 0.30007 0.52363
0.64704 0.31139 0.55079
0.55160 0.66934 0.47247
0.65522 0.35496 0.62319
0.51126 0.49767 0.47394
0.55358 0.57798 0.43655
0.50591 0.39533 0.41890
0.67639 0.29397 0.62607
0.40981 0.41342 0.36812
0.50833 0.52047 0.71014
0.52437 0.55059 0.56952
0.47962 0.43883 0.56234
0.57108 0.47134 0.47518
0.52490 0.49799 0.44053
0.65959 0.41069 0.56550
0.51235 0.41534 0.47798
0.40184 0.59200 0.47522
0.52628 0.66555 0.44113
0.63177 0.35495 0.53248
0.55536 0.49466 0.67321
0.57940 0.37568 0.60113
0.53493 0.52326 0.64890
0.53377 0.46811 0.64029
0.50323 0.52312 0.52138
0.49972 0.53129 0.63405
0.64389 0.34248 0.53794
0.54769 0.53685 0.57154
0.42175 0.60459 0.60201
0.56146 0.47535 0.47983
0.53766 0.40179 0.60547
0.61219 0.45804 0.44863
0.47665 0.51159 0.44319
0.58692 0.44707 0.53958
0.59521 0.41407 0.52171
0.49327 0.40530 0.51763
0.51404 0.58002 0.60974
0.71785 0.23219 0.66671
0.62042 0.36272 0.62770
0.55585 0.34680 0.62730
0.58563 0.51691 0.61579
0.48451 0.62467 0.58908
0.44406 0.42410 0.51827
0.48618 0.60037 0.50461
0.50023 0.43643 0.51747
0.48731 0.52794 0.59856
0.74725 0.30732 0.50052
0.56456 0.39756 0.48637
0.53486 0.49118 0.56452
0.61145 0.45123 0.51028
0.57105 0.58935 0.48547
0.59066 0.52257 0.62214
0.50846 0.65874 0.41583
0.58083 0.42883 0.54191
0.64598 0.28330 0.58700
0.52273 0.43186 0.41345
0.39539 0.64190 0.63234
0.50371 0.52697 0.47821
0.46608 0.52880 0.64085
0.64783 0.34893 0.54875
0.53794 0.57334 0.40952
0.52558 0.43709 0.51783
0.60876 0.47396 0.72816
0.49212 0.43083 0.49194
0.50716 0.58547 0.72167
0.62152 0.47571 0.54139
0.59929 0.41458 0.65584
0.43915 0.42855 0.48676
0.61097 0.46999 0.58038
0.58957 0.52253 0.51340
0.64543 0.35745 0.64269
0.50493 0.41488 0.63482
0.53881 0.51999 0.76604
0.54739 0.50070 0.43273
0.46760 0.41335 0.55100
0.51805 0.56130 0.59354
0.52717 0.46021 0.65481
0.46920 0.47879 0.50792
0.47914 0.49820 0.46363
0.48323 0.61139 0.65804
0.52427 0.45107 0.66994
0.51943 0.46012 0.51132
0.54479 0.51338 0.56285
0.49281 0.52581 0.61878
0.52520 0.52635 0.64791
0.55681 0.39769 0.35872
0.56120 0.43797 0.51976
0.65325 0.34778 0.58953
0.56405 0.47700 0.40912
0.53980 0.60552 0.50775
0.67045 0.32494 0.59167
0.54526 0.50477 0.64752
0.46668 0.44984 0.45762
0.57711 0.33423 0.55352
0.55804 0.53118 0.68138
0.63868 0.39958 0.73236
0.60009 0.47516 0.61714
0.59488 0.45069 0.63777
0.53246 0.40237 0.68566
0.61335 0.32177 0.55274
0.53756 0.45872 0.56333
0.45010 0.51441 0.48686
0.45954 0.51173 0.47472
0.62338 0.38857 0.59612
0.63081 0.34667 0.54115
0.62611 0.44792 0.56559
0.61271 0.44800 0.50404
0.46175 0.62808 0.58589
0.55124 0.42569 0.56094
0.54015 0.50254 0.50837
0.50562 0.38088 0.47648
0.44661 0.61374 0.65539
0.64972 0.47313 0.55838
0.59304 0.47857 0.60721
0.53869 0.55640 0.64071
0.51767 0.52065 0.63781
0.52533 0.46418 0.60957
0.58794 0.45308 0.64442
0.59258 0.41157 0.70383
0.61998 0.39195 0.63618
0.52066 0.48736 0.64539
0.43920 0.56865 0.58076
0.48435 0.59013 0.69936
0.43966 0.48798 0.35378
0.49339 0.50693 0.51710
0.59565 0.51882 0.33729
0.54242 0.41899 0.44931
0.58983 0.45016 0.50029
0.50133 0.53125 0.66379
0.52849 0.51643 0.73275
0.55009 0.36822 0.63150
0.52212 0.56780 0.61935
0.56287 0.50781 0.65901
0.66211 0.38604 0.49095
0.60330 0.40975 0.51733
0.45203 0.41022 0.60037
0.66408 0.40467 0.53348
0.58259 0.49750 0.57308
0.56098 0.42310 0.54738
0.52497 0.49189 0.44076
0.60959 0.26246 0.57209
0.60352 0.38185 0.52826
0.48880 0.54043 0.59880
0.62918 0.37125 0.50737
0.51309 0.60948 0.55026
0.47337 0.50815 0.36796
0.41764 0.38841 0.39306
0.59086 0.41879 0.60845
0.42502 0.61806 0.56424
0.56277 0.35561 0.50591
0.41675 0.55999 0.51406
0.61476 0.44902 0.57573
0.60448 0.45240 0.40764
0.54595 0.53941 0.57010
0.62357 0.41623 0.70059
0.67936 0.32574 0.36987
0.50969 0.50093 0.60622
0.59855 0.57107 0.40067
0.55193 0.58848 0.60896
0.46838 0.61263 0.50015
0.45102 0.56068 0.42863
0.48421 0.38981 0.47655
0.60962 0.44069 0.48608
0.45390 0.35260 0.35709
0.57429 0.41676 0.59002
0.59317 0.39802 0.57416
0.59361 0.37029 0.55664
0.45082 0.55842 0.43539
0.62675 0.47960 0.44435
0.46109 0.59980 0.55084
0.46082 0.53130 0.67154
0.59754 0.41761 0.62129
0.54490 0.46266 0.55905
0.52347 0.56045 0.48352
0.56838 0.47161 0.75038
0.52928 0.28993 0.38630
0.55765 0.43361 0.43425
0.59161 0.52912 0.41798
0.53102 0.50001 0.52941
0.53732 0.58513 0.57451
0.55443 0.54275 0.52738
0.56745 0.45847 0.67945
0.51379 0.42032 0.53200
0.56214 0.42226 0.57148
0.61422 0.54081 0.55790
0.54394 0.39822 0.46817
0.53976 0.53171 0.48352
0.48042 0.50287 0.57160
0.51037 0.42516 0.55938
0.67980 0.23416 0.74711
0.58950 0.48538 0.64376
0.52171 0.56029 0.71347
0.49684 0.48382 0.56851
0.57897 0.46675 0.61231
0.48739 0.53061 0.57662
0.58922 0.39099 0.52476
0.49741 0.46779 0.44682
0.55152 0.49909 0.52132
0.41766 0.73191 0.58714
0.58436 0.56163 0.53101
0.46631 0.46441 0.52784
0.66627 0.33394 0.63945
0.55391 0.44083 0.50022
0.44815 0.40792 0.49014
0.63151 0.41564 0.41890
0.54376 0.38719 0.56277
0.34552 0.50577 0.43051
0.45267 0.50185 0.45371
0.65457 0.42791 0.56262
0.48050 0.33822 0.40298
0.45545 0.51019 0.43153
0.53569 0.33570 0.51409
0.60877 0.36162 0.60717
0.61075 0.50466 0.54767
0.53646 0.58254 0.44484
0.50561 0.51184 0.54548
0.62553 0.44564 0.71678
0.51207 0.42442 0.49033
0.63063 0.44019 0.58976
0.58677 0.51329 0.55712
0.54576 0.48581 0.58063
0.55845 0.52283 0.63374
0.48033 0.60660 0.68324
0.42586 0.35434 0.43131
0.48733 0.54277 0.50241
0.53308 0.53915 0.57755
0.49918 0.58235 0.47735
0.48226 0.54460 0.40011
0.55763 0.42573 0.56566
0.55771 0.53166 0.47892
0.46185 0.56031 0.60877
0.60239 0.40761 0.58343
0.48730 0.49065 0.52124
0.56717 0.48974 0.60584
0.47865 0.47902 0.54987
0.50349 0.47107 0.55240
0.47900 0.45341 0.41027
0.62388 0.36466 0.73994
0.55475 0.49959 0.53393
0.56393 0.48500 0.47396
0.44773 0.56104 0.50972
0.50795 0.34045 0.45284
0.55193 0.52872 0.47082
0.63797 0.47968 0.47561
0.57027 0.32841 0.71559
0.51698 0.46287 0.59352
0.58725 0.37315 0.66794
0.61744 0.36434 0.58082
0.56156 0.52515 0.62036
0.59519 0.52213 0.62353
0.63112 0.44117 0.58494
0.52011 0.64055 0.61968
0.57481 0.47679 0.53762
0.56811 0.35762 0.58872
0.52309 0.43695 0.53855
0.49505 0.45816 0.63363
0.58134 0.48948 0.58442
0.48374 0.42220 0.55283
0.75402 0.33419 0.52744
0.55549 0.45516 0.63279
0.53332 0.54788 0.61905
0.64782 0.37492 0.67260
0.55602 0.42959 0.51405
0.57087 0.52390 0.60198
0.57175 0.52439 0.70278
0.60497 0.49826 0.63222
0.56492 0.53759 0.38926
0.61851 0.45262 0.61005
0.63989 0.35335 0.70288
0.62117 0.37593 0.66943
0.64588 0.39049 0.61884
0.58183 0.45644 0.43565
0.52281 0.53372 0.48861
0.59365 0.45320 0.58541
0.56875 0.51189 0.55852
0.46236 0.52104 0.54342
0.56138 0.32273 0.57367
0.51833 0.63673 0.56632
0.49361 0.44237 0.52457
0.46132 0.53534 0.55930
0.45661 0.58138 0.54742
0.55616 0.50486 0.64920
0.52434 0.45195 0.48297
0.51330 0.57704 0.53323
0.45272 0.52895 0.52128
0.51622 0.65124 0.42097
0.49635 0.49574 0.60832
0.63788 0.44587 0.45452
0.55641 0.43735 0.53721
0.51834 0.55636 0.57399
0.41553 0.56450 0.50637
0.53068 0.50223 0.63191
0.60225 0.34247 0.59600
0.42748 0.49824 0.43049
0.42280 0.56824 0.54336
0.56520 0.52353 0.52429
0.72108 0.29413 0.40734
0.59076 0.45446 0.58689
0.61541 0.28816 0.59529
0.46726 0.59708 0.51411
0.53776 0.44120 0.61112
0.49575 0.32317 0.51109
0.52744 0.65329 0.33209
0.50982 0.50130 0.65519
0.61917 0.44176 0.57830
0.51710 0.54498 0.61639
0.56730 0.38198 0.61787
0.58533 0.46523 0.60957
0.45103 0.60206 0.58108
0.50355 0.40579 0.60415
0.55117 0.36954 0.42219
0.54986 0.49382 0.45047
0.55479 0.58905 0.50850
0.61077 0.34453 0.51952
0.46860 0.57143 0.41849
0.57230 0.50877 0.66403
0.56035 0.51131 0.61636
0.53660 0.51375 0.56300
0.47029 0.51082 0.42963
0.61131 0.34370 0.55041
0.55266 0.49201 0.58598
0.64310 0.42736 0.60464
0.45914 0.52599 0.47304
0.66097 0.36651 0.56517
0.60870 0.40077 0.53802
0.61555 0.32305 0.60489
0.71206 0.29059 0.68174
0.55349 0.41154 0.61245
0.47211 0.53756 0.62616
0.50796 0.49161 0.60087
0.44936 0.50331 0.46685
0.60987 0.40794 0.60845
0.69768 0.31032 0.56296
0.50901 0.49312 0.65169
0.48192 0.57687 0.47903
0.51706 0.51193 0.66884
0.63300 0.34482 0.56133
0.62316 0.50439 0.73152
0.56770 0.48349 0.50736
0.69132 0.33008 0.64338
0.65194 0.48241 0.47705
0.61578 0.38449 0.56532
0.59130 0.51513 0.63422
0.52990 0.60524 0.31243
0.59590 0.49426 0.63811
0.60376 0.41733 0.48811
0.51889 0.52216 0.59995
0.58108 0.39131 0.69439
0.48691 0.59597 0.60774
0.52126 0.52841 0.55488
0.53297 0.41593 0.56208
0.56807 0.42603 0.68160
0.48723 0.51952 0.57246
0.53479 0.45639 0.58672
0.49458 0.44526 0.47407
0.55563 0.44774 0.66755
0.66418 0.33983 0.64064
0.59546 0.38826 0.50340
0.56745 0.38223 0.52604
0.52325 0.52751 0.54200
0.42119 0.40512 0.36863
0.58042 0.52737 0.53929
0.57325 0.50982 0.38574
0.36930 0.39863 0.27182
0.60268 0.40183 0.66397
0.53164 0.50733 0.64907
0.53006 0.35725 0.49607
0.56997 0.41449 0.60368
0.49951 0.24924 0.38858
0.58878 0.61682 0.47530
0.51563 0.52013 0.37989
0.45813 0.43987 0.45032
0.59848 0.47752 0.59588
0.56634 0.53334 0.56204
0.55148 0.48208 0.73516
0.56494 0.47746 0.51286
0.67904 0.32941 0.68749
0.63951 0.40944 0.61213
0.42157 0.54036 0.44753
0.49850 0.43374 0.40603
0.56512 0.52425 0.71381
0.47326 0.51920 0.49621
0.47881 0.53144 0.48602
0.55156 0.45213 0.53022
0.47848 0.58530 0.50706
0.59626 0.37288 0.49475
0.51684 0.49066 0.48918
0.63570 0.36717 0.69360
0.54803 0.61657 0.56331
0.42509 0.49934 0.48513
0.52627 0.39819 0.53436
0.68400 0.28810 0.62062
0.53982 0.44827 0.63641
0.53872 0.45652 0.63527
0.49635 0.59942 0.43860
0.67132 0.37787 0.53155
0.56393 0.42065 0.64760
0.48612 0.49344 0.61648
0.56668 0.43257 0.48055
0.49141 0.49584 0.60301
0.51928 0.43171 0.43299
0.59758 0.53303 0.62864
0.43579 0.61172 0.63962
0.53336 0.41142 0.54306
0.60152 0.49710 0.52400
0.57219 0.40836 0.54754
0.55142 0.40506 0.52105
0.56607 0.37880 0.59153
0.51268 0.41379 0.52085
0.39738 0.62187 0.52072
0.45109 0.54049 0.61884
0.65563 0.39884 0.70168
0.49399 0.38300 0.55859
0.64746 0.29008 0.57758
0.43597 0.55185 0.49074
0.61235 0.41185 0.62706
0.56261 0.51924 0.55778
0.59390 0.35864 0.52627
0.51232 0.57638 0.44234
0.49238 0.53180 0.60756
0.54155 0.40683 0.65797
0.56952 0.52823 0.58913
0.62159 0.45065 0.58387
0.68054 0.41165 0.58509
0.58046 0.45579 0.51296
0.59311 0.41657 0.66866
0.54101 0.49187 0.41884
0.58673 0.45173 0.53259
0.54639 0.49710 0.44983
0.46732 0.65115 0.67124
0.58413 0.52277 0.55333
0.60383 0.30270 0.72078
0.47895 0.61179 0.37640
0.65775 0.38173 0.58945
0.52497 0.57567 0.63762
0.41941 0.67397 0.66955
0.58125 0.46862 0.50533
0.47318 0.56921 0.49403
0.55092 0.51480 0.62906
0.56916 0.33224 0.48795
0.58815 0.50782 0.65981
0.53038 0.41196 0.53553
0.52102 0.48540 0.48069
0.46252 0.51877 0.61418
0.52617 0.42278 0.52087
0.55094 0.46867 0.63123
0.61754 0.44711 0.45953
0.51811 0.50414 0.59407
0.58858 0.34024 0.71112
0.67012 0.41869 0.57510
0.60383 0.33197 0.60774
0.53993 0.47683 0.66702
0.60422 0.49501 0.48856
0.63401 0.44484 0.42515
0.56521 0.49275 0.56038
0.53071 0.50013 0.68304
0.60159 0.42566 0.52237
0.56353 0.51265 0.50666
0.58819 0.39615 0.56722
0.52944 0.61739 0.42835
0.51541 0.55762 0.54105
0.57049 0.52762 0.54545
0.39071 0.61025 0.51935
0.54218 0.36600 0.53459
0.51869 0.48170 0.65828
0.71384 0.39182 0.43406
0.51022 0.67554 0.41112
0.50558 0.47866 0.50350
0.49659 0.55600 0.61164
0.51667 0.53680 0.65046
0.42814 0.47196 0.50242
0.60668 0.33434 0.59546
0.59835 0.51720 0.44161
0.60414 0.40362 0.65207
0.60291 0.46299 0.55335
0.45668 0.60885 0.62235
0.53908 0.38544 0.55853
0.50931 0.55090 0.61894
0.69245 0.31722 0.63266
0.57341 0.33542 0.61333
0.52271 0.54676 0.54840
0.46874 0.55491 0.57809
0.53424 0.38556 0.59754
0.47881 0.49522 0.46814
0.56142 0.46841 0.62482
0.49037 0.52983 0.59046
0.51418 0.59855 0.67476
0.61487 0.43380 0.57566
0.54559 0.59486 0.41021
0.46927 0.43045 0.33272
0.59474 0.40509 0.55237
0.61781 0.38949 0.64836
0.57354 0.46823 0.62801
0.52977 0.52294 0.61069
0.60318 0.36558 0.60094
0.54109 0.40870 0.43071
0.62114 0.44561 0.52058
0.56112 0.51076 0.72182
0.56571 0.39898 0.59594
0.47825 0.52493 0.53176
0.64218 0.41354 0.56456
0.50198 0.65370 0.60440
0.63507 0.43640 0.64228
0.64170 0.38822 0.49406
0.58220 0.48701 0.43756
0.57737 0.52901 0.62688
0.44519 0.56038 0.62404
0.66801 0.31127 0.56409
0.56467 0.50173 0.59485
0.50837 0.59886 0.39345
0.44817 0.46233 0.48962
0.59140 0.49259 0.75245
0.59493 0.35977 0.68619
0.51471 0.47802 0.61973
0.61203 0.42260 0.54842
0.53247 0.44394 0.68431
0.62075 0.35530 0.61450
0.64115 0.40341 0.60111
0.48118 0.42810 0.48676
0.55298 0.55933 0.52481
0.54672 0.51673 0.50700
0.57706 0.46525 0.67793
0.48668 0.47074 0.67485
0.52144 0.32788 0.47706
0.60096 0.46099 0.65133
0.55158 0.55600 0.72759
0.48934 0.47633 0.42936
0.53280 0.46127 0.72213
0.52904 0.46992 0.51160
0.38774 0.67708 0.60095
0.54788 0.30754 0.56697
0.57851 0.50146 0.61976
0.51979 0.55638 0.58823
0.57806 0.32769 0.54193
0.46266 0.55662 0.48527
0.50809 0.40451 0.42082
0.53255 0.48191 0.58552
0.65207 0.39813 0.43484
0.46911 0.51766 0.39343
0.51785 0.55825 0.65706
0.50881 0.49609 0.60436
0.46525 0.56252 0.69208
0.63597 0.42291 0.60716
0.50920 0.44019 0.62805
0.57053 0.45213 0.59738
0.73191 0.34063 0.47106
0.57298 0.49138 0.56859
0.50636 0.39555 0.32396
0.58163 0.40897 0.64281
0.57170 0.48664 0.49780
0.63710 0.42349 0.64929
0.62624 0.45086 0.46926
0.64357 0.32917 0.78141
0.58400 0.48218 0.52569
0.53597 0.53634 0.65966
0.59454 0.44758 0.56984
0.53526 0.34844 0.60956
0.48787 0.37361 0.58821
0.53559 0.57870 0.41186
0.44497 0.46554 0.51182
0.48871 0.40116 0.46412
0.43754 0.48839 0.48720
0.48742 0.60731 0.56098
0.55783 0.54637 0.37353
0.52087 0.45912 0.56481
0.52041 0.51574 0.54848
0.58595 0.41940 0.63391
0.54857 0.45340 0.63171
0.52877 0.55726 0.55208
0.63311 0.48602 0.48870
0.56829 0.48285 0.74532
0.58412 0.53801 0.53232
0.53451 0.54569 0.52636
0.52554 0.41787 0.39235
0.48326 0.49921 0.56820
0.48595 0.46639 0.54065
0.58429 0.43161 0.69804
0.59651 0.38803 0.63051
0.57809 0.45050 0.46589
0.50942 0.48621 0.50351
0.57557 0.39433 0.59135
0.50592 0.49780 0.64565
0.55467 0.54804 0.54430
0.58772 0.52726 0.49497
0.58677 0.40107 0.60009
0.53369 0.35565 0.60888
0.65555 0.34873 0.55017
0.53634 0.52299 0.65191
0.57613 0.45723 0.46837
0.43873 0.64473 0.63289
0.44404 0.60759 0.62379
0.54715 0.50655 0.48568
0.49903 0.43218 0.42758
0.53149 0.39001 0.48909
0.41992 0.37557 0.52621
0.51411 0.51684 0.60204
0.52741 0.35841 0.61956
0.60173 0.48110 0.62499
0.59080 0.37958 0.60987
0.57241 0.44255 0.53994
0.58617 0.36898 0.53053
0.56400 0.49599 0.42385
0.59082 0.42779 0.54330
0.55435 0.37686 0.48760
0.50725 0.51464 0.60009
0.53010 0.56922 0.54129
0.64064 0.34361 0.66487
0.52362 0.41444 0.62851
0.65596 0.35478 0.64193
0.54730 0.52328 0.67311
0.52818 0.59135 0.56734
0.55906 0.45674 0.50784
0.69521 0.29760 0.63028
0.70028 0.31094 0.54322
0.54202 0.49956 0.60476
0.53980 0.40214 0.55935
0.54861 0.45585 0.71304
0.55411 0.46313 0.56557
