20 11 1000 27405 781
0.71824 0.24182 0.75154
0.52797 0.64832 0.19654
0.61638 0.15301 0.68891
0.95851 0.71755 0.44185
0.13438 0.19978 0.09577
0.94057 0.02970 0.24375
0.19160 0.20507 0.22327
0.44566 0.15066 0.16426
0.19777 0.62707 0.97796
0.30674 0.64278 0.22448
0.43205 0.33902 0.99875
0.48127 0.42178 0.36647
0.54377 0.30455 0.42515
0.55088 0.39871 0.51439
0.53339 0.21269 0.45678
0.34349 0.43961 0.57391
0.38661 0.46377 0.55470
0.48964 0.43791 0.41880
0.51770 0.41316 0.52962
0.54196 0.32111 0.34311
0.47176 0.26413 0.30557
0.47721 0.50762 0.53493
0.56090 0.28454 0.50611
0.45039 0.32555 0.64725
0.56391 0.24452 0.53845
0.57767 0.36403 0.54587
0.49069 0.48462 0.56483
0.42253 0.33572 0.60437
0.55033 0.48540 0.57378
0.44078 0.33838 0.63467
0.41072 0.45107 0.38307
0.55886 0.42677 0.39132
0.42106 0.41953 0.50554
0.42551 0.47141 0.54351
0.49475 0.26875 0.34432
0.41929 0.48922 0.55010
0.43451 0.44325 0.43690
0.52405 0.38968 0.44674
0.37739 0.31594 0.38210
0.50905 0.39256 0.68367
0.46880 0.34495 0.43160
0.58708 0.32771 0.41306
0.53043 0.30996 0.53255
0.49185 0.31890 0.31491
0.46805 0.35988 0.43204
0.43535 0.38854 0.54164
0.56466 0.36584 0.65943
0.42546 0.33348 0.44976
0.42115 0.45032 0.58843
0.43557 0.28222 0.51506
0.41566 0.44314 0.43848
0.53228 0.50176 0.40908
0.58964 0.30888 0.51316
0.56915 0.26466 0.37717
0.35774 0.24131 0.30315
0.45136 0.29248 0.32815
0.49070 0.33654 0.37124
0.37791 0.29982 0.40017
0.29245 0.36956 0.37131
0.48283 0.31517 0.41731
0.49474 0.25228 0.37915
0.47466 0.40786 0.45458
0.40378 0.24843 0.39702
0.45137 0.44646 0.63709
0.41458 0.36873 0.42996
0.46993 0.43104 0.42824
0.50216 0.38308 0.48798
0.35026 0.37143 0.45610
0.42786 0.30366 0.34410
0.47456 0.37677 0.47257
0.50914 0.28381 0.53454
0.55148 0.26041 0.66848
0.60058 0.36921 0.37761
0.45133 0.31076 0.40604
0.47711 0.34006 0.57787
0.56406 0.34817 0.61509
0.59366 0.32484 0.45162
0.53771 0.44434 0.45929
0.37341 0.41980 0.53987
0.50217 0.35873 0.25899
0.32152 0.29368 0.43053
0.43517 0.43370 0.49944
0.51693 0.31618 0.36220
0.61493 0.26010 0.44707
0.46881 0.41241 0.37005
0.63243 0.22874 0.38834
0.60135 0.41319 0.42855
0.55514 0.35114 0.52626
0.62363 0.38376 0.47707
0.29765 0.43479 0.52836
0.55803 0.42195 0.36611
0.50815 0.38030 0.55820
0.46666 0.37502 0.58797
0.47745 0.32078 0.48034
0.52787 0.30859 0.48265
0.56562 0.35893 0.47515
0.54414 0.22495 0.29390
0.64131 0.50807 0.42743
0.61051 0.23650 0.32640
0.33338 0.29418 0.30074
0.36880 0.44619 0.35200
0.58986 0.42025 0.41909
0.41549 0.39564 0.50072
0.32317 0.36989 0.43745
0.65187 0.35084 0.41045
0.60626 0.40591 0.56760
0.55898 0.46219 0.49862
0.45839 0.47351 0.56080
0.43142 0.36580 0.48121
0.52967 0.39757 0.50660
0.53082 0.46800 0.45855
0.45433 0.37844 0.40487
0.44946 0.28764 0.55370
0.61713 0.33187 0.36967
0.53381 0.29425 0.31390
0.37348 0.43159 0.32029
0.52170 0.29351 0.45556
0.63394 0.33230 0.46523
0.44618 0.41709 0.61611
0.42515 0.28173 0.39127
0.47030 0.46616 0.45713
0.57414 0.48072 0.43631
0.45862 0.39082 0.55385
0.55758 0.39210 0.47426
0.33097 0.26216 0.40463
0.58887 0.45978 0.42535
0.44753 0.43997 0.46667
0.43461 0.28086 0.37599
0.50297 0.48209 0.48010
0.54060 0.48283 0.40816
0.58737 0.46771 0.48451
0.37008 0.41413 0.29634
0.48124 0.34859 0.63532
0.42429 0.41323 0.47418
0.58962 0.27575 0.36652
0.46113 0.41578 0.48327
0.43860 0.36207 0.45056
0.39147 0.32497 0.36819
0.36062 0.29078 0.51059
0.54249 0.28339 0.44305
0.32736 0.42449 0.40755
0.50928 0.41805 0.57680
0.57338 0.41253 0.40426
0.57469 0.31460 0.55294
0.42810 0.47302 0.45608
0.53859 0.30286 0.46693
0.49574 0.39010 0.52743
0.46119 0.34046 0.35214
0.44255 0.35943 0.37408
0.46971 0.37078 0.71523
0.51979 0.21242 0.30081
0.53914 0.44538 0.43586
0.48177 0.45577 0.61331
0.58033 0.30093 0.56267
0.52234 0.48498 0.56517
0.53778 0.47444 0.70016
0.46037 0.28449 0.50339
0.60280 0.25249 0.29676
0.57968 0.42941 0.49847
0.55028 0.42433 0.46093
0.47952 0.33913 0.46750
0.62095 0.42696 0.53303
0.56322 0.33193 0.53567
0.60817 0.25623 0.53562
0.32956 0.37171 0.52610
0.33442 0.36535 0.37372
0.41426 0.36805 0.36613
0.59534 0.28054 0.33928
0.43955 0.33681 0.36712
0.39265 0.34737 0.65861
0.52920 0.39415 0.38415
0.64915 0.37887 0.46156
0.63521 0.26106 0.48327
0.50254 0.40372 0.44215
0.41143 0.23433 0.51697
0.45896 0.27017 0.38022
0.46654 0.40094 0.56182
0.53712 0.39810 0.44716
0.39905 0.39876 0.52532
0.48597 0.32382 0.50589
0.54525 0.43408 0.36337
0.51879 0.30165 0.65441
0.63026 0.51129 0.54886
0.46693 0.32820 0.46079
0.53826 0.37075 0.50288
0.48288 0.46876 0.54209
0.42869 0.40032 0.46531
0.40565 0.43244 0.33514
0.40451 0.42610 0.36377
0.39872 0.42085 0.46952
0.57418 0.35559 0.63625
0.53469 0.39640 0.41241
0.52064 0.34993 0.41949
0.58778 0.24295 0.39426
0.49461 0.31020 0.40106
0.41164 0.45200 0.70299
0.39513 0.29506 0.22558
0.45765 0.50127 0.58736
0.67213 0.39480 0.38726
0.44761 0.30932 0.36150
0.58141 0.27829 0.39596
0.49213 0.42669 0.60517
0.37687 0.36574 0.28106
0.37836 0.26506 0.45259
0.36992 0.34094 0.41767
0.58387 0.42912 0.38141
0.50029 0.34231 0.54206
0.55086 0.29704 0.40948
0.37298 0.27626 0.46219
0.55900 0.38336 0.47124
0.50905 0.40471 0.52267
0.53467 0.36375 0.39200
0.54318 0.35504 0.57981
0.37919 0.39237 0.46725
0.52164 0.34275 0.38362
0.70106 0.60936 0.32712
0.32454 0.45553 0.58568
0.48237 0.45127 0.40099
0.42843 0.41722 0.60927
0.38974 0.41448 0.49377
0.44743 0.35763 0.36693
0.61255 0.29471 0.49948
0.57775 0.23057 0.53046
0.50410 0.37414 0.32164
0.54887 0.30685 0.40817
0.37897 0.40493 0.32794
0.42151 0.34263 0.32873
0.54710 0.35639 0.57178
0.42064 0.31285 0.31069
0.41729 0.41909 0.39538
0.59648 0.35877 0.49645
0.40819 0.35040 0.38707
0.44207 0.42741 0.42441
0.65806 0.24238 0.46979
0.44998 0.34078 0.29731
0.51138 0.40768 0.32933
0.44241 0.48327 0.55623
0.48606 0.34445 0.40944
0.46995 0.37059 0.46814
0.49842 0.49955 0.60802
0.53908 0.37105 0.58280
0.39743 0.33760 0.53653
0.46328 0.40838 0.51372
0.32198 0.43329 0.53277
0.44125 0.39773 0.40937
0.58486 0.42970 0.64326
0.46410 0.40469 0.55107
0.55246 0.49164 0.47684
0.56133 0.42758 0.42876
0.49578 0.39502 0.34408
0.46882 0.26923 0.38149
0.47629 0.45027 0.45603
0.45560 0.42325 0.63638
0.33022 0.28367 0.42497
0.46249 0.32307 0.42772
0.39341 0.29590 0.35829
0.59213 0.36414 0.37335
0.48045 0.28164 0.42734
0.48325 0.41453 0.50953
0.56177 0.37791 0.43603
0.36781 0.38559 0.29495
0.38313 0.42635 0.45423
0.43882 0.32772 0.42448
0.45125 0.25009 0.35699
0.60361 0.28921 0.47861
0.39736 0.32572 0.43639
0.72427 0.51644 0.42910
0.46633 0.43170 0.59422
0.44745 0.28384 0.34906
0.67013 0.50699 0.40172
0.57618 0.41815 0.48825
0.55969 0.42137 0.38963
0.43507 0.34734 0.41365
0.43905 0.49121 0.54348
0.46824 0.33088 0.44215
0.51741 0.34398 0.50059
0.57909 0.26305 0.46443
0.53198 0.34797 0.50119
0.52708 0.38559 0.53858
0.45078 0.38372 0.51577
0.32203 0.44276 0.52443
0.42945 0.35572 0.55244
0.54343 0.34402 0.50029
0.34273 0.35106 0.46523
0.42848 0.37231 0.45458
0.47875 0.34298 0.64169
0.57758 0.35924 0.40306
0.44538 0.38393 0.40771
0.50591 0.35884 0.33546
0.56074 0.32733 0.56980
0.37297 0.31002 0.43781
0.53631 0.41274 0.35475
0.64671 0.52071 0.40898
0.57682 0.27472 0.49932
0.43488 0.31546 0.38458
0.54401 0.35646 0.47145
0.45259 0.36576 0.54329
0.45066 0.31192 0.53222
0.46159 0.40714 0.39688
0.37303 0.34667 0.46959
0.54967 0.30175 0.38637
0.46445 0.31498 0.41137
0.39236 0.28800 0.51701
0.71622 0.23425 0.38706
0.49017 0.34181 0.40163
0.46846 0.45679 0.56708
0.43106 0.38439 0.57609
0.38024 0.23840 0.35302
0.55458 0.31437 0.55043
0.65288 0.24222 0.37854
0.54785 0.24470 0.47072
0.32484 0.33819 0.39094
0.43722 0.37826 0.34958
0.47671 0.23679 0.47152
0.43095 0.40585 0.60274
0.45950 0.38931 0.43104
0.34722 0.50659 0.60554
0.54746 0.30798 0.39830
0.62734 0.36855 0.33462
0.60661 0.49840 0.39011
0.57119 0.31395 0.43965
0.51647 0.38243 0.39372
0.63724 0.34932 0.46974
0.52279 0.31669 0.53537
0.48200 0.33320 0.60440
0.48126 0.40243 0.48805
0.52768 0.35944 0.47140
0.57435 0.23114 0.42451
0.45744 0.37501 0.36855
0.39984 0.26425 0.40763
0.47850 0.27377 0.49500
0.60764 0.31104 0.52189
0.63210 0.41547 0.51870
0.59479 0.28088 0.31555
0.52450 0.38307 0.44435
0.51971 0.37517 0.38826
0.40789 0.38973 0.28476
0.43386 0.39013 0.33631
0.46188 0.35135 0.62960
0.47956 0.39666 0.54238
0.46526 0.37755 0.49618
0.41704 0.38205 0.46033
0.60166 0.27865 0.43795
0.56107 0.36880 0.41725
0.36210 0.31424 0.32796
0.39850 0.35807 0.57236
0.50726 0.52540 0.38817
0.62694 0.23258 0.49173
0.52873 0.28951 0.45445
0.49267 0.46786 0.48227
0.48587 0.30160 0.41487
0.39339 0.43194 0.43256
0.54282 0.28211 0.57735
0.46321 0.42227 0.39997
0.59848 0.36680 0.46708
0.46919 0.23365 0.31780
0.59062 0.31472 0.35237
0.46473 0.42114 0.39120
0.48533 0.36081 0.40689
0.51246 0.30848 0.58591
0.45787 0.38628 0.55568
0.36917 0.39133 0.61105
0.48791 0.38739 0.57437
0.73660 0.17812 0.39308
0.45925 0.30215 0.48092
0.39342 0.33367 0.44096
0.48298 0.37054 0.45622
0.35800 0.38410 0.36208
0.50867 0.30378 0.51018
0.46558 0.30287 0.38506
0.44001 0.35290 0.41514
0.50493 0.34271 0.36155
0.59819 0.27135 0.48632
0.49770 0.33583 0.49412
0.60757 0.33892 0.37312
0.44718 0.37723 0.48692
0.38987 0.44804 0.49901
0.56254 0.29203 0.37154
0.48681 0.28921 0.45862
0.39731 0.47787 0.56978
0.45549 0.35549 0.47525
0.53677 0.22811 0.37719
0.50306 0.24013 0.41968
0.40352 0.36864 0.53092
0.44434 0.39493 0.50741
0.40783 0.24957 0.33018
0.57642 0.31673 0.46416
0.52817 0.40328 0.63457
0.63900 0.32731 0.36245
0.66641 0.24825 0.35864
0.49340 0.33488 0.47454
0.50097 0.27955 0.48041
0.56824 0.30980 0.31302
0.45898 0.39870 0.58188
0.46922 0.36801 0.51836
0.50967 0.34989 0.59880
0.55010 0.25979 0.49504
0.42692 0.35225 0.66543
0.73364 0.51558 0.48996
0.49874 0.44273 0.37843
0.56337 0.39060 0.36956
0.50612 0.33322 0.37755
0.56882 0.51081 0.29755
0.49827 0.32579 0.39494
0.55278 0.43262 0.53598
0.46877 0.31129 0.32087
0.59383 0.31433 0.47664
0.49420 0.40888 0.42019
0.47455 0.34086 0.55025
0.51883 0.30672 0.39584
0.51515 0.35674 0.38177
0.67217 0.55187 0.41915
0.56756 0.27666 0.32424
0.61994 0.35390 0.43675
0.58415 0.36862 0.31545
0.52105 0.36279 0.35371
0.48365 0.51211 0.50439
0.51178 0.37286 0.52627
0.48826 0.35343 0.32241
0.53946 0.36988 0.54375
0.41510 0.40818 0.50030
0.43677 0.36814 0.59689
0.47017 0.25095 0.33914
0.44480 0.32317 0.46199
0.60107 0.22900 0.30240
0.49680 0.32612 0.48938
0.52939 0.27426 0.42291
0.49891 0.37672 0.47466
0.64372 0.20411 0.31861
0.45726 0.37209 0.52841
0.57721 0.25980 0.40116
0.50434 0.33578 0.32487
0.52538 0.33975 0.46168
0.50032 0.34086 0.55053
0.56808 0.39756 0.38321
0.49307 0.38362 0.44162
0.52963 0.39655 0.68638
0.66245 0.36746 0.50906
0.52499 0.25469 0.38008
0.40264 0.40186 0.39176
0.58658 0.35016 0.40558
0.40776 0.39222 0.71438
0.59056 0.39821 0.42005
0.46925 0.31895 0.28959
0.46226 0.34770 0.51056
0.49184 0.28767 0.52939
0.57064 0.30419 0.43876
0.43690 0.48578 0.41231
0.61951 0.43146 0.49288
0.58435 0.31698 0.50736
0.58749 0.25388 0.45550
0.43392 0.51176 0.43433
0.46610 0.40983 0.49802
0.45693 0.43313 0.58085
0.47290 0.30360 0.54542
0.62022 0.24686 0.41473
0.56744 0.36293 0.40354
0.62084 0.43901 0.37466
0.40645 0.41357 0.62061
0.42201 0.26602 0.46991
0.36490 0.26328 0.33122
0.36835 0.26015 0.36049
0.56102 0.28415 0.46611
0.52518 0.35405 0.63308
0.43926 0.25870 0.36603
0.50732 0.41348 0.36005
0.36974 0.34500 0.36347
0.49496 0.21663 0.45125
0.48423 0.39560 0.34195
0.31416 0.34553 0.39991
0.39983 0.28557 0.26221
0.54407 0.45561 0.46567
0.58684 0.41532 0.42926
0.50460 0.36622 0.54471
0.59133 0.25309 0.42179
0.57584 0.29181 0.47790
0.43099 0.28250 0.29213
0.53265 0.27701 0.37109
0.54275 0.26199 0.54051
0.66808 0.45222 0.48371
0.46609 0.33902 0.58547
0.55438 0.31115 0.63835
0.43656 0.30333 0.48942
0.58466 0.36848 0.44846
0.52278 0.33903 0.43849
0.41627 0.42323 0.58359
0.58757 0.22574 0.30937
0.50869 0.46697 0.52062
0.55622 0.38217 0.63880
0.39438 0.34758 0.39733
0.56426 0.27852 0.61218
0.49895 0.39802 0.39778
0.56096 0.32643 0.45640
0.43298 0.33745 0.39915
0.56019 0.32912 0.44983
0.43484 0.33082 0.62033
0.55606 0.47800 0.42908
0.57302 0.41832 0.54436
0.47788 0.34402 0.50017
0.57961 0.24006 0.45444
0.57687 0.31924 0.45504
0.39083 0.32976 0.61399
0.45498 0.26203 0.47374
0.39999 0.37862 0.46993
0.43794 0.48837 0.39197
0.52250 0.35530 0.43963
0.56906 0.24985 0.39463
0.48048 0.38226 0.55752
0.55776 0.40196 0.57518
0.42965 0.36824 0.62976
0.53870 0.39620 0.49644
0.47695 0.38687 0.28869
0.44358 0.42108 0.32697
0.56069 0.33785 0.57596
0.47570 0.33032 0.44879
0.40157 0.38821 0.32578
0.42055 0.38718 0.36159
0.54865 0.26596 0.43439
0.50069 0.43005 0.53348
0.48777 0.38692 0.41865
0.45366 0.28769 0.45058
0.61294 0.35848 0.42470
0.57902 0.28876 0.61143
0.47879 0.24959 0.40698
0.45909 0.34397 0.31953
0.47201 0.35756 0.48532
0.49606 0.43452 0.39518
0.47828 0.33126 0.51341
0.51938 0.42190 0.40785
0.56341 0.39372 0.62497
0.49871 0.37440 0.45228
0.39402 0.27507 0.35012
0.58770 0.33740 0.48518
0.50715 0.34527 0.54629
0.63331 0.37218 0.48353
0.45156 0.27563 0.32217
0.52133 0.50631 0.33985
0.46473 0.35447 0.38097
0.47081 0.31702 0.44951
0.51286 0.35550 0.37122
0.42949 0.40171 0.62442
0.51966 0.32917 0.61347
0.56962 0.43104 0.46819
0.37946 0.39935 0.37484
0.67391 0.30667 0.42977
0.59399 0.33134 0.38060
0.49315 0.32685 0.40042
0.51211 0.35489 0.48919
0.53093 0.42124 0.34478
0.60925 0.35664 0.49764
0.52914 0.32441 0.59180
0.53460 0.46768 0.53290
0.53027 0.29129 0.37751
0.53114 0.46485 0.42489
0.49813 0.49069 0.35914
0.47479 0.41244 0.41352
0.44210 0.36529 0.41339
0.36127 0.37273 0.38355
0.42776 0.30198 0.53874
0.50891 0.43431 0.38720
0.41635 0.34943 0.45577
0.46648 0.30362 0.67233
0.34532 0.37560 0.49257
0.38766 0.35787 0.37593
0.54404 0.29594 0.48190
0.54717 0.26334 0.40754
0.56162 0.27873 0.42183
0.56359 0.43392 0.37867
0.51456 0.40057 0.44559
0.50580 0.34883 0.34435
0.60417 0.36137 0.42700
0.44344 0.39293 0.51737
0.59697 0.37515 0.51166
0.36694 0.40068 0.65010
0.47957 0.26506 0.37050
0.55518 0.29999 0.67791
0.52559 0.43430 0.36297
0.45508 0.31477 0.37993
0.56377 0.30122 0.53654
0.38023 0.41407 0.29944
0.43924 0.32653 0.39705
0.37685 0.52718 0.66712
0.38985 0.34573 0.48909
0.53171 0.47797 0.48347
0.54053 0.26690 0.48785
0.44951 0.25938 0.45207
0.54687 0.27060 0.34826
0.54837 0.28237 0.55396
0.34733 0.33142 0.35824
0.53438 0.31308 0.44913
0.40915 0.34570 0.61378
0.43476 0.32835 0.37023
0.47802 0.30293 0.45060
0.52447 0.31997 0.55505
0.45568 0.33646 0.42247
0.64539 0.38000 0.45119
0.43699 0.29612 0.48769
0.53052 0.30152 0.47883
0.53599 0.42506 0.60740
0.67670 0.19122 0.38383
0.62357 0.32763 0.43788
0.45827 0.38307 0.34957
0.61962 0.44576 0.43932
0.54154 0.24928 0.36320
0.61520 0.24064 0.54847
0.51890 0.30200 0.46295
0.46779 0.30292 0.29724
0.55295 0.32459 0.40685
0.46438 0.27413 0.46590
0.46682 0.29571 0.52439
0.52275 0.41950 0.49166
0.44526 0.43772 0.50602
0.47113 0.31100 0.46268
0.58073 0.43863 0.49618
0.49947 0.25521 0.42324
0.43383 0.36382 0.37165
0.46259 0.39898 0.40096
0.47124 0.32463 0.48732
0.61101 0.45042 0.45457
0.51995 0.36561 0.55884
0.49675 0.45224 0.51366
0.47173 0.42133 0.44040
0.58090 0.32752 0.54702
0.45087 0.37147 0.57156
0.41499 0.34887 0.30106
0.33921 0.41177 0.49291
0.48669 0.44433 0.48370
0.48138 0.45421 0.56259
0.48540 0.37633 0.44803
0.42291 0.34880 0.40583
0.53152 0.37111 0.43492
0.55691 0.30189 0.56697
0.56152 0.28091 0.50649
0.56546 0.25958 0.50136
0.38392 0.42671 0.44469
0.44943 0.33374 0.44178
0.46249 0.45575 0.50289
0.62170 0.26249 0.41337
0.61716 0.36978 0.48625
0.52159 0.28598 0.59847
0.43661 0.40761 0.46741
0.40994 0.38690 0.33110
0.40844 0.34083 0.37646
0.49018 0.39529 0.39604
0.54490 0.30614 0.50375
0.40564 0.34894 0.47922
0.52582 0.41757 0.36821
0.48322 0.36234 0.40838
0.56640 0.45314 0.55530
0.40355 0.44295 0.60650
0.57508 0.27103 0.38911
0.48067 0.45734 0.34269
0.59625 0.30776 0.60986
0.49714 0.41400 0.41337
0.55490 0.48230 0.40291
0.65180 0.41126 0.41118
0.57909 0.47283 0.52408
0.45853 0.38112 0.49815
0.49263 0.51599 0.58537
0.65030 0.29230 0.58884
0.38811 0.29084 0.25567
0.42044 0.40213 0.46933
0.41576 0.35225 0.29133
0.55067 0.35292 0.52403
0.38095 0.46071 0.63429
0.48616 0.38788 0.55031
0.41865 0.38148 0.44955
0.49719 0.32524 0.40734
0.42670 0.33944 0.43769
0.76165 0.46088 0.46226
0.51860 0.33647 0.42971
0.46286 0.41767 0.27126
0.50117 0.39587 0.44398
0.45709 0.33058 0.37309
0.45265 0.34353 0.28767
0.39370 0.30016 0.38344
0.43654 0.28476 0.59565
0.37583 0.43565 0.43720
0.49115 0.33048 0.35568
0.30525 0.56254 0.54588
0.60747 0.26327 0.45132
0.38234 0.42174 0.39330
0.59889 0.29795 0.47671
0.44629 0.37045 0.34822
0.44444 0.37880 0.39023
0.54299 0.35334 0.63451
0.55896 0.32578 0.42822
0.48961 0.28679 0.43674
0.38083 0.32584 0.43985
0.50670 0.41024 0.45496
0.47221 0.28111 0.39231
0.46840 0.37585 0.53263
0.44019 0.39069 0.46813
0.54275 0.32521 0.45876
0.43412 0.46355 0.43156
0.39195 0.36655 0.35442
0.42304 0.36359 0.63587
0.53634 0.26527 0.53468
0.60569 0.28962 0.34480
0.40601 0.41367 0.40143
0.34327 0.33512 0.44942
0.48900 0.37318 0.38451
0.52102 0.36297 0.37471
0.48069 0.41380 0.36508
0.49640 0.30984 0.53911
0.44855 0.39425 0.52094
0.57806 0.34375 0.42034
0.40464 0.33081 0.36595
0.49960 0.43918 0.53944
0.48924 0.31037 0.47263
0.44343 0.39645 0.43533
0.53044 0.28164 0.44435
0.59180 0.35185 0.39032
0.44546 0.35904 0.38752
0.40917 0.28138 0.38574
0.67635 0.36781 0.33355
0.59939 0.56736 0.40790
0.53896 0.32400 0.53671
0.41999 0.32262 0.59656
0.51274 0.33742 0.57945
0.61574 0.28141 0.49975
0.49233 0.36609 0.44030
0.52814 0.41661 0.61289
0.51194 0.52196 0.50932
0.55404 0.49369 0.41266
0.45615 0.41779 0.32447
0.50750 0.35762 0.49399
0.42603 0.35338 0.54153
0.39000 0.37774 0.39916
0.66536 0.28484 0.35687
0.38163 0.29974 0.40243
0.53963 0.46658 0.41722
0.46647 0.27997 0.40515
0.60923 0.41102 0.44424
0.57098 0.31924 0.53508
0.43802 0.28523 0.44880
0.50633 0.31413 0.45807
0.59418 0.46378 0.48611
0.54619 0.39802 0.58889
0.46855 0.40179 0.49183
0.32839 0.36721 0.30952
0.36531 0.38363 0.54894
0.54834 0.31220 0.61941
0.41257 0.36125 0.45252
0.47521 0.36170 0.46967
0.45093 0.25487 0.46619
0.60202 0.40751 0.58580
0.41896 0.39410 0.43670
0.49317 0.29804 0.41685
0.45091 0.36280 0.28781
0.49407 0.43688 0.54385
0.63305 0.24765 0.57074
0.59412 0.30029 0.39019
0.42349 0.32879 0.40189
0.39635 0.48590 0.35927
0.49010 0.29002 0.42156
0.54466 0.35154 0.55386
0.50018 0.26809 0.64481
0.51971 0.43227 0.59230
0.52082 0.36975 0.53430
0.46143 0.39031 0.58353
0.51027 0.40789 0.35855
0.56437 0.26611 0.62731
0.67126 0.29887 0.35068
0.48959 0.37317 0.33439
0.59304 0.38893 0.44762
0.56487 0.36501 0.49563
0.40118 0.34683 0.40916
0.42230 0.30249 0.38893
0.49615 0.46768 0.62495
0.64679 0.29648 0.42255
0.61992 0.24476 0.39590
0.49690 0.32297 0.53313
0.56851 0.47008 0.41480
0.56661 0.42508 0.47160
0.44919 0.38917 0.39292
0.52016 0.28689 0.49166
0.49720 0.30431 0.49543
0.43475 0.34939 0.37374
0.58114 0.31923 0.39407
0.45688 0.26578 0.34378
0.58126 0.20950 0.52254
0.40053 0.34965 0.39367
0.37901 0.34451 0.29655
0.42239 0.32613 0.50328
0.41556 0.43328 0.53308
0.56555 0.46491 0.40956
0.43537 0.28210 0.47657
0.54467 0.26432 0.45603
0.54430 0.36785 0.51714
0.51459 0.28386 0.43904
0.45653 0.29897 0.33842
0.42225 0.48103 0.30555
0.44302 0.39630 0.56303
0.43268 0.28446 0.44538
0.48492 0.46817 0.30994
0.39957 0.41277 0.54425
0.34091 0.34754 0.44084
0.56210 0.34082 0.42110
0.57661 0.48068 0.39540
0.41806 0.33281 0.55135
0.30464 0.35904 0.53845
0.59056 0.38739 0.45822
0.44290 0.42098 0.30251
0.49478 0.35155 0.50444
0.40608 0.29832 0.44284
0.41468 0.26158 0.40922
0.54107 0.29511 0.56341
0.49771 0.36031 0.51153
0.37325 0.35656 0.47761
0.55279 0.29070 0.55656
0.49574 0.34325 0.44833
0.47740 0.34150 0.41064
0.50428 0.32955 0.38885
0.46018 0.39327 0.48801
0.48585 0.28486 0.31139
0.48076 0.28308 0.33937
0.48543 0.34867 0.35271
0.52988 0.39662 0.41609
0.48612 0.37223 0.43447
0.51066 0.35654 0.43081
0.47176 0.25497 0.52371
0.46662 0.44870 0.62893
0.56606 0.47767 0.51960
0.41663 0.38286 0.51493
0.53424 0.27180 0.52372
0.37107 0.35522 0.28287
0.34476 0.39651 0.33478
0.57774 0.37646 0.56362
0.53937 0.33974 0.39467
0.44790 0.40203 0.35671
0.51121 0.40792 0.54139
0.53684 0.32447 0.31061
0.51473 0.29912 0.38784
0.53593 0.54980 0.60861
0.55175 0.39988 0.59959
0.44012 0.38250 0.49412
0.63227 0.24959 0.42484
0.55371 0.38209 0.57586
0.72164 0.35996 0.51278
0.58013 0.34412 0.50389
0.57554 0.45981 0.50620
0.43349 0.44305 0.46741
0.54516 0.35918 0.56983
0.54353 0.38868 0.55722
0.63650 0.30299 0.51386
0.51520 0.36297 0.33410
0.51198 0.32160 0.41488
0.32713 0.27625 0.25452
0.41905 0.38437 0.27346
0.58208 0.40632 0.36939
0.51248 0.30228 0.47123
0.53129 0.26352 0.43241
0.42782 0.31593 0.42844
0.47483 0.42893 0.49504
0.71871 0.27884 0.42313
0.44418 0.40418 0.31550
0.51675 0.34102 0.55235
0.60972 0.37031 0.51289
0.37772 0.40745 0.53872
0.59343 0.41443 0.39146
0.56934 0.32772 0.38413
0.58473 0.30636 0.47435
0.56495 0.32688 0.30350
0.47170 0.35793 0.54836
0.48080 0.37202 0.48341
0.64099 0.50422 0.46020
0.57106 0.42997 0.48895
0.60301 0.53210 0.45111
0.53339 0.42717 0.44671
0.63712 0.28425 0.40965
0.47867 0.44068 0.49152
0.40875 0.26197 0.44177
0.43805 0.27052 0.36777
0.46132 0.21788 0.33990
0.45159 0.45408 0.32504
0.48523 0.34986 0.38376
0.44913 0.41963 0.58128
0.38578 0.29346 0.39561
0.60715 0.49107 0.40219
0.58232 0.32147 0.40901
0.44626 0.31055 0.34436
0.50179 0.36748 0.49675
0.34630 0.29766 0.38914
0.50889 0.36545 0.45694
0.52135 0.42680 0.59589
0.38660 0.40868 0.54991
0.45843 0.34599 0.59204
0.47278 0.30030 0.54833
0.62607 0.42519 0.54215
0.49218 0.26627 0.40683
0.53646 0.37451 0.48924
0.41321 0.49007 0.38425
0.53037 0.24050 0.41353
0.64078 0.44130 0.52969
0.37170 0.29607 0.28030
0.54655 0.40378 0.39129
0.47832 0.32500 0.40751
0.54987 0.35051 0.43973
0.73571 0.33318 0.43099
0.48621 0.37236 0.50961
0.46319 0.27783 0.49053
0.46785 0.38357 0.38541
0.46518 0.37534 0.38691
0.68702 0.28308 0.43843
0.60731 0.23733 0.32713
0.56917 0.25887 0.45909
0.45270 0.38674 0.41584
0.44078 0.36368 0.48085
0.51214 0.31230 0.51613
0.49899 0.22007 0.41266
0.56261 0.46325 0.46513
0.41916 0.42861 0.65954
0.46547 0.34714 0.54809
0.43908 0.37516 0.42528
0.55552 0.39095 0.44829
0.50302 0.40777 0.43818
0.50254 0.36592 0.36706
0.40102 0.32834 0.45040
0.52424 0.33446 0.32804
0.59285 0.30635 0.74533
0.42472 0.47549 0.42086
0.57669 0.34883 0.55383
0.45370 0.36738 0.47838
0.50465 0.43374 0.50854
0.65291 0.29460 0.47401
0.53663 0.43899 0.52853
0.58133 0.33488 0.46418
0.48276 0.37987 0.57676
0.49786 0.36428 0.42129
0.51778 0.36795 0.55279
0.43258 0.38610 0.54883
0.41155 0.38144 0.54584
0.46360 0.39863 0.50222
0.50940 0.42621 0.45737
0.50236 0.28275 0.35381
0.59352 0.30917 0.56528
0.43543 0.44057 0.31860
0.50860 0.33839 0.59184
0.45907 0.40605 0.53178
0.46694 0.30303 0.40824
0.43105 0.34380 0.47003
0.45350 0.33786 0.48086
0.37374 0.41163 0.42594
0.54124 0.51946 0.31748
0.60173 0.48810 0.35827
0.58891 0.34923 0.46794
0.53676 0.26525 0.50062
0.62665 0.36533 0.57897
0.42420 0.34524 0.26580
0.59588 0.44877 0.40999
0.55331 0.35740 0.40082
0.39477 0.45326 0.52114
0.38927 0.38891 0.53165
0.54647 0.32933 0.51811
0.65500 0.54615 0.40865
0.47075 0.44616 0.49117
0.50165 0.29315 0.47335
0.45088 0.34382 0.52317
0.49783 0.26149 0.36364
0.56049 0.42106 0.54116
0.50793 0.33010 0.32231
0.53137 0.31587 0.48609
0.52077 0.28694 0.40125
0.63700 0.36554 0.37524
0.56007 0.26920 0.57348
0.48541 0.39707 0.44125
0.56482 0.47936 0.48889
0.39098 0.24962 0.25372
0.48662 0.37930 0.38594
0.52968 0.35268 0.65924
0.45071 0.27501 0.38607
0.60732 0.45007 0.45272
0.38879 0.39763 0.38815
0.41369 0.30569 0.50990
0.54149 0.25551 0.53741
0.51574 0.27116 0.49734
0.44359 0.44596 0.45600
0.50516 0.35712 0.54374
0.53812 0.35265 0.39246
0.55380 0.37954 0.60988
0.60271 0.41519 0.44252
0.57661 0.27921 0.48477
0.64944 0.31525 0.52835
0.24999 0.35905 0.22938
0.41673 0.25315 0.33452
0.39855 0.38959 0.43256
0.47463 0.37764 0.44316
0.47303 0.39210 0.63253
0.36598 0.37099 0.34289
0.47993 0.33932 0.28932
0.50658 0.36767 0.35997
0.57135 0.48502 0.36640
0.34722 0.43283 0.52857
0.55598 0.36017 0.55104
0.67223 0.28021 0.44428
0.38125 0.30913 0.51496
0.48374 0.41311 0.44677
0.51236 0.25869 0.34061
0.42157 0.27786 0.40614
0.54530 0.40288 0.40556
0.51530 0.34440 0.63420
0.38896 0.28561 0.36931
0.50568 0.31944 0.49429
0.52916 0.44076 0.40129
0.59639 0.38618 0.53418
0.39269 0.27280 0.38800
0.44376 0.37871 0.40347
0.50719 0.36517 0.45642
0.49217 0.24766 0.41765
0.57791 0.37874 0.43525
