20 17 1000 17196 2624
0.80993 0.00643 0.46088
0.66643 0.51149 0.71424
0.35903 0.30691 0.41474
0.17052 0.21187 0.36459
0.46921 0.72815 0.98237
0.03141 0.55103 0.79893
0.66771 0.01345 0.01128
0.73835 0.21441 0.76067
0.81403 0.33732 0.11564
0.30644 0.94597 0.40760
0.53051 0.45068 0.05794
0.74412 0.75643 0.97684
0.29169 0.05246 0.53970
0.64265 0.13594 0.36684
0.61522 0.27315 0.78679
0.40052 0.27709 0.48327
0.58648 0.89025 0.37186
0.46397 0.30492 0.46573
0.49722 0.34869 0.49701
0.57648 0.49755 0.64428
0.53841 0.44003 0.55529
0.48343 0.34447 0.53786
0.51642 0.44808 0.51524
0.49732 0.36588 0.49531
0.58581 0.41049 0.54953
0.56218 0.44060 0.56080
0.56228 0.40232 0.44071
0.58855 0.43977 0.48761
0.57025 0.52694 0.50667
0.47761 0.56893 0.53517
0.51272 0.36275 0.53192
0.54195 0.41907 0.61798
0.53399 0.44470 0.53989
0.54164 0.43491 0.52207
0.57519 0.34544 0.35873
0.51960 0.48150 0.49867
0.47156 0.41356 0.53108
0.49584 0.48251 0.55369
0.48116 0.47186 0.51748
0.51975 0.35746 0.60336
0.56459 0.38823 0.59422
0.57494 0.46284 0.49920
0.46709 0.28723 0.39891
0.52311 0.41875 0.43532
0.56022 0.51612 0.46501
0.50656 0.43402 0.55406
0.41749 0.34698 0.39129
0.40172 0.43666 0.46874
0.49953 0.39586 0.40520
0.48577 0.37851 0.45059
0.41526 0.37525 0.50323
0.58184 0.32646 0.41931
0.48558 0.23372 0.43835
0.47636 0.35425 0.46719
0.50289 0.35599 0.54637
0.43459 0.35107 0.53806
0.52614 0.43351 0.52432
0.58157 0.43219 0.55509
0.46500 0.47664 0.69631
0.50936 0.38710 0.49084
0.46900 0.37742 0.59435
0.58092 0.29148 0.55624
0.49822 0.38506 0.39791
0.45061 0.44633 0.49759
0.49969 0.39880 0.52663
0.51575 0.39929 0.43923
0.47556 0.49692 0.45931
0.47599 0.51380 0.55089
0.54100 0.60162 0.47969
0.59971 0.37813 0.46017
0.59229 0.29373 0.41200
0.47383 0.47874 0.50477
0.56141 0.51689 0.43638
0.56495 0.26888 0.33684
0.55501 0.35970 0.54422
0.50059 0.29562 0.47655
0.39804 0.37169 0.59718
0.62639 0.31986 0.42385
0.55482 0.40159 0.43405
0.52083 0.34610 0.49562
0.52974 0.40689 0.51817
0.58525 0.46627 0.53092
0.47543 0.49910 0.56826
0.53843 0.45083 0.54784
0.55404 0.38935 0.52272
0.52815 0.34906 0.36366
0.53591 0.50109 0.58888
0.40142 0.42452 0.46247
0.54800 0.33953 0.50974
0.47088 0.31496 0.43867
0.40589 0.35944 0.53091
0.53263 0.32859 0.59567
0.56388 0.45820 0.56499
0.52704 0.35358 0.35466
0.45397 0.28136 0.49880
0.53173 0.31114 0.47198
0.50625 0.31803 0.55331
0.57203 0.38930 0.59820
0.59150 0.42082 0.55617
0.51397 0.48932 0.56419
0.59098 0.38274 0.58679
0.43436 0.32324 0.48472
0.55365 0.39242 0.55929
0.50464 0.62426 0.49681
0.43707 0.43065 0.50547
0.56125 0.47114 0.47257
0.46763 0.31301 0.54090
0.47190 0.32722 0.51590
0.42257 0.24909 0.49028
0.45561 0.37591 0.60694
0.47164 0.45484 0.55662
0.47069 0.44072 0.58031
0.49711 0.43881 0.55329
0.48489 0.49257 0.49401
0.44443 0.46684 0.61766
0.50287 0.41510 0.51134
0.59896 0.27151 0.41711
0.57103 0.36306 0.48015
0.49408 0.37726 0.46760
0.59663 0.33105 0.64383
0.51085 0.35377 0.42868
0.49323 0.34065 0.44716
0.63295 0.33372 0.40401
0.50240 0.36713 0.44515
0.55817 0.29338 0.40902
0.56939 0.44928 0.53777
0.55705 0.40403 0.37828
0.51315 0.37425 0.60639
0.41782 0.44837 0.52980
0.54200 0.29041 0.44741
0.45407 0.40987 0.53077
0.51295 0.31390 0.45706
0.44713 0.43113 0.64733
0.48191 0.34186 0.50937
0.53663 0.45145 0.45281
0.42608 0.35747 0.41300
0.48110 0.47914 0.42786
0.50803 0.51511 0.47941
0.53426 0.37288 0.36377
0.49171 0.40871 0.49780
0.50468 0.38648 0.42173
0.60591 0.41444 0.42945
0.48810 0.45376 0.62982
0.52510 0.33894 0.45659
0.47010 0.47335 0.59734
0.39290 0.51124 0.46245
0.54065 0.49618 0.59666
0.49332 0.35819 0.59760
0.54467 0.36014 0.53533
0.37749 0.41006 0.64208
0.52467 0.41212 0.54382
0.47543 0.45839 0.47761
0.51165 0.38438 0.46916
0.51926 0.29622 0.40844
0.54758 0.36385 0.43583
0.48112 0.40580 0.52919
0.54925 0.39970 0.55714
0.54350 0.49549 0.52331
0.55994 0.40136 0.45141
0.44779 0.39090 0.49191
0.43422 0.31494 0.44784
0.46618 0.32929 0.49321
0.51050 0.39031 0.48398
0.62336 0.38475 0.53697
0.54806 0.32633 0.59161
0.58730 0.39580 0.41362
0.59150 0.36735 0.34377
0.60553 0.35309 0.49921
0.54313 0.29809 0.42126
0.40599 0.54824 0.46732
0.48375 0.36072 0.40449
0.52092 0.35214 0.48864
0.46894 0.26403 0.44829
0.52313 0.38101 0.46414
0.42549 0.38064 0.39874
0.58397 0.41884 0.51309
0.51659 0.37804 0.43857
0.55067 0.37227 0.52044
0.54089 0.47012 0.54855
0.42011 0.30495 0.52993
0.43826 0.43074 0.55541
0.65124 0.54562 0.58416
0.40307 0.45062 0.45661
0.51240 0.40476 0.56971
0.51016 0.43350 0.52584
0.51581 0.35991 0.45969
0.46465 0.28120 0.48348
0.47029 0.40235 0.54581
0.54606 0.37414 0.43186
0.48177 0.42557 0.43276
0.52968 0.44207 0.50667
0.56517 0.34574 0.54897
0.50652 0.32285 0.47082
0.55766 0.40738 0.60773
0.50027 0.54099 0.58881
0.39559 0.45648 0.58925
0.29970 0.46060 0.58077
0.53371 0.36849 0.57671
0.57236 0.24815 0.47143
0.57035 0.38077 0.50266
0.53594 0.41878 0.59756
0.44919 0.50608 0.58968
0.54306 0.41933 0.60514
0.43484 0.43410 0.54272
0.53469 0.36543 0.38775
0.54428 0.41985 0.55446
0.48231 0.35157 0.45398
0.59460 0.30847 0.40117
0.43511 0.41650 0.50305
0.44198 0.48210 0.59008
0.62047 0.36811 0.53733
0.46323 0.31756 0.53144
0.56012 0.36978 0.48039
0.45376 0.36089 0.40344
0.49814 0.37297 0.47315
0.35907 0.35522 0.47485
0.58613 0.20922 0.42517
0.54465 0.44142 0.45418
0.56511 0.32188 0.47910
0.47955 0.38126 0.58085
0.55294 0.39396 0.49472
0.46657 0.37469 0.57003
0.52728 0.47835 0.60146
0.51359 0.41327 0.56594
0.48522 0.56606 0.51633
0.53909 0.40880 0.54323
0.58325 0.35496 0.44907
0.51201 0.32915 0.40342
0.53023 0.50294 0.53554
0.50920 0.35886 0.44031
0.64590 0.30828 0.46664
0.48355 0.35688 0.42975
0.53343 0.37896 0.44284
0.52043 0.37079 0.59129
0.55537 0.45395 0.45128
0.55193 0.35770 0.59286
0.62417 0.37652 0.52328
0.50781 0.44496 0.56663
0.53010 0.39163 0.56087
0.55503 0.32323 0.46688
0.56495 0.32936 0.48748
0.46863 0.38408 0.52335
0.57289 0.38399 0.51207
0.49762 0.43990 0.49830
0.55067 0.25627 0.50293
0.44775 0.35787 0.51956
0.47435 0.54284 0.52588
0.54046 0.39747 0.50162
0.52570 0.41318 0.48828
0.51824 0.47095 0.57220
0.48162 0.40131 0.60253
0.50229 0.48176 0.56861
0.60469 0.33827 0.49944
0.41206 0.35011 0.54067
0.46523 0.38645 0.57278
0.53415 0.46215 0.52655
0.53269 0.38903 0.55281
0.48037 0.30453 0.36020
0.54512 0.45340 0.41155
0.51899 0.37518 0.42401
0.48291 0.39426 0.43901
0.54944 0.39647 0.49644
0.50131 0.43478 0.41919
0.34662 0.37005 0.61353
0.59728 0.33132 0.41342
0.58197 0.32832 0.41838
0.59317 0.47419 0.41233
0.58386 0.42672 0.44367
0.46531 0.32575 0.60367
0.57901 0.24565 0.46952
0.44486 0.62005 0.60813
0.54873 0.44513 0.41845
0.62569 0.29745 0.42970
0.56118 0.37498 0.51466
0.54236 0.47160 0.47924
0.42796 0.38318 0.54993
0.53829 0.29699 0.48213
0.55560 0.43909 0.61045
0.55326 0.38694 0.55443
0.54537 0.40887 0.44829
0.55495 0.37815 0.47457
0.54346 0.48408 0.57018
0.59773 0.39617 0.44610
0.54672 0.32747 0.56571
0.49355 0.29550 0.48937
0.52642 0.48462 0.53357
0.47324 0.46528 0.53968
0.54121 0.35001 0.46081
0.51886 0.42684 0.62112
0.46701 0.32977 0.43143
0.46181 0.32238 0.40009
0.51657 0.53261 0.54804
0.56699 0.38083 0.54311
0.53629 0.37781 0.51324
0.54327 0.44523 0.48953
0.57799 0.41794 0.50145
0.60480 0.48167 0.42675
0.40697 0.47374 0.48596
0.62502 0.45462 0.66078
0.48919 0.46226 0.53395
0.59860 0.39876 0.55471
0.47608 0.31800 0.47707
0.48622 0.42596 0.62545
0.49246 0.47361 0.54311
0.45187 0.41470 0.53559
0.48649 0.47214 0.48535
0.52082 0.47480 0.51219
0.59487 0.25806 0.52272
0.43517 0.44219 0.43554
0.45046 0.40082 0.47747
0.63356 0.43655 0.59033
0.44287 0.34388 0.53010
0.44507 0.48516 0.63112
0.49759 0.45128 0.51776
0.48894 0.37255 0.48300
0.56114 0.35247 0.51603
0.45811 0.35258 0.49736
0.47633 0.55599 0.55864
0.54379 0.33387 0.36968
0.46148 0.38436 0.56243
0.50920 0.24282 0.40994
0.50033 0.37284 0.41521
0.57364 0.33245 0.47813
0.56824 0.48735 0.52909
0.52766 0.37296 0.44402
0.43021 0.36886 0.46410
0.59847 0.31278 0.44694
0.45327 0.38825 0.52301
0.60897 0.37111 0.55607
0.38337 0.42639 0.58537
0.47292 0.53795 0.58644
0.53100 0.35313 0.59547
0.53241 0.48358 0.59687
0.48468 0.40358 0.46989
0.58353 0.38769 0.60018
0.48533 0.47663 0.53574
0.59030 0.37779 0.42048
0.63348 0.49311 0.67543
0.49498 0.23625 0.43846
0.60150 0.33246 0.58583
0.47683 0.54512 0.47665
0.50200 0.41702 0.57303
0.54065 0.36696 0.54095
0.52260 0.33891 0.53587
0.59687 0.43975 0.43512
0.62171 0.26521 0.49549
0.48754 0.39973 0.53404
0.53276 0.56603 0.52390
0.28353 0.47541 0.58036
0.55539 0.41853 0.56338
0.56941 0.33037 0.48631
0.50546 0.40826 0.52778
0.46061 0.36697 0.45711
0.52717 0.44066 0.58590
0.48433 0.36452 0.48731
0.50423 0.47103 0.52334
0.51901 0.45562 0.63601
0.46139 0.38243 0.48781
0.55494 0.52387 0.62559
0.45700 0.24951 0.50035
0.56293 0.37129 0.41691
0.49572 0.30754 0.44165
0.53408 0.54159 0.53600
0.49540 0.39053 0.54633
0.48857 0.52290 0.48436
0.54839 0.28102 0.45425
0.46270 0.44078 0.63124
0.53866 0.38025 0.50123
0.45134 0.38983 0.43222
0.59104 0.34315 0.60364
0.53972 0.36979 0.47581
0.48566 0.45561 0.48979
0.47051 0.51486 0.56846
0.40262 0.37987 0.49770
0.57713 0.37765 0.61417
0.55777 0.43922 0.50922
0.55593 0.41903 0.57633
0.61460 0.22274 0.41182
0.60345 0.27975 0.43393
0.53706 0.41025 0.46097
0.55026 0.41504 0.45667
0.51574 0.39563 0.55826
0.52713 0.38215 0.41908
0.50665 0.34411 0.45967
0.51459 0.44056 0.60914
0.48641 0.36498 0.52793
0.54874 0.47844 0.54071
0.59950 0.39501 0.47322
0.60251 0.30467 0.50560
0.57265 0.30537 0.54572
0.52303 0.49572 0.48073
0.60840 0.45453 0.53931
0.46663 0.39044 0.47967
0.52090 0.36363 0.44041
0.51498 0.39486 0.48650
0.51379 0.43173 0.53866
0.52126 0.44419 0.68267
0.42154 0.43200 0.49308
0.51537 0.40637 0.41366
0.50001 0.42678 0.57260
0.63671 0.32396 0.50443
0.48165 0.39101 0.47059
0.44513 0.38740 0.49690
0.48648 0.40852 0.44535
0.52207 0.38887 0.49334
0.50861 0.53924 0.53970
0.56282 0.28861 0.43614
0.46232 0.35296 0.54002
0.60630 0.39919 0.43685
0.48233 0.35177 0.45123
0.54609 0.36725 0.46107
0.46032 0.43281 0.52389
0.49840 0.41188 0.48577
0.50051 0.41966 0.51209
0.49483 0.44946 0.38622
0.56844 0.44173 0.51068
0.49984 0.33378 0.53596
0.52026 0.50753 0.48814
0.54890 0.43102 0.59119
0.49362 0.54147 0.56303
0.45118 0.45045 0.45904
0.44956 0.45258 0.43530
0.59502 0.34289 0.51193
0.49307 0.39363 0.55167
0.50629 0.32517 0.38349
0.50102 0.36608 0.55506
0.44624 0.42276 0.56181
0.49711 0.42148 0.62142
0.39586 0.51524 0.58071
0.47346 0.31788 0.53052
0.47058 0.38053 0.49471
0.53201 0.43528 0.59277
0.57305 0.32295 0.31745
0.53699 0.33727 0.46643
0.55202 0.32393 0.51759
0.49401 0.46815 0.67277
0.52112 0.38898 0.47598
0.45625 0.33574 0.57423
0.48901 0.41560 0.53080
0.48499 0.37268 0.54516
0.55335 0.37723 0.41458
0.55300 0.41534 0.48779
0.49435 0.52058 0.53128
0.54997 0.35034 0.58869
0.49405 0.40953 0.48656
0.50373 0.40694 0.57797
0.48827 0.40772 0.44995
0.61103 0.36642 0.52560
0.44666 0.43228 0.58073
0.49554 0.34550 0.57390
0.48054 0.46317 0.55520
0.58220 0.47032 0.68160
0.57752 0.35510 0.37260
0.54008 0.32044 0.49708
0.53627 0.39449 0.65033
0.48158 0.33915 0.55041
0.50272 0.31846 0.52512
0.44025 0.46112 0.46068
0.48988 0.46461 0.61133
0.61586 0.42958 0.42501
0.41505 0.41284 0.47365
0.54932 0.33424 0.41247
0.55243 0.32613 0.50105
0.48740 0.45913 0.60783
0.58710 0.40243 0.66458
0.55839 0.36319 0.50645
0.48128 0.30215 0.51687
0.52346 0.33755 0.42911
0.54296 0.49253 0.41486
0.36054 0.35756 0.56848
0.53864 0.38105 0.32883
0.55327 0.28628 0.41019
0.52805 0.46757 0.60081
0.52665 0.34710 0.57459
0.48318 0.33753 0.51805
0.53931 0.38945 0.51804
0.53208 0.39752 0.56180
0.63532 0.56224 0.72490
0.60139 0.35922 0.51482
0.49016 0.33906 0.56048
0.49452 0.39753 0.46096
0.54617 0.38407 0.53471
0.55901 0.42453 0.47255
0.55549 0.41991 0.41156
0.67200 0.44090 0.52021
0.38931 0.40768 0.53088
0.46109 0.40619 0.60683
0.56558 0.44040 0.60218
0.41051 0.50307 0.51877
0.53422 0.45500 0.52674
0.53253 0.37234 0.53857
0.56464 0.39483 0.46994
0.53853 0.32108 0.45678
0.57215 0.25716 0.41052
0.52427 0.51738 0.52194
0.44596 0.43790 0.55428
0.60783 0.30994 0.44552
0.51551 0.39135 0.53214
0.53405 0.41889 0.37512
0.60364 0.39956 0.47700
0.58120 0.43817 0.50827
0.40833 0.39772 0.45953
0.54663 0.39861 0.47481
0.53219 0.40613 0.59151
0.60390 0.44253 0.37258
0.53028 0.54686 0.48002
0.53289 0.42115 0.45589
0.53589 0.32388 0.60667
0.51766 0.38523 0.50200
0.53168 0.41170 0.50897
0.56149 0.27193 0.43808
0.60279 0.41177 0.58367
0.52526 0.37710 0.51203
0.45018 0.37503 0.52993
0.53172 0.29383 0.40325
0.52423 0.38700 0.43998
0.53598 0.42296 0.54342
0.53218 0.36661 0.39370
0.52512 0.34458 0.50352
0.52837 0.33040 0.54014
0.55088 0.44821 0.45287
0.54588 0.33840 0.53030
0.52688 0.53041 0.40848
0.45907 0.38449 0.51195
0.47715 0.37225 0.42140
0.50898 0.33629 0.48451
0.50608 0.41378 0.62678
0.49367 0.44642 0.54987
0.51387 0.38456 0.49976
0.60146 0.29519 0.44103
0.54205 0.35655 0.48005
0.58542 0.37333 0.51832
0.52912 0.42415 0.54665
0.48690 0.50032 0.44664
0.54907 0.32027 0.46036
0.52256 0.31510 0.39853
0.51467 0.39066 0.41425
0.48967 0.41253 0.57630
0.48661 0.47075 0.66903
0.46198 0.43771 0.53795
0.52043 0.42888 0.42968
0.50526 0.39000 0.43677
0.52502 0.52039 0.43604
0.48560 0.40303 0.48343
0.47187 0.35283 0.53104
0.58517 0.40554 0.58480
0.58099 0.52831 0.62458
0.44874 0.42163 0.49628
0.43332 0.48520 0.50058
0.59509 0.42697 0.53665
0.49368 0.34961 0.61637
0.43502 0.42526 0.44484
0.59935 0.38826 0.39006
0.55431 0.37129 0.39778
0.52548 0.37016 0.49739
0.53915 0.49605 0.48922
0.48525 0.42945 0.54344
0.56601 0.33479 0.46546
0.47053 0.43666 0.42312
0.49606 0.42955 0.50998
0.55788 0.37194 0.58078
0.55158 0.41015 0.51642
0.56359 0.43423 0.63923
0.57301 0.44637 0.47614
0.53269 0.36622 0.45272
0.57499 0.41306 0.42794
0.49995 0.33269 0.53088
0.53327 0.47406 0.54020
0.48994 0.33374 0.51808
0.52135 0.35680 0.40270
0.52583 0.25100 0.39823
0.40828 0.49770 0.60382
0.50957 0.40573 0.53413
0.48834 0.48778 0.59786
0.46257 0.41458 0.48082
0.43815 0.43726 0.59948
0.48668 0.40844 0.47698
0.49933 0.41518 0.66143
0.53655 0.34839 0.50803
0.54762 0.47723 0.49237
0.49285 0.38936 0.54252
0.45747 0.45719 0.56088
0.52901 0.50295 0.52387
0.51589 0.40301 0.49400
0.51125 0.41580 0.56259
0.56799 0.37452 0.51376
0.38175 0.46175 0.55290
0.61786 0.31310 0.36692
0.50922 0.38917 0.57808
0.46378 0.36889 0.56192
0.51686 0.43505 0.40380
0.53572 0.44042 0.67973
0.57490 0.49538 0.57268
0.41067 0.47576 0.51119
0.53647 0.52471 0.52536
0.54319 0.43555 0.51087
0.56435 0.46391 0.51891
0.51774 0.39609 0.40060
0.54404 0.45102 0.61672
0.49310 0.45276 0.44875
0.51434 0.38883 0.53731
0.50238 0.55321 0.56319
0.56653 0.37414 0.55858
0.58342 0.46581 0.51262
0.44846 0.27851 0.39580
0.43952 0.43739 0.59764
0.59970 0.42135 0.45614
0.51959 0.47824 0.49271
0.47954 0.44311 0.48412
0.49919 0.41023 0.48397
0.47819 0.33658 0.46427
0.50347 0.37980 0.53490
0.44338 0.36266 0.59895
0.54628 0.42927 0.55228
0.58146 0.40526 0.49900
0.50850 0.36025 0.47138
0.54982 0.41829 0.58600
0.50558 0.39583 0.49503
0.51614 0.28933 0.43705
0.49216 0.37434 0.56203
0.50526 0.39385 0.40056
0.58074 0.44208 0.47569
0.51261 0.35262 0.49790
0.47945 0.40183 0.58485
0.52411 0.36760 0.45291
0.47125 0.55004 0.51011
0.43787 0.43784 0.50286
0.55188 0.37857 0.46641
0.52690 0.45396 0.50764
0.58412 0.39705 0.53721
0.43646 0.32679 0.54289
0.52277 0.35691 0.53809
0.58656 0.40878 0.54576
0.51129 0.39736 0.52326
0.54075 0.35644 0.46874
0.52919 0.37701 0.49414
0.40894 0.39528 0.39443
0.57165 0.40928 0.49550
0.50179 0.23352 0.40564
0.51177 0.27220 0.42880
0.50840 0.32112 0.48435
0.52033 0.36154 0.51352
0.46091 0.57752 0.75198
0.43773 0.36819 0.48081
0.52314 0.48345 0.54531
0.56452 0.44260 0.49188
0.48874 0.40970 0.47565
0.53895 0.36045 0.42242
0.46528 0.28891 0.51240
0.48335 0.38519 0.45741
0.59006 0.39437 0.55543
0.55506 0.46740 0.52811
0.52324 0.56052 0.54676
0.59124 0.42455 0.54193
0.54403 0.44106 0.41936
0.55783 0.39788 0.44743
0.49468 0.44065 0.51737
0.57335 0.35035 0.67939
0.42920 0.40011 0.48096
0.49378 0.40546 0.59796
0.54914 0.41338 0.45869
0.50860 0.50539 0.56412
0.63772 0.34594 0.56185
0.51458 0.39454 0.38837
0.50452 0.37520 0.50761
0.49688 0.35174 0.52223
0.48652 0.35832 0.44355
0.41056 0.31204 0.49910
0.55196 0.28711 0.42126
0.60545 0.36920 0.42887
0.48337 0.39694 0.51572
0.47324 0.39346 0.54962
0.53968 0.40458 0.62545
0.56988 0.34423 0.49961
0.45293 0.35506 0.57732
0.50039 0.41205 0.60267
0.40407 0.41940 0.55512
0.56830 0.41888 0.49910
0.49777 0.38217 0.45650
0.55326 0.42688 0.46354
0.55145 0.42587 0.61379
0.43092 0.40073 0.56421
0.60421 0.40758 0.48257
0.45726 0.46966 0.56536
0.55276 0.42402 0.44008
0.56448 0.35495 0.50342
0.53481 0.53094 0.53333
0.54274 0.38964 0.55336
0.57443 0.27495 0.45876
0.43696 0.48969 0.40999
0.61844 0.40094 0.60892
0.52844 0.44428 0.59799
0.54749 0.40002 0.53682
0.48162 0.43976 0.48042
0.49832 0.40280 0.53276
0.46859 0.47835 0.43025
0.56595 0.46966 0.44872
0.47318 0.25126 0.38389
0.58675 0.32721 0.53372
0.50383 0.31229 0.42838
0.50721 0.38593 0.47854
0.53249 0.50626 0.48112
0.57311 0.39394 0.54635
0.50618 0.35737 0.51765
0.44034 0.33353 0.51267
0.57540 0.40079 0.47958
0.49349 0.44118 0.53890
0.54140 0.46454 0.44554
0.46537 0.37244 0.63552
0.60188 0.35195 0.47499
0.46353 0.45158 0.44905
0.46169 0.47575 0.57127
0.49513 0.45046 0.58736
0.46372 0.44370 0.55209
0.58570 0.27072 0.49617
0.60309 0.37278 0.48616
0.43826 0.41124 0.52440
0.49884 0.35653 0.49602
0.40765 0.44819 0.50809
0.48799 0.40503 0.51387
0.50307 0.41476 0.57387
0.60659 0.31089 0.41842
0.50733 0.41932 0.60882
0.37708 0.36593 0.52632
0.48535 0.27982 0.41302
0.58347 0.52542 0.55878
0.51098 0.34241 0.46142
0.34446 0.35532 0.44626
0.52446 0.38993 0.46287
0.44706 0.39162 0.50359
0.57317 0.38210 0.43856
0.54394 0.37489 0.46434
0.41839 0.45282 0.56545
0.57011 0.50188 0.48963
0.50460 0.36801 0.55034
0.56027 0.39797 0.41531
0.53154 0.35117 0.45706
0.44883 0.39799 0.58495
0.55917 0.23093 0.31220
0.51698 0.37518 0.43154
0.63839 0.34692 0.57225
0.49727 0.42308 0.48114
0.50981 0.34122 0.58168
0.43608 0.46296 0.50931
0.40436 0.35245 0.50179
0.46778 0.38067 0.60941
0.58263 0.38971 0.54578
0.50665 0.44077 0.52915
0.45107 0.31570 0.52065
0.42324 0.52716 0.56359
0.46562 0.40679 0.41550
0.55694 0.30526 0.40562
0.59415 0.30028 0.47015
0.47782 0.43296 0.49276
0.51025 0.43704 0.58154
0.51268 0.40848 0.43560
0.60147 0.41933 0.54434
0.61017 0.31842 0.51034
0.54858 0.30271 0.42290
0.56936 0.39130 0.55070
0.47318 0.34050 0.50432
0.49818 0.35172 0.46758
0.45918 0.37241 0.45902
0.53127 0.51365 0.55492
0.56002 0.37828 0.61938
0.49931 0.38006 0.44357
0.50662 0.37621 0.43609
0.47847 0.37969 0.51504
0.52744 0.37670 0.49370
0.57857 0.25444 0.46196
0.60034 0.35811 0.45280
0.52993 0.41949 0.56364
0.60477 0.26359 0.26267
0.54623 0.48291 0.50848
0.62605 0.42669 0.54213
0.49267 0.40972 0.64982
0.54168 0.30781 0.33651
0.53448 0.35140 0.53933
0.54947 0.43684 0.57684
0.47514 0.28763 0.47391
0.40941 0.43209 0.55169
0.42493 0.44133 0.47651
0.53769 0.43174 0.51984
0.54787 0.54766 0.61053
0.47334 0.28543 0.32710
0.46096 0.39983 0.49921
0.52788 0.39405 0.52090
0.51011 0.39532 0.43230
0.54267 0.34750 0.46198
0.56210 0.39378 0.55473
0.59433 0.28232 0.43970
0.45413 0.30330 0.46324
0.47549 0.45964 0.55866
0.46612 0.48534 0.66941
0.49062 0.37448 0.50161
0.52048 0.40738 0.48299
0.53351 0.38613 0.55722
0.46847 0.45420 0.46328
0.55027 0.39432 0.53224
0.54309 0.40151 0.45513
0.43242 0.39731 0.51575
0.43928 0.26803 0.45807
0.51030 0.48959 0.45217
0.56242 0.26079 0.38544
0.57528 0.27072 0.47892
0.49930 0.31366 0.49380
0.46987 0.34783 0.54300
0.53199 0.49745 0.49728
0.50105 0.32740 0.50709
0.57830 0.47609 0.60654
0.58045 0.32230 0.36031
0.51731 0.37318 0.46705
0.51241 0.38139 0.60870
0.55488 0.40291 0.43108
0.49878 0.37605 0.46028
0.51248 0.48298 0.56479
0.51691 0.47044 0.45420
0.58005 0.41752 0.43074
0.49223 0.25960 0.47265
0.57406 0.41566 0.46658
0.53287 0.38240 0.46811
0.50517 0.44309 0.63238
0.45683 0.42799 0.61907
0.49155 0.30531 0.48400
0.56666 0.26704 0.56555
0.56543 0.35926 0.67250
0.51278 0.44052 0.61780
0.64245 0.29276 0.50430
0.51807 0.40844 0.55895
0.49470 0.32163 0.50283
0.58460 0.38089 0.53483
0.41074 0.43595 0.60813
0.51320 0.41605 0.54051
0.54958 0.40660 0.59336
0.45678 0.46035 0.57775
0.53499 0.38448 0.54490
0.56761 0.33181 0.50307
0.51650 0.44194 0.46428
0.52780 0.27476 0.49841
0.54073 0.35878 0.51399
0.49881 0.42515 0.53194
0.47915 0.36396 0.50860
0.59279 0.50117 0.59133
0.58340 0.42301 0.63496
0.54571 0.35772 0.49101
0.49702 0.32599 0.50618
0.65291 0.16782 0.44574
0.55206 0.36742 0.48307
0.57827 0.35240 0.43059
0.54366 0.43976 0.66337
0.46615 0.50363 0.47552
0.60417 0.46608 0.52032
0.49458 0.38719 0.58556
0.52114 0.35982 0.54985
0.55815 0.35451 0.39440
0.55707 0.37655 0.40618
0.51316 0.35221 0.61427
0.52049 0.48387 0.48258
0.47455 0.39981 0.37901
0.53752 0.39951 0.39017
0.46346 0.42051 0.50193
0.47176 0.39055 0.53990
0.53650 0.38332 0.52759
0.52200 0.35973 0.53657
0.51114 0.40803 0.52756
0.47465 0.52157 0.47647
0.54835 0.41345 0.56573
0.45676 0.33336 0.44238
0.51990 0.32590 0.50521
0.54349 0.56076 0.45950
0.56216 0.31079 0.48954
0.58993 0.25684 0.53983
0.53358 0.38036 0.48232
0.57065 0.38825 0.38379
0.49126 0.42411 0.41065
0.48931 0.42539 0.49933
0.55147 0.27405 0.40587
0.58027 0.30773 0.47247
0.54891 0.39300 0.44124
0.58354 0.41114 0.44888
0.51334 0.33281 0.48457
0.57210 0.35201 0.59037
0.49954 0.31750 0.44678
0.39432 0.38773 0.49782
0.49529 0.36749 0.49013
0.63843 0.37082 0.58191
0.44837 0.39599 0.56424
0.54732 0.50823 0.51447
0.46781 0.40205 0.46291
0.54871 0.39857 0.59248
0.59568 0.45437 0.49003
0.47439 0.31822 0.48004
0.51525 0.28506 0.38577
0.51097 0.33433 0.40633
0.44746 0.34540 0.58407
0.53162 0.41135 0.44055
0.44929 0.42428 0.55546
0.53139 0.56628 0.53381
0.58347 0.49601 0.44614
0.58282 0.38446 0.49483
0.53191 0.41744 0.57670
0.51768 0.37599 0.52898
0.56758 0.41591 0.61371
0.47025 0.42385 0.58829
0.48698 0.33761 0.50837
0.46263 0.48952 0.61005
0.48505 0.32200 0.50397
0.52906 0.32491 0.43592
0.44417 0.38920 0.47812
0.54107 0.31638 0.58562
0.54604 0.43127 0.62118
0.53909 0.44283 0.47623
0.60824 0.30915 0.45080
0.54322 0.31023 0.48938
0.45802 0.55450 0.47667
0.54311 0.45298 0.43555
0.59246 0.40806 0.42176
0.46626 0.37045 0.51499
0.48257 0.34977 0.47490
0.54175 0.30527 0.41971
0.53064 0.44845 0.48001
0.50618 0.34892 0.46001
0.46729 0.49679 0.41980
0.50429 0.36893 0.46424
0.45075 0.41288 0.53257
0.51895 0.29881 0.50586
0.58913 0.35424 0.47670
0.40737 0.38140 0.57072
0.49814 0.39732 0.54377
0.49445 0.42173 0.49750
0.61216 0.27254 0.39581
0.59600 0.38089 0.53711
0.52491 0.27945 0.50550
0.46202 0.32638 0.49550
0.49983 0.40780 0.55068
0.57561 0.31805 0.39140
0.52392 0.35623 0.57215
0.47619 0.35064 0.44667
0.44757 0.40236 0.53453
0.53140 0.30046 0.43434
0.48333 0.53164 0.65594
0.57620 0.39235 0.50426
0.55946 0.43325 0.43308
0.54105 0.41774 0.50778
0.53258 0.36676 0.52121
0.45519 0.36060 0.52101
0.46444 0.44216 0.46106
0.58784 0.33593 0.60880
0.48331 0.50697 0.56957
0.52698 0.37993 0.40816
0.45109 0.40482 0.58017
0.52131 0.34346 0.48706
0.58379 0.23944 0.53161
0.54349 0.39249 0.59243
0.52391 0.47915 0.50003
0.56165 0.50318 0.52006
0.52856 0.37727 0.51700
0.51399 0.38463 0.51121
0.55214 0.51037 0.51075
0.42230 0.29201 0.44790
0.49637 0.27746 0.50571
0.53510 0.37120 0.48060
0.62523 0.41982 0.54501
0.44233 0.41704 0.42540
0.42345 0.41101 0.48455
0.49449 0.35566 0.53965
0.55896 0.40796 0.51182
0.51301 0.48866 0.58329
0.53956 0.26779 0.37018
0.45351 0.43854 0.44694
0.46769 0.34281 0.52412
0.50322 0.34593 0.43610
0.50512 0.38490 0.49341
0.54772 0.39188 0.54190
0.47175 0.38995 0.55003
0.44337 0.46129 0.36163
0.53784 0.48361 0.39715
0.61106 0.37839 0.46441
0.44174 0.61841 0.44641
0.51463 0.38875 0.52478
0.44533 0.34481 0.49885
0.56182 0.34560 0.44893
0.56777 0.38325 0.57534
0.52520 0.34273 0.52329
0.57221 0.30235 0.38397
0.47407 0.41522 0.57197
0.47304 0.35825 0.46542
0.50941 0.33843 0.33768
0.47898 0.33365 0.52642
0.49825 0.45202 0.58033
0.47152 0.42787 0.60986
0.53199 0.29237 0.55722
0.55641 0.33508 0.45770
0.58522 0.40674 0.62609
0.47769 0.43007 0.47709
0.62280 0.44627 0.39271
0.49227 0.49733 0.46958
0.51074 0.37194 0.56470
0.48646 0.40422 0.41936
0.54399 0.30919 0.57023
0.58088 0.38165 0.43086
0.55639 0.31504 0.45989
0.66055 0.44889 0.45852
0.47634 0.43159 0.58095
0.49000 0.35141 0.59041
0.57958 0.36832 0.50479
0.58361 0.42147 0.47752
0.48427 0.38994 0.50394
0.50568 0.36744 0.58527
0.60107 0.37022 0.53745
0.34603 0.48417 0.57534
0.56993 0.41016 0.58038
0.56858 0.31202 0.55263
0.59836 0.49695 0.60549
0.44183 0.34633 0.47905
0.55386 0.31969 0.47324
0.61138 0.38604 0.54177
