20 20 1000 4782 194
0.15343 0.36314 0.72342
0.79770 0.69290 0.52401
0.87861 0.90839 0.20031
0.83863 0.52584 0.04109
0.97331 0.19649 0.28093
0.49057 0.11883 0.87217
0.84401 0.67715 0.64985
0.67697 0.60104 0.53167
0.19490 0.86667 0.97556
0.01568 0.83621 0.71747
0.39178 0.89023 0.42433
0.51662 0.74953 0.47513
0.03745 0.58078 0.49091
0.49448 0.91216 0.01569
0.59685 0.39218 0.55847
0.30583 0.31655 0.22761
0.33927 0.20703 0.23745
0.98000 0.27320 0.76974
0.04066 0.60585 0.18969
0.25751 0.59592 0.62979
0.43453 0.53163 0.40435
0.47449 0.58959 0.54421
0.49345 0.49004 0.51822
0.34560 0.57900 0.60580
0.64374 0.46314 0.39636
0.53367 0.52755 0.39252
0.56397 0.61871 0.48465
0.58627 0.63252 0.43817
0.52140 0.50336 0.51952
0.50173 0.64036 0.50842
0.60493 0.51591 0.56744
0.57277 0.52580 0.54637
0.51938 0.56452 0.40928
0.50916 0.57730 0.49833
0.44517 0.53157 0.46596
0.56079 0.62746 0.45487
0.45462 0.52773 0.50786
0.45497 0.54331 0.48645
0.45721 0.58633 0.52038
0.52598 0.67505 0.47592
0.49581 0.59248 0.38300
0.49755 0.64607 0.42655
0.48482 0.66759 0.47714
0.47723 0.59745 0.49985
0.38395 0.62959 0.38232
0.43089 0.53193 0.44175
0.58135 0.50996 0.47880
0.46772 0.52366 0.48826
0.51943 0.63181 0.52206
0.56474 0.50518 0.38452
0.54469 0.64235 0.44562
0.48240 0.63728 0.49537
0.61356 0.53700 0.46056
0.64127 0.53818 0.47829
0.58995 0.66735 0.41750
0.51619 0.61785 0.45821
0.63343 0.50633 0.47761
0.57514 0.53189 0.46081
0.57685 0.58174 0.46732
0.37294 0.60497 0.53716
0.47900 0.61427 0.41092
0.60359 0.52041 0.44814
0.52961 0.50459 0.42852
0.58938 0.54765 0.50496
0.38040 0.53418 0.48004
0.42464 0.52928 0.60427
0.51175 0.58624 0.41422
0.39535 0.62784 0.46044
0.49330 0.61585 0.42578
0.50195 0.55741 0.46943
0.41025 0.58830 0.45575
0.60654 0.52315 0.55601
0.45678 0.47286 0.51132
0.46046 0.60077 0.43772
0.51288 0.42198 0.43274
0.50538 0.68646 0.44449
0.53729 0.56652 0.43775
0.43369 0.58797 0.48198
0.47621 0.56152 0.55264
0.67061 0.41052 0.38946
0.39407 0.59032 0.35750
0.42421 0.60420 0.50521
0.64231 0.53274 0.44357
0.41193 0.49519 0.47434
0.50571 0.59536 0.37547
0.46481 0.55716 0.39902
0.36991 0.52263 0.41833
0.56465 0.58422 0.40827
0.45350 0.51303 0.58344
0.54315 0.52698 0.55282
0.39539 0.49123 0.58173
0.50197 0.49569 0.46118
0.52098 0.62750 0.47383
0.44254 0.59233 0.46002
0.39247 0.61648 0.50777
0.56747 0.53109 0.55468
0.44480 0.58659 0.47922
0.48698 0.64283 0.41956
0.47868 0.57191 0.41955
0.58288 0.57287 0.44979
0.46313 0.61243 0.46196
0.42659 0.58646 0.50758
0.50584 0.60584 0.54697
0.54036 0.55291 0.48861
0.50448 0.55510 0.37834
0.55180 0.56419 0.47154
0.55600 0.61003 0.52197
0.42654 0.52738 0.45715
0.49436 0.46936 0.46814
0.49258 0.59265 0.61552
0.44627 0.59301 0.44351
0.41955 0.67060 0.48019
0.45449 0.56889 0.46070
0.47251 0.47336 0.49621
0.51322 0.54873 0.41439
0.56265 0.43220 0.48267
0.51272 0.48927 0.51960
0.52020 0.49981 0.41779
0.46252 0.59482 0.55751
0.52585 0.48188 0.46171
0.49017 0.56418 0.41018
0.39137 0.56215 0.51211
0.42101 0.61001 0.46906
0.41254 0.49404 0.47970
0.53666 0.50800 0.52066
0.45362 0.57863 0.51656
0.45123 0.58144 0.47103
0.50891 0.65229 0.47963
0.45240 0.54148 0.43806
0.47376 0.57689 0.46758
0.51606 0.60207 0.50327
0.56447 0.63230 0.45850
0.58587 0.66574 0.43525
0.46720 0.58893 0.45246
0.58147 0.52315 0.55576
0.52233 0.53975 0.52835
0.56373 0.62435 0.51138
0.46540 0.58071 0.57307
0.55118 0.51999 0.46865
0.54429 0.59812 0.48414
0.54693 0.59207 0.53130
0.38818 0.52058 0.46682
0.45600 0.49057 0.49092
0.57952 0.47409 0.58843
0.51132 0.59746 0.51008
0.38894 0.55378 0.48920
0.54484 0.60939 0.42049
0.44575 0.63586 0.40090
0.38291 0.62374 0.41338
0.31574 0.50554 0.43074
0.46042 0.62135 0.47227
0.47290 0.55589 0.52592
0.51589 0.48131 0.43622
0.52488 0.60884 0.40869
0.49020 0.53648 0.43409
0.43423 0.63989 0.47093
0.46660 0.57236 0.45287
0.46666 0.53805 0.45054
0.58065 0.48285 0.59201
0.37808 0.54442 0.52068
0.47950 0.56003 0.45390
0.51040 0.62005 0.44302
0.41000 0.46577 0.49451
0.48170 0.43775 0.44116
0.44597 0.53715 0.48115
0.52408 0.63130 0.42748
0.43742 0.54263 0.45111
0.61433 0.59759 0.50850
0.34453 0.63700 0.48639
0.54960 0.52682 0.41143
0.50185 0.56614 0.46438
0.52936 0.61806 0.41965
0.47769 0.61348 0.40175
0.38522 0.59138 0.50520
0.50903 0.62716 0.50131
0.45445 0.62242 0.45799
0.55614 0.51630 0.50281
0.48093 0.53498 0.51061
0.43349 0.54195 0.38380
0.54338 0.57085 0.50255
0.69093 0.64454 0.49467
0.52090 0.59626 0.37849
0.59092 0.54120 0.39870
0.36772 0.67017 0.54131
0.43946 0.66312 0.53271
0.45809 0.50560 0.57103
0.57653 0.55492 0.41986
0.57431 0.61398 0.48339
0.50240 0.49608 0.63432
0.52894 0.59672 0.47511
0.32411 0.69414 0.54641
0.54785 0.58598 0.32885
0.39862 0.54366 0.50738
0.43521 0.57420 0.50400
0.52704 0.61237 0.44284
0.54029 0.52480 0.55818
0.44058 0.55705 0.60595
0.53331 0.49404 0.52351
0.49509 0.57314 0.42284
0.43105 0.57918 0.50439
0.55133 0.59860 0.31986
0.43075 0.58761 0.35201
0.58476 0.47285 0.51085
0.44086 0.51483 0.46148
0.48653 0.46178 0.54104
0.43266 0.57566 0.41577
0.51103 0.56394 0.48356
0.40693 0.55414 0.46290
0.49080 0.60922 0.48978
0.40237 0.60737 0.42252
0.59174 0.51737 0.45871
0.48962 0.41105 0.50177
0.63950 0.59870 0.44134
0.54616 0.50901 0.58117
0.49290 0.64092 0.40117
0.34891 0.58733 0.40624
0.43492 0.56222 0.57737
0.57561 0.63032 0.44698
0.39322 0.64202 0.47516
0.46398 0.56521 0.44224
0.43077 0.53802 0.55699
0.47473 0.54718 0.48594
0.52842 0.49025 0.53149
0.40381 0.57015 0.59340
0.44771 0.54776 0.43627
0.45419 0.66131 0.46902
0.49544 0.60036 0.43854
0.48919 0.62157 0.50564
0.48491 0.57520 0.40757
0.49154 0.52507 0.47911
0.38272 0.62079 0.44606
0.50199 0.62622 0.45373
0.42844 0.63047 0.48691
0.45792 0.63190 0.51272
0.46039 0.50079 0.62405
0.33239 0.59671 0.53333
0.61622 0.61927 0.47469
0.45731 0.60489 0.46503
0.52499 0.49876 0.54528
0.54666 0.61446 0.52205
0.64030 0.49586 0.52029
0.42226 0.60745 0.36347
0.46261 0.61739 0.44643
0.43110 0.67111 0.40612
0.50197 0.45350 0.61187
0.50627 0.53367 0.48314
0.50189 0.50643 0.37049
0.41897 0.54584 0.47550
0.51658 0.50287 0.39104
0.48552 0.56505 0.50482
0.35860 0.50976 0.50291
0.44675 0.54854 0.46949
0.54976 0.52648 0.33218
0.50154 0.55505 0.43515
0.44841 0.62072 0.53020
0.56962 0.57145 0.48691
0.45410 0.61226 0.50062
0.39706 0.57580 0.53031
0.51767 0.61915 0.41232
0.42765 0.64137 0.41335
0.59708 0.58992 0.45097
0.44298 0.64616 0.37693
0.46756 0.62160 0.48815
0.47302 0.56930 0.58059
0.52710 0.65285 0.38443
0.39476 0.55564 0.40846
0.52167 0.53037 0.50212
0.38718 0.62535 0.50839
0.47466 0.52614 0.51083
0.59022 0.54142 0.60797
0.60144 0.57324 0.41015
0.55922 0.46663 0.64265
0.51113 0.56039 0.48344
0.56382 0.59451 0.52252
0.46895 0.61744 0.66255
0.54328 0.51548 0.50321
0.49775 0.50446 0.57728
0.47594 0.53910 0.41101
0.60802 0.56754 0.50652
0.58740 0.48907 0.50016
0.49247 0.49051 0.51807
0.57317 0.60830 0.36960
0.51126 0.56586 0.51024
0.43081 0.58977 0.45457
0.50391 0.53488 0.43948
0.52773 0.57516 0.46824
0.50841 0.62672 0.46306
0.45857 0.55819 0.55986
0.44937 0.62154 0.40111
0.54962 0.54266 0.56876
0.56177 0.52613 0.39532
0.52287 0.56266 0.50003
0.48699 0.46353 0.41423
0.44672 0.57784 0.44619
0.56722 0.55391 0.46737
0.49216 0.54980 0.56220
0.49427 0.47438 0.47596
0.49565 0.60015 0.51487
0.49115 0.57608 0.47416
0.46763 0.55347 0.48755
0.42885 0.52575 0.48962
0.42723 0.51413 0.40085
0.48935 0.64425 0.45938
0.42236 0.59326 0.55259
0.41658 0.62697 0.50070
0.64330 0.40169 0.39602
0.53457 0.52616 0.48819
0.43564 0.57079 0.55214
0.48275 0.58414 0.44851
0.53043 0.49582 0.52419
0.44784 0.61835 0.60196
0.55134 0.46087 0.43408
0.45717 0.54085 0.46660
0.49720 0.55810 0.53237
0.55976 0.56698 0.41510
0.42927 0.62402 0.51688
0.53118 0.58968 0.45789
0.44738 0.56428 0.50706
0.50309 0.53667 0.49165
0.41519 0.59276 0.42910
0.46376 0.49934 0.40470
0.42243 0.67304 0.45563
0.48239 0.56539 0.50047
0.37613 0.56825 0.45009
0.55290 0.42616 0.56998
0.59065 0.49946 0.44974
0.38768 0.63114 0.46949
0.50054 0.63972 0.49651
0.59805 0.61419 0.39956
0.42390 0.48651 0.39512
0.55414 0.61596 0.48540
0.45733 0.52641 0.49630
0.58714 0.47130 0.44027
0.54997 0.51857 0.51741
0.48803 0.50804 0.38385
0.46961 0.60490 0.54025
0.49117 0.45993 0.48679
0.55294 0.62487 0.39926
0.38130 0.63988 0.49481
0.44667 0.53157 0.43891
0.37281 0.58279 0.48977
0.54240 0.53526 0.42811
0.52777 0.62363 0.44309
0.45798 0.56083 0.43385
0.54035 0.52030 0.53848
0.44125 0.63339 0.48060
0.46322 0.59681 0.53741
0.56143 0.53960 0.36795
0.44904 0.61076 0.49191
0.51675 0.55710 0.54597
0.48564 0.60243 0.45746
0.46572 0.63497 0.42190
0.49472 0.55795 0.44127
0.49983 0.59425 0.45400
0.49408 0.60199 0.41019
0.45625 0.53916 0.48097
0.47902 0.57283 0.48415
0.38352 0.53850 0.56741
0.49802 0.48074 0.55824
0.46491 0.52350 0.46745
0.44727 0.58409 0.55282
0.44614 0.53221 0.56852
0.52178 0.62405 0.50047
0.51340 0.55188 0.47802
0.50105 0.53345 0.41097
0.55666 0.52402 0.46901
0.47941 0.57469 0.45913
0.62007 0.47176 0.53627
0.41436 0.59301 0.43726
0.54123 0.51044 0.40499
0.46776 0.59377 0.48946
0.55022 0.53705 0.52649
0.39653 0.62575 0.42886
0.41398 0.61262 0.47698
0.52653 0.54425 0.50631
0.47960 0.55494 0.46837
0.59508 0.60235 0.44393
0.36556 0.52841 0.49242
0.52078 0.53853 0.44207
0.37400 0.62993 0.49065
0.49519 0.53391 0.51876
0.58865 0.54981 0.51767
0.64655 0.55481 0.43110
0.57039 0.54024 0.54642
0.36120 0.59567 0.47228
0.38649 0.63143 0.48917
0.43492 0.51443 0.45846
0.49503 0.56510 0.59262
0.43359 0.53765 0.49654
0.48638 0.60633 0.41530
0.62338 0.56481 0.47116
0.61672 0.60088 0.48232
0.47712 0.63192 0.58054
0.43080 0.64402 0.54227
0.49558 0.45013 0.55250
0.45779 0.57143 0.42946
0.39831 0.45014 0.36504
0.46725 0.62726 0.38953
0.56020 0.59570 0.39655
0.58425 0.60016 0.41357
0.46463 0.54723 0.38004
0.43976 0.53729 0.49434
0.55163 0.52111 0.40795
0.57513 0.56564 0.48952
0.39771 0.55059 0.51265
0.58959 0.54473 0.41834
0.49529 0.59488 0.41767
0.46222 0.61585 0.58162
0.46898 0.64728 0.45739
0.53387 0.53446 0.50496
0.59035 0.62471 0.43817
0.50202 0.52713 0.46566
0.40988 0.53149 0.58359
0.55467 0.63107 0.51425
0.36708 0.61018 0.50184
0.47570 0.50538 0.57502
0.55420 0.51708 0.52394
0.54257 0.56337 0.48981
0.49460 0.59884 0.45483
0.48540 0.51257 0.47861
0.51693 0.41823 0.52713
0.50294 0.41905 0.38438
0.54550 0.56506 0.53855
0.49472 0.60399 0.41787
0.47644 0.54614 0.54939
0.48060 0.63216 0.50314
0.33765 0.62549 0.55311
0.60207 0.49432 0.44456
0.56959 0.64472 0.41885
0.47953 0.55074 0.48955
0.47963 0.59126 0.44259
0.57322 0.52692 0.48362
0.51180 0.52105 0.46005
0.50800 0.52791 0.57307
0.53550 0.57422 0.56367
0.57442 0.55471 0.46766
0.44409 0.48833 0.55820
0.48983 0.45149 0.46464
0.41987 0.52253 0.45502
0.43123 0.60520 0.47719
0.40834 0.52609 0.38707
0.61464 0.71395 0.41162
0.42449 0.55172 0.47221
0.45824 0.55941 0.42139
0.46188 0.50956 0.47017
0.58912 0.54303 0.40494
0.42851 0.59132 0.48856
0.43870 0.55336 0.46830
0.45898 0.55400 0.53171
0.48575 0.56516 0.47369
0.52886 0.52148 0.53094
0.32147 0.59002 0.57153
0.46466 0.56627 0.48498
0.52414 0.45332 0.42229
0.50520 0.58988 0.53243
0.54772 0.58128 0.49899
0.47880 0.64962 0.43818
0.46915 0.55421 0.49073
0.50991 0.50587 0.44936
0.53921 0.55439 0.48100
0.59883 0.52179 0.37093
0.42825 0.53694 0.36914
0.49375 0.54672 0.44004
0.45383 0.46611 0.52534
0.50801 0.56670 0.49665
0.56909 0.57902 0.46234
0.54950 0.59323 0.43744
0.42553 0.60642 0.39565
0.37348 0.56929 0.47695
0.47673 0.49468 0.59768
0.49466 0.59963 0.52505
0.26699 0.55778 0.51556
0.55555 0.54063 0.49933
0.44723 0.62287 0.55016
0.60755 0.51095 0.47500
0.51128 0.55171 0.42555
0.48473 0.50847 0.47793
0.49305 0.61440 0.47055
0.49298 0.62685 0.40154
0.50411 0.53223 0.47643
0.52812 0.58613 0.55547
0.49464 0.54937 0.45334
0.37544 0.62416 0.47469
0.49767 0.60996 0.43729
0.51004 0.51375 0.45198
0.60404 0.66446 0.34072
0.44293 0.58283 0.41370
0.46131 0.50420 0.46099
0.49376 0.56668 0.46648
0.47660 0.53117 0.48375
0.52121 0.49692 0.58119
0.52340 0.53350 0.59618
0.53927 0.52177 0.40832
0.58815 0.57621 0.47398
0.71690 0.52323 0.53127
0.42883 0.53163 0.49804
0.45994 0.68282 0.44785
0.44222 0.62490 0.62535
0.47933 0.54984 0.45590
0.49846 0.46702 0.45254
0.45908 0.54204 0.50144
0.44201 0.64645 0.45388
0.45839 0.64991 0.49221
0.59846 0.55139 0.41535
0.51388 0.55676 0.36383
0.49970 0.58903 0.47440
0.52050 0.58227 0.46008
0.45753 0.67733 0.58224
0.43814 0.59782 0.51964
0.59829 0.60982 0.51738
0.49134 0.53313 0.41342
0.62456 0.64920 0.44174
0.60130 0.60467 0.46863
0.53053 0.69242 0.46690
0.50129 0.59443 0.43610
0.43385 0.46820 0.52908
0.45176 0.64468 0.47425
0.52282 0.54933 0.42853
0.54222 0.59315 0.48863
0.55573 0.56028 0.48074
0.55214 0.57799 0.51961
0.62397 0.59789 0.36085
0.47080 0.58394 0.52089
0.52455 0.58508 0.49418
0.43773 0.53379 0.48097
0.56246 0.60945 0.39769
0.43639 0.66465 0.41848
0.56639 0.55258 0.37543
0.32716 0.53438 0.37550
0.44617 0.51285 0.42430
0.50017 0.49417 0.51839
0.48441 0.44369 0.47534
0.50866 0.56129 0.55866
0.52057 0.63485 0.39705
0.48228 0.54108 0.50488
0.58306 0.62777 0.49604
0.36395 0.62525 0.59156
0.39114 0.60006 0.47848
0.44732 0.49827 0.41920
0.51749 0.57190 0.51255
0.43765 0.60778 0.47359
0.49179 0.50655 0.43067
0.52383 0.52928 0.35887
0.49271 0.54280 0.53136
0.62252 0.51034 0.44694
0.49138 0.59460 0.60142
0.55066 0.60868 0.42514
0.44810 0.62236 0.51785
0.45543 0.60445 0.51530
0.46649 0.56738 0.47063
0.55846 0.51736 0.43350
0.46675 0.55569 0.43546
0.49086 0.61872 0.44683
0.51973 0.43770 0.47362
0.52328 0.54692 0.48651
0.36381 0.64544 0.49683
0.52095 0.59132 0.56384
0.37654 0.54323 0.51844
0.52299 0.57940 0.42979
0.60364 0.51077 0.51465
0.41094 0.51909 0.57302
0.63695 0.47700 0.53986
0.49168 0.64426 0.45841
0.59353 0.52914 0.44876
0.49364 0.54163 0.46878
0.56178 0.50317 0.42159
0.56498 0.49738 0.49863
0.47752 0.59165 0.52718
0.45417 0.64827 0.58709
0.52270 0.60039 0.46768
0.32963 0.57984 0.39920
0.55855 0.59033 0.39422
0.48853 0.55471 0.51428
0.52900 0.55373 0.50202
0.48822 0.61579 0.49664
0.39638 0.67530 0.39941
0.51875 0.66702 0.56038
0.60395 0.53588 0.46060
0.45256 0.55812 0.62272
0.51258 0.52378 0.51536
0.43915 0.67902 0.46128
0.44691 0.56709 0.47585
0.49033 0.57222 0.52864
0.66071 0.52098 0.43578
0.36253 0.49735 0.46428
0.47036 0.66589 0.44777
0.54283 0.62375 0.35729
0.53446 0.61785 0.45895
0.54354 0.62788 0.42687
0.38379 0.55565 0.42885
0.48225 0.57467 0.49435
0.47851 0.64041 0.54936
0.44907 0.66145 0.54244
0.49667 0.58779 0.45884
0.57245 0.55069 0.48800
0.49121 0.60308 0.51449
0.43461 0.54108 0.49989
0.51849 0.46696 0.46743
0.69492 0.47915 0.47877
0.50103 0.59802 0.48485
0.57731 0.55630 0.52239
0.37997 0.69432 0.47769
0.52984 0.56791 0.57417
0.55093 0.46908 0.57024
0.58005 0.54965 0.47277
0.39602 0.60967 0.43276
0.39406 0.55222 0.40813
0.55355 0.47553 0.52929
0.53543 0.64533 0.44478
0.51144 0.56325 0.47626
0.55987 0.54167 0.43308
0.46403 0.58532 0.47897
0.40163 0.60185 0.38652
0.48454 0.49224 0.45757
0.63263 0.47818 0.57716
0.47736 0.52510 0.60928
0.44439 0.60254 0.55826
0.46982 0.56402 0.48525
0.42379 0.63289 0.48900
0.53529 0.49733 0.44017
0.58139 0.52329 0.34433
0.50524 0.49485 0.46703
0.45981 0.64255 0.49211
0.36084 0.56695 0.51053
0.45024 0.56977 0.46406
0.43756 0.60628 0.47002
0.48561 0.48044 0.55941
0.43013 0.63353 0.55060
0.47736 0.62407 0.53414
0.48752 0.59355 0.48919
0.47363 0.43986 0.49210
0.53977 0.58568 0.44648
0.64842 0.53888 0.46554
0.56732 0.60928 0.52780
0.53801 0.55452 0.52001
0.52544 0.60744 0.51933
0.49882 0.61835 0.49379
0.40597 0.62254 0.45993
0.58126 0.56070 0.45796
0.58903 0.63728 0.40001
0.49649 0.63893 0.51624
0.46868 0.56869 0.54699
0.48168 0.48335 0.41642
0.53891 0.56622 0.38988
0.48619 0.56502 0.52224
0.46888 0.52308 0.48136
0.44821 0.58558 0.57553
0.46528 0.60785 0.45184
0.47592 0.60827 0.53807
0.62963 0.51072 0.32309
0.41898 0.50011 0.53400
0.51015 0.60488 0.40896
0.45223 0.62381 0.47949
0.52934 0.62482 0.42994
0.43412 0.58181 0.47593
0.54272 0.57599 0.34296
0.51181 0.53457 0.50308
0.38322 0.58885 0.47423
0.48825 0.50900 0.47125
0.39058 0.59348 0.52869
0.58809 0.62902 0.40676
0.56172 0.57082 0.49554
0.47436 0.63182 0.44466
0.47293 0.56620 0.53335
0.46202 0.60676 0.44431
0.46753 0.62167 0.54116
0.50511 0.60863 0.49877
0.42210 0.56671 0.44023
0.54154 0.56749 0.46020
0.44569 0.54898 0.53279
0.55209 0.53640 0.46502
0.40655 0.54252 0.48478
0.40693 0.61851 0.44798
0.52338 0.49653 0.48742
0.50127 0.59720 0.32729
0.35679 0.51033 0.43585
0.56077 0.56255 0.44561
0.57195 0.53064 0.50637
0.49372 0.54177 0.51921
0.49633 0.54930 0.35555
0.48025 0.69640 0.34396
0.48828 0.59228 0.43383
0.61006 0.52673 0.44295
0.60620 0.46771 0.48993
0.41072 0.54428 0.47581
0.35152 0.59204 0.49001
0.45352 0.45735 0.52564
0.49997 0.52365 0.45442
0.53760 0.59142 0.40134
0.52981 0.58182 0.43831
0.52300 0.60124 0.52799
0.53155 0.54179 0.48824
0.60258 0.63979 0.47370
0.59905 0.59673 0.47675
0.49403 0.53815 0.48113
0.42782 0.57066 0.51832
0.40874 0.64571 0.49949
0.61790 0.66884 0.43079
0.51793 0.59741 0.50220
0.57168 0.50699 0.44184
0.52717 0.63797 0.49182
0.50349 0.41468 0.54949
0.44407 0.56078 0.42141
0.44722 0.56058 0.38731
0.50492 0.41126 0.45027
0.50359 0.63563 0.40459
0.53284 0.43704 0.50605
0.49996 0.56106 0.44663
0.58039 0.50759 0.42870
0.56424 0.53320 0.55209
0.45023 0.56991 0.49592
0.48398 0.61158 0.53962
0.43308 0.54380 0.57801
0.49808 0.51632 0.50456
0.51563 0.49169 0.47810
0.47907 0.55037 0.54300
0.54459 0.60358 0.49492
0.51306 0.58639 0.52463
0.50373 0.57822 0.41336
0.61599 0.52139 0.49267
0.61876 0.63935 0.51518
0.47170 0.44585 0.55102
0.52251 0.59925 0.51034
0.54409 0.57678 0.46409
0.62320 0.62692 0.47407
0.58364 0.49801 0.47833
0.50770 0.51447 0.36274
0.34761 0.65941 0.58245
0.50392 0.67093 0.38108
0.44378 0.57111 0.45500
0.40377 0.52103 0.56228
0.43505 0.49745 0.51691
0.50708 0.62878 0.51792
0.55626 0.49300 0.50494
0.52972 0.65876 0.52826
0.42487 0.55024 0.57809
0.38679 0.59357 0.54346
0.51817 0.62917 0.34472
0.52727 0.53141 0.49334
0.50782 0.52814 0.42253
0.48033 0.45721 0.47930
0.42702 0.65127 0.54778
0.52831 0.61280 0.53799
0.49786 0.57474 0.48713
0.51599 0.54897 0.42747
0.58710 0.65708 0.53603
0.45887 0.48583 0.54182
0.51096 0.59855 0.55457
0.47983 0.67574 0.44907
0.51071 0.69205 0.27775
0.62700 0.60213 0.45076
0.50802 0.64693 0.37984
0.39816 0.53233 0.40945
0.39373 0.53659 0.59063
0.56936 0.59931 0.48664
0.41572 0.56181 0.42487
0.48703 0.50939 0.43102
0.56736 0.60294 0.57751
0.49364 0.54417 0.43976
0.54201 0.56634 0.38939
0.47079 0.61076 0.48362
0.46028 0.64665 0.38540
0.56308 0.53789 0.48872
0.37914 0.58536 0.49289
0.45937 0.52317 0.57110
0.50446 0.57056 0.38865
0.27920 0.53596 0.47607
0.46474 0.62150 0.53424
0.46372 0.56344 0.63333
0.48230 0.55799 0.52039
0.45210 0.51896 0.44127
0.51253 0.58630 0.53094
0.51161 0.60030 0.34462
0.49851 0.48957 0.52670
0.49851 0.52896 0.49452
0.50991 0.50503 0.53644
0.45784 0.54528 0.51453
0.34958 0.52994 0.59169
0.56312 0.57783 0.38822
0.51535 0.60552 0.44031
0.33539 0.62593 0.50153
0.45110 0.61838 0.49570
0.53559 0.53680 0.44049
0.51096 0.54003 0.42560
0.61756 0.57688 0.40046
0.41347 0.54112 0.47162
0.42793 0.50692 0.51459
0.48532 0.52252 0.41001
0.51726 0.62248 0.47138
0.38182 0.57897 0.61136
0.56204 0.53260 0.50033
0.45253 0.67455 0.50833
0.40476 0.48350 0.54668
0.37017 0.57900 0.53329
0.41180 0.43450 0.48398
0.63036 0.49996 0.52422
0.58999 0.58162 0.47318
0.51417 0.45818 0.57882
0.50432 0.53799 0.53291
0.48774 0.61447 0.52090
0.43141 0.48990 0.49460
0.52740 0.59161 0.43296
0.54176 0.57880 0.35419
0.43813 0.55787 0.53414
0.50454 0.52434 0.52435
0.37964 0.62564 0.50071
0.44136 0.54177 0.46778
0.49080 0.64351 0.50240
0.36200 0.56333 0.45288
0.49820 0.49612 0.34722
0.47121 0.53278 0.36798
0.33720 0.62038 0.57581
0.36465 0.50303 0.58641
0.46685 0.62498 0.42905
0.53422 0.54456 0.54536
0.52384 0.58708 0.40573
0.45773 0.48934 0.45234
0.52382 0.65208 0.38693
0.49326 0.55683 0.46614
0.67893 0.50649 0.53312
0.59528 0.51191 0.51467
0.47075 0.53021 0.44051
0.58747 0.48935 0.47228
0.51526 0.64240 0.42599
0.63525 0.50149 0.34099
0.40598 0.66760 0.47142
0.46206 0.47548 0.52088
0.50098 0.55311 0.57423
0.58863 0.57190 0.47332
0.54229 0.61315 0.56860
0.53284 0.59319 0.48412
0.47371 0.55745 0.46876
0.51496 0.60776 0.54380
0.41695 0.60425 0.42965
0.57665 0.53939 0.37931
0.49006 0.50155 0.51977
0.53910 0.58109 0.43102
0.56074 0.53768 0.38126
0.48326 0.63380 0.49965
0.52928 0.60528 0.41132
0.49901 0.61536 0.37834
0.47232 0.62419 0.38797
0.45744 0.53649 0.44815
0.42571 0.57136 0.40217
0.52530 0.48153 0.40406
0.55274 0.54679 0.40258
0.47873 0.56905 0.47857
0.44659 0.62059 0.58162
0.42829 0.54084 0.45159
0.44825 0.58889 0.53098
0.48101 0.58326 0.49073
0.50691 0.60787 0.46436
0.50719 0.53619 0.48918
0.61918 0.47904 0.50476
0.50352 0.60289 0.55460
0.46130 0.57546 0.42013
0.50056 0.49115 0.52468
0.57680 0.62757 0.51703
0.47884 0.55280 0.41778
0.47753 0.72291 0.48096
0.41895 0.51371 0.43795
0.48307 0.49717 0.49177
0.54610 0.47695 0.42507
0.53562 0.55331 0.42462
0.49222 0.65033 0.46284
0.54102 0.55120 0.41518
0.48597 0.60681 0.50110
0.67799 0.47935 0.45299
0.56693 0.57998 0.46409
0.52114 0.53235 0.56454
0.50602 0.64463 0.47737
0.57000 0.56266 0.44420
0.46718 0.61888 0.54447
0.38412 0.59440 0.47521
0.37568 0.64256 0.56977
0.45328 0.49839 0.55563
0.57497 0.53316 0.45724
0.52164 0.59096 0.43147
0.52512 0.58556 0.49027
0.58633 0.58351 0.48670
0.45718 0.62091 0.48933
0.52581 0.57839 0.51619
0.37284 0.54952 0.51415
0.57664 0.58188 0.49498
0.39340 0.61278 0.53696
0.43028 0.68778 0.44518
0.44049 0.48553 0.48289
0.54841 0.55712 0.45687
0.54807 0.58511 0.51400
0.51223 0.62336 0.49520
0.51009 0.52670 0.46349
0.47719 0.62715 0.49063
0.41227 0.62371 0.44170
0.51686 0.52819 0.51236
0.48934 0.47262 0.40870
0.49188 0.54062 0.53383
0.42903 0.55436 0.48920
0.54491 0.64472 0.45500
0.53970 0.61283 0.51289
0.45712 0.57980 0.43414
0.47340 0.54331 0.43771
0.57813 0.46666 0.45580
0.53132 0.58849 0.57734
0.60194 0.52250 0.54797
0.39488 0.69882 0.45156
0.57012 0.51644 0.45054
0.66639 0.51020 0.53633
0.63179 0.58580 0.38988
0.52970 0.54955 0.49155
0.50102 0.60403 0.45982
0.57916 0.53419 0.33516
0.41361 0.63872 0.56981
0.55206 0.51566 0.47597
0.55129 0.66373 0.49884
0.51096 0.62953 0.50741
0.45945 0.57952 0.47567
0.54765 0.54957 0.44773
0.60588 0.48807 0.45267
0.47032 0.47525 0.56366
0.43763 0.56218 0.34808
0.58541 0.45358 0.44934
0.48910 0.69677 0.47058
0.41372 0.64976 0.45088
0.36320 0.47992 0.34201
0.53175 0.64834 0.50470
0.47292 0.56434 0.46934
0.45876 0.50801 0.45738
0.47777 0.63258 0.48792
0.47605 0.51543 0.46172
0.47729 0.56194 0.49764
0.56515 0.51972 0.45647
0.40639 0.48094 0.52053
0.50291 0.50752 0.54078
0.63606 0.56647 0.50492
0.42995 0.54527 0.56359
0.39952 0.57742 0.48286
0.45155 0.57661 0.53588
0.51780 0.58072 0.42918
0.47944 0.53592 0.45293
0.59615 0.53097 0.39659
0.48568 0.64317 0.44907
0.42371 0.54172 0.53304
0.55757 0.64417 0.48260
0.57123 0.62479 0.46941
0.48434 0.52700 0.54039
0.54480 0.48044 0.52813
0.46661 0.51621 0.49397
0.52081 0.54041 0.37965
0.56522 0.52422 0.36084
0.50332 0.53030 0.39404
0.50667 0.55913 0.52381
0.48019 0.57472 0.47559
0.55440 0.56754 0.49938
0.46857 0.60102 0.41556
0.49591 0.55118 0.48003
0.46402 0.45949 0.53048
0.42161 0.63630 0.54509
0.48535 0.56563 0.40116
0.58102 0.48468 0.42355
0.40217 0.54857 0.50683
0.47461 0.55483 0.44803
0.55564 0.52187 0.51726
0.46956 0.48080 0.48820
0.53611 0.52532 0.39721
0.47861 0.59744 0.47351
0.62777 0.58933 0.37809
0.55100 0.61028 0.45417
0.47555 0.53452 0.42667
0.41975 0.53868 0.38633
0.55655 0.56703 0.50838
0.58390 0.53632 0.41052
0.51370 0.49392 0.50551
0.46844 0.53686 0.42467
0.44888 0.52539 0.39369
0.46765 0.61204 0.43245
0.51113 0.57140 0.55408
0.53422 0.52267 0.51373
0.58490 0.50971 0.41545
0.57046 0.57820 0.51013
0.51611 0.63666 0.41915
0.54375 0.56521 0.44398
0.58960 0.64073 0.51943
0.46019 0.56181 0.47464
0.48956 0.52493 0.37587
0.51244 0.47112 0.49286
0.44561 0.56161 0.51506
0.57079 0.62594 0.49464
0.55841 0.59530 0.42428
0.53804 0.53435 0.50229
0.52744 0.56896 0.51969
0.39695 0.64048 0.45437
0.43855 0.56209 0.51208
0.46540 0.53748 0.58764
0.47413 0.51634 0.46319
0.47385 0.48956 0.38301
0.38144 0.55521 0.39260
0.56081 0.57961 0.38169
0.44961 0.51666 0.48692
0.49839 0.56874 0.47314
0.42362 0.59479 0.50711
0.53372 0.53203 0.53018
0.43869 0.54434 0.48172
0.50813 0.54366 0.50657
0.53764 0.55564 0.46903
0.48671 0.58355 0.42928
0.51490 0.59510 0.49179
0.53768 0.55896 0.47791
0.35340 0.67547 0.52735
0.58198 0.51011 0.46079
0.55196 0.56204 0.36341
0.49791 0.56450 0.41686
0.42413 0.62193 0.46165
0.34681 0.54770 0.54887
0.42632 0.56289 0.44581
0.55087 0.60312 0.43561
0.45521 0.49843 0.52668
0.55745 0.51044 0.53125
0.58632 0.54548 0.54533
0.45880 0.53997 0.52076
0.55846 0.47857 0.50914
