20 11 1000 9203 23
0.84416 0.33393 0.20227
0.26419 0.51662 0.66206
0.97694 0.62230 0.70484
0.93666 0.22127 0.32767
0.63816 0.48648 0.60793
0.69096 0.26281 0.46571
0.64886 0.34571 0.13253
0.31942 0.40457 0.47549
0.51239 0.91798 0.24003
0.72469 0.36547 0.98470
0.03308 0.88664 0.64861
0.65440 0.47317 0.43030
0.62475 0.41466 0.47245
0.62083 0.59666 0.39340
0.61439 0.53655 0.52003
0.62888 0.43159 0.41766
0.72481 0.41619 0.40049
0.64232 0.51833 0.46980
0.67774 0.40715 0.53632
0.68599 0.45782 0.47671
0.74907 0.39566 0.41218
0.51542 0.48015 0.62040
0.78526 0.38692 0.38607
0.56034 0.50765 0.44435
0.57585 0.65549 0.46222
0.49109 0.62069 0.61384
0.68198 0.41752 0.47648
0.48657 0.48886 0.47553
0.78179 0.51380 0.59147
0.70711 0.38419 0.37753
0.64130 0.52284 0.49965
0.54301 0.58619 0.45434
0.44005 0.58673 0.54368
0.65319 0.40278 0.50271
0.43171 0.52681 0.54709
0.59316 0.46484 0.56547
0.74362 0.34467 0.46847
0.57470 0.53613 0.52525
0.62729 0.45409 0.49001
0.66908 0.48022 0.60661
0.61366 0.62099 0.50859
0.67081 0.51962 0.38798
0.54459 0.54193 0.59199
0.56025 0.47839 0.52373
0.60933 0.38032 0.50995
0.54089 0.56017 0.50488
0.61179 0.41989 0.49928
0.49711 0.52807 0.43207
0.52220 0.50724 0.48413
0.53252 0.53160 0.40850
0.66390 0.57293 0.43519
0.56241 0.53902 0.44986
0.66008 0.42261 0.45372
0.64870 0.47024 0.43593
0.56449 0.45782 0.54413
0.54277 0.50850 0.54739
0.71451 0.37545 0.41659
0.51948 0.44975 0.40586
0.61292 0.45259 0.49214
0.64141 0.38659 0.42876
0.68400 0.34945 0.42604
0.62542 0.54416 0.47064
0.48964 0.63005 0.48581
0.70392 0.36049 0.54441
0.69873 0.56164 0.48743
0.59487 0.55694 0.44434
0.54384 0.46609 0.51034
0.58565 0.45624 0.39331
0.73407 0.40288 0.62217
0.47744 0.50291 0.52950
0.65358 0.42502 0.31715
0.51174 0.49326 0.49339
0.67969 0.48446 0.41737
0.63699 0.51940 0.59943
0.66991 0.38518 0.29833
0.46640 0.64827 0.62742
0.70011 0.41860 0.44634
0.63655 0.54637 0.49113
0.49794 0.63826 0.43337
0.54144 0.56507 0.45883
0.56926 0.46124 0.52318
0.58001 0.47325 0.50591
0.44313 0.60058 0.54367
0.67549 0.37847 0.50165
0.70558 0.37256 0.42523
0.64574 0.54295 0.51896
0.68662 0.47239 0.65714
0.61942 0.47331 0.49533
0.58185 0.45895 0.42154
0.59308 0.56591 0.40058
0.57750 0.55763 0.36450
0.68321 0.49015 0.49923
0.61987 0.40959 0.54600
0.70337 0.49857 0.56724
0.65968 0.38616 0.32623
0.59461 0.57377 0.51557
0.52643 0.46080 0.50953
0.43080 0.56486 0.61850
0.73609 0.38365 0.47156
0.72074 0.37693 0.40017
0.49421 0.50279 0.51688
0.56190 0.44561 0.54712
0.62289 0.46446 0.43343
0.66434 0.38604 0.48817
0.45884 0.51072 0.53526
0.45608 0.56547 0.48567
0.50256 0.45239 0.46310
0.56291 0.49331 0.49452
0.58028 0.44587 0.46924
0.62984 0.51625 0.49406
0.64236 0.50551 0.45036
0.63761 0.39692 0.49251
0.63828 0.47717 0.46707
0.65329 0.40899 0.38546
0.71314 0.48820 0.54139
0.75374 0.36075 0.34974
0.68076 0.38283 0.30523
0.66663 0.46475 0.51815
0.58879 0.45731 0.49879
0.65172 0.46371 0.57528
0.60622 0.50865 0.46154
0.55608 0.46590 0.39456
0.61749 0.46027 0.40090
0.58231 0.41633 0.48760
0.55672 0.52893 0.43082
0.48608 0.57651 0.62578
0.58500 0.48825 0.46833
0.50757 0.51480 0.49177
0.61520 0.46175 0.49323
0.73585 0.35728 0.45083
0.64550 0.42484 0.60587
0.51953 0.53065 0.43848
0.60950 0.37106 0.51188
0.79891 0.53623 0.57439
0.64773 0.47641 0.43610
0.71859 0.38662 0.51010
0.79263 0.45097 0.47354
0.64089 0.45755 0.61707
0.61571 0.38783 0.45772
0.69017 0.47461 0.48015
0.82411 0.55090 0.64308
0.59113 0.46444 0.52455
0.68518 0.41003 0.47496
0.56508 0.50237 0.53805
0.72623 0.40739 0.46883
0.57603 0.53427 0.50655
0.60619 0.45473 0.56904
0.57839 0.48292 0.47479
0.54033 0.49767 0.43701
0.62475 0.52955 0.42330
0.55385 0.52654 0.57510
0.43932 0.66809 0.54399
0.60192 0.50924 0.54389
0.61469 0.51735 0.54199
0.65006 0.38754 0.53996
0.63724 0.50883 0.37878
0.56346 0.63083 0.48664
0.66893 0.44305 0.55513
0.61718 0.50908 0.62074
0.59537 0.45322 0.36769
0.51605 0.59826 0.49723
0.54017 0.54342 0.61733
0.51216 0.50102 0.47598
0.66561 0.47744 0.40294
0.36136 0.62841 0.52553
0.65387 0.50280 0.40902
0.51801 0.46424 0.42460
0.65035 0.47918 0.58147
0.69277 0.38557 0.63271
0.67071 0.40980 0.46446
0.49890 0.48723 0.51959
0.49017 0.52777 0.50281
0.50693 0.52527 0.46236
0.54015 0.46311 0.49931
0.62171 0.47127 0.50384
0.57845 0.58931 0.58937
0.58829 0.45646 0.59435
0.53899 0.56443 0.58616
0.53327 0.52361 0.63376
0.70908 0.36778 0.45569
0.54788 0.47528 0.47171
0.54510 0.53050 0.53383
0.58474 0.51914 0.55653
0.64699 0.53123 0.53268
0.51345 0.53144 0.64484
0.61578 0.59120 0.54824
0.56057 0.60959 0.42315
0.64555 0.50224 0.47473
0.56638 0.57862 0.48266
0.48956 0.51140 0.53839
0.60933 0.45863 0.45183
0.50697 0.47895 0.48556
0.61616 0.46522 0.41421
0.53287 0.55340 0.52101
0.40048 0.62871 0.49366
0.54906 0.59497 0.52077
0.53915 0.48095 0.52185
0.66973 0.43908 0.51638
0.67672 0.40485 0.44282
0.65492 0.44081 0.40921
0.58204 0.56085 0.48345
0.60912 0.49270 0.39956
0.59205 0.45289 0.50626
0.50929 0.65988 0.45589
0.54114 0.53184 0.44590
0.61522 0.45360 0.37707
0.65730 0.49278 0.49731
0.55468 0.55310 0.45838
0.60294 0.46451 0.44461
0.56079 0.48955 0.51108
0.51514 0.44569 0.54426
0.62879 0.54725 0.52719
0.58875 0.50619 0.39996
0.66167 0.46241 0.53881
0.60243 0.52984 0.50692
0.54451 0.55780 0.48953
0.64511 0.44212 0.45502
0.58017 0.43625 0.33848
0.56756 0.42200 0.39783
0.42901 0.64044 0.53825
0.44113 0.53567 0.53140
0.54559 0.54444 0.54475
0.59522 0.47571 0.51844
0.61814 0.42798 0.44046
0.67767 0.37110 0.54303
0.66404 0.45876 0.53854
0.60863 0.45198 0.62417
0.62844 0.45720 0.44099
0.57057 0.52759 0.40933
0.66370 0.59456 0.47074
0.58614 0.40508 0.43669
0.72626 0.38798 0.40634
0.57167 0.43089 0.53079
0.69594 0.39854 0.38411
0.60693 0.47224 0.41651
0.59956 0.41348 0.71411
0.66926 0.46681 0.44214
0.48931 0.43536 0.53560
0.50011 0.41483 0.46945
0.56580 0.51444 0.38260
0.62465 0.45061 0.57189
0.56350 0.57810 0.54716
0.53078 0.46678 0.74290
0.55775 0.51333 0.54997
0.72981 0.41913 0.43278
0.71962 0.41390 0.43734
0.67527 0.45781 0.45176
0.58571 0.45765 0.48207
0.57500 0.44652 0.56887
0.50797 0.50524 0.49694
0.65953 0.40631 0.49984
0.48938 0.57402 0.58721
0.56035 0.44381 0.41584
0.67887 0.42133 0.58924
0.59218 0.43013 0.45024
0.67440 0.47384 0.46377
0.50498 0.57475 0.61372
0.63333 0.49507 0.44091
0.58112 0.48060 0.49067
0.60152 0.46168 0.38227
0.72466 0.44633 0.37513
0.54135 0.51104 0.46022
0.62670 0.48077 0.59513
0.65196 0.38212 0.47587
0.61313 0.38648 0.40780
0.67897 0.51311 0.56347
0.60930 0.57575 0.61684
0.64153 0.55617 0.63303
0.59429 0.56348 0.62048
0.59758 0.46235 0.58558
0.63786 0.43889 0.40330
0.54389 0.49163 0.52230
0.60383 0.50167 0.45214
0.58274 0.45314 0.47729
0.65459 0.55408 0.55424
0.59356 0.48706 0.46057
0.60001 0.47456 0.53635
0.57297 0.61307 0.49202
0.58630 0.40381 0.44619
0.70126 0.47231 0.59439
0.60053 0.52242 0.55049
0.61237 0.47524 0.50331
0.61120 0.44388 0.51583
0.53765 0.49184 0.53652
0.61994 0.57436 0.46572
0.63925 0.43490 0.53444
0.43941 0.52227 0.48859
0.53333 0.43950 0.52463
0.66579 0.45681 0.59018
0.54532 0.60136 0.47319
0.69321 0.37362 0.34851
0.58139 0.46110 0.42883
0.67319 0.52096 0.45830
0.59728 0.47561 0.49531
0.49590 0.52130 0.41533
0.53463 0.56299 0.54411
0.63741 0.51110 0.30905
0.50621 0.49145 0.57652
0.64157 0.45926 0.49639
0.54295 0.48559 0.53530
0.54371 0.49410 0.46798
0.41074 0.55960 0.51333
0.65070 0.46114 0.41591
0.64164 0.48556 0.47638
0.75069 0.48582 0.49483
0.58803 0.56260 0.53588
0.62966 0.41341 0.62231
0.64927 0.46209 0.50472
0.63892 0.44593 0.48443
0.68094 0.44324 0.49796
0.56458 0.43587 0.53033
0.62254 0.56152 0.39728
0.54571 0.44690 0.52796
0.57613 0.50948 0.45211
0.60767 0.45769 0.55062
0.66257 0.45789 0.42192
0.60044 0.51561 0.42751
0.56573 0.44748 0.51313
0.65107 0.41443 0.52658
0.65371 0.45661 0.46378
0.61346 0.36786 0.45716
0.62216 0.47239 0.50752
0.63675 0.44666 0.50426
0.74090 0.45864 0.43773
0.61510 0.53869 0.59166
0.73154 0.43942 0.59842
0.52919 0.46910 0.54726
0.68305 0.40246 0.50436
0.33183 0.68916 0.55112
0.62470 0.51481 0.60911
0.62669 0.52557 0.63755
0.51037 0.59036 0.54291
0.60356 0.55363 0.41449
0.64343 0.52129 0.47181
0.74231 0.35741 0.47150
0.56140 0.51303 0.51702
0.80090 0.47435 0.44985
0.62697 0.48561 0.65221
0.57286 0.46159 0.57760
0.66945 0.40219 0.55807
0.49893 0.57149 0.50619
0.54350 0.43108 0.50774
0.58629 0.47063 0.47738
0.54770 0.58080 0.55160
0.70321 0.51491 0.55454
0.40098 0.56339 0.58317
0.48879 0.46645 0.55247
0.67395 0.55389 0.60711
0.49184 0.44445 0.46392
0.49990 0.52684 0.56446
0.50941 0.49962 0.41384
0.49910 0.56357 0.58925
0.57350 0.46340 0.45203
0.69192 0.47538 0.37546
0.67619 0.49329 0.51063
0.63727 0.44562 0.54799
0.60554 0.64692 0.50036
0.69636 0.39876 0.40674
0.65125 0.53955 0.52225
0.65411 0.50118 0.44496
0.54544 0.51044 0.57368
0.63408 0.56984 0.57943
0.59746 0.44471 0.43674
0.66884 0.48834 0.48773
0.53371 0.55188 0.47334
0.60621 0.53778 0.51516
0.51009 0.47853 0.48712
0.62414 0.43201 0.49596
0.43828 0.58236 0.50930
0.59306 0.42078 0.56885
0.57453 0.53816 0.42174
0.47909 0.61632 0.60759
0.48192 0.49914 0.44105
0.49742 0.55902 0.46737
0.53807 0.48270 0.48715
0.62275 0.44451 0.38684
0.57646 0.49230 0.47079
0.52811 0.53721 0.52514
0.65739 0.41822 0.40792
0.62094 0.55088 0.49190
0.62867 0.46722 0.48835
0.68961 0.45403 0.33283
0.74848 0.45564 0.58990
0.65295 0.43894 0.51665
0.68809 0.50718 0.41248
0.60889 0.49794 0.51347
0.59200 0.54565 0.37955
0.52971 0.45494 0.45089
0.52943 0.47776 0.62137
0.60931 0.63821 0.44995
0.49823 0.53263 0.43629
0.47557 0.55207 0.50415
0.56375 0.49247 0.44568
0.58699 0.50291 0.52395
0.41876 0.63826 0.46527
0.63240 0.40238 0.40038
0.70679 0.37912 0.46157
0.44103 0.47128 0.59258
0.62130 0.43716 0.49445
0.60955 0.49968 0.53978
0.59597 0.58509 0.51680
0.60325 0.39188 0.53123
0.58811 0.50245 0.50710
0.61461 0.48643 0.41371
0.65589 0.43018 0.50331
0.61962 0.43497 0.64787
0.62679 0.48952 0.52252
0.58894 0.56201 0.40901
0.58913 0.52755 0.60531
0.61407 0.49522 0.52625
0.62108 0.40416 0.52923
0.61246 0.51997 0.55125
0.62729 0.49351 0.47748
0.57781 0.45674 0.44765
0.63810 0.42815 0.50557
0.66342 0.41536 0.38112
0.55719 0.42163 0.45220
0.63793 0.46578 0.47208
0.59566 0.52658 0.59762
0.65453 0.44096 0.38178
0.62824 0.51088 0.58290
0.68720 0.41005 0.54079
0.48960 0.56512 0.46028
0.66551 0.47303 0.47696
0.59546 0.53557 0.51030
0.58735 0.49932 0.50159
0.62357 0.46098 0.41486
0.62899 0.53247 0.63399
0.60110 0.42520 0.38459
0.66507 0.45228 0.45958
0.60577 0.40903 0.57906
0.68640 0.39344 0.41199
0.64620 0.42824 0.37910
0.64987 0.48915 0.53690
0.60449 0.58682 0.54771
0.65789 0.49427 0.58122
0.56690 0.55679 0.44865
0.65294 0.44442 0.55220
0.62509 0.42905 0.37834
0.64449 0.43182 0.32883
0.54974 0.52554 0.47600
0.61909 0.44233 0.55782
0.58932 0.42309 0.50401
0.55606 0.55207 0.42914
0.67665 0.39802 0.41593
0.49406 0.55797 0.54358
0.66035 0.36637 0.45120
0.56391 0.39567 0.51874
0.69116 0.40512 0.56267
0.59733 0.40948 0.56687
0.68978 0.48347 0.39437
0.62954 0.40747 0.65369
0.57385 0.39704 0.39768
0.40316 0.62802 0.55541
0.66567 0.43760 0.50426
0.65609 0.42602 0.45172
0.61117 0.45386 0.50559
0.49472 0.54713 0.51343
0.60582 0.54548 0.46744
0.78070 0.34576 0.37875
0.66012 0.52646 0.48187
0.63743 0.59865 0.52885
0.47687 0.55763 0.41970
0.79908 0.48614 0.55092
0.72882 0.41467 0.50351
0.65849 0.45488 0.31476
0.69094 0.46330 0.49520
0.65502 0.47949 0.35109
0.57450 0.48194 0.51901
0.57602 0.41800 0.39846
0.82606 0.46043 0.60009
0.56841 0.65660 0.54426
0.71022 0.41669 0.46382
0.68477 0.44855 0.46977
0.59795 0.48163 0.52555
0.54906 0.52262 0.59477
0.71774 0.40810 0.37385
0.58831 0.42545 0.47935
0.69168 0.42569 0.44325
0.67563 0.38036 0.50390
0.64004 0.42047 0.42445
0.61772 0.45900 0.48050
0.66724 0.48741 0.55695
0.58502 0.53531 0.53225
0.59571 0.47554 0.43120
0.46543 0.48107 0.45882
0.73052 0.46322 0.63025
0.60666 0.51209 0.52148
0.67926 0.40152 0.41856
0.71066 0.53648 0.42864
0.64455 0.51646 0.36461
0.75832 0.47366 0.42100
0.54032 0.47533 0.55749
0.62188 0.50162 0.52727
0.48666 0.56222 0.55143
0.63153 0.45715 0.47299
0.53118 0.48136 0.50955
0.62010 0.45359 0.45756
0.61725 0.48722 0.55009
0.58170 0.49723 0.43116
0.66945 0.41116 0.44519
0.53756 0.46499 0.58076
0.75525 0.43424 0.48685
0.57086 0.50823 0.48092
0.52500 0.41029 0.49789
0.56709 0.49043 0.49531
0.56374 0.47787 0.55293
0.56532 0.48737 0.47624
0.49440 0.50321 0.39692
0.57172 0.48374 0.58835
0.63517 0.40351 0.54671
0.57074 0.60588 0.46770
0.54536 0.50126 0.57976
0.70111 0.48459 0.43603
0.60988 0.39529 0.47436
0.64252 0.40473 0.43555
0.75706 0.44998 0.39275
0.54951 0.50671 0.47193
0.66401 0.41321 0.33612
0.60125 0.40238 0.45204
0.32472 0.61521 0.54860
0.64025 0.42225 0.49271
0.53597 0.51037 0.58857
0.56128 0.47070 0.44252
0.67377 0.41792 0.44469
0.67496 0.48288 0.37376
0.64642 0.39209 0.52231
0.64905 0.46646 0.47541
0.52978 0.49472 0.44052
0.55491 0.53141 0.53923
0.73944 0.36817 0.60528
0.59162 0.48359 0.50345
0.42788 0.52620 0.48320
0.52856 0.52812 0.63172
0.59649 0.51453 0.60136
0.58304 0.55233 0.41288
0.69892 0.39861 0.70706
0.50620 0.53617 0.47988
0.68443 0.47574 0.45413
0.40011 0.52420 0.52551
0.53763 0.54849 0.58571
0.51008 0.56947 0.44910
0.59901 0.48152 0.51440
0.62131 0.61877 0.45973
0.60863 0.43585 0.46817
0.57779 0.57128 0.50775
0.66309 0.40835 0.47075
0.50044 0.43114 0.53488
0.61825 0.41336 0.45105
0.72365 0.39410 0.39435
0.57814 0.45554 0.50835
0.57295 0.54218 0.39230
0.65402 0.39354 0.37744
0.64927 0.42140 0.51685
0.61238 0.48535 0.65167
0.54163 0.45296 0.40772
0.29429 0.65825 0.51525
0.62516 0.44011 0.52577
0.73768 0.49643 0.50324
0.48358 0.42529 0.48702
0.74236 0.54221 0.56505
0.65909 0.40251 0.38148
0.60548 0.52978 0.57608
0.56700 0.44249 0.54943
0.67707 0.46433 0.58819
0.64900 0.48221 0.51338
0.60872 0.58097 0.41752
0.64150 0.41606 0.43885
0.56200 0.59102 0.42479
0.62450 0.41185 0.46917
0.70052 0.41352 0.43618
0.57137 0.49841 0.58545
0.33996 0.63643 0.57137
0.54081 0.47478 0.46513
0.62351 0.53273 0.43028
0.67875 0.52641 0.50578
0.35604 0.62290 0.51779
0.64927 0.62188 0.31551
0.59956 0.53780 0.37146
0.54538 0.44606 0.48636
0.70247 0.38800 0.51246
0.57163 0.49442 0.49044
0.59890 0.49527 0.41746
0.67266 0.47612 0.39588
0.49714 0.58495 0.37831
0.48469 0.58375 0.48330
0.62801 0.47424 0.56614
0.47327 0.53656 0.51280
0.65196 0.47063 0.41001
0.47175 0.49760 0.44997
0.67111 0.44688 0.51436
0.59368 0.46922 0.46768
0.46960 0.58158 0.60232
0.59306 0.44945 0.70354
0.66429 0.47179 0.43334
0.60290 0.44939 0.53133
0.56324 0.47411 0.45752
0.52204 0.46380 0.53486
0.59590 0.58803 0.34757
0.51143 0.55304 0.47939
0.55133 0.58406 0.46928
0.50677 0.56062 0.44562
0.50052 0.44952 0.58431
0.55149 0.52216 0.37937
0.43950 0.54470 0.58835
0.60780 0.48087 0.45261
0.58160 0.40145 0.46902
0.55431 0.43732 0.56423
0.71926 0.45710 0.39667
0.55152 0.57245 0.46043
0.66350 0.51000 0.54256
0.58060 0.52892 0.64519
0.62445 0.41748 0.44824
0.59815 0.43889 0.47523
0.57357 0.52330 0.53974
0.39219 0.60962 0.47406
0.52908 0.49539 0.49872
0.61686 0.50070 0.50689
0.60607 0.46712 0.50959
0.42294 0.53163 0.50522
0.49856 0.51570 0.59264
0.54944 0.46147 0.53690
0.65204 0.45871 0.43481
0.43984 0.66643 0.58601
0.58502 0.48895 0.55330
0.72474 0.46491 0.53784
0.55491 0.43348 0.58234
0.63892 0.48601 0.51782
0.72649 0.38449 0.43893
0.50869 0.54932 0.48497
0.53650 0.52755 0.51043
0.52374 0.55578 0.54917
0.46683 0.54098 0.57220
0.63873 0.44985 0.42293
0.48255 0.62824 0.55077
0.49421 0.54428 0.47664
0.67157 0.46181 0.54816
0.61035 0.41814 0.39837
0.65208 0.59080 0.52015
0.73114 0.40783 0.35616
0.57202 0.54091 0.35020
0.68469 0.35540 0.37181
0.52082 0.54279 0.36571
0.58446 0.42080 0.46585
0.61645 0.42159 0.40712
0.56818 0.44013 0.47359
0.59734 0.52701 0.43752
0.62731 0.42387 0.36668
0.49504 0.56505 0.38190
0.51407 0.52547 0.49105
0.64407 0.50379 0.55954
0.58535 0.49340 0.56584
0.68538 0.44747 0.40266
0.72522 0.38606 0.35812
0.47972 0.52251 0.44119
0.63438 0.42716 0.40440
0.50631 0.48196 0.46532
0.74217 0.50668 0.47911
0.65440 0.40833 0.57518
0.70814 0.38044 0.36650
0.59222 0.42886 0.47251
0.73231 0.37387 0.54560
0.71095 0.40916 0.37033
0.58061 0.49532 0.45962
0.58193 0.52723 0.52499
0.70661 0.52828 0.43986
0.66273 0.40198 0.53168
0.54273 0.59914 0.41304
0.63380 0.43242 0.51156
0.48620 0.44102 0.55043
0.61723 0.59482 0.37491
0.51169 0.51456 0.60201
0.67809 0.48800 0.52043
0.55254 0.54851 0.46577
0.68811 0.39825 0.43264
0.66604 0.40342 0.40137
0.54809 0.73427 0.35821
0.70789 0.44246 0.56260
0.62854 0.45663 0.54599
0.59891 0.43976 0.37372
0.70455 0.61784 0.50703
0.63203 0.45554 0.59914
0.55757 0.51871 0.37609
0.52808 0.43951 0.53325
0.75475 0.43760 0.50101
0.51636 0.51680 0.55786
0.48655 0.50044 0.57840
0.59300 0.47268 0.52909
0.54620 0.43266 0.53453
0.72768 0.36381 0.39561
0.75880 0.35804 0.34406
0.64803 0.52345 0.54919
0.63025 0.45516 0.42041
0.52730 0.48605 0.57189
0.69970 0.47708 0.50257
0.51655 0.54860 0.45968
0.62307 0.54393 0.41924
0.71271 0.49505 0.43995
0.72711 0.48373 0.41916
0.58137 0.49554 0.50682
0.63077 0.46126 0.53357
0.56273 0.47309 0.55204
0.54749 0.43394 0.42200
0.56611 0.46612 0.48042
0.66767 0.48223 0.68059
0.59671 0.59139 0.48576
0.58879 0.57580 0.45776
0.67258 0.48990 0.39667
0.56455 0.52500 0.44332
0.60362 0.49948 0.57521
0.66149 0.41196 0.51176
0.74461 0.46838 0.48072
0.54074 0.40801 0.54057
0.59205 0.54882 0.43739
0.60157 0.52139 0.51997
0.55093 0.55802 0.44506
0.56471 0.47207 0.57487
0.38191 0.59714 0.59011
0.55420 0.51319 0.54999
0.51898 0.56180 0.61212
0.59972 0.61424 0.39604
0.61107 0.42703 0.47853
0.59329 0.40545 0.49941
0.54490 0.54840 0.47305
0.57096 0.42096 0.62913
0.56490 0.43081 0.50642
0.67446 0.42803 0.62366
0.58753 0.43334 0.53474
0.59036 0.48331 0.51344
0.68711 0.44574 0.26236
0.64112 0.44076 0.52537
0.52524 0.56355 0.44255
0.66544 0.40941 0.42110
0.64759 0.51634 0.55494
0.59036 0.43277 0.41748
0.58572 0.43452 0.52422
0.55176 0.50668 0.51092
0.60917 0.63161 0.37224
0.70030 0.39072 0.49085
0.49042 0.58846 0.49400
0.47476 0.52429 0.56748
0.51118 0.61759 0.46925
0.61988 0.48193 0.46830
0.69413 0.35855 0.45828
0.50611 0.58753 0.50113
0.62562 0.39115 0.46755
0.59016 0.47480 0.57714
0.66393 0.44168 0.57708
0.47817 0.53672 0.54116
0.62463 0.53287 0.63836
0.68153 0.41912 0.58149
0.50111 0.57295 0.49307
0.44685 0.48645 0.55847
0.61558 0.46030 0.42617
0.58909 0.55392 0.54758
0.65476 0.52202 0.52554
0.77886 0.49742 0.51196
0.59734 0.50086 0.41697
0.45339 0.54257 0.54034
0.57256 0.46047 0.55184
0.71397 0.41622 0.39051
0.46422 0.51831 0.47639
0.56547 0.48339 0.47909
0.47812 0.50068 0.57985
0.57056 0.50023 0.52901
0.58786 0.38186 0.49524
0.65700 0.43061 0.43466
0.60637 0.56843 0.59576
0.66184 0.46786 0.70117
0.37702 0.63328 0.60186
0.60752 0.51959 0.37907
0.63881 0.52877 0.49863
0.55766 0.51692 0.50769
0.67977 0.46697 0.45004
0.43018 0.57444 0.48879
0.64632 0.44587 0.47454
0.50534 0.58203 0.51527
0.71675 0.41043 0.47833
0.52519 0.46905 0.67290
0.66710 0.50108 0.48561
0.70867 0.42603 0.45919
0.49281 0.58174 0.52510
0.60305 0.47086 0.45718
0.58168 0.40625 0.60859
0.66911 0.51364 0.60224
0.58590 0.51693 0.47345
0.67923 0.40708 0.45285
0.63563 0.51744 0.58344
0.57489 0.49068 0.47965
0.70267 0.47421 0.52384
0.61794 0.50776 0.45438
0.68265 0.46609 0.49931
0.68265 0.40554 0.44762
0.76289 0.52216 0.63422
0.47105 0.56909 0.44479
0.51750 0.66406 0.39488
0.66865 0.41478 0.53722
0.74353 0.37807 0.34286
0.65357 0.44510 0.49371
0.38795 0.64996 0.55143
0.57727 0.52115 0.59260
0.50542 0.51737 0.50874
0.63196 0.52841 0.54211
0.52114 0.55323 0.47423
0.69315 0.60086 0.49855
0.40476 0.53657 0.49913
0.71916 0.48826 0.47830
0.63262 0.53987 0.52423
0.61695 0.62183 0.51025
0.50919 0.44837 0.45624
0.67730 0.43803 0.64817
0.67208 0.58969 0.45592
0.75582 0.36727 0.43811
0.63528 0.38130 0.45460
0.49901 0.44897 0.53141
0.57855 0.56236 0.53256
0.53876 0.55886 0.45560
0.61690 0.43513 0.57797
0.68877 0.52326 0.44620
0.64481 0.44250 0.49839
0.49809 0.52636 0.44259
0.46119 0.49428 0.56401
0.62864 0.50883 0.47051
0.56526 0.51725 0.49284
0.63601 0.46828 0.53224
0.43267 0.49218 0.55162
0.67968 0.47813 0.37691
0.45796 0.61975 0.47745
0.54617 0.48482 0.60502
0.57853 0.59875 0.47286
0.67873 0.47840 0.48681
0.60910 0.46500 0.55577
0.52359 0.53408 0.56226
0.63217 0.43512 0.54044
0.65960 0.36653 0.36973
0.59178 0.43978 0.43244
0.60194 0.46224 0.46212
0.72254 0.43536 0.49319
0.53273 0.50644 0.57463
0.43907 0.58440 0.45315
0.60097 0.52961 0.48818
0.76149 0.40013 0.43366
0.59887 0.57520 0.43737
0.65553 0.41531 0.63290
0.57813 0.56949 0.58672
0.45067 0.55019 0.59495
0.61827 0.45142 0.51866
0.56032 0.45631 0.59941
0.67783 0.45878 0.47948
0.60418 0.46097 0.55811
0.65923 0.53605 0.56646
0.60926 0.44895 0.44251
0.39883 0.55872 0.54160
0.55241 0.45217 0.51124
0.69756 0.55708 0.57243
0.52525 0.47607 0.53936
0.63908 0.54584 0.43275
0.50402 0.52165 0.42135
0.54772 0.47426 0.51758
0.67956 0.45388 0.46849
0.76304 0.48066 0.51548
0.62128 0.43182 0.37458
0.66333 0.41140 0.64117
0.65966 0.43964 0.51084
0.63420 0.46956 0.48158
0.68689 0.43031 0.58018
0.61678 0.38851 0.30708
0.59751 0.46598 0.47321
0.62136 0.43753 0.55008
0.62997 0.47188 0.49093
0.68637 0.42003 0.60829
0.62434 0.47410 0.43729
0.58155 0.55614 0.59663
0.69114 0.47372 0.38162
0.55640 0.59546 0.50183
0.52182 0.49206 0.56311
0.51103 0.45496 0.49791
0.55854 0.63780 0.54074
0.79849 0.45076 0.45562
0.59550 0.45756 0.43643
0.67517 0.44744 0.41693
0.63986 0.49548 0.60922
0.57203 0.50048 0.52600
0.60549 0.46020 0.47331
0.65529 0.43726 0.57560
0.74754 0.56306 0.63796
0.55905 0.51647 0.41617
0.68560 0.56715 0.49679
0.48117 0.59706 0.58922
0.52836 0.44957 0.45003
0.39048 0.62630 0.56644
0.52658 0.50947 0.50398
0.48016 0.59036 0.60333
0.63530 0.41427 0.42482
0.53379 0.52914 0.54582
0.62461 0.47099 0.54039
0.68435 0.41586 0.39243
0.44128 0.59288 0.49977
0.52659 0.48343 0.51961
0.63095 0.51033 0.46359
0.65784 0.51475 0.47656
0.60122 0.53125 0.62911
0.70366 0.38033 0.36705
0.48356 0.54113 0.55205
0.44713 0.55584 0.58399
0.54921 0.45330 0.51460
0.59035 0.42488 0.60029
0.68841 0.56856 0.51596
0.51226 0.54961 0.48202
0.70731 0.47984 0.48032
0.53066 0.46006 0.63030
0.57914 0.54744 0.52244
0.55168 0.46439 0.50708
0.61434 0.51865 0.51121
0.42618 0.53847 0.52125
0.63667 0.44558 0.56881
0.51030 0.61775 0.59932
0.51034 0.62603 0.57382
0.43180 0.50447 0.56045
0.60520 0.40221 0.51353
0.55635 0.40745 0.55664
0.59597 0.47119 0.50553
0.69203 0.59199 0.51565
0.71706 0.50544 0.45715
0.59783 0.50247 0.57056
0.66505 0.56135 0.53432
0.48126 0.48379 0.45213
0.55970 0.42896 0.68346
0.70550 0.45998 0.57545
0.49751 0.46002 0.50790
0.54093 0.48924 0.40691
0.65384 0.48073 0.51306
0.57986 0.47767 0.49924
0.64519 0.44849 0.51766
0.54027 0.54364 0.44216
0.57883 0.52376 0.59177
0.60598 0.50207 0.44625
0.61411 0.50224 0.53683
0.58943 0.40352 0.45405
0.64174 0.54771 0.30250
0.56349 0.48684 0.44720
0.51430 0.50671 0.43375
0.61205 0.38292 0.48246
0.67857 0.40816 0.51249
0.38344 0.61679 0.53905
0.64255 0.44264 0.43530
0.61222 0.51834 0.56955
0.55651 0.45787 0.56088
0.58719 0.64808 0.37975
0.47817 0.55957 0.49179
0.65142 0.46077 0.51697
0.51024 0.48212 0.50760
0.67310 0.57118 0.48917
0.60575 0.56856 0.41942
0.58666 0.50267 0.59389
0.58543 0.50065 0.56507
0.54853 0.48086 0.52421
0.64824 0.48400 0.38473
0.43711 0.52792 0.56568
0.72558 0.48913 0.65391
0.64672 0.49553 0.54614
0.49199 0.51432 0.56753
0.73524 0.38855 0.39901
0.60849 0.55354 0.46252
0.60486 0.53532 0.56397
0.55592 0.40215 0.47413
0.63968 0.53649 0.44654
0.61497 0.44449 0.46247
0.62122 0.52334 0.48957
0.79326 0.37195 0.45637
0.56105 0.49311 0.42323
0.59604 0.51042 0.54267
0.64442 0.40730 0.38741
0.63833 0.43408 0.51390
0.57858 0.55523 0.63534
0.57679 0.41972 0.58589
0.59325 0.46578 0.48440
0.63897 0.45372 0.49511
0.45232 0.51167 0.58596
0.56442 0.47078 0.58440
0.61330 0.45002 0.45422
0.58962 0.55169 0.39378
0.48986 0.51391 0.51919
0.47214 0.42648 0.46864
0.45748 0.50168 0.50859
0.59045 0.52975 0.38033
0.63397 0.57314 0.37191
0.65074 0.38887 0.42546
0.66627 0.43199 0.38700
0.60537 0.43879 0.54596
0.63734 0.52632 0.46829
0.77112 0.44031 0.48056
0.53359 0.55215 0.50458
0.54393 0.50792 0.57261
0.64041 0.50540 0.52366
0.56561 0.38818 0.47028
0.63912 0.44543 0.53513
0.60684 0.53234 0.53062
0.63951 0.50422 0.58818
0.56245 0.48778 0.39641
0.62182 0.46673 0.49074
0.52026 0.49327 0.56624
0.71036 0.47828 0.47874
0.57778 0.48945 0.58502
0.44499 0.47278 0.51109
0.56435 0.46981 0.54228
0.57987 0.53410 0.58791
0.57010 0.49634 0.54469
0.73013 0.48315 0.61316
0.65197 0.44089 0.55731
0.61747 0.45373 0.43716
