20 14 1000 37328 1335
0.51394 0.84100 0.39632
0.45800 0.56671 0.08021
0.96372 0.51729 0.28491
0.57667 0.92873 0.33844
0.93029 0.40311 0.29785
0.53374 0.29525 0.68874
0.13613 0.93945 0.78828
0.14646 0.76454 0.40834
0.14840 0.97931 0.33126
0.81536 0.44132 0.70259
0.97950 0.44267 0.90989
0.12777 0.04505 0.94938
0.11377 0.51774 0.16552
0.21136 0.84132 0.53213
0.66035 0.51093 0.42765
0.44085 0.72940 0.49330
0.52786 0.57112 0.45862
0.41791 0.60732 0.51446
0.48595 0.58833 0.51950
0.52921 0.61048 0.48994
0.64794 0.53689 0.53333
0.53895 0.60886 0.39604
0.44347 0.65322 0.37599
0.58655 0.61232 0.43596
0.51067 0.60788 0.43949
0.49865 0.45596 0.68639
0.59432 0.64729 0.41490
0.40581 0.63866 0.51144
0.55371 0.59264 0.47744
0.54214 0.59894 0.44326
0.43725 0.68634 0.57945
0.64172 0.54103 0.41845
0.46648 0.65199 0.47911
0.44078 0.51038 0.62408
0.49842 0.63188 0.48785
0.49965 0.62176 0.45937
0.46038 0.59997 0.54110
0.42669 0.65853 0.42649
0.38762 0.66044 0.55181
0.50404 0.59251 0.51720
0.47239 0.65535 0.46940
0.54749 0.57895 0.54418
0.37381 0.70729 0.54292
0.43321 0.69170 0.49567
0.44256 0.53605 0.48073
0.57579 0.51079 0.62495
0.36615 0.67639 0.37979
0.56263 0.53379 0.49444
0.56944 0.58409 0.40375
0.49388 0.65628 0.48091
0.48640 0.70293 0.50134
0.54440 0.63785 0.46421
0.34623 0.63927 0.58619
0.54063 0.57555 0.62014
0.48601 0.62148 0.49127
0.49009 0.66163 0.50398
0.44067 0.65690 0.53253
0.46000 0.65668 0.51454
0.43088 0.61187 0.52891
0.47945 0.64655 0.53020
0.40094 0.59793 0.63644
0.43505 0.45959 0.55775
0.51345 0.53320 0.49577
0.69699 0.55325 0.46066
0.49387 0.61790 0.50545
0.57238 0.47679 0.48686
0.39974 0.54572 0.51508
0.50668 0.52206 0.49423
0.56288 0.56230 0.60546
0.42899 0.55238 0.55473
0.51883 0.62402 0.51051
0.61160 0.53300 0.39688
0.54725 0.43280 0.55469
0.39947 0.70738 0.48642
0.53327 0.39800 0.65155
0.43385 0.65062 0.50001
0.38643 0.67711 0.51002
0.55633 0.57579 0.43993
0.54028 0.61342 0.43530
0.50056 0.54054 0.42880
0.54978 0.57738 0.48702
0.33172 0.63022 0.38310
0.32673 0.68086 0.43128
0.58622 0.61862 0.49012
0.48939 0.67290 0.48001
0.42005 0.69686 0.51649
0.58258 0.47897 0.50868
0.28512 0.76715 0.45030
0.33730 0.67418 0.46030
0.44401 0.68692 0.43169
0.38023 0.66101 0.34478
0.50359 0.56687 0.43520
0.40735 0.62902 0.39562
0.43896 0.53683 0.48803
0.46133 0.60944 0.44209
0.41024 0.55879 0.48886
0.52239 0.63206 0.53580
0.55687 0.48700 0.60534
0.40379 0.69976 0.36788
0.49081 0.73434 0.40791
0.25915 0.74728 0.54785
0.42136 0.67755 0.42878
0.48306 0.71254 0.59235
0.48526 0.54676 0.49977
0.50931 0.54670 0.53866
0.52198 0.63444 0.65778
0.56920 0.56124 0.50029
0.46004 0.60031 0.43249
0.50908 0.68344 0.44717
0.64146 0.49269 0.51856
0.42863 0.46653 0.54071
0.45506 0.69688 0.45785
0.39345 0.77045 0.45780
0.42199 0.56575 0.60081
0.70412 0.49915 0.59326
0.52460 0.59249 0.50809
0.43383 0.64071 0.51640
0.66718 0.53160 0.43428
0.42643 0.66286 0.44561
0.52274 0.69420 0.38623
0.47917 0.65220 0.45607
0.47518 0.53527 0.57102
0.60516 0.50402 0.50061
0.44043 0.59579 0.50788
0.57987 0.53146 0.55060
0.51200 0.59593 0.41974
0.42111 0.62559 0.50647
0.41099 0.70735 0.50173
0.36856 0.73616 0.43476
0.33315 0.63718 0.45134
0.37353 0.72811 0.43993
0.52916 0.62318 0.50817
0.40730 0.62374 0.50370
0.36318 0.45783 0.59669
0.48267 0.57686 0.44632
0.49509 0.61593 0.45675
0.51856 0.55641 0.60343
0.46283 0.65576 0.40615
0.33645 0.56040 0.39918
0.46500 0.41895 0.58824
0.48897 0.61597 0.62474
0.58142 0.46856 0.46196
0.50779 0.65275 0.45826
0.48922 0.65778 0.44185
0.48703 0.60754 0.61038
0.44318 0.65629 0.49219
0.48202 0.70655 0.50389
0.48866 0.62228 0.56537
0.35757 0.50449 0.58370
0.52570 0.65880 0.50246
0.35169 0.67080 0.37002
0.39444 0.60435 0.52551
0.49493 0.61145 0.52304
0.43717 0.63034 0.50355
0.42924 0.62637 0.45692
0.62501 0.54671 0.48252
0.52021 0.55062 0.56210
0.41313 0.60648 0.53349
0.43163 0.63560 0.44728
0.41842 0.58027 0.50442
0.38826 0.48891 0.59920
0.44368 0.51168 0.52697
0.40140 0.58187 0.39960
0.42878 0.70625 0.57807
0.38159 0.67210 0.40381
0.53862 0.66377 0.47702
0.39552 0.65611 0.54543
0.40883 0.63101 0.44534
0.54345 0.69804 0.45919
0.43496 0.59203 0.47538
0.35600 0.61004 0.63015
0.57272 0.59254 0.39491
0.60892 0.44917 0.48930
0.32813 0.53401 0.66134
0.50044 0.62890 0.56144
0.44279 0.67703 0.46816
0.39559 0.66936 0.44627
0.53741 0.67389 0.33095
0.48872 0.58115 0.44364
0.34052 0.72367 0.48361
0.58343 0.64672 0.35530
0.47301 0.61370 0.40379
0.53181 0.61736 0.52318
0.51025 0.58727 0.48363
0.52789 0.57975 0.52567
0.43735 0.58215 0.53708
0.48340 0.64928 0.50161
0.41874 0.68545 0.38733
0.46588 0.64863 0.49087
0.46780 0.68432 0.44854
0.45600 0.48460 0.63374
0.68456 0.58837 0.49942
0.66660 0.57472 0.55184
0.55261 0.60874 0.44422
0.47979 0.66661 0.51835
0.46189 0.51093 0.56290
0.39505 0.76667 0.48646
0.50885 0.52337 0.44077
0.54603 0.60096 0.52880
0.42404 0.54459 0.54746
0.62059 0.57638 0.40740
0.50558 0.49991 0.48891
0.41125 0.54040 0.47410
0.48293 0.58986 0.48267
0.56867 0.46969 0.58693
0.43591 0.61134 0.47556
0.50147 0.65326 0.55055
0.56287 0.52735 0.49618
0.46958 0.66060 0.53500
0.49851 0.66931 0.48262
0.60902 0.60627 0.60689
0.39515 0.63328 0.38433
0.39521 0.55586 0.44589
0.49931 0.62428 0.49125
0.39802 0.55967 0.58628
0.43810 0.63580 0.29464
0.48102 0.67073 0.42166
0.50546 0.57123 0.54303
0.51911 0.59131 0.47083
0.53061 0.57436 0.55132
0.58019 0.56138 0.63616
0.60517 0.52278 0.52264
0.35306 0.70230 0.51925
0.36197 0.76596 0.48766
0.57038 0.59072 0.46708
0.30168 0.75747 0.49260
0.53039 0.58569 0.52925
0.48000 0.67313 0.53746
0.37689 0.62809 0.54910
0.32387 0.67023 0.49723
0.56092 0.61768 0.51469
0.56711 0.59693 0.39774
0.52638 0.64200 0.57240
0.43008 0.60790 0.51556
0.39778 0.49247 0.44130
0.58551 0.59923 0.53433
0.51716 0.63190 0.58182
0.36919 0.68684 0.43880
0.55302 0.51608 0.55719
0.39523 0.66541 0.56814
0.59581 0.60878 0.41988
0.36667 0.46132 0.56852
0.34825 0.63536 0.41109
0.49939 0.61860 0.51958
0.50282 0.52028 0.61449
0.57959 0.51244 0.48058
0.41887 0.59913 0.50784
0.48925 0.68213 0.45328
0.48991 0.56209 0.54444
0.54186 0.60404 0.50040
0.39981 0.65937 0.32336
0.45745 0.61648 0.48373
0.46445 0.57707 0.37113
0.59905 0.58998 0.35614
0.53868 0.63157 0.48146
0.52974 0.63612 0.39471
0.41932 0.75253 0.52919
0.35607 0.59517 0.42313
0.54428 0.57686 0.54741
0.40244 0.61951 0.52346
0.38914 0.63545 0.49086
0.45788 0.67287 0.43493
0.42565 0.52841 0.57226
0.45073 0.61999 0.52977
0.53944 0.54260 0.37232
0.50621 0.53558 0.56616
0.35538 0.71344 0.41435
0.48373 0.59095 0.45852
0.36247 0.57079 0.58607
0.49985 0.61805 0.40177
0.46690 0.58471 0.47419
0.60562 0.50292 0.70222
0.50046 0.58405 0.56761
0.45474 0.63968 0.55783
0.45029 0.50923 0.60370
0.43579 0.70213 0.55655
0.45507 0.65889 0.47553
0.39950 0.71500 0.47771
0.55135 0.60958 0.53344
0.45940 0.61715 0.33709
0.43458 0.65635 0.53253
0.37703 0.68157 0.40528
0.44834 0.64386 0.42213
0.40397 0.64812 0.53821
0.52593 0.55278 0.36021
0.45846 0.68776 0.54442
0.39798 0.68706 0.44701
0.44244 0.47997 0.65711
0.42435 0.55534 0.47868
0.54776 0.59760 0.46150
0.52160 0.59877 0.39425
0.60095 0.61494 0.62622
0.51083 0.64752 0.53921
0.45396 0.69784 0.38316
0.58877 0.57602 0.48252
0.57910 0.60689 0.41241
0.51371 0.61275 0.51405
0.60751 0.61229 0.46628
0.46747 0.62010 0.47969
0.43835 0.72793 0.47476
0.59231 0.58014 0.40545
0.49140 0.61502 0.43290
0.53974 0.64073 0.42991
0.38756 0.63632 0.38225
0.56742 0.57132 0.38580
0.47391 0.61757 0.43337
0.48060 0.62247 0.43850
0.37819 0.47411 0.62885
0.43124 0.61475 0.49036
0.52137 0.65369 0.49549
0.60994 0.61597 0.49793
0.57425 0.68465 0.49444
0.52345 0.51248 0.48892
0.57390 0.55304 0.54056
0.45482 0.59186 0.59845
0.40757 0.69236 0.55963
0.49974 0.59674 0.49773
0.34472 0.55668 0.42353
0.48766 0.66152 0.47060
0.55113 0.45556 0.61037
0.59830 0.54263 0.58111
0.49422 0.53004 0.49402
0.71865 0.55131 0.39123
0.48763 0.67644 0.51888
0.45029 0.55953 0.56508
0.33431 0.82011 0.38477
0.45434 0.56148 0.46460
0.51526 0.62368 0.49825
0.37874 0.75519 0.48021
0.47371 0.64816 0.28229
0.58822 0.55621 0.43944
0.44533 0.64165 0.43142
0.51821 0.58122 0.61066
0.37414 0.56485 0.44849
0.50365 0.60150 0.47360
0.45343 0.69482 0.48572
0.38469 0.45511 0.61600
0.51150 0.49875 0.60518
0.43694 0.68690 0.62131
0.47911 0.45066 0.62022
0.43622 0.66694 0.43508
0.61191 0.55726 0.41248
0.49111 0.61557 0.44040
0.39762 0.55994 0.54188
0.56417 0.59654 0.60610
0.55262 0.48133 0.54990
0.26555 0.74725 0.53707
0.41945 0.52444 0.52731
0.49062 0.58235 0.50656
0.39589 0.67480 0.45910
0.65399 0.56328 0.60783
0.47941 0.64006 0.32966
0.33079 0.64844 0.40633
0.59674 0.60408 0.32826
0.50334 0.70343 0.44052
0.44679 0.66323 0.42736
0.37217 0.69722 0.42961
0.46464 0.50130 0.60881
0.41566 0.71735 0.50448
0.60991 0.52491 0.46642
0.48099 0.66197 0.51388
0.53447 0.65450 0.59135
0.59483 0.50178 0.55312
0.42087 0.66671 0.40348
0.31582 0.62737 0.50285
0.59435 0.51589 0.47400
0.41017 0.65911 0.48695
0.61681 0.59664 0.49863
0.48541 0.50112 0.56480
0.37744 0.67798 0.46253
0.55999 0.62024 0.49749
0.43207 0.55006 0.50833
0.46103 0.58361 0.51556
0.48698 0.40499 0.63549
0.46921 0.63054 0.47829
0.40318 0.70745 0.37328
0.58788 0.54589 0.51255
0.36910 0.58955 0.50840
0.47451 0.63153 0.40909
0.47588 0.68058 0.54802
0.44076 0.68666 0.44318
0.45941 0.47117 0.55612
0.43285 0.69675 0.51072
0.43795 0.61909 0.50895
0.39636 0.72950 0.57233
0.49200 0.64134 0.52671
0.50202 0.64431 0.47417
0.50415 0.56924 0.45341
0.49519 0.68550 0.52442
0.44732 0.63729 0.43783
0.35201 0.68531 0.37936
0.70678 0.46559 0.52540
0.38115 0.71434 0.62317
0.47730 0.65291 0.56141
0.38335 0.72327 0.56192
0.32607 0.74581 0.54387
0.49851 0.61470 0.46366
0.42465 0.54428 0.51555
0.39286 0.57996 0.51440
0.63580 0.52646 0.39897
0.34705 0.62065 0.48152
0.57698 0.53431 0.52415
0.50153 0.54137 0.61075
0.51564 0.65623 0.49349
0.49317 0.66415 0.51209
0.61832 0.61289 0.52517
0.53800 0.57410 0.54248
0.40316 0.71097 0.46697
0.46572 0.59274 0.51430
0.48835 0.67692 0.43866
0.46550 0.62281 0.31641
0.43404 0.60370 0.55794
0.47109 0.70176 0.38617
0.42360 0.60181 0.45273
0.45916 0.65650 0.31064
0.51893 0.60437 0.53857
0.60335 0.57299 0.57429
0.36199 0.59675 0.45715
0.47383 0.53796 0.45756
0.37793 0.58359 0.48201
0.48490 0.61260 0.40569
0.69941 0.54292 0.62218
0.53599 0.61964 0.55520
0.55689 0.62722 0.49205
0.54421 0.51647 0.60799
0.58454 0.51342 0.53499
0.50790 0.67605 0.47198
0.49282 0.51521 0.48612
0.52421 0.54154 0.47800
0.41942 0.60768 0.45777
0.36676 0.63998 0.43321
0.42947 0.69358 0.46612
0.38407 0.66958 0.48942
0.34361 0.65079 0.48671
0.34245 0.68831 0.43809
0.40594 0.57951 0.49438
0.42985 0.68068 0.49356
0.40881 0.63128 0.52176
0.48712 0.66664 0.41770
0.59325 0.68803 0.45826
0.65070 0.60263 0.41862
0.40064 0.65265 0.45208
0.50019 0.65231 0.37555
0.45133 0.58113 0.41588
0.29637 0.62739 0.46060
0.48041 0.64052 0.49676
0.44745 0.61937 0.38298
0.54823 0.65689 0.50761
0.64348 0.55130 0.61160
0.49137 0.66164 0.50677
0.52946 0.63162 0.51497
0.50967 0.56800 0.45752
0.44436 0.70137 0.52704
0.45682 0.63213 0.43458
0.61222 0.55693 0.45646
0.59827 0.62087 0.49973
0.50811 0.62173 0.54056
0.58964 0.53201 0.49021
0.53280 0.57137 0.40424
0.45129 0.59164 0.43861
0.53672 0.61086 0.45804
0.36908 0.66601 0.54193
0.62792 0.68752 0.39695
0.38902 0.66307 0.49045
0.55041 0.50634 0.49797
0.45897 0.70171 0.44756
0.47614 0.50089 0.55437
0.37602 0.69867 0.48172
0.43498 0.52118 0.43432
0.51841 0.54776 0.52512
0.50313 0.62831 0.43586
0.29237 0.68490 0.41143
0.38644 0.65966 0.40734
0.36140 0.65189 0.68074
0.54092 0.49782 0.43342
0.39004 0.65999 0.49134
0.46976 0.61723 0.48496
0.44390 0.73752 0.44121
0.50836 0.56736 0.49068
0.59448 0.59345 0.65683
0.41150 0.46607 0.68186
0.48493 0.64588 0.61748
0.53616 0.50601 0.57922
0.42711 0.68768 0.44623
0.41838 0.71031 0.49445
0.40840 0.52538 0.58876
0.46046 0.68541 0.47405
0.34877 0.51110 0.57469
0.63767 0.58569 0.46797
0.49980 0.64395 0.33589
0.53465 0.55896 0.52954
0.47608 0.40404 0.64541
0.59401 0.54483 0.39926
0.35694 0.70313 0.49481
0.47424 0.62593 0.49819
0.35245 0.55968 0.60903
0.43735 0.73441 0.41489
0.40675 0.56868 0.50787
0.40017 0.65317 0.46650
0.45431 0.56620 0.47771
0.48605 0.62844 0.38908
0.43245 0.65961 0.53546
0.43638 0.64767 0.43169
0.69093 0.57479 0.40472
0.55071 0.45244 0.59326
0.41411 0.57927 0.46447
0.59183 0.55986 0.47052
0.70908 0.56539 0.51417
0.50420 0.66039 0.54703
0.51679 0.57281 0.42486
0.50098 0.62758 0.44361
0.43812 0.61711 0.41971
0.51616 0.54872 0.43232
0.45605 0.55673 0.49949
0.32346 0.60526 0.36155
0.48439 0.66901 0.44351
0.47769 0.61607 0.54132
0.39962 0.68351 0.54867
0.42082 0.65689 0.46166
0.43717 0.70819 0.45995
0.41214 0.63010 0.49953
0.45405 0.65579 0.46420
0.41036 0.70109 0.36288
0.42754 0.70142 0.51121
0.53876 0.58731 0.39427
0.45575 0.63546 0.42614
0.51401 0.70515 0.50633
0.55614 0.47132 0.48222
0.60688 0.57217 0.59319
0.40262 0.75242 0.52314
0.56625 0.59240 0.36205
0.56539 0.55631 0.52950
0.41498 0.57792 0.29536
0.51621 0.48112 0.53153
0.41706 0.49746 0.49001
0.49938 0.52668 0.56844
0.36851 0.66677 0.53923
0.58300 0.51948 0.52345
0.54642 0.70542 0.50086
0.42259 0.62748 0.50698
0.42295 0.55692 0.56370
0.57169 0.54036 0.50859
0.56800 0.65104 0.51868
0.43129 0.68696 0.41200
0.33166 0.68651 0.56137
0.49516 0.62245 0.56380
0.43839 0.52935 0.45927
0.50110 0.57578 0.39769
0.29652 0.69129 0.48351
0.48090 0.55538 0.51641
0.35221 0.70477 0.62741
0.53681 0.54357 0.47464
0.40095 0.63137 0.45920
0.45403 0.71998 0.40896
0.52500 0.60361 0.49253
0.40901 0.51285 0.60340
0.41716 0.59712 0.44474
0.56967 0.48772 0.57363
0.31385 0.59745 0.42937
0.55577 0.55979 0.53780
0.40836 0.41791 0.69006
0.53282 0.53333 0.54497
0.68019 0.57192 0.49245
0.49607 0.62106 0.52951
0.57169 0.56492 0.44247
0.39476 0.75104 0.46122
0.54806 0.61804 0.42274
0.42048 0.62537 0.45514
0.36180 0.66047 0.56302
0.43880 0.65743 0.50688
0.48538 0.55234 0.39713
0.44988 0.53658 0.53461
0.34369 0.68757 0.51990
0.52410 0.61475 0.47992
0.44667 0.60427 0.53464
0.49999 0.57801 0.34753
0.55511 0.60647 0.62890
0.61436 0.62233 0.49964
0.43101 0.54488 0.51200
0.39824 0.63561 0.44659
0.35148 0.64939 0.59503
0.51195 0.68308 0.52370
0.57844 0.50735 0.42935
0.46747 0.66061 0.51026
0.49085 0.63285 0.51635
0.42011 0.55682 0.45833
0.63521 0.51189 0.48370
0.46029 0.67230 0.44736
0.44948 0.60122 0.44938
0.41381 0.58073 0.54515
0.44313 0.68142 0.61409
0.37874 0.56698 0.47072
0.49488 0.59887 0.52441
0.46310 0.59040 0.43471
0.42604 0.66506 0.53048
0.46989 0.60334 0.44324
0.50813 0.54173 0.56210
0.48778 0.65331 0.47738
0.46440 0.55533 0.60258
0.40121 0.66441 0.53494
0.60740 0.52636 0.48285
0.43551 0.59384 0.51923
0.45273 0.71490 0.49451
0.45557 0.69700 0.45419
0.51267 0.45643 0.56550
0.65349 0.53927 0.49549
0.51316 0.50194 0.46781
0.51605 0.62532 0.40249
0.37736 0.64411 0.37854
0.38407 0.40509 0.65849
0.44262 0.46790 0.57987
0.41712 0.69651 0.39277
0.52395 0.55181 0.40575
0.36411 0.77666 0.39577
0.46314 0.67125 0.48886
0.31509 0.66341 0.50006
0.54177 0.69994 0.44963
0.47500 0.61807 0.40820
0.44515 0.70782 0.41387
0.47805 0.64502 0.41797
0.49554 0.55503 0.50939
0.56031 0.50117 0.35906
0.31969 0.63278 0.50708
0.50357 0.58415 0.54694
0.60547 0.64503 0.42748
0.64173 0.60760 0.47261
0.50809 0.55232 0.41082
0.42906 0.69468 0.42304
0.45896 0.63176 0.52197
0.40742 0.58143 0.53531
0.47848 0.66028 0.41081
0.52816 0.61224 0.46075
0.53177 0.51808 0.63076
0.58297 0.64397 0.50290
0.67322 0.59065 0.55970
0.54585 0.54366 0.45314
0.52675 0.53465 0.48959
0.51823 0.54931 0.49376
0.44393 0.63637 0.43245
0.52498 0.60640 0.60385
0.53123 0.57732 0.35484
0.43505 0.69600 0.46446
0.46866 0.57146 0.42724
0.54593 0.66010 0.53638
0.44059 0.59776 0.48016
0.47387 0.59463 0.41895
0.51185 0.61062 0.52800
0.35918 0.55976 0.42711
0.51000 0.54294 0.48350
0.44501 0.63783 0.46941
0.49862 0.61953 0.42799
0.49891 0.65450 0.37940
0.63856 0.48607 0.44915
0.47181 0.57995 0.45078
0.44323 0.64811 0.49281
0.46142 0.56504 0.56846
0.52304 0.65877 0.43834
0.51737 0.58798 0.66430
0.51783 0.65236 0.48056
0.39489 0.63502 0.52185
0.39714 0.59143 0.57074
0.44203 0.58996 0.51149
0.47637 0.64919 0.50314
0.50560 0.59069 0.44710
0.42689 0.56972 0.58358
0.46281 0.57038 0.52002
0.43651 0.63649 0.54233
0.33570 0.73858 0.36157
0.44914 0.68567 0.40557
0.61506 0.56854 0.49371
0.39759 0.73684 0.48047
0.45831 0.59589 0.52285
0.45469 0.67517 0.35941
0.52898 0.61940 0.50888
0.50497 0.65248 0.41005
0.50228 0.65574 0.49344
0.32458 0.73984 0.41683
0.34526 0.76604 0.39903
0.48965 0.61835 0.45706
0.58052 0.62477 0.62481
0.53770 0.51117 0.46336
0.45308 0.74112 0.42693
0.53568 0.66479 0.44556
0.37525 0.51913 0.48263
0.47991 0.64695 0.42163
0.50659 0.63497 0.52783
0.66841 0.47925 0.64896
0.53252 0.57877 0.52287
0.41690 0.57048 0.56981
0.46137 0.58656 0.55134
0.54680 0.63550 0.40394
0.40476 0.51321 0.55913
0.48286 0.68007 0.48913
0.48644 0.55531 0.49338
0.53556 0.56039 0.46455
0.50662 0.61223 0.46341
0.43798 0.60765 0.48862
0.40427 0.75417 0.59626
0.50914 0.65721 0.45199
0.40093 0.57986 0.46965
0.54742 0.58176 0.50146
0.61817 0.57971 0.51902
0.58228 0.56448 0.60218
0.59584 0.62610 0.42424
0.33851 0.48861 0.54011
0.54392 0.60281 0.44214
0.60234 0.47878 0.56185
0.47640 0.67834 0.37863
0.38666 0.65278 0.55512
0.51096 0.63652 0.54681
0.57407 0.62050 0.62520
0.55556 0.57330 0.59637
0.37456 0.71375 0.47978
0.57303 0.68700 0.56712
0.41726 0.59326 0.41540
0.46389 0.57211 0.51401
0.54223 0.57472 0.47287
0.51747 0.43211 0.50940
0.47039 0.68420 0.43606
0.37353 0.68120 0.43472
0.54639 0.58329 0.46840
0.54665 0.58598 0.46014
0.52115 0.59841 0.39342
0.52614 0.65347 0.40973
0.36090 0.69687 0.53793
0.27068 0.66096 0.41779
0.40434 0.59652 0.38688
0.61444 0.62282 0.53068
0.46142 0.63470 0.50918
0.41676 0.64564 0.41958
0.43359 0.67172 0.52330
0.35141 0.62321 0.54508
0.48831 0.63498 0.35629
0.45044 0.68989 0.53220
0.60511 0.47965 0.51208
0.38469 0.78226 0.59716
0.70532 0.51254 0.53134
0.37297 0.63993 0.49094
0.60887 0.62098 0.42660
0.56499 0.59822 0.46834
0.64433 0.58846 0.43817
0.45715 0.66057 0.49714
0.36635 0.72456 0.45620
0.40449 0.68369 0.63224
0.34428 0.65311 0.53657
0.40297 0.67181 0.49254
0.60216 0.52302 0.53882
0.43272 0.52339 0.44086
0.44706 0.69178 0.50956
0.51967 0.52594 0.55285
0.51754 0.59936 0.42535
0.43512 0.68080 0.37798
0.37818 0.52976 0.58290
0.54077 0.60120 0.51046
0.45448 0.69189 0.43016
0.30584 0.56251 0.49501
0.47029 0.61310 0.43306
0.38410 0.62352 0.40852
0.59312 0.61554 0.55927
0.34382 0.54815 0.53520
0.60003 0.67552 0.47985
0.56149 0.56647 0.46111
0.50207 0.61453 0.40012
0.52807 0.69413 0.45259
0.50962 0.62076 0.49455
0.50306 0.52932 0.49259
0.54477 0.61394 0.51879
0.55197 0.56293 0.46868
0.44186 0.60781 0.49179
0.31540 0.51238 0.52342
0.39550 0.73229 0.50849
0.49533 0.69142 0.42663
0.40195 0.68080 0.48158
0.53453 0.58816 0.49120
0.53682 0.47587 0.45583
0.38669 0.51913 0.52739
0.32923 0.73613 0.54221
0.61112 0.60153 0.40790
0.38516 0.63622 0.48052
0.40199 0.71173 0.56104
0.56456 0.63947 0.55810
0.46272 0.64733 0.46120
0.57389 0.70452 0.38337
0.42396 0.69618 0.54028
0.32137 0.56109 0.59778
0.28843 0.58232 0.52413
0.27068 0.62783 0.50522
0.60118 0.54760 0.51842
0.57592 0.61301 0.48059
0.46408 0.61197 0.52327
0.47571 0.51044 0.56145
0.58862 0.54739 0.57410
0.48326 0.66238 0.49043
0.36623 0.68773 0.45760
0.65320 0.62298 0.46785
0.54320 0.51045 0.47784
0.52855 0.57267 0.49827
0.55736 0.58642 0.58631
0.44193 0.67350 0.38287
0.53037 0.55000 0.45980
0.36008 0.64964 0.55325
0.45245 0.66998 0.47512
0.51399 0.48406 0.57392
0.57659 0.59481 0.51262
0.52787 0.62417 0.43864
0.32846 0.70735 0.45841
0.46305 0.70524 0.50635
0.52381 0.60573 0.55405
0.46471 0.61765 0.48590
0.43772 0.64537 0.41562
0.26363 0.59483 0.41171
0.44463 0.56078 0.48557
0.55058 0.69590 0.42748
0.39662 0.68935 0.56677
0.44753 0.61244 0.53478
0.57657 0.57850 0.46598
0.57552 0.61004 0.40995
0.38448 0.73441 0.43072
0.47753 0.59348 0.48839
0.49198 0.40751 0.60942
0.27423 0.73899 0.49788
0.39755 0.52551 0.53659
0.43428 0.72251 0.47413
0.35621 0.54925 0.60676
0.67477 0.54660 0.43987
0.39769 0.70295 0.43637
0.46630 0.73615 0.45522
0.45612 0.60945 0.34812
0.35211 0.60898 0.41082
0.54758 0.64398 0.43285
0.50525 0.66667 0.50218
0.58372 0.46819 0.54421
0.58791 0.49056 0.60203
0.56567 0.62463 0.47322
0.55707 0.58443 0.62427
0.40790 0.62678 0.58933
0.50093 0.64520 0.43303
0.50322 0.62844 0.53841
0.44660 0.73463 0.41381
0.66681 0.54435 0.46954
0.47365 0.69261 0.47064
0.41525 0.68316 0.40343
0.43358 0.52236 0.55425
0.33281 0.66617 0.46635
0.46743 0.49739 0.52278
0.53566 0.64545 0.47474
0.47656 0.48109 0.64125
0.52301 0.53931 0.53771
0.45833 0.72274 0.37527
0.65595 0.61076 0.40881
0.47758 0.45473 0.62585
0.43928 0.60072 0.43338
0.40632 0.64622 0.33240
0.53098 0.58557 0.53761
0.61807 0.58669 0.50017
0.48410 0.62056 0.43830
0.52059 0.60871 0.51203
0.43937 0.51257 0.62162
0.56526 0.60871 0.32593
0.56882 0.53854 0.58401
0.43473 0.69554 0.42247
0.47950 0.71455 0.45427
0.44820 0.67917 0.44004
0.46133 0.62696 0.47445
0.45954 0.61845 0.42006
0.36894 0.63108 0.57343
0.53431 0.65039 0.45735
0.68012 0.58406 0.37535
0.49594 0.56557 0.41463
0.48441 0.45029 0.57625
0.53101 0.62057 0.45046
0.53520 0.55849 0.55651
0.44431 0.56202 0.58595
0.44193 0.66394 0.47836
0.49787 0.66137 0.37099
0.51119 0.52118 0.54365
0.39358 0.68490 0.41463
0.45845 0.63494 0.43603
0.43354 0.65571 0.40988
0.47624 0.54890 0.50286
0.37321 0.60879 0.54105
0.41877 0.57936 0.48842
0.44918 0.52863 0.48346
0.50338 0.62421 0.56643
0.33937 0.64172 0.42090
0.56766 0.50622 0.49760
0.54621 0.54861 0.47302
0.57267 0.48379 0.55984
0.42683 0.56459 0.52122
0.52978 0.60684 0.51466
0.46247 0.61422 0.31165
0.39644 0.60222 0.46298
0.40509 0.68942 0.35939
0.47729 0.63517 0.55857
0.63386 0.56063 0.52403
0.48933 0.61188 0.53556
0.43350 0.55123 0.54535
0.51479 0.62299 0.56381
0.42012 0.52698 0.49639
0.52250 0.63358 0.47369
0.41974 0.58004 0.51099
0.50579 0.61848 0.53865
0.59831 0.53526 0.55535
0.53231 0.62094 0.41626
0.51866 0.61457 0.52816
0.47026 0.62138 0.37513
0.43246 0.68788 0.43749
0.43410 0.64834 0.49996
0.51770 0.51787 0.62878
0.46209 0.63345 0.46825
0.50696 0.59947 0.54840
0.46490 0.63865 0.38547
0.34571 0.45205 0.63852
0.43749 0.60797 0.47208
0.35738 0.71553 0.46700
0.49316 0.63402 0.49435
0.48514 0.49436 0.56853
0.60676 0.48425 0.40766
0.37154 0.63893 0.46549
0.43322 0.55612 0.50905
0.52454 0.55699 0.50338
0.44658 0.65200 0.33758
0.56245 0.53717 0.43444
0.46454 0.69078 0.45017
0.49242 0.59863 0.44173
0.48542 0.63980 0.49676
0.47437 0.59527 0.49584
0.46044 0.58061 0.49025
0.59117 0.64550 0.54976
0.38011 0.63810 0.36939
0.30515 0.59994 0.28328
0.62244 0.51819 0.48007
0.46223 0.53778 0.49873
0.50525 0.67041 0.47820
0.40899 0.66704 0.62274
0.46484 0.65110 0.48967
0.36962 0.71481 0.47638
0.52721 0.57777 0.49484
0.44338 0.69828 0.48415
0.45732 0.44003 0.64935
0.65571 0.60391 0.46898
0.55346 0.61181 0.52305
0.54876 0.49757 0.50908
0.46604 0.57735 0.48899
0.44994 0.66686 0.38573
0.64092 0.63797 0.46006
0.34385 0.71463 0.54579
0.43032 0.72796 0.44377
0.62415 0.55282 0.57594
0.47455 0.51201 0.50592
0.58047 0.61393 0.55443
0.49507 0.49779 0.51355
0.37789 0.69164 0.48612
0.45776 0.66048 0.47920
0.57031 0.71529 0.45141
0.45349 0.47553 0.57831
0.51136 0.53859 0.52944
0.35665 0.68651 0.41655
0.43590 0.64204 0.44183
0.56794 0.60871 0.49659
0.48893 0.58753 0.46824
0.58965 0.64583 0.40159
0.44871 0.71163 0.44219
0.46424 0.45663 0.55872
0.42760 0.65009 0.42922
0.35837 0.58686 0.56116
0.58284 0.56608 0.45024
0.49926 0.66485 0.46108
0.41163 0.58967 0.57019
0.48829 0.60891 0.48770
0.45677 0.58546 0.60386
0.57312 0.57048 0.50806
0.39954 0.53965 0.49376
0.37756 0.53705 0.51430
0.64165 0.62882 0.39442
0.66720 0.55379 0.53878
0.43788 0.52886 0.42436
0.49507 0.64125 0.61014
0.53357 0.63127 0.46075
0.61123 0.56624 0.56909
0.48556 0.54319 0.53633
0.60410 0.54840 0.53338
0.52979 0.59376 0.63797
0.42450 0.53031 0.63997
0.32975 0.61603 0.36682
0.59190 0.48984 0.56878
0.44735 0.55173 0.45681
0.40271 0.66215 0.51724
0.43332 0.59468 0.42114
0.51395 0.61796 0.51128
0.58464 0.57186 0.55543
0.58422 0.55726 0.45276
0.58852 0.52473 0.49233
0.57193 0.57780 0.53016
0.47076 0.58978 0.46837
0.35785 0.53679 0.61061
0.36805 0.45137 0.63781
0.43348 0.75373 0.44292
0.49803 0.63062 0.35473
0.49828 0.63050 0.41604
0.56128 0.50608 0.54310
0.62027 0.60995 0.42973
0.41485 0.68807 0.43953
0.44423 0.64569 0.42858
0.51565 0.66641 0.51196
0.49502 0.48188 0.59470
0.63380 0.56392 0.46310
0.50673 0.62726 0.46753
0.37175 0.75692 0.53906
0.43545 0.58131 0.49017
0.49719 0.59837 0.41275
0.48687 0.67724 0.51456
0.63519 0.55689 0.42259
0.40952 0.61046 0.45357
