20 9 1000 30203 24
0.43809 0.33745 0.45391
0.15316 0.46853 0.59198
0.97087 0.04207 0.54115
0.47338 0.98945 0.12185
0.63130 0.94214 0.25813
0.19670 0.27048 0.16440
0.61161 0.23783 0.08609
0.58095 0.70981 0.52859
0.01599 0.93090 0.57646
0.45453 0.49030 0.35389
0.51077 0.67779 0.32540
0.38274 0.42626 0.32567
0.47486 0.49812 0.36956
0.41613 0.46997 0.42466
0.61396 0.54717 0.40898
0.52721 0.43659 0.38618
0.52400 0.48043 0.30897
0.50372 0.49201 0.31790
0.34769 0.48431 0.28101
0.57159 0.36503 0.44734
0.34941 0.64842 0.40510
0.36468 0.56095 0.38994
0.35475 0.69492 0.42791
0.38365 0.62156 0.31903
0.46382 0.63591 0.33038
0.54639 0.71444 0.22898
0.33881 0.70147 0.42403
0.40052 0.53330 0.42024
0.28227 0.62868 0.39609
0.53622 0.57853 0.32600
0.52216 0.58597 0.39833
0.35373 0.61340 0.39012
0.37399 0.47753 0.38844
0.57004 0.27060 0.33010
0.34280 0.62541 0.42310
0.60934 0.41997 0.41058
0.64225 0.33737 0.44674
0.41387 0.59522 0.48313
0.36603 0.61487 0.30556
0.42041 0.72923 0.35871
0.58919 0.33535 0.37024
0.39664 0.59657 0.29950
0.37442 0.51575 0.46268
0.39240 0.44964 0.29018
0.36044 0.56766 0.40784
0.36918 0.54458 0.33329
0.44298 0.52288 0.34771
0.44478 0.58995 0.39154
0.56168 0.57823 0.39102
0.47451 0.45293 0.40806
0.48948 0.54125 0.43114
0.45754 0.75065 0.33161
0.43018 0.60222 0.39709
0.21605 0.68411 0.44881
0.49897 0.60621 0.30045
0.40043 0.60343 0.41156
0.36234 0.56859 0.45207
0.28113 0.71231 0.41157
0.32846 0.66399 0.28675
0.42874 0.50159 0.40136
0.51841 0.48219 0.35717
0.49245 0.44773 0.29980
0.35439 0.52374 0.33691
0.48102 0.37889 0.39241
0.47467 0.54497 0.46769
0.39414 0.70130 0.36923
0.46684 0.51431 0.45983
0.43448 0.72230 0.32181
0.42435 0.61828 0.36037
0.51477 0.62632 0.37821
0.57108 0.47499 0.20747
0.30401 0.34521 0.29473
0.25144 0.61242 0.48256
0.50219 0.58845 0.41726
0.43874 0.53647 0.24816
0.34564 0.62770 0.30517
0.51188 0.41456 0.39313
0.48859 0.50193 0.23765
0.55991 0.45395 0.37654
0.29602 0.58287 0.39542
0.34604 0.48468 0.30808
0.43685 0.50728 0.45128
0.48705 0.40003 0.31473
0.63483 0.28946 0.42032
0.51297 0.33521 0.30918
0.42427 0.48780 0.39699
0.41150 0.43561 0.34155
0.46057 0.48452 0.34227
0.53749 0.54491 0.31291
0.41445 0.55178 0.32298
0.51863 0.57583 0.28625
0.44455 0.77650 0.29786
0.44497 0.77462 0.34314
0.58040 0.54412 0.44706
0.54461 0.58489 0.34123
0.41401 0.44388 0.42886
0.54080 0.57280 0.32985
0.44158 0.51340 0.30509
0.38494 0.59671 0.45737
0.65044 0.27104 0.32539
0.41301 0.48695 0.37424
0.56106 0.45039 0.40931
0.30242 0.55688 0.36335
0.54958 0.48781 0.36760
0.48204 0.54483 0.44391
0.30985 0.62290 0.38755
0.32083 0.56577 0.36093
0.37681 0.32235 0.36433
0.42333 0.73792 0.29368
0.52721 0.34100 0.47268
0.41198 0.57952 0.40988
0.37983 0.72276 0.32344
0.31691 0.64580 0.42520
0.53151 0.42757 0.34458
0.35330 0.57595 0.35113
0.52870 0.52524 0.36254
0.33628 0.53540 0.49301
0.42221 0.60769 0.36010
0.41075 0.80652 0.41619
0.46704 0.69033 0.44997
0.44912 0.61691 0.30846
0.29579 0.55380 0.36307
0.52387 0.62506 0.29980
0.43823 0.57895 0.32397
0.36414 0.70853 0.44401
0.49241 0.56427 0.26865
0.29482 0.59494 0.49474
0.43950 0.51335 0.32939
0.33878 0.63969 0.29488
0.50720 0.57974 0.40594
0.54440 0.53999 0.44231
0.38648 0.44225 0.50310
0.47422 0.45822 0.38508
0.44935 0.41076 0.27266
0.43188 0.62016 0.31410
0.51143 0.56181 0.32570
0.41425 0.58486 0.33060
0.30249 0.49896 0.33581
0.36140 0.47699 0.32028
0.38289 0.61376 0.41744
0.45962 0.54142 0.47217
0.50586 0.58689 0.32672
0.43571 0.55318 0.40121
0.33840 0.67399 0.42101
0.47630 0.52228 0.33027
0.35650 0.49743 0.48933
0.66598 0.31195 0.41256
0.34807 0.49094 0.41442
0.38848 0.62815 0.41402
0.45036 0.50183 0.44724
0.34645 0.74740 0.38350
0.28246 0.59979 0.47139
0.29868 0.59387 0.40136
0.50373 0.48488 0.27944
0.42812 0.43729 0.34279
0.41950 0.45858 0.36751
0.54858 0.77675 0.40063
0.47977 0.47612 0.38009
0.40450 0.47475 0.26461
0.43347 0.70030 0.41816
0.36859 0.67948 0.40234
0.40238 0.57426 0.40977
0.33011 0.58552 0.40225
0.51146 0.40742 0.37116
0.31793 0.44655 0.40799
0.47128 0.51315 0.37654
0.35138 0.60940 0.38583
0.35852 0.57248 0.37768
0.43251 0.46401 0.45150
0.45439 0.55782 0.28215
0.45704 0.51544 0.36565
0.44424 0.79138 0.32152
0.47107 0.56093 0.36789
0.37562 0.71387 0.33186
0.53897 0.31596 0.38950
0.40192 0.53579 0.42789
0.60750 0.42030 0.41260
0.41711 0.68062 0.31444
0.54871 0.31419 0.46985
0.54259 0.63783 0.36730
0.29448 0.52286 0.46098
0.51053 0.52925 0.41206
0.51999 0.39130 0.41809
0.45663 0.39075 0.37598
0.45234 0.56290 0.28490
0.27337 0.73332 0.49507
0.44860 0.46016 0.47360
0.54779 0.48516 0.46196
0.37178 0.53688 0.34148
0.44723 0.72221 0.36467
0.50958 0.60811 0.31782
0.31290 0.47982 0.41622
0.34438 0.64132 0.47898
0.24789 0.66475 0.51343
0.41514 0.62208 0.45368
0.57272 0.42424 0.40121
0.45030 0.62989 0.38815
0.53915 0.49208 0.37377
0.32628 0.56607 0.47355
0.46310 0.61464 0.38870
0.46769 0.52729 0.39856
0.44432 0.74254 0.44087
0.39770 0.54251 0.40186
0.30448 0.69860 0.38112
0.42809 0.56760 0.29926
0.57244 0.43531 0.33453
0.48999 0.60978 0.32609
0.46988 0.44183 0.26148
0.53895 0.38778 0.28618
0.31259 0.46522 0.35407
0.35359 0.59013 0.43328
0.45259 0.52315 0.32769
0.55163 0.49866 0.32823
0.48563 0.47824 0.46104
0.56398 0.53010 0.35748
0.47820 0.73012 0.35568
0.47871 0.55096 0.25902
0.34209 0.64347 0.46028
0.45188 0.68858 0.35077
0.53492 0.38347 0.38097
0.42283 0.69788 0.27740
0.50423 0.49088 0.27850
0.44800 0.53083 0.35955
0.58429 0.53050 0.35502
0.60483 0.50950 0.40734
0.42885 0.60665 0.42468
0.39277 0.56726 0.34190
0.42150 0.46949 0.26952
0.55085 0.65382 0.32155
0.41881 0.62665 0.35572
0.40037 0.49103 0.46706
0.41728 0.47888 0.36827
0.46461 0.55089 0.29736
0.44790 0.57984 0.29068
0.31981 0.53151 0.29751
0.51057 0.59969 0.30900
0.50857 0.57676 0.29309
0.60726 0.36710 0.46329
0.38939 0.59749 0.36690
0.46956 0.48542 0.33762
0.32528 0.78824 0.44060
0.47925 0.78315 0.27669
0.36053 0.52573 0.37030
0.63210 0.35845 0.38008
0.59333 0.36772 0.42981
0.47775 0.82376 0.31483
0.53559 0.48549 0.32263
0.52678 0.62481 0.45964
0.48021 0.55492 0.35833
0.45894 0.83183 0.25096
0.54860 0.38265 0.36090
0.48208 0.64163 0.37997
0.53425 0.48033 0.34598
0.48308 0.58226 0.29251
0.40005 0.53806 0.37640
0.56269 0.40641 0.34137
0.48488 0.72487 0.29130
0.49902 0.43353 0.42177
0.38620 0.58043 0.41527
0.25098 0.56384 0.32049
0.49838 0.59222 0.38111
0.60610 0.48311 0.48675
0.37865 0.48591 0.40560
0.48981 0.40697 0.31060
0.63419 0.49351 0.35036
0.38977 0.62877 0.44232
0.54632 0.54049 0.38670
0.59857 0.43856 0.40372
0.42955 0.46882 0.34627
0.38020 0.52803 0.41945
0.57635 0.71609 0.32988
0.34813 0.50736 0.25263
0.41759 0.55625 0.37889
0.39114 0.52281 0.38711
0.34893 0.44375 0.34829
0.40504 0.59980 0.37890
0.26942 0.71315 0.42264
0.53378 0.36584 0.31709
0.37146 0.48958 0.35517
0.44490 0.65930 0.41917
0.44838 0.60442 0.33463
0.43749 0.45325 0.41534
0.41434 0.60339 0.35274
0.55926 0.45059 0.41256
0.51005 0.52716 0.35732
0.39862 0.70912 0.37050
0.33937 0.47195 0.25923
0.44566 0.38393 0.30790
0.46053 0.51413 0.40454
0.37373 0.64575 0.46813
0.35884 0.73529 0.38521
0.59436 0.54581 0.38603
0.40379 0.65219 0.36199
0.41566 0.76121 0.36560
0.40261 0.45979 0.40449
0.42915 0.47916 0.35890
0.38980 0.64736 0.35499
0.44572 0.54625 0.33405
0.54391 0.56429 0.26966
0.48267 0.52339 0.40293
0.59612 0.63575 0.45176
0.36426 0.48377 0.34380
0.48704 0.55021 0.37825
0.43345 0.56806 0.28374
0.41981 0.48344 0.41463
0.38225 0.81443 0.41047
0.49821 0.36251 0.30315
0.51410 0.36811 0.42311
0.46760 0.54185 0.41927
0.45302 0.70357 0.30732
0.34403 0.63390 0.40254
0.43879 0.63385 0.26891
0.55399 0.54168 0.36130
0.42683 0.65294 0.36097
0.59761 0.40215 0.41900
0.65406 0.34491 0.47517
0.66541 0.48771 0.38194
0.55591 0.35201 0.37396
0.54505 0.48399 0.41198
0.45730 0.61242 0.29149
0.50240 0.44435 0.45053
0.48353 0.59395 0.28235
0.45021 0.70334 0.35901
0.43712 0.64847 0.30189
0.50532 0.44022 0.42181
0.40560 0.51468 0.32601
0.38165 0.43431 0.31911
0.34435 0.65953 0.44362
0.38002 0.57252 0.39060
0.72837 0.39092 0.36263
0.34128 0.65115 0.46504
0.47747 0.60593 0.46291
0.35636 0.60068 0.45500
0.52187 0.53459 0.32407
0.39831 0.49431 0.34479
0.48731 0.31985 0.46719
0.44670 0.54613 0.48487
0.37329 0.63325 0.37010
0.48925 0.44524 0.33908
0.57024 0.41508 0.32256
0.51021 0.54209 0.34428
0.28854 0.67358 0.35699
0.51382 0.72522 0.31391
0.63730 0.31776 0.48254
0.38945 0.47078 0.36023
0.57293 0.53063 0.31513
0.39983 0.57882 0.42063
0.32587 0.65127 0.44984
0.44945 0.64674 0.37576
0.57047 0.62464 0.35367
0.49111 0.65143 0.25323
0.35307 0.66045 0.41270
0.63892 0.36586 0.39917
0.37075 0.71201 0.46157
0.40504 0.52072 0.37544
0.33852 0.53681 0.41692
0.56896 0.32694 0.31930
0.38690 0.65731 0.39403
0.37680 0.54788 0.28833
0.43004 0.59220 0.33617
0.48477 0.59663 0.38533
0.42184 0.47604 0.28512
0.52794 0.47970 0.38697
0.54522 0.56814 0.37549
0.48889 0.52025 0.33744
0.35726 0.52411 0.38803
0.49856 0.67605 0.32352
0.38832 0.73378 0.37962
0.49413 0.45235 0.41866
0.43613 0.39954 0.39577
0.33077 0.54897 0.34941
0.47255 0.83326 0.22978
0.54411 0.41283 0.40614
0.42313 0.53928 0.41284
0.47189 0.44724 0.32826
0.24753 0.61870 0.43873
0.40364 0.51682 0.40066
0.36631 0.45119 0.21804
0.53561 0.39921 0.43096
0.42116 0.61731 0.43449
0.49889 0.33825 0.27397
0.42545 0.63290 0.32944
0.51039 0.59109 0.32977
0.41796 0.53412 0.47395
0.34206 0.52709 0.40403
0.52501 0.58925 0.29292
0.47440 0.41205 0.34027
0.47170 0.42081 0.27879
0.38194 0.39800 0.32626
0.28312 0.48807 0.35572
0.37372 0.52527 0.49478
0.33089 0.49835 0.36808
0.51461 0.49935 0.45989
0.33247 0.62225 0.35243
0.43201 0.66358 0.30356
0.49424 0.48691 0.36355
0.48488 0.56607 0.45973
0.27283 0.77540 0.49199
0.48630 0.49698 0.29596
0.38281 0.52434 0.48525
0.41740 0.53927 0.35047
0.45093 0.39298 0.44210
0.35906 0.58023 0.43386
0.47807 0.54565 0.39347
0.68186 0.47695 0.36123
0.45786 0.49811 0.37214
0.41500 0.70032 0.31869
0.34255 0.51335 0.40227
0.57061 0.49035 0.37683
0.40836 0.49827 0.46989
0.46939 0.47895 0.29585
0.49012 0.56083 0.36072
0.59890 0.66388 0.36369
0.39438 0.62383 0.44833
0.54697 0.44438 0.34792
0.55407 0.52578 0.36821
0.48861 0.59473 0.26039
0.55116 0.46632 0.32947
0.47983 0.48253 0.32477
0.42962 0.61813 0.33130
0.48809 0.48941 0.28620
0.38362 0.57841 0.36296
0.40956 0.47778 0.34267
0.42550 0.61986 0.31706
0.51362 0.55190 0.24925
0.33518 0.60106 0.40920
0.46137 0.42626 0.37767
0.58346 0.38146 0.42706
0.64146 0.48010 0.43561
0.28521 0.77030 0.44145
0.32453 0.62067 0.42967
0.36038 0.70779 0.40666
0.62219 0.38897 0.45738
0.35256 0.49885 0.39108
0.44063 0.46071 0.35829
0.34331 0.56470 0.36385
0.38924 0.45040 0.35345
0.46166 0.59581 0.34104
0.43925 0.61679 0.32242
0.31041 0.80603 0.37925
0.36337 0.59977 0.37212
0.37806 0.56279 0.35597
0.45574 0.53813 0.31598
0.53239 0.70072 0.30725
0.46209 0.55204 0.33395
0.47810 0.44923 0.33322
0.39661 0.64663 0.45398
0.28232 0.68556 0.43149
0.41466 0.51662 0.30066
0.42054 0.39505 0.39702
0.40459 0.43205 0.43912
0.42088 0.45070 0.23357
0.36434 0.68520 0.34442
0.54797 0.63454 0.33386
0.47530 0.46840 0.40691
0.49827 0.51114 0.30292
0.42420 0.48003 0.31452
0.47735 0.56368 0.29742
0.48573 0.52493 0.35449
0.38613 0.63946 0.32725
0.42488 0.68067 0.29278
0.52819 0.74232 0.31999
0.39664 0.56895 0.34351
0.26311 0.67729 0.42502
0.34626 0.71583 0.40434
0.48202 0.51946 0.30265
0.44417 0.56637 0.42829
0.43465 0.60370 0.39213
0.41356 0.74917 0.30164
0.40030 0.62156 0.37414
0.36379 0.57107 0.31118
0.46596 0.46170 0.37791
0.39572 0.44998 0.37739
0.54510 0.62831 0.35389
0.32870 0.51541 0.37127
0.63803 0.35316 0.38405
0.47325 0.63097 0.39856
0.40653 0.67249 0.42533
0.39486 0.49322 0.40678
0.54267 0.53444 0.35400
0.42708 0.71597 0.33973
0.38694 0.53294 0.41598
0.52959 0.47193 0.40398
0.34254 0.41141 0.31446
0.50021 0.48433 0.41423
0.41524 0.66442 0.26892
0.50331 0.69572 0.29475
0.36528 0.58710 0.40879
0.45584 0.58397 0.35210
0.40995 0.66061 0.41096
0.51344 0.49572 0.38703
0.37919 0.58510 0.38489
0.46117 0.60789 0.38961
0.44763 0.64608 0.29098
0.41225 0.63641 0.30039
0.53279 0.79284 0.31511
0.37306 0.62322 0.42853
0.35535 0.61318 0.39434
0.32785 0.53876 0.35335
0.35988 0.51969 0.30391
0.36939 0.58724 0.31495
0.44864 0.62305 0.28570
0.45490 0.66623 0.37346
0.37528 0.54194 0.32146
0.33320 0.64239 0.37740
0.45961 0.42282 0.28196
0.45052 0.71150 0.36438
0.50616 0.46430 0.29156
0.50626 0.54906 0.23121
0.48911 0.53453 0.26990
0.31945 0.49304 0.27274
0.52123 0.62949 0.36770
0.39118 0.47110 0.26936
0.54366 0.41037 0.43932
0.40355 0.58720 0.37336
0.54721 0.58641 0.40688
0.55479 0.66447 0.41149
0.43168 0.42247 0.39500
0.51699 0.63585 0.37384
0.55454 0.56189 0.32371
0.49280 0.66277 0.28825
0.41697 0.62895 0.30235
0.64031 0.39227 0.29444
0.50656 0.69109 0.28335
0.54057 0.36226 0.30384
0.33502 0.43981 0.49783
0.37762 0.43008 0.41193
0.44785 0.41414 0.46362
0.51664 0.40528 0.19802
0.48856 0.43216 0.40947
0.53484 0.58851 0.28744
0.53851 0.66683 0.30229
0.29424 0.53088 0.38093
0.39947 0.68196 0.39886
0.55227 0.50958 0.35947
0.49400 0.56221 0.35022
0.29930 0.55005 0.44697
0.30432 0.63697 0.41791
0.40513 0.55675 0.42098
0.43248 0.49677 0.37544
0.43333 0.66618 0.33996
0.42366 0.53160 0.44942
0.48596 0.60624 0.41749
0.42054 0.49757 0.29575
0.39500 0.64581 0.36045
0.53070 0.61610 0.36116
0.60660 0.49250 0.41448
0.57184 0.43989 0.28370
0.48013 0.69946 0.31120
0.46254 0.69247 0.26060
0.52451 0.50443 0.31110
0.40794 0.60811 0.31915
0.68182 0.25179 0.37726
0.46651 0.57356 0.35526
0.47230 0.64448 0.29769
0.49781 0.53328 0.40338
0.47915 0.49377 0.34731
0.43511 0.53770 0.41628
0.49291 0.42087 0.34292
0.36455 0.64256 0.41345
0.36031 0.59812 0.35148
0.43565 0.71787 0.39287
0.65616 0.39806 0.44471
0.37051 0.63391 0.38174
0.62188 0.47716 0.45122
0.60057 0.75149 0.30786
0.58611 0.56962 0.32002
0.39757 0.50524 0.28845
0.44123 0.75719 0.41331
0.36775 0.59103 0.39388
0.40353 0.66362 0.35512
0.49702 0.65246 0.30028
0.35133 0.55483 0.41218
0.39117 0.75583 0.36853
0.32693 0.50909 0.43788
0.44209 0.64935 0.38071
0.47254 0.46603 0.42284
0.47362 0.45729 0.31940
0.44833 0.49360 0.27519
0.29124 0.52329 0.34178
0.34079 0.53093 0.45005
0.63114 0.52365 0.39854
0.63394 0.25304 0.37605
0.49284 0.59794 0.30182
0.34477 0.52925 0.41889
0.47457 0.48810 0.35999
0.28485 0.53860 0.44925
0.40147 0.73384 0.30577
0.47813 0.63980 0.33764
0.43408 0.54229 0.41427
0.36279 0.60917 0.32109
0.50318 0.59367 0.25783
0.43731 0.50844 0.41358
0.41795 0.64395 0.41538
0.46360 0.55267 0.40989
0.51675 0.62373 0.39399
0.42444 0.52656 0.48773
0.42916 0.64941 0.23606
0.54021 0.43559 0.34459
0.48569 0.52933 0.33570
0.41996 0.43549 0.39734
0.49732 0.51521 0.33393
0.37079 0.60805 0.35733
0.50838 0.71413 0.42314
0.32507 0.61827 0.36426
0.42954 0.44609 0.35645
0.44659 0.50415 0.35888
0.46816 0.55626 0.42996
0.26769 0.45248 0.31911
0.32083 0.52821 0.35646
0.50642 0.63908 0.36547
0.36485 0.50443 0.31846
0.38942 0.60832 0.36494
0.42129 0.54855 0.29391
0.39824 0.62213 0.42801
0.37496 0.46153 0.38737
0.45326 0.60553 0.35271
0.43890 0.62172 0.41718
0.31276 0.60502 0.40278
0.53537 0.61190 0.42118
0.34650 0.57622 0.39564
0.44783 0.64323 0.36495
0.27319 0.61724 0.41881
0.61547 0.32061 0.41679
0.39674 0.37482 0.39221
0.37681 0.47029 0.41422
0.52071 0.64565 0.39872
0.56024 0.59259 0.37244
0.47765 0.60169 0.32737
0.42944 0.52784 0.26466
0.45702 0.48900 0.30569
0.59600 0.41943 0.41825
0.55733 0.49168 0.36695
0.46170 0.56572 0.32702
0.41934 0.65557 0.33218
0.57404 0.48978 0.41706
0.37119 0.36546 0.33236
0.46574 0.49431 0.48044
0.39920 0.55137 0.36575
0.51686 0.73560 0.28290
0.39877 0.54569 0.46963
0.49511 0.44626 0.40530
0.60899 0.42196 0.31624
0.47375 0.60724 0.34384
0.34736 0.59124 0.41520
0.41822 0.64213 0.37352
0.32363 0.56828 0.38629
0.46961 0.50122 0.33233
0.48667 0.47811 0.42612
0.51743 0.63421 0.30221
0.52157 0.62428 0.35995
0.46412 0.64425 0.41203
0.51493 0.49348 0.36993
0.47175 0.51804 0.37966
0.44532 0.54268 0.38628
0.40903 0.48611 0.34960
0.47142 0.59166 0.35003
0.42503 0.57039 0.37887
0.47653 0.45489 0.50207
0.32929 0.71595 0.44102
0.51504 0.59224 0.32480
0.38437 0.67260 0.50067
0.52101 0.60061 0.22155
0.51244 0.64504 0.40612
0.44317 0.58243 0.29105
0.52189 0.44630 0.32075
0.42062 0.45519 0.35934
0.30894 0.59442 0.30027
0.43776 0.60043 0.40651
0.49924 0.42385 0.43709
0.44139 0.45855 0.35106
0.52214 0.56825 0.29392
0.44985 0.60633 0.28993
0.40294 0.59844 0.34324
0.40066 0.43888 0.43027
0.34398 0.55104 0.34694
0.50968 0.46881 0.25660
0.49651 0.43406 0.33220
0.51139 0.50571 0.44195
0.50991 0.54863 0.43850
0.28293 0.73749 0.47256
0.47413 0.80001 0.34254
0.49662 0.50910 0.22139
0.30766 0.73471 0.46561
0.43646 0.42036 0.41952
0.58538 0.43100 0.37392
0.42502 0.56177 0.35618
0.46577 0.58999 0.45076
0.55577 0.31421 0.26819
0.37820 0.63627 0.42125
0.44268 0.65873 0.25309
0.50644 0.50492 0.40456
0.43142 0.58287 0.37087
0.36770 0.64747 0.38102
0.52833 0.55725 0.22282
0.46489 0.49257 0.25596
0.44531 0.70025 0.39408
0.30581 0.66471 0.37286
0.43052 0.46502 0.31073
0.50725 0.58692 0.42893
0.51179 0.60595 0.31197
0.49026 0.59577 0.32837
0.33538 0.53221 0.39068
0.48076 0.52297 0.27791
0.42606 0.61355 0.33773
0.36913 0.66923 0.27978
0.46627 0.36282 0.38103
0.39293 0.52900 0.41274
0.32367 0.75351 0.41939
0.51038 0.59066 0.34163
0.46145 0.48900 0.32268
0.38830 0.60691 0.27799
0.32113 0.48411 0.44909
0.47741 0.63100 0.33421
0.34425 0.60863 0.48533
0.50751 0.47023 0.33123
0.47743 0.51692 0.45083
0.34944 0.53607 0.39432
0.44936 0.65596 0.38039
0.44096 0.46533 0.33082
0.27745 0.54152 0.46270
0.45463 0.53313 0.33739
0.46994 0.55535 0.33466
0.42915 0.44925 0.45430
0.50028 0.56957 0.31872
0.41695 0.64396 0.35090
0.49423 0.49170 0.30410
0.49929 0.58128 0.26327
0.49354 0.38792 0.36370
0.39952 0.73003 0.34043
0.45952 0.48160 0.40340
0.26602 0.69768 0.44749
0.56729 0.61652 0.26800
0.47819 0.64506 0.28329
0.42452 0.46643 0.36984
0.50078 0.63166 0.29880
0.32166 0.56491 0.47595
0.55499 0.35526 0.46816
0.39379 0.64930 0.32101
0.59293 0.47606 0.45628
0.52046 0.65003 0.29725
0.49305 0.46790 0.31192
0.48168 0.58290 0.45357
0.45406 0.58002 0.48253
0.41794 0.74862 0.36485
0.44828 0.67490 0.36971
0.39510 0.57130 0.37814
0.49785 0.34997 0.31828
0.55142 0.69121 0.44887
0.41221 0.48852 0.36130
0.38911 0.50307 0.34614
0.31665 0.41648 0.51659
0.35899 0.44137 0.31375
0.46201 0.50648 0.37860
0.52627 0.40988 0.31580
0.51410 0.46971 0.33723
0.49629 0.44358 0.41992
0.49366 0.62889 0.39984
0.47877 0.62582 0.30494
0.40965 0.47245 0.44398
0.43477 0.56557 0.35622
0.35741 0.51955 0.45414
0.35924 0.54744 0.40526
0.39981 0.49160 0.26776
0.61407 0.46812 0.33256
0.46182 0.69806 0.35400
0.52655 0.60086 0.44619
0.25498 0.61150 0.45810
0.31468 0.60695 0.47378
0.34833 0.60709 0.49016
0.40291 0.67593 0.38226
0.42085 0.52022 0.35950
0.49304 0.46784 0.40463
0.45984 0.65758 0.37073
0.45966 0.49562 0.34638
0.38954 0.56133 0.42685
0.50377 0.37106 0.27609
0.42090 0.52172 0.40072
0.46586 0.56542 0.36900
0.53700 0.54119 0.40943
0.39819 0.48421 0.36975
0.44344 0.48600 0.44181
0.64842 0.41600 0.48117
0.45674 0.47043 0.36179
0.48094 0.53244 0.26670
0.59965 0.36887 0.33602
0.36642 0.55368 0.34956
0.45484 0.58682 0.35581
0.37235 0.59787 0.35996
0.39881 0.49819 0.38396
0.44575 0.64817 0.35685
0.32054 0.59673 0.39363
0.49448 0.39677 0.44533
0.46187 0.62858 0.36874
0.41307 0.53429 0.30338
0.45407 0.53450 0.30588
0.38737 0.59121 0.42678
0.39345 0.80929 0.39793
0.55470 0.64947 0.34033
0.44018 0.47502 0.38167
0.33042 0.54654 0.43957
0.42446 0.65677 0.34119
0.40878 0.34408 0.38264
0.51883 0.59283 0.34898
0.42571 0.54215 0.39598
0.50426 0.53214 0.44957
0.41937 0.57858 0.44413
0.47051 0.66612 0.25653
0.32765 0.48857 0.46625
0.58982 0.40775 0.32474
0.44636 0.55311 0.34722
0.44894 0.63317 0.38548
0.54326 0.71971 0.31785
0.29041 0.59279 0.48201
0.40936 0.54187 0.35286
0.40261 0.50175 0.36465
0.43093 0.54314 0.38549
0.34318 0.77030 0.37161
0.36567 0.65444 0.33666
0.47313 0.44380 0.26605
0.32732 0.53932 0.35935
0.42721 0.52819 0.36544
0.45500 0.56859 0.49135
0.68070 0.26908 0.32132
0.42923 0.51448 0.40379
0.43737 0.60629 0.31308
0.37238 0.57994 0.42107
0.56257 0.59809 0.23502
0.61975 0.47124 0.41808
0.54147 0.50931 0.41718
0.34189 0.61580 0.27494
0.42416 0.58157 0.44017
0.51969 0.38719 0.27280
0.46716 0.64628 0.36156
0.39131 0.55773 0.44593
0.44899 0.53795 0.19589
0.36633 0.44462 0.30204
0.46800 0.56671 0.31065
0.48970 0.64637 0.31104
0.46615 0.81305 0.39549
0.61030 0.57973 0.37043
0.43716 0.46491 0.30495
0.38649 0.52211 0.38920
0.31387 0.42692 0.42133
0.67216 0.41778 0.40075
0.59508 0.59020 0.43375
0.23198 0.63940 0.38582
0.47150 0.50782 0.42602
0.55121 0.64267 0.40851
0.41498 0.69901 0.35709
0.41060 0.45801 0.41447
0.42218 0.41008 0.30356
0.46520 0.60380 0.43326
0.55699 0.54531 0.26711
0.49550 0.60077 0.31717
0.36456 0.54476 0.47846
0.37626 0.56182 0.39032
0.51100 0.48696 0.27458
0.49919 0.66795 0.37816
0.42192 0.56654 0.19944
0.43538 0.51883 0.42300
0.45354 0.52951 0.37564
0.55545 0.49990 0.30923
0.37639 0.42177 0.42433
0.44041 0.56244 0.29896
0.45395 0.62916 0.30422
0.34943 0.57488 0.40749
0.56456 0.60074 0.32087
0.56993 0.59696 0.41602
0.46437 0.55057 0.37720
0.43287 0.59459 0.33911
0.53590 0.45240 0.38306
0.37004 0.42898 0.34049
0.55946 0.71136 0.33077
0.42944 0.38895 0.38601
0.58988 0.58752 0.32398
0.32278 0.73491 0.42105
0.45071 0.42879 0.29309
0.57574 0.31461 0.43340
0.48126 0.52967 0.37574
0.46004 0.55098 0.34326
0.49976 0.56425 0.43521
0.34969 0.70525 0.41941
0.38403 0.64396 0.44166
0.46529 0.51302 0.35385
0.38802 0.47737 0.33079
0.54962 0.56975 0.29227
0.31843 0.54649 0.35057
0.46743 0.50426 0.44604
0.41349 0.68590 0.44371
0.59435 0.35409 0.34757
0.52396 0.54652 0.42888
0.49556 0.56665 0.37423
0.47548 0.42361 0.35408
0.35844 0.53014 0.37967
0.41094 0.64613 0.39579
0.35711 0.51093 0.50084
0.33175 0.59480 0.42381
0.40705 0.65862 0.39583
0.53883 0.49271 0.36096
0.44695 0.75063 0.29094
0.41808 0.49564 0.27297
0.41246 0.53007 0.36273
0.44075 0.57299 0.43570
0.36285 0.68856 0.39634
0.55045 0.50342 0.41173
0.47290 0.58862 0.30487
0.33041 0.60778 0.42253
0.44691 0.33138 0.27797
0.56645 0.57122 0.42679
0.52642 0.59863 0.28498
0.36270 0.58868 0.33954
0.38821 0.48424 0.47385
0.39981 0.48856 0.29615
0.63727 0.56212 0.38471
0.41494 0.61876 0.30777
0.45930 0.73621 0.37627
0.58290 0.35152 0.38383
0.40024 0.57735 0.32219
0.52375 0.49291 0.35363
0.49260 0.42054 0.27739
0.28935 0.60763 0.38137
0.48878 0.42254 0.27950
0.54850 0.58108 0.37947
0.58117 0.42545 0.44888
0.51748 0.64644 0.32623
0.26239 0.81006 0.44941
0.52457 0.55323 0.41860
0.47348 0.66864 0.31555
0.57102 0.42407 0.38600
0.47244 0.66754 0.35288
0.45816 0.71735 0.27009
0.42736 0.72154 0.30998
0.33586 0.54526 0.46740
0.54809 0.58007 0.24405
0.53758 0.69552 0.24798
0.55892 0.41335 0.36485
0.62814 0.40719 0.33081
0.33795 0.46980 0.45218
0.45874 0.47310 0.38302
0.23674 0.83080 0.42663
0.44155 0.56831 0.35763
0.48822 0.51306 0.31055
0.29692 0.59466 0.49631
0.46087 0.62246 0.36050
0.41356 0.60993 0.41838
0.38987 0.50192 0.50233
0.64454 0.33686 0.40259
0.61881 0.50439 0.36724
0.42742 0.46598 0.25847
0.61646 0.61096 0.42503
0.30556 0.63410 0.44968
0.50539 0.66957 0.31785
0.47539 0.66603 0.17696
0.54184 0.48971 0.34740
0.49289 0.50859 0.30983
0.48384 0.44287 0.33332
0.48060 0.58307 0.36706
0.51632 0.57554 0.42789
0.44037 0.43576 0.41468
0.34866 0.71213 0.34729
0.29811 0.71031 0.45104
0.28147 0.72665 0.53075
0.40830 0.46496 0.37306
0.38696 0.42319 0.35069
0.48578 0.36608 0.30738
0.53340 0.38648 0.39971
0.33291 0.49298 0.28877
0.49991 0.46484 0.34265
0.50687 0.51605 0.35749
0.57360 0.56236 0.33261
0.34625 0.68823 0.48435
0.37685 0.54325 0.38401
0.36458 0.54887 0.38292
0.33433 0.41594 0.26576
0.50852 0.42840 0.32566
0.36485 0.45235 0.36963
0.40365 0.47848 0.35541
0.51435 0.48626 0.27704
0.42819 0.56925 0.39865
0.62034 0.46233 0.37383
0.44792 0.60859 0.37218
0.39922 0.70608 0.40157
0.55764 0.70978 0.29997
0.44533 0.64682 0.40702
0.38211 0.47813 0.46490
0.35704 0.60696 0.44122
0.41322 0.46715 0.37459
0.73105 0.33658 0.38731
0.44599 0.62961 0.28209
0.54712 0.48054 0.31401
0.43666 0.48720 0.35016
0.29734 0.61428 0.49118
0.33334 0.46480 0.41674
0.40930 0.54075 0.46275
0.52447 0.34624 0.35758
0.46473 0.65072 0.25644
0.56920 0.53701 0.40679
0.38962 0.61419 0.28804
0.50982 0.43213 0.20601
0.54322 0.42563 0.33092
0.52249 0.34026 0.30512
0.49082 0.43370 0.29211
0.24678 0.75256 0.39398
0.58262 0.46111 0.48489
0.61623 0.40760 0.36888
0.56738 0.44703 0.45765
0.44066 0.64582 0.39979
0.52483 0.49968 0.39297
