20 16 1000 7619 61
0.74091 0.21279 0.57476
0.96479 0.36147 0.31674
0.93761 0.36558 0.18067
0.69772 0.98297 0.71937
0.67530 0.71589 0.61454
0.08902 0.66511 0.28634
0.98428 0.07843 0.61290
0.34860 0.59365 0.84540
0.71141 0.12743 0.17799
0.94721 0.78452 0.19916
0.29074 0.61825 0.08179
0.04687 0.22275 0.62596
0.99645 0.61211 0.49488
0.56135 0.05995 0.48043
0.81115 0.44746 0.45587
0.57087 0.67033 0.85618
0.75159 0.51719 0.45283
0.68221 0.53011 0.51499
0.61309 0.37242 0.44415
0.67293 0.50515 0.53146
0.71092 0.57812 0.47108
0.72593 0.51674 0.43565
0.59938 0.50005 0.42820
0.60455 0.43053 0.40281
0.65874 0.58180 0.57027
0.65842 0.50951 0.45331
0.66935 0.51581 0.51725
0.74214 0.39754 0.43122
0.66307 0.50081 0.51823
0.57405 0.42928 0.40146
0.50260 0.49476 0.55528
0.76275 0.46432 0.36025
0.45494 0.50126 0.45153
0.66335 0.52379 0.43233
0.66759 0.52511 0.48466
0.70021 0.49480 0.36182
0.73703 0.44582 0.44084
0.78552 0.42920 0.41996
0.83273 0.40257 0.41752
0.56267 0.42325 0.51650
0.52371 0.50223 0.31774
0.57458 0.41742 0.49159
0.62374 0.46474 0.40578
0.68343 0.45658 0.41298
0.67678 0.48409 0.48746
0.57855 0.42645 0.42489
0.57926 0.50754 0.40382
0.59768 0.36730 0.43257
0.70457 0.53708 0.40675
0.57982 0.50561 0.54565
0.73680 0.37557 0.40970
0.58575 0.44541 0.46011
0.67866 0.48182 0.45088
0.58922 0.56945 0.48312
0.58013 0.51047 0.57236
0.61561 0.45864 0.46496
0.71869 0.46366 0.46551
0.44968 0.49457 0.40793
0.63871 0.46902 0.52279
0.57823 0.48628 0.45693
0.75928 0.50265 0.46833
0.57249 0.44400 0.41670
0.58018 0.51523 0.53491
0.70838 0.62194 0.45285
0.55002 0.49535 0.54581
0.65120 0.51606 0.47423
0.67925 0.47766 0.55003
0.48755 0.55263 0.45895
0.68123 0.45648 0.57153
0.62526 0.39871 0.51971
0.59559 0.43145 0.48021
0.60927 0.35148 0.40411
0.57684 0.47818 0.45268
0.51751 0.54162 0.36088
0.71969 0.48984 0.44857
0.49961 0.38424 0.46745
0.62810 0.48927 0.40953
0.71530 0.50173 0.40264
0.70162 0.44770 0.39321
0.73410 0.47416 0.48134
0.67869 0.51772 0.48216
0.70951 0.53003 0.55299
0.65480 0.41512 0.36993
0.61917 0.39334 0.46116
0.66510 0.45673 0.44721
0.63430 0.42937 0.43925
0.59424 0.52219 0.51950
0.49954 0.53631 0.39704
0.59394 0.51251 0.50460
0.58966 0.45729 0.47450
0.50621 0.49219 0.46320
0.73870 0.51854 0.50590
0.70473 0.37191 0.41615
0.63620 0.31986 0.45947
0.61498 0.33869 0.44873
0.68695 0.51452 0.47647
0.60451 0.46118 0.40006
0.55857 0.47173 0.42414
0.56354 0.46999 0.40785
0.57591 0.55517 0.47750
0.63734 0.48156 0.37962
0.64784 0.46705 0.39916
0.68756 0.42348 0.46187
0.77526 0.43408 0.44556
0.65849 0.42111 0.42444
0.65393 0.44648 0.47714
0.78790 0.43662 0.41303
0.63786 0.48351 0.42808
0.59872 0.53713 0.44552
0.67645 0.58949 0.49791
0.70740 0.40825 0.45633
0.52773 0.47510 0.58827
0.72341 0.36118 0.47507
0.69485 0.42159 0.42948
0.63036 0.39040 0.47608
0.62324 0.32256 0.49657
0.74570 0.41007 0.40456
0.63165 0.43175 0.45178
0.70246 0.43901 0.49292
0.70612 0.45919 0.47573
0.59002 0.41646 0.46972
0.52488 0.41345 0.47583
0.67099 0.45773 0.50494
0.56317 0.47972 0.44214
0.75226 0.48477 0.44246
0.62102 0.50611 0.56456
0.64804 0.45160 0.44060
0.54632 0.45231 0.46728
0.66381 0.61627 0.48471
0.54020 0.52341 0.44137
0.65883 0.42881 0.46020
0.64826 0.47256 0.42865
0.59856 0.49220 0.54007
0.54353 0.46072 0.42032
0.74862 0.44249 0.36979
0.69018 0.48733 0.48896
0.65901 0.31694 0.46334
0.67622 0.55667 0.49917
0.70342 0.50538 0.52893
0.69208 0.40920 0.54028
0.57398 0.53193 0.57085
0.64398 0.45875 0.51028
0.58205 0.45467 0.51632
0.71868 0.46066 0.39410
0.61804 0.59782 0.37656
0.57004 0.41828 0.49373
0.67625 0.50575 0.55656
0.60690 0.52500 0.51544
0.62528 0.50283 0.50730
0.67310 0.46612 0.50792
0.62003 0.43848 0.50575
0.69175 0.46083 0.42641
0.63004 0.45976 0.41793
0.78230 0.46189 0.45645
0.69863 0.44957 0.42061
0.57830 0.52435 0.49221
0.49081 0.49926 0.45685
0.51696 0.43995 0.51433
0.59457 0.48067 0.39507
0.63870 0.51009 0.46073
0.66298 0.45771 0.47320
0.70633 0.36264 0.47179
0.68903 0.44342 0.45340
0.61239 0.44883 0.44478
0.67966 0.59740 0.53481
0.58715 0.44415 0.42011
0.59192 0.49274 0.40205
0.65290 0.43947 0.42415
0.76363 0.50264 0.44212
0.71453 0.48444 0.39972
0.62341 0.52934 0.48896
0.68508 0.36134 0.39313
0.78731 0.43686 0.41334
0.72198 0.43399 0.40544
0.67951 0.29693 0.43785
0.64698 0.39726 0.49191
0.60400 0.39038 0.47291
0.72499 0.45494 0.46922
0.70836 0.51809 0.52864
0.77601 0.43124 0.42272
0.75221 0.62528 0.49897
0.62971 0.52556 0.48503
0.60856 0.37247 0.46224
0.65022 0.47280 0.49247
0.65965 0.40767 0.54840
0.44621 0.39235 0.57549
0.61976 0.47713 0.62582
0.71635 0.52198 0.50565
0.80371 0.42359 0.51985
0.69362 0.48140 0.53169
0.55969 0.47538 0.53205
0.66516 0.47951 0.50350
0.64340 0.46010 0.42609
0.64877 0.46907 0.39456
0.72759 0.48819 0.46154
0.55661 0.45623 0.40686
0.47072 0.50130 0.56148
0.68733 0.39037 0.52528
0.63309 0.30485 0.40910
0.62204 0.51473 0.50346
0.67098 0.46282 0.38897
0.66447 0.41290 0.44305
0.59327 0.43006 0.44316
0.46019 0.52013 0.46231
0.70679 0.55470 0.46712
0.61522 0.33920 0.41095
0.61170 0.61526 0.43390
0.76896 0.42911 0.45276
0.65932 0.38972 0.49613
0.71214 0.36539 0.48883
0.63824 0.50627 0.49298
0.68844 0.39609 0.37825
0.67396 0.44739 0.49810
0.60923 0.50511 0.38574
0.59679 0.44744 0.39594
0.65084 0.50102 0.41834
0.66858 0.42800 0.48766
0.71854 0.52078 0.39559
0.57851 0.49287 0.48085
0.78818 0.44146 0.43804
0.80921 0.54409 0.42845
0.50320 0.39678 0.42915
0.74370 0.33545 0.42761
0.59691 0.48305 0.48233
0.59456 0.57879 0.46982
0.63205 0.48239 0.43976
0.66920 0.48807 0.54686
0.51502 0.39964 0.54812
0.59882 0.41182 0.50779
0.55858 0.51441 0.47109
0.63305 0.51121 0.50686
0.60305 0.39528 0.51526
0.67239 0.50437 0.46257
0.57349 0.52737 0.53037
0.62170 0.40993 0.49321
0.69638 0.47816 0.54276
0.54839 0.51624 0.47569
0.69442 0.53454 0.46033
0.66125 0.50885 0.48278
0.57136 0.49503 0.40050
0.64780 0.42051 0.46812
0.62477 0.64060 0.57517
0.67436 0.42457 0.48264
0.71281 0.44146 0.48591
0.57091 0.42463 0.46022
0.73599 0.37362 0.43516
0.71122 0.50341 0.52735
0.59782 0.51535 0.53146
0.61650 0.42377 0.44156
0.57364 0.53355 0.45017
0.54689 0.46483 0.40123
0.68884 0.49396 0.52561
0.50769 0.40122 0.42398
0.67057 0.44875 0.38090
0.58589 0.55358 0.48632
0.53844 0.53236 0.53042
0.68451 0.44205 0.53419
0.47373 0.54516 0.56102
0.52855 0.48925 0.60758
0.65540 0.35505 0.50130
0.62052 0.46107 0.56621
0.68091 0.51135 0.53420
0.70811 0.47877 0.50571
0.61948 0.48375 0.52011
0.74046 0.34497 0.32632
0.69491 0.48851 0.41405
0.68247 0.55054 0.59706
0.60922 0.38301 0.44519
0.52528 0.38479 0.57165
0.67089 0.45181 0.45762
0.70949 0.49654 0.33473
0.67021 0.40626 0.51116
0.75547 0.49641 0.38787
0.65476 0.42826 0.47390
0.66240 0.48008 0.42207
0.68089 0.43630 0.41407
0.70357 0.35649 0.52937
0.64165 0.41596 0.46632
0.59233 0.40099 0.36457
0.73875 0.43011 0.45053
0.56643 0.39723 0.46948
0.65046 0.40795 0.43202
0.75852 0.34307 0.54681
0.65215 0.46836 0.38298
0.75476 0.46027 0.49072
0.64835 0.39360 0.43248
0.70545 0.50851 0.48525
0.57749 0.37909 0.38800
0.68451 0.52147 0.54516
0.59893 0.39756 0.43407
0.69956 0.41399 0.47909
0.64529 0.34671 0.45476
0.60357 0.48755 0.46979
0.68775 0.46866 0.53865
0.60015 0.51187 0.42958
0.61994 0.44649 0.42317
0.67019 0.56865 0.52849
0.69075 0.47485 0.44163
0.57997 0.47397 0.50466
0.63580 0.45234 0.51603
0.72761 0.38369 0.42044
0.69637 0.54811 0.47955
0.72361 0.44923 0.44686
0.44748 0.40134 0.48045
0.64096 0.49351 0.50561
0.63312 0.53070 0.54067
0.69389 0.54751 0.52155
0.60209 0.48392 0.44577
0.66023 0.42663 0.50711
0.71446 0.51245 0.49415
0.77592 0.39630 0.48052
0.62613 0.55867 0.40990
0.62556 0.39000 0.50104
0.75234 0.55403 0.41790
0.64407 0.52948 0.52333
0.79240 0.59183 0.45979
0.65485 0.39803 0.46712
0.69625 0.45264 0.53678
0.60625 0.48719 0.49457
0.86315 0.47132 0.48166
0.65103 0.44841 0.36532
0.54867 0.52414 0.49595
0.75586 0.38144 0.42335
0.57397 0.44305 0.32429
0.62530 0.51877 0.56742
0.52996 0.47851 0.58844
0.55961 0.48546 0.40635
0.70848 0.39498 0.37312
0.56164 0.48503 0.39208
0.68988 0.41253 0.45636
0.57488 0.51440 0.51924
0.61854 0.36905 0.46810
0.62769 0.51699 0.45324
0.45448 0.52397 0.47237
0.81371 0.38586 0.39022
0.55765 0.49452 0.50978
0.68827 0.42802 0.41480
0.56159 0.49339 0.50457
0.68586 0.44996 0.47845
0.44997 0.50405 0.53145
0.66616 0.37790 0.46656
0.60681 0.41755 0.49365
0.57867 0.51014 0.38031
0.67248 0.36071 0.37332
0.60850 0.47437 0.50271
0.61920 0.44377 0.40561
0.68146 0.51072 0.51397
0.69866 0.44424 0.46193
0.66306 0.49638 0.45178
0.64954 0.43335 0.42630
0.56434 0.49579 0.55401
0.77600 0.44653 0.39143
0.65857 0.39827 0.48260
0.45509 0.49628 0.43879
0.69423 0.44181 0.49260
0.60787 0.52267 0.54047
0.66532 0.53825 0.49424
0.70577 0.43941 0.42533
0.55038 0.51932 0.50129
0.76734 0.40021 0.52599
0.59846 0.43437 0.50952
0.75167 0.50355 0.33636
0.61316 0.35141 0.46901
0.62060 0.41579 0.44964
0.70906 0.43775 0.49249
0.72014 0.39162 0.52736
0.69734 0.43711 0.57679
0.64825 0.48044 0.54065
0.75564 0.41476 0.45677
0.52856 0.48934 0.39884
0.70390 0.53240 0.46471
0.62288 0.50447 0.42441
0.71714 0.38125 0.53085
0.62822 0.56775 0.51421
0.72473 0.39693 0.43931
0.70220 0.54922 0.49081
0.67610 0.49181 0.52546
0.66856 0.50216 0.47822
0.66868 0.46946 0.45331
0.64530 0.44426 0.57023
0.57832 0.49372 0.38708
0.73112 0.55213 0.47095
0.45862 0.40004 0.56262
0.62048 0.40393 0.50403
0.61881 0.37650 0.50933
0.60298 0.45714 0.41336
0.68322 0.47517 0.48685
0.66068 0.43812 0.39918
0.59832 0.55908 0.61640
0.66817 0.44704 0.52149
0.56210 0.50950 0.57478
0.73912 0.39703 0.46093
0.59783 0.40158 0.51964
0.68937 0.48950 0.58272
0.61940 0.52487 0.36750
0.64273 0.50006 0.50135
0.57789 0.47783 0.53092
0.60842 0.50521 0.47087
0.58405 0.63201 0.57448
0.63867 0.56734 0.46413
0.50421 0.59538 0.36454
0.69126 0.41247 0.39974
0.66781 0.48678 0.41608
0.76983 0.51384 0.39047
0.71652 0.52038 0.48883
0.62955 0.48174 0.41521
0.61083 0.56575 0.39991
0.69795 0.43899 0.43412
0.64415 0.50007 0.46951
0.53867 0.42816 0.45699
0.50630 0.30847 0.46332
0.67885 0.53804 0.49070
0.60108 0.42826 0.50724
0.54513 0.43325 0.47134
0.65893 0.55134 0.55449
0.72024 0.39593 0.48296
0.70979 0.46900 0.52119
0.58519 0.51025 0.52117
0.70201 0.45387 0.50941
0.58804 0.51414 0.42034
0.53669 0.44535 0.35125
0.60093 0.46392 0.40925
0.51549 0.48997 0.36461
0.56096 0.38169 0.50512
0.67943 0.41675 0.47944
0.68430 0.47728 0.52223
0.57464 0.48171 0.34588
0.55810 0.56068 0.54136
0.77940 0.40983 0.38418
0.65627 0.53403 0.48551
0.76932 0.41982 0.41447
0.52425 0.55550 0.49653
0.58789 0.59443 0.54009
0.67780 0.56106 0.42050
0.79915 0.29818 0.57457
0.66346 0.40350 0.41704
0.64171 0.49624 0.52814
0.56053 0.51366 0.46772
0.69851 0.46810 0.48707
0.65874 0.44121 0.37646
0.51459 0.46003 0.55185
0.51053 0.38102 0.48362
0.69809 0.42023 0.41350
0.60317 0.55054 0.55644
0.46313 0.48398 0.50019
0.68148 0.31293 0.46370
0.55193 0.47946 0.39809
0.69572 0.41829 0.41916
0.57978 0.46899 0.47336
0.52012 0.57254 0.45187
0.59544 0.60703 0.53882
0.68951 0.49446 0.46009
0.51010 0.40510 0.53774
0.75194 0.47640 0.46672
0.69806 0.52655 0.56345
0.73425 0.45548 0.46815
0.53825 0.49547 0.52884
0.64019 0.40713 0.46878
0.69888 0.56688 0.60169
0.66500 0.51002 0.50828
0.74624 0.54649 0.48928
0.62304 0.45728 0.35712
0.57360 0.44839 0.56587
0.68821 0.37812 0.49305
0.69813 0.56915 0.49991
0.52034 0.52894 0.35934
0.66823 0.42427 0.42133
0.60596 0.51506 0.42499
0.68427 0.44660 0.54635
0.64447 0.54359 0.50765
0.63504 0.47225 0.46593
0.69564 0.52189 0.54766
0.62557 0.44515 0.55867
0.56234 0.49661 0.54139
0.69800 0.52551 0.58456
0.60094 0.59492 0.33524
0.71823 0.49350 0.52732
0.59726 0.49097 0.56667
0.63648 0.52457 0.49110
0.51089 0.46985 0.54901
0.68953 0.47322 0.44881
0.72304 0.53221 0.49190
0.67549 0.45394 0.42471
0.63648 0.45856 0.49855
0.68915 0.58369 0.40825
0.52519 0.47533 0.54768
0.68036 0.59692 0.46423
0.58814 0.59397 0.60558
0.74272 0.39591 0.46561
0.66176 0.55381 0.54186
0.53916 0.46631 0.43113
0.61826 0.45209 0.46790
0.54049 0.50126 0.38927
0.76696 0.47087 0.35888
0.53233 0.46279 0.49072
0.64326 0.46509 0.53532
0.79463 0.53996 0.45491
0.51928 0.45900 0.54078
0.71770 0.42926 0.45435
0.63672 0.48388 0.56872
0.70605 0.47870 0.36986
0.54028 0.56172 0.45627
0.70735 0.42129 0.43813
0.67003 0.47791 0.39832
0.69050 0.46267 0.34596
0.74064 0.40230 0.40578
0.62180 0.36117 0.40623
0.73983 0.52945 0.58331
0.60371 0.45476 0.41708
0.77295 0.50346 0.41356
0.69265 0.52877 0.48249
0.53723 0.46789 0.49151
0.69829 0.44668 0.48835
0.64718 0.40921 0.54395
0.65381 0.51564 0.47993
0.55138 0.54186 0.39703
0.57408 0.49668 0.48723
0.63502 0.46195 0.41393
0.58019 0.46904 0.37501
0.72145 0.44251 0.41764
0.61844 0.48282 0.44822
0.67287 0.34916 0.45770
0.67579 0.41141 0.41130
0.60848 0.56266 0.42186
0.61959 0.49920 0.45875
0.72302 0.46020 0.44926
0.74854 0.41319 0.41770
0.82001 0.55019 0.48463
0.62684 0.47735 0.40416
0.62279 0.40208 0.51878
0.79508 0.45286 0.41571
0.59085 0.43947 0.49437
0.72200 0.41604 0.47577
0.59834 0.35490 0.53112
0.71321 0.49648 0.49359
0.60830 0.46763 0.46275
0.69348 0.56850 0.37221
0.65773 0.39692 0.41746
0.63302 0.45987 0.44243
0.68778 0.32767 0.42588
0.68804 0.54653 0.51141
0.60883 0.52584 0.35890
0.57968 0.32359 0.39300
0.60370 0.40557 0.40557
0.72170 0.43465 0.45757
0.68869 0.36841 0.42654
0.66396 0.47928 0.50174
0.69307 0.44892 0.50697
0.63284 0.47149 0.52754
0.61511 0.45071 0.24790
0.59274 0.54212 0.33848
0.69341 0.47254 0.38327
0.71147 0.47537 0.45327
0.64441 0.39540 0.38032
0.71080 0.33849 0.40566
0.73497 0.48993 0.48120
0.66229 0.44726 0.41106
0.58182 0.41430 0.39542
0.66418 0.35205 0.42618
0.69722 0.47573 0.48117
0.66648 0.50414 0.37081
0.69193 0.50739 0.45636
0.70940 0.48429 0.46225
0.70432 0.44151 0.44192
0.65501 0.41431 0.44228
0.65193 0.48356 0.52668
0.71745 0.39304 0.51049
0.65231 0.42430 0.43883
0.59851 0.46547 0.54874
0.68216 0.39496 0.51218
0.57699 0.48667 0.44017
0.58216 0.46798 0.48110
0.65972 0.50173 0.42631
0.56513 0.47376 0.50566
0.67056 0.47866 0.46130
0.72667 0.53917 0.51177
0.69320 0.58501 0.55711
0.67763 0.50652 0.48981
0.65668 0.44637 0.50319
0.69188 0.40035 0.53566
0.53403 0.39381 0.43614
0.62716 0.36698 0.55485
0.70286 0.48947 0.38628
0.73239 0.51228 0.53737
0.57166 0.39950 0.40256
0.48486 0.54171 0.42006
0.71434 0.48855 0.49696
0.62644 0.44434 0.49887
0.69905 0.50543 0.45832
0.64114 0.42471 0.36197
0.68273 0.38695 0.39064
0.70161 0.49342 0.48305
0.64938 0.57688 0.47576
0.70706 0.49908 0.42968
0.62269 0.64204 0.51972
0.58228 0.47380 0.41761
0.63157 0.40094 0.53532
0.58108 0.48693 0.47865
0.60151 0.52106 0.49936
0.79125 0.42687 0.45513
0.68213 0.39097 0.48201
0.69154 0.52098 0.56159
0.59304 0.47830 0.48802
0.56992 0.49225 0.49047
0.65525 0.52372 0.50712
0.65158 0.44700 0.34315
0.62617 0.44978 0.51534
0.69202 0.47324 0.47521
0.60417 0.46896 0.51581
0.57941 0.42627 0.45831
0.55519 0.41217 0.45044
0.61263 0.41065 0.41996
0.59123 0.48897 0.47466
0.67108 0.44739 0.49894
0.72730 0.32343 0.47414
0.61272 0.46598 0.35809
0.62699 0.50530 0.40151
0.59962 0.56812 0.42282
0.70012 0.63976 0.40371
0.75761 0.60363 0.50130
0.70900 0.50244 0.53017
0.61877 0.53573 0.42260
0.69212 0.48853 0.54629
0.76784 0.58092 0.47142
0.57785 0.46702 0.46852
0.74028 0.41086 0.43026
0.71731 0.44794 0.48529
0.62790 0.52236 0.49047
0.47695 0.49728 0.47180
0.73245 0.53941 0.45518
0.68467 0.47815 0.40205
0.69603 0.43520 0.38258
0.72470 0.45618 0.56548
0.79298 0.54822 0.47640
0.55783 0.46118 0.44192
0.66433 0.39129 0.50458
0.58129 0.57975 0.55101
0.70500 0.45442 0.40338
0.57744 0.50750 0.47372
0.58806 0.43481 0.51065
0.71106 0.53335 0.42296
0.64553 0.41816 0.43117
0.62141 0.52509 0.41209
0.66596 0.54915 0.49158
0.69823 0.43663 0.38747
0.51634 0.50032 0.45079
0.69197 0.43458 0.54992
0.64900 0.51210 0.55063
0.58486 0.43594 0.54281
0.67343 0.39791 0.44226
0.62576 0.46496 0.41772
0.65339 0.54572 0.52351
0.56112 0.40339 0.50659
0.58215 0.49039 0.52964
0.62521 0.42990 0.49372
0.63717 0.33227 0.43569
0.66275 0.46630 0.39807
0.74135 0.46669 0.48336
0.67498 0.56021 0.46807
0.57870 0.41451 0.51183
0.63653 0.60238 0.45632
0.56381 0.30141 0.42885
0.54163 0.49233 0.47901
0.59062 0.38037 0.47030
0.63616 0.34872 0.55351
0.75160 0.44210 0.45923
0.65500 0.39765 0.43949
0.72245 0.42357 0.44545
0.66202 0.54955 0.49991
0.59866 0.51929 0.57605
0.66191 0.35552 0.49777
0.68942 0.64330 0.42700
0.63916 0.43311 0.42618
0.79055 0.54176 0.38558
0.74315 0.32676 0.47574
0.64607 0.40641 0.41922
0.65889 0.47957 0.43268
0.56602 0.51561 0.50003
0.53380 0.50044 0.54488
0.71047 0.51380 0.51629
0.72320 0.41257 0.45860
0.68302 0.43943 0.49952
0.66248 0.41269 0.41226
0.64548 0.49634 0.51310
0.76612 0.50648 0.40220
0.62879 0.44243 0.50563
0.71565 0.32112 0.43137
0.53453 0.51815 0.45397
0.73164 0.48386 0.54090
0.53415 0.48192 0.40553
0.68428 0.44893 0.48812
0.61575 0.61089 0.35718
0.67894 0.49439 0.52765
0.66332 0.43249 0.49364
0.65658 0.42827 0.49042
0.73140 0.53206 0.45041
0.71000 0.41534 0.45909
0.66899 0.50903 0.52875
0.82472 0.51190 0.38451
0.54658 0.42065 0.52889
0.79981 0.48971 0.42190
0.76615 0.36328 0.49979
0.71565 0.47788 0.44190
0.64119 0.52182 0.51232
0.51546 0.56466 0.43068
0.74028 0.40776 0.44272
0.63813 0.40515 0.47492
0.55518 0.33246 0.45754
0.70852 0.54575 0.52775
0.72907 0.44336 0.45541
0.58854 0.44478 0.44579
0.67205 0.42590 0.38725
0.68888 0.56979 0.43384
0.66858 0.44219 0.47202
0.66020 0.45438 0.53555
0.47010 0.43914 0.37636
0.42501 0.48748 0.52593
0.67641 0.52808 0.46308
0.60606 0.38983 0.40665
0.65822 0.56988 0.40156
0.66296 0.45226 0.51712
0.83471 0.40525 0.44354
0.71025 0.46355 0.42604
0.63126 0.57648 0.56265
0.68044 0.56374 0.42876
0.62307 0.41668 0.41424
0.68845 0.46459 0.49594
0.64758 0.45820 0.48010
0.76951 0.44169 0.41309
0.71147 0.42243 0.44728
0.63529 0.41345 0.44904
0.66994 0.49620 0.52449
0.71413 0.51696 0.44259
0.56519 0.37490 0.47150
0.59679 0.49281 0.42630
0.52101 0.49409 0.60153
0.68940 0.42793 0.46791
0.65352 0.41462 0.46852
0.51204 0.53112 0.39374
0.65399 0.45808 0.50143
0.62301 0.53855 0.56440
0.57019 0.41800 0.54909
0.69287 0.45935 0.50517
0.63326 0.43534 0.51073
0.74696 0.55774 0.54955
0.45131 0.45991 0.49938
0.57995 0.50558 0.37039
0.60066 0.52769 0.43197
0.44479 0.49662 0.37947
0.60886 0.35625 0.37218
0.64271 0.46724 0.42794
0.57325 0.48416 0.54744
0.67750 0.55022 0.41248
0.54307 0.38260 0.50216
0.77854 0.38678 0.41301
0.66784 0.46004 0.49497
0.65672 0.47277 0.39876
0.62485 0.42036 0.48070
0.72490 0.53176 0.39022
0.59482 0.46403 0.53239
0.63183 0.47840 0.43786
0.69919 0.45411 0.41647
0.60294 0.46531 0.48923
0.59780 0.42463 0.45803
0.54339 0.48038 0.36938
0.64563 0.39989 0.45312
0.66181 0.48227 0.46557
0.43703 0.41953 0.44335
0.50330 0.53556 0.54155
0.68262 0.46455 0.54158
0.68427 0.56163 0.48935
0.57260 0.35008 0.43381
0.67900 0.52216 0.46066
0.53394 0.33156 0.46917
0.62238 0.41232 0.51381
0.74446 0.54592 0.45958
0.61639 0.47970 0.42391
0.56182 0.40748 0.52753
0.57394 0.42190 0.52618
0.66914 0.37568 0.41656
0.73016 0.49212 0.50425
0.64838 0.62463 0.52412
0.66620 0.39872 0.45174
0.65827 0.45977 0.44282
0.79926 0.43110 0.43176
0.58384 0.41345 0.42573
0.65304 0.48106 0.46356
0.66038 0.37186 0.45116
0.69657 0.30188 0.42555
0.71167 0.43713 0.40959
0.74025 0.46416 0.43294
0.62531 0.44016 0.43467
0.61367 0.43555 0.39203
0.61656 0.57724 0.55901
0.66364 0.45809 0.39255
0.59050 0.49110 0.46342
0.66551 0.47429 0.36042
0.78289 0.48469 0.39371
0.70810 0.47474 0.38707
0.70382 0.47300 0.43987
0.76654 0.44396 0.43205
0.71116 0.47470 0.47443
0.53547 0.40440 0.53413
0.61533 0.45034 0.55905
0.64606 0.52367 0.51678
0.69849 0.48706 0.40865
0.59268 0.58457 0.55249
0.67695 0.54404 0.53705
0.53369 0.44388 0.45681
0.65479 0.52655 0.39462
0.73884 0.22474 0.48452
0.57083 0.52402 0.45714
0.62144 0.56680 0.47893
0.66546 0.51619 0.45461
0.57488 0.48212 0.41721
0.64831 0.39446 0.39151
0.71082 0.61046 0.48841
0.58085 0.42406 0.53130
0.69463 0.42341 0.43143
0.68605 0.53777 0.51603
0.50675 0.57964 0.52058
0.60248 0.50579 0.44777
0.66222 0.50426 0.44989
0.74041 0.50655 0.38907
0.63147 0.47861 0.42107
0.68857 0.48796 0.43061
0.56433 0.49006 0.40552
0.77907 0.44274 0.31633
0.64106 0.46931 0.49196
0.60184 0.50941 0.43604
0.59481 0.51769 0.48970
0.69115 0.45895 0.50468
0.69997 0.48300 0.48845
0.58042 0.49918 0.51467
0.71392 0.50395 0.47531
0.64931 0.34940 0.46396
0.51478 0.54951 0.54207
0.59408 0.55601 0.54519
0.52765 0.52485 0.49094
0.63291 0.50016 0.44580
0.71348 0.52074 0.42053
0.56559 0.58719 0.51652
0.74587 0.55731 0.42163
0.61012 0.36300 0.55403
0.56226 0.51931 0.51167
0.51062 0.54332 0.32190
0.64851 0.50651 0.61390
0.71117 0.55024 0.50622
0.69348 0.49437 0.57304
0.69013 0.46475 0.44896
0.71366 0.46148 0.44880
0.68408 0.42733 0.39248
0.66197 0.47814 0.50696
0.58558 0.42144 0.40292
0.69490 0.40038 0.37464
0.54267 0.49559 0.46288
0.71426 0.44227 0.47066
0.65505 0.35788 0.42473
0.55333 0.56313 0.39366
0.66270 0.59867 0.59081
0.58229 0.52502 0.52876
0.67539 0.35069 0.57094
0.56055 0.43755 0.51876
0.57390 0.58055 0.44511
0.71345 0.44090 0.44449
0.47983 0.49131 0.39691
0.51059 0.47657 0.41785
0.76537 0.49815 0.50088
0.59898 0.50074 0.35763
0.63461 0.49783 0.48632
0.52931 0.51314 0.49431
0.51613 0.51636 0.36993
0.60923 0.45076 0.34235
0.61056 0.57146 0.51268
0.70933 0.37843 0.30948
0.73936 0.48808 0.50070
0.79388 0.49621 0.53371
0.71205 0.47306 0.42553
0.61066 0.45358 0.50593
0.63601 0.53159 0.55404
0.75773 0.41037 0.38839
0.61533 0.48745 0.56395
0.58139 0.43001 0.52900
0.65992 0.45519 0.53247
0.68127 0.39977 0.41237
0.73178 0.49094 0.42907
0.64308 0.39698 0.52235
0.70250 0.38342 0.40262
0.75153 0.35466 0.41228
0.75046 0.57038 0.47985
0.59025 0.45232 0.44190
0.68455 0.46711 0.49964
0.57454 0.49095 0.38048
0.67436 0.44375 0.46583
0.52996 0.41103 0.51320
0.62941 0.49557 0.45015
0.57505 0.39514 0.56279
0.53497 0.51713 0.51939
0.60890 0.45198 0.42257
0.58349 0.43090 0.54589
0.75573 0.46402 0.48789
0.63790 0.52625 0.43309
0.67316 0.51351 0.50426
0.72836 0.39496 0.48270
0.61852 0.49311 0.55322
0.56326 0.35414 0.49129
0.61929 0.41588 0.42672
0.71843 0.51478 0.49607
0.69153 0.47734 0.41636
0.59925 0.49379 0.53180
0.73337 0.44765 0.42601
0.71885 0.49499 0.42785
0.69808 0.40107 0.44643
0.60721 0.40219 0.44869
0.61479 0.51056 0.41060
0.65786 0.50159 0.41673
0.75086 0.52013 0.45629
0.65509 0.35886 0.41871
0.60685 0.46593 0.46807
0.49843 0.56107 0.56203
0.72543 0.41727 0.53026
0.63071 0.44443 0.34566
0.66615 0.52825 0.53884
0.72555 0.41478 0.44937
0.63442 0.43702 0.33316
0.63298 0.47036 0.45051
0.68367 0.54600 0.42432
0.71534 0.35574 0.44977
0.75621 0.48917 0.48190
0.67634 0.64737 0.48293
0.58591 0.54916 0.55923
0.67251 0.57696 0.58880
0.59876 0.49784 0.47758
0.74273 0.58901 0.53077
0.66099 0.52663 0.54391
0.59000 0.31792 0.39780
0.72367 0.56146 0.40064
0.62278 0.47514 0.40403
0.54780 0.40201 0.43618
0.67543 0.45382 0.38097
0.73030 0.50603 0.52071
0.63527 0.45462 0.43237
0.59103 0.42475 0.54108
0.69683 0.48842 0.51092
0.70700 0.47173 0.45434
0.61651 0.46113 0.48873
0.61215 0.50700 0.42348
0.73412 0.51641 0.53818
0.60651 0.45326 0.43953
0.64998 0.50010 0.42980
0.73484 0.46033 0.49418
0.66252 0.47272 0.45785
0.57144 0.58571 0.51204
0.49484 0.37695 0.52287
0.58498 0.35524 0.52442
0.43905 0.41005 0.57698
0.63142 0.33404 0.33929
0.76473 0.48446 0.46884
0.55704 0.37712 0.45901
0.71801 0.49180 0.49730
0.61218 0.40253 0.49393
0.65473 0.46133 0.45966
0.48552 0.57556 0.51878
0.69017 0.33690 0.36704
0.60266 0.51412 0.48861
0.62505 0.42904 0.36558
0.49330 0.53601 0.46896
0.56356 0.46462 0.49109
0.72501 0.49263 0.50166
0.59798 0.37811 0.54077
0.60926 0.47689 0.35133
0.79677 0.40951 0.39637
0.60952 0.45730 0.48596
0.69814 0.37562 0.53566
0.74865 0.36711 0.46156
0.68683 0.60615 0.49773
0.53930 0.41666 0.47237
0.69600 0.44180 0.44960
0.63857 0.47307 0.53711
0.68289 0.48474 0.49275
0.68883 0.49655 0.37680
0.66388 0.47109 0.48461
0.63657 0.42478 0.48442
0.65269 0.50496 0.49768
0.62870 0.54986 0.52703
0.64039 0.40685 0.45792
0.70014 0.39174 0.45630
0.73896 0.45735 0.40200
0.52627 0.54085 0.55123
0.59603 0.48427 0.46294
0.65777 0.47695 0.56552
0.61993 0.44547 0.36757
0.59058 0.46320 0.56753
0.65785 0.45064 0.40550
0.58158 0.45760 0.39390
0.63084 0.45013 0.38528
0.58751 0.50231 0.51408
0.63129 0.47688 0.48158
0.61216 0.35055 0.59056
0.59763 0.37569 0.43540
0.68714 0.38806 0.43463
0.62652 0.56074 0.48855
0.71281 0.51935 0.41388
0.73267 0.36351 0.46339
0.67014 0.35574 0.43903
0.58666 0.53301 0.52081
0.60475 0.51498 0.50384
0.66256 0.54876 0.45284
0.69706 0.38038 0.44341
0.64369 0.53756 0.57226
0.58705 0.43580 0.47942
0.63082 0.71748 0.56594
0.61458 0.45411 0.47122
0.60745 0.58664 0.34782
0.57272 0.42217 0.49789
0.72549 0.43572 0.42178
