20 6 1000 5325 5037
0.73502 0.03927 0.87571
0.92721 0.76381 0.92792
0.79507 0.31287 0.03263
0.02709 0.57285 0.71869
0.24636 0.07362 0.07428
0.84243 0.11988 0.26663
0.57418 0.43273 0.41476
0.45970 0.36928 0.56198
0.52957 0.27203 0.32597
0.51464 0.22379 0.27105
0.46304 0.30055 0.34993
0.67604 0.37285 0.34610
0.73029 0.43903 0.60700
0.44591 0.30609 0.38904
0.74711 0.32979 0.62948
0.66242 0.37072 0.34036
0.76544 0.31829 0.60735
0.67363 0.30952 0.36109
0.24801 0.43574 0.50145
0.71076 0.34080 0.51820
0.66014 0.27842 0.50218
0.74566 0.30536 0.46029
0.71396 0.34154 0.31289
0.63080 0.25855 0.23951
0.73310 0.32615 0.54545
0.58263 0.34995 0.41563
0.66727 0.31023 0.28268
0.44453 0.22515 0.25120
0.33434 0.38371 0.52696
0.57744 0.47183 0.61301
0.64914 0.47318 0.69503
0.37045 0.34249 0.42475
0.55940 0.28478 0.36578
0.35029 0.42896 0.69686
0.58818 0.19886 0.52476
0.79318 0.30173 0.32401
0.55220 0.50564 0.67928
0.61103 0.28653 0.23864
0.75022 0.27744 0.28112
0.20635 0.42274 0.53938
0.61804 0.45811 0.49560
0.58399 0.38457 0.56592
0.76476 0.34632 0.68649
0.48422 0.13542 0.30509
0.56257 0.14859 0.38034
0.56927 0.48256 0.68735
0.45544 0.31094 0.65747
0.80620 0.52905 0.77308
0.83124 0.49336 0.63786
0.76267 0.30372 0.53513
0.75447 0.55949 0.73735
0.44281 0.22221 0.37954
0.57517 0.23972 0.49412
0.28911 0.36991 0.56119
0.64066 0.31775 0.39379
0.40741 0.13737 0.26198
0.70802 0.39874 0.57804
0.52575 0.27151 0.27505
0.64305 0.16547 0.57162
0.48063 0.17439 0.21671
0.38832 0.47309 0.54817
0.70270 0.22933 0.46484
0.46019 0.37364 0.69126
0.50863 0.41869 0.51909
0.56930 0.17568 0.55074
0.77737 0.56484 0.70322
0.62402 0.24377 0.29800
0.67808 0.34434 0.44975
0.76591 0.20872 0.44423
0.61206 0.51654 0.64248
0.72680 0.35254 0.59900
0.58940 0.31307 0.42895
0.64061 0.42746 0.55441
0.40402 0.51776 0.63104
0.53465 0.36509 0.53021
0.68102 0.32648 0.46717
0.54921 0.35965 0.50589
0.64670 0.32088 0.56124
0.45748 0.34442 0.44435
0.50476 0.22309 0.25353
0.64495 0.35454 0.51167
0.56508 0.23828 0.41759
0.68288 0.54540 0.66082
0.62099 0.14286 0.30170
0.67844 0.32924 0.51992
0.47447 0.32733 0.44544
0.82623 0.52894 0.74647
0.52603 0.17947 0.25128
0.75849 0.15137 0.32701
0.72211 0.31412 0.52702
0.44929 0.11544 0.38992
0.73403 0.39642 0.56212
0.74702 0.26858 0.47186
0.68481 0.20170 0.55409
0.68415 0.17830 0.23503
0.51358 0.21735 0.38954
0.49300 0.49376 0.59457
0.71698 0.37152 0.51173
0.69009 0.21366 0.30362
0.52336 0.56005 0.70265
0.72298 0.27425 0.42277
0.62453 0.42067 0.60461
0.71120 0.29057 0.26497
0.59414 0.29392 0.32554
0.53533 0.27087 0.36624
0.36962 0.36145 0.49922
0.79686 0.38954 0.49469
0.60767 0.27680 0.22373
0.52035 0.23983 0.33608
0.69769 0.40632 0.47104
0.64549 0.24880 0.45424
0.33605 0.33720 0.36988
0.71039 0.35702 0.35539
0.41524 0.38036 0.46611
0.69272 0.49320 0.48175
0.63726 0.34296 0.53732
0.78247 0.34697 0.72917
0.69963 0.31056 0.55719
0.70027 0.33932 0.59124
0.41992 0.26415 0.59812
0.80216 0.30199 0.48368
0.60404 0.37123 0.40986
0.71859 0.19231 0.43549
0.52623 0.23050 0.58723
0.59783 0.24125 0.27109
0.64834 0.23310 0.38432
0.41550 0.30092 0.42517
0.53587 0.27130 0.47667
0.80043 0.41290 0.63871
0.41411 0.20756 0.32323
0.80960 0.21089 0.37442
0.29595 0.46836 0.56137
0.51279 0.20064 0.57868
0.60492 0.17424 0.48219
0.65856 0.48674 0.60886
0.36787 0.41479 0.53767
0.68032 0.39080 0.52333
0.77929 0.23628 0.36869
0.52255 0.27583 0.44722
0.64253 0.28403 0.41820
0.47197 0.45280 0.60881
0.53910 0.37265 0.60070
0.54648 0.28701 0.33991
0.59065 0.28067 0.28074
0.52093 0.26001 0.25589
0.83087 0.61149 0.76200
0.44357 0.49310 0.73561
0.42564 0.28349 0.64440
0.59945 0.27165 0.44312
0.41067 0.19578 0.22651
0.43403 0.16709 0.26910
0.64166 0.29091 0.38183
0.48718 0.29042 0.44595
0.69143 0.38401 0.51768
0.63684 0.23210 0.46181
0.34645 0.24757 0.34177
0.61639 0.35066 0.61986
0.52402 0.21629 0.18406
0.61615 0.21533 0.50074
0.55225 0.29309 0.27755
0.58272 0.21287 0.61037
0.70387 0.23770 0.47519
0.73484 0.19892 0.38532
0.47197 0.25146 0.26690
0.64099 0.27680 0.29056
0.49332 0.40735 0.46499
0.61264 0.27553 0.22647
0.67064 0.45128 0.55899
0.73933 0.23812 0.48651
0.54021 0.22705 0.54650
0.46752 0.34984 0.45803
0.57376 0.33534 0.20722
0.46341 0.45045 0.62621
0.53157 0.25842 0.36882
0.38257 0.32561 0.45477
0.30135 0.36685 0.56537
0.66023 0.15486 0.52648
0.61505 0.19869 0.35670
0.27704 0.20221 0.26922
0.43326 0.33152 0.52775
0.58769 0.34646 0.35373
0.52428 0.15675 0.50136
0.58852 0.26704 0.29710
0.76826 0.14877 0.54684
0.35792 0.18278 0.35412
0.35059 0.31554 0.41204
0.35870 0.16436 0.16974
0.45845 0.26160 0.44392
0.57519 0.32900 0.38002
0.69734 0.14893 0.41208
0.61518 0.18016 0.52410
0.43636 0.21799 0.54731
0.44760 0.18467 0.16467
0.71111 0.28487 0.54417
0.65398 0.21825 0.39713
0.48267 0.32041 0.49170
0.69395 0.12839 0.50215
0.34365 0.31959 0.42751
0.44298 0.30885 0.66684
0.44158 0.36544 0.46868
0.50803 0.27034 0.34354
0.60040 0.28726 0.54566
0.47028 0.24760 0.51381
0.63435 0.37923 0.58295
0.55758 0.34022 0.38703
0.47031 0.31603 0.37662
0.63552 0.32919 0.46642
0.64887 0.39792 0.49750
0.56839 0.34776 0.53447
0.77937 0.25755 0.17442
0.49676 0.38947 0.41465
0.67475 0.18742 0.35552
0.57429 0.30647 0.48541
0.65674 0.18825 0.28757
0.32427 0.39368 0.65965
0.33067 0.33737 0.63215
0.45162 0.19877 0.34278
0.51919 0.39446 0.65859
0.73435 0.15357 0.78834
0.73180 0.56223 0.73433
0.57319 0.25448 0.41998
0.64689 0.48946 0.57775
0.47225 0.24398 0.48753
0.57344 0.32397 0.42922
0.85909 0.56252 0.67000
0.75286 0.24506 0.31955
0.68305 0.39977 0.47615
0.73049 0.20480 0.32405
0.64739 0.21266 0.38211
0.48548 0.16669 0.28477
0.45906 0.40738 0.59783
0.69518 0.21738 0.30852
0.72336 0.18227 0.26391
0.66310 0.31167 0.38721
0.63075 0.25482 0.72841
0.69987 0.25098 0.36947
0.81000 0.46557 0.59637
0.54947 0.20037 0.42425
0.22188 0.44581 0.51053
0.59136 0.25902 0.55214
0.32677 0.41694 0.61714
0.73025 0.45611 0.56952
0.38477 0.41543 0.52964
0.78246 0.35616 0.38179
0.73458 0.28304 0.17335
0.75499 0.15449 0.72452
0.56203 0.27559 0.50417
0.62352 0.39945 0.51907
0.52935 0.20881 0.47708
0.78643 0.35939 0.79166
0.80692 0.49733 0.55378
0.28004 0.38029 0.52299
0.62091 0.24882 0.45254
0.67643 0.39073 0.54083
0.42165 0.29635 0.42966
0.37380 0.31489 0.44009
0.71422 0.37453 0.42360
0.75804 0.56698 0.63890
0.54541 0.20288 0.42146
0.59984 0.39249 0.37219
0.59275 0.37371 0.55051
0.61783 0.18104 0.71283
0.54645 0.26993 0.30474
0.65768 0.23591 0.18653
0.40076 0.27214 0.43169
0.49445 0.22637 0.45037
0.62199 0.33944 0.45928
0.59539 0.28614 0.25409
0.53187 0.14289 0.34179
0.36367 0.31870 0.45379
0.72833 0.33651 0.53119
0.72777 0.33415 0.37476
0.69491 0.40261 0.52494
0.63471 0.33400 0.31229
0.69656 0.39699 0.46961
0.62267 0.18400 0.47982
0.72485 0.23756 0.29269
0.70245 0.43976 0.70227
0.75312 0.34095 0.66932
0.81025 0.40251 0.67155
0.63440 0.30458 0.48010
0.55356 0.38783 0.45494
0.70271 0.14359 0.60043
0.57919 0.15298 0.15893
0.56372 0.23444 0.40634
0.73607 0.43458 0.49664
0.59784 0.17659 0.36292
0.46351 0.35130 0.49957
0.63951 0.32870 0.38413
0.42172 0.25897 0.45776
0.68149 0.22628 0.55743
0.77195 0.22539 0.37188
0.47821 0.44329 0.56280
0.56636 0.38542 0.39952
0.66294 0.16383 0.38632
0.77677 0.52638 0.65674
0.64396 0.14794 0.36132
0.71826 0.31886 0.71567
0.50881 0.31616 0.55283
0.62205 0.26180 0.37900
0.66310 0.28901 0.37350
0.61614 0.25822 0.39659
0.56717 0.42508 0.40755
0.73856 0.29703 0.49136
0.75163 0.35085 0.37204
0.66382 0.15067 0.68145
0.46650 0.38563 0.67725
0.58367 0.37316 0.37040
0.78741 0.21610 0.35847
0.62994 0.49547 0.53923
0.50770 0.37812 0.76437
0.69274 0.37637 0.46919
0.62322 0.28252 0.34548
0.67527 0.31404 0.18533
0.27441 0.46962 0.59776
0.63378 0.18832 0.38737
0.82220 0.38574 0.43015
0.54960 0.33266 0.57954
0.70803 0.52606 0.65664
0.47518 0.45098 0.51011
0.62575 0.31559 0.47401
0.75015 0.45697 0.64932
0.56256 0.23213 0.22668
0.72811 0.26731 0.70039
0.46438 0.22059 0.29262
0.57614 0.38417 0.64659
0.35641 0.35598 0.45925
0.61406 0.20807 0.48383
0.51030 0.20040 0.71512
0.66685 0.22454 0.21283
0.34775 0.41297 0.70460
0.48839 0.25427 0.24363
0.49615 0.43526 0.51885
0.44368 0.37225 0.61288
0.59242 0.40714 0.40104
0.31277 0.23573 0.43468
0.52769 0.28327 0.29110
0.58321 0.20999 0.30085
0.75000 0.27250 0.40413
0.57928 0.19314 0.34731
0.55879 0.12990 0.42725
0.65631 0.26168 0.34078
0.60030 0.50380 0.54674
0.43276 0.34523 0.61902
0.61623 0.39117 0.72510
0.62516 0.25622 0.46891
0.73464 0.20995 0.33498
0.69385 0.33594 0.46703
0.75540 0.46927 0.58617
0.67724 0.19089 0.48277
0.60647 0.26238 0.38229
0.69960 0.26866 0.45374
0.74005 0.33590 0.48974
0.40991 0.31727 0.34982
0.36235 0.31667 0.48797
0.56390 0.14075 0.22723
0.65165 0.43909 0.45165
0.64241 0.13087 0.54201
0.39790 0.44621 0.67612
0.71951 0.18797 0.50196
0.84690 0.47156 0.54933
0.61623 0.39131 0.51923
0.56407 0.30287 0.49703
0.52023 0.38964 0.47764
0.34925 0.40907 0.55300
0.55608 0.15603 0.30636
0.70181 0.26849 0.45452
0.77234 0.31630 0.70654
0.53419 0.27453 0.46784
0.58093 0.26606 0.27654
0.47905 0.22225 0.58495
0.75557 0.24689 0.59691
0.77297 0.16478 0.57490
0.63549 0.31600 0.49475
0.48224 0.18508 0.43667
0.69399 0.42586 0.66364
0.62892 0.30696 0.66901
0.61972 0.31417 0.38896
0.71039 0.45140 0.64470
0.78440 0.27341 0.46507
0.65905 0.38419 0.55007
0.46649 0.21712 0.34980
0.40904 0.27291 0.48938
0.65989 0.29362 0.31719
0.83320 0.38148 0.53366
0.55491 0.36435 0.41210
0.76568 0.47327 0.46588
0.77951 0.30300 0.46568
0.58814 0.33520 0.36313
0.61293 0.34708 0.29512
0.78947 0.25626 0.46788
0.64971 0.24366 0.56095
0.50064 0.32673 0.38923
0.75612 0.32562 0.56699
0.78599 0.17744 0.29567
0.68564 0.31234 0.47351
0.53395 0.44759 0.53086
0.58785 0.52773 0.64060
0.66374 0.51955 0.77977
0.71053 0.35547 0.51289
0.74093 0.17984 0.62924
0.62246 0.30101 0.69790
0.58704 0.22976 0.44921
0.77651 0.59131 0.76131
0.67342 0.35615 0.49123
0.64710 0.32388 0.53831
0.53290 0.42256 0.54217
0.61306 0.13479 0.42499
0.43879 0.14698 0.22269
0.66477 0.30877 0.17860
0.67052 0.28173 0.42782
0.55125 0.19246 0.36419
0.71684 0.43454 0.56400
0.64772 0.16968 0.65286
0.62158 0.29389 0.35273
0.78525 0.24365 0.25857
0.38308 0.35040 0.59590
0.67085 0.22373 0.35886
0.79034 0.31295 0.55703
0.47496 0.23973 0.23990
0.58158 0.19167 0.63880
0.64086 0.22729 0.50177
0.52010 0.29993 0.42157
0.68920 0.22831 0.24573
0.59489 0.27470 0.41944
0.64371 0.17710 0.30744
0.75606 0.35278 0.57686
0.65679 0.28312 0.47272
0.51817 0.30825 0.55972
0.65302 0.30327 0.33690
0.62807 0.14560 0.50684
0.64736 0.31723 0.23605
0.55739 0.18253 0.21558
0.55073 0.26112 0.50300
0.50109 0.37911 0.66899
0.70728 0.31480 0.47090
0.40084 0.41664 0.47429
0.45554 0.18201 0.54170
0.73368 0.23295 0.37092
0.53396 0.23743 0.67859
0.65223 0.42155 0.51913
0.54297 0.14741 0.37928
0.71079 0.20583 0.46025
0.57488 0.15928 0.46395
0.78151 0.34378 0.46007
0.56385 0.43334 0.59146
0.45471 0.35922 0.48148
0.78218 0.44786 0.63491
0.70514 0.19251 0.49278
0.35114 0.38218 0.52471
0.67982 0.64302 0.79817
0.75657 0.49166 0.66709
0.44473 0.19281 0.27863
0.44455 0.37646 0.43410
0.73484 0.22514 0.63095
0.78252 0.43213 0.43341
0.73343 0.46625 0.56717
0.48062 0.47041 0.56815
0.42709 0.24074 0.62263
0.71162 0.32246 0.42140
0.66773 0.25138 0.32553
0.64597 0.31938 0.61144
0.64996 0.18884 0.53830
0.71427 0.21770 0.33276
0.60323 0.25795 0.62702
0.60818 0.31251 0.47839
0.74109 0.22635 0.83979
0.64902 0.35480 0.49590
0.44835 0.42930 0.57554
0.57190 0.29197 0.67050
0.72657 0.36230 0.50938
0.74020 0.49204 0.54345
0.67922 0.25124 0.46896
0.71471 0.17030 0.69946
0.68768 0.28321 0.18352
0.58865 0.24240 0.37960
0.66680 0.22293 0.28211
0.65035 0.37095 0.44450
0.59432 0.25823 0.35787
0.67573 0.51239 0.57618
0.40907 0.18858 0.28982
0.64039 0.27288 0.59077
0.35695 0.43916 0.54819
0.44782 0.46392 0.50287
0.65050 0.30519 0.64645
0.29603 0.45815 0.51097
0.51681 0.39710 0.40676
0.58503 0.25485 0.38774
0.69447 0.21245 0.62263
0.58732 0.27180 0.56077
0.64493 0.26691 0.56628
0.65174 0.28056 0.31788
0.58193 0.23381 0.44814
0.62313 0.38960 0.35847
0.70873 0.30681 0.24401
0.61643 0.26703 0.52828
0.51873 0.41110 0.60459
0.67662 0.31187 0.59184
0.71465 0.31263 0.41660
0.57009 0.31769 0.29629
0.70696 0.23036 0.27496
0.54719 0.14502 0.40765
0.70210 0.50220 0.64262
0.34776 0.49111 0.74701
0.68615 0.13133 0.44697
0.63508 0.48325 0.64149
0.55318 0.25964 0.28523
0.71048 0.22662 0.39649
0.70079 0.56893 0.63735
0.63839 0.26509 0.43522
0.60481 0.24943 0.28576
0.30724 0.39230 0.56444
0.80123 0.29988 0.51324
0.75132 0.15000 0.40846
0.51076 0.26060 0.45310
0.19334 0.47797 0.63602
0.69120 0.19961 0.67616
0.62419 0.18670 0.33729
0.52190 0.13432 0.39528
0.61329 0.31792 0.42359
0.67077 0.22819 0.62071
0.73507 0.16821 0.42781
0.52002 0.46563 0.68473
0.60101 0.42814 0.60262
0.61923 0.29136 0.57923
0.65925 0.42746 0.54942
0.44868 0.41333 0.46764
0.60732 0.31228 0.29743
0.75212 0.38636 0.56683
0.54907 0.48164 0.63649
0.40650 0.28194 0.44491
0.49506 0.34242 0.62171
0.70480 0.22550 0.46767
0.53459 0.32768 0.47355
0.74845 0.26116 0.28487
0.40870 0.41475 0.58030
0.71582 0.29601 0.27915
0.82624 0.45449 0.74661
0.71355 0.27586 0.35282
0.62916 0.32938 0.41900
0.55590 0.21516 0.33821
0.48631 0.32439 0.40744
0.71054 0.30625 0.69158
0.58674 0.25262 0.37333
0.59744 0.26764 0.40228
0.27321 0.41329 0.48588
0.75951 0.22880 0.75564
0.78092 0.25126 0.33681
0.32323 0.47603 0.67546
0.70994 0.27981 0.39355
0.73395 0.30531 0.61276
0.68228 0.43880 0.55926
0.50734 0.13290 0.23494
0.62297 0.41792 0.72676
0.54067 0.32539 0.34005
0.59835 0.35171 0.43088
0.50925 0.41213 0.46295
0.63676 0.34391 0.40986
0.67639 0.34504 0.51309
0.52520 0.28931 0.51465
0.62970 0.23357 0.33348
0.42792 0.24218 0.39292
0.54429 0.40497 0.58178
0.68310 0.17102 0.51413
0.35949 0.21372 0.28176
0.42061 0.22817 0.45579
0.69550 0.26528 0.50620
0.73255 0.24385 0.27729
0.57309 0.26763 0.41413
0.48096 0.31991 0.63152
0.48261 0.29907 0.34293
0.82188 0.47147 0.64509
0.44239 0.26111 0.34425
0.67465 0.50553 0.66183
0.42155 0.51587 0.59940
0.60189 0.20923 0.46412
0.45831 0.38408 0.60679
0.47508 0.30882 0.31774
0.54177 0.13558 0.47620
0.37242 0.32377 0.45385
0.73905 0.26066 0.25173
0.68699 0.32062 0.36982
0.64779 0.24091 0.38156
0.45513 0.33403 0.60102
0.72647 0.31704 0.59299
0.45742 0.35742 0.51172
0.55858 0.41098 0.58377
0.60349 0.26522 0.62318
0.64224 0.22175 0.62869
0.51716 0.33431 0.65142
0.59265 0.13267 0.31087
0.49304 0.49952 0.70706
0.62919 0.20118 0.56026
0.40898 0.28380 0.52413
0.75860 0.24497 0.35208
0.69348 0.39081 0.65885
0.54277 0.23916 0.41061
0.78747 0.33755 0.24398
0.75986 0.23469 0.20787
0.64089 0.27504 0.37917
0.67855 0.28920 0.47677
0.54193 0.17991 0.56761
0.64612 0.34215 0.55349
0.48482 0.27680 0.50829
0.70560 0.20750 0.56829
0.64955 0.41034 0.54955
0.43190 0.25667 0.34368
0.54356 0.13567 0.49101
0.68269 0.25017 0.35092
0.66941 0.31069 0.43600
0.51631 0.30012 0.59764
0.59337 0.38774 0.28934
0.51906 0.31592 0.36893
0.78289 0.46789 0.64318
0.51259 0.26172 0.39354
0.39453 0.38014 0.52285
0.56940 0.50204 0.67080
0.68704 0.27569 0.37521
0.72463 0.33894 0.46205
0.52986 0.23518 0.55497
0.78447 0.45273 0.64772
0.56070 0.46620 0.55059
0.48510 0.39416 0.57433
0.54844 0.33756 0.51313
0.53024 0.42218 0.56942
0.77910 0.20164 0.27429
0.61988 0.18433 0.27428
0.59062 0.21491 0.62305
0.61460 0.30803 0.43298
0.67024 0.32111 0.47692
0.75161 0.23140 0.41976
0.75813 0.29652 0.50312
0.61147 0.48086 0.50907
0.77362 0.27466 0.33006
0.32853 0.37676 0.42824
0.72279 0.27957 0.34523
0.51922 0.19082 0.27644
0.68154 0.36619 0.47760
0.59132 0.41776 0.62343
0.74429 0.36667 0.42512
0.38284 0.36069 0.51248
0.68467 0.48015 0.58866
0.63585 0.39400 0.76304
0.67157 0.31259 0.49685
0.62181 0.38790 0.42040
0.50984 0.38157 0.49687
0.45475 0.30389 0.43343
0.72102 0.28437 0.34370
0.54687 0.32218 0.27579
0.75856 0.26211 0.53456
0.46051 0.29757 0.64427
0.54171 0.25066 0.46065
0.67491 0.27036 0.32255
0.66844 0.17882 0.70537
0.45201 0.41668 0.41212
0.57048 0.30050 0.26712
0.45196 0.39123 0.46514
0.55483 0.31716 0.43120
0.54488 0.20003 0.51840
0.36055 0.42309 0.53368
0.65872 0.31657 0.52495
0.63016 0.23518 0.53090
0.64731 0.37985 0.34954
0.68779 0.46156 0.66635
0.56116 0.39288 0.42869
0.52441 0.25687 0.50188
0.64287 0.20826 0.63255
0.62943 0.21421 0.27206
0.70215 0.22600 0.50616
0.66770 0.25833 0.40523
0.28745 0.43525 0.57764
0.77416 0.54882 0.68423
0.33647 0.29407 0.43428
0.30480 0.43417 0.57646
0.54306 0.30332 0.38217
0.40516 0.36107 0.48677
0.64596 0.51178 0.65682
0.62882 0.61690 0.71303
0.55488 0.14995 0.21706
0.55320 0.35736 0.49625
0.44136 0.37888 0.52875
0.55125 0.45888 0.50621
0.83537 0.26602 0.39388
0.17328 0.49203 0.58859
0.65732 0.40575 0.63898
0.69709 0.45946 0.56776
0.53178 0.49102 0.62438
0.60961 0.32422 0.43482
0.60129 0.22719 0.33148
0.56641 0.39047 0.60691
0.56754 0.39568 0.52508
0.45173 0.20159 0.26595
0.66010 0.35041 0.57582
0.49329 0.42315 0.46195
0.41074 0.35033 0.49688
0.63750 0.27615 0.38949
0.57850 0.30918 0.44828
0.70545 0.18943 0.25954
0.67059 0.31457 0.28850
0.54646 0.33649 0.57399
0.62208 0.30925 0.29891
0.64661 0.29461 0.36747
0.42331 0.30326 0.33025
0.70534 0.26684 0.60895
0.67133 0.51921 0.58658
0.67473 0.45286 0.58562
0.50714 0.30672 0.53877
0.57965 0.46559 0.49534
0.62022 0.28412 0.59941
0.47089 0.27367 0.50600
0.70134 0.29425 0.55583
0.55240 0.22640 0.33886
0.46225 0.36552 0.53677
0.59797 0.23120 0.36702
0.60107 0.40447 0.50162
0.72243 0.15609 0.52688
0.29678 0.12679 0.14327
0.70383 0.15265 0.29286
0.67931 0.44453 0.57093
0.77844 0.25712 0.51529
0.78539 0.35357 0.35957
0.58769 0.17690 0.34592
0.69516 0.35963 0.26282
0.76943 0.18436 0.34255
0.48373 0.36651 0.60013
0.43385 0.14631 0.26267
0.61909 0.42267 0.49173
0.59898 0.34935 0.43970
0.74114 0.56357 0.69178
0.35899 0.45032 0.57088
0.63131 0.47404 0.71266
0.53637 0.23840 0.32435
0.45958 0.60135 0.72552
0.56119 0.22553 0.25761
0.42463 0.40747 0.49714
0.53844 0.50562 0.75534
0.46308 0.42799 0.60285
0.46303 0.28562 0.51403
0.55404 0.31292 0.50838
0.60233 0.11547 0.45245
0.60441 0.33030 0.42686
0.49866 0.23588 0.34242
0.74316 0.52657 0.68294
0.52443 0.33566 0.45266
0.61600 0.46525 0.54781
0.71208 0.38766 0.45031
0.44521 0.30865 0.66861
0.60776 0.23615 0.37307
0.68217 0.30737 0.59012
0.58142 0.22363 0.31742
0.59214 0.26104 0.57514
0.63534 0.38041 0.65828
0.62574 0.43389 0.74382
0.67993 0.38305 0.55663
0.78548 0.55830 0.70883
0.44008 0.29748 0.30053
0.71961 0.26728 0.58653
0.59295 0.25840 0.44255
0.84462 0.49133 0.65372
0.75658 0.35945 0.65618
0.47730 0.39258 0.45501
0.59993 0.26026 0.32156
0.84985 0.47296 0.70537
0.47569 0.34109 0.34364
0.52130 0.31780 0.33931
0.62233 0.18266 0.37414
0.37267 0.28620 0.43393
0.65663 0.33912 0.38867
0.31767 0.47166 0.59126
0.48461 0.19417 0.50479
0.82711 0.28639 0.32249
0.74446 0.43042 0.66114
0.61736 0.28140 0.31251
0.75305 0.26427 0.46141
0.57804 0.26799 0.69007
0.44403 0.39109 0.52962
0.81694 0.58637 0.79863
0.62422 0.24090 0.20167
0.76174 0.24183 0.43343
0.69451 0.30170 0.39000
0.61111 0.34623 0.65578
0.45157 0.23854 0.43730
0.69291 0.27420 0.56836
0.74228 0.20673 0.44334
0.74336 0.26728 0.42919
0.70472 0.39864 0.37461
0.42508 0.49432 0.75536
0.62849 0.25618 0.39576
0.65333 0.23694 0.51041
0.70097 0.37473 0.55659
0.74279 0.34207 0.51623
0.71037 0.29585 0.57770
0.62597 0.31794 0.50643
0.64409 0.43429 0.49533
0.48773 0.18744 0.18357
0.38990 0.34661 0.41524
0.58011 0.41527 0.56232
0.65420 0.28292 0.29950
0.58828 0.26165 0.43447
0.61902 0.15056 0.24467
0.60156 0.31490 0.43339
0.67894 0.45858 0.58569
0.43512 0.22152 0.34260
0.66062 0.30845 0.50711
0.64286 0.33448 0.24006
0.32967 0.48526 0.54058
0.59866 0.38541 0.61026
0.77642 0.32672 0.49620
0.73052 0.41986 0.81256
0.66395 0.35745 0.57725
0.42795 0.31800 0.52017
0.57419 0.34447 0.55853
0.57046 0.21922 0.68771
0.49368 0.26283 0.40024
0.62925 0.17780 0.54324
0.70867 0.36114 0.48509
0.59743 0.23029 0.59372
0.74198 0.36057 0.47428
0.56952 0.22984 0.47404
0.65051 0.21032 0.49567
0.63617 0.17208 0.52021
0.46884 0.26003 0.54119
0.65802 0.32071 0.33319
0.44317 0.23751 0.22306
0.65643 0.53779 0.68227
0.63218 0.40210 0.48791
0.63632 0.36418 0.36698
0.34991 0.29853 0.38987
0.64713 0.29815 0.59115
0.54181 0.18864 0.42429
0.69106 0.31999 0.41941
0.73031 0.42616 0.53716
0.84568 0.42661 0.48671
0.53803 0.28027 0.50850
0.82762 0.61917 0.78664
0.56340 0.30473 0.63688
0.65341 0.33898 0.56568
0.75408 0.29745 0.34237
0.74141 0.22656 0.54291
0.67787 0.24345 0.51439
0.73723 0.51933 0.72234
0.74682 0.26632 0.46659
0.58080 0.28423 0.32401
0.65147 0.39278 0.39087
0.47265 0.45761 0.51519
0.47250 0.27074 0.42587
0.64115 0.45227 0.69742
0.43892 0.31583 0.55832
0.51823 0.17018 0.19134
0.59001 0.20617 0.30530
0.62511 0.20468 0.49678
0.59501 0.28870 0.36964
0.45933 0.43495 0.52569
0.62932 0.19421 0.33042
0.59755 0.46914 0.58050
0.85601 0.60951 0.76470
0.57945 0.42422 0.59744
0.49164 0.34941 0.52255
0.61519 0.31628 0.43257
0.62169 0.14934 0.40909
0.53583 0.27371 0.35780
0.65726 0.48035 0.55669
0.56692 0.34367 0.36682
0.42194 0.14145 0.23534
0.69515 0.51796 0.73254
0.64753 0.34862 0.50415
0.78243 0.30788 0.40684
0.67201 0.33308 0.49034
0.22147 0.51847 0.62900
0.58877 0.40462 0.50366
0.58785 0.31454 0.44658
0.67775 0.19136 0.48787
0.72433 0.29441 0.23786
0.60621 0.42131 0.55955
0.70626 0.23259 0.50654
0.70154 0.37618 0.38450
0.55441 0.19204 0.55393
0.43773 0.26319 0.52530
0.77000 0.37250 0.46684
0.76937 0.36121 0.46302
0.67796 0.28505 0.34270
0.75114 0.21284 0.51527
0.40066 0.32796 0.46217
0.64764 0.33573 0.38147
0.55125 0.29213 0.42500
0.60232 0.24024 0.53606
0.57652 0.34732 0.67216
0.29645 0.54831 0.64431
0.74748 0.51263 0.67992
0.78413 0.44970 0.70223
0.75296 0.27724 0.46132
0.64736 0.24360 0.53110
0.40414 0.30359 0.37778
0.39208 0.34253 0.39101
0.41339 0.45470 0.60799
0.51098 0.35875 0.43101
0.65967 0.40672 0.74119
0.71551 0.24638 0.48402
0.41754 0.36795 0.56011
0.80790 0.19955 0.30463
0.58106 0.25883 0.37711
0.70378 0.35920 0.56396
0.38895 0.35995 0.65225
0.71010 0.33640 0.46961
0.76961 0.45291 0.53279
0.76020 0.37724 0.62409
0.43062 0.22669 0.38377
0.51748 0.44277 0.65014
0.72266 0.20727 0.36507
0.63422 0.21277 0.54226
0.56501 0.41452 0.60896
0.70960 0.24229 0.44255
0.68084 0.19574 0.39163
0.39609 0.39196 0.57244
0.69961 0.55244 0.70327
0.64132 0.30707 0.38877
0.60540 0.18290 0.40950
0.68708 0.49001 0.78349
0.75505 0.45054 0.57167
0.53099 0.42361 0.64712
0.42898 0.27676 0.42815
0.64540 0.18075 0.60602
0.61454 0.19047 0.56718
0.80080 0.20607 0.32547
0.58901 0.22625 0.41161
0.58302 0.47195 0.57718
0.70218 0.35458 0.50372
0.63304 0.33562 0.57560
0.71910 0.46407 0.56134
0.75684 0.54252 0.57525
0.74353 0.38977 0.30482
0.80665 0.43723 0.42886
0.77482 0.14574 0.42441
0.66423 0.34112 0.66555
0.60472 0.21333 0.36505
0.37012 0.22081 0.33399
0.40188 0.27462 0.29938
0.70260 0.28872 0.46244
0.47063 0.30350 0.50767
0.40685 0.25123 0.39207
0.59705 0.29824 0.62893
0.72040 0.22967 0.52199
0.58477 0.37665 0.55637
0.66303 0.37893 0.39955
0.54756 0.27386 0.34897
0.44748 0.54671 0.68885
0.56479 0.47761 0.56407
0.46084 0.26913 0.49921
0.60064 0.38022 0.47277
0.36327 0.20741 0.24229
0.68061 0.44274 0.55352
0.45823 0.32898 0.47523
0.48854 0.26944 0.57412
0.59768 0.38200 0.51999
0.77834 0.37916 0.58270
0.62010 0.14828 0.38657
0.41683 0.23270 0.30577
0.62085 0.25482 0.28293
0.76593 0.18042 0.34071
0.58910 0.33092 0.49513
0.55685 0.23155 0.50764
0.62499 0.29364 0.41405
0.74325 0.37494 0.55091
0.79715 0.41334 0.62766
0.50517 0.22669 0.24012
0.49969 0.20818 0.65044
0.67774 0.46220 0.52370
0.81623 0.44607 0.63270
0.79282 0.14892 0.46073
0.69365 0.29918 0.62589
0.63335 0.16377 0.46423
0.39320 0.53402 0.73365
0.69197 0.21497 0.24042
0.41646 0.33631 0.43812
0.53110 0.31528 0.59264
0.71762 0.27796 0.51161
0.71864 0.28691 0.40183
0.58144 0.33277 0.36848
0.53202 0.35907 0.42361
0.53649 0.37830 0.78282
0.72528 0.18907 0.40673
0.71812 0.48198 0.74834
0.56761 0.24278 0.41324
0.35655 0.35403 0.50674
0.71797 0.30329 0.24359
0.60639 0.38613 0.59089
0.75030 0.13420 0.40941
0.34230 0.17267 0.27345
0.82894 0.43125 0.67231
0.57820 0.36458 0.48478
0.75655 0.38230 0.35314
0.41675 0.22727 0.35600
0.63499 0.29599 0.24256
0.79891 0.36627 0.45112
0.67154 0.25252 0.47404
0.46453 0.32270 0.39349
0.79588 0.33525 0.73325
0.70347 0.41486 0.46588
0.47520 0.38585 0.46444
0.62457 0.33816 0.42194
0.80884 0.33802 0.45274
0.84901 0.45509 0.51507
0.32710 0.37558 0.49555
0.42017 0.35210 0.49648
0.70070 0.32974 0.28612
0.66014 0.32765 0.55590
