20 15 1000 33014 344
0.23465 0.15949 0.16406
0.07656 0.71929 0.10534
0.19606 0.67950 0.03990
0.76640 0.61774 0.38953
0.56985 0.60499 0.33656
0.58723 0.01230 0.04516
0.39843 0.09546 0.92035
0.01390 0.79510 0.58773
0.32522 0.79579 0.40139
0.58267 0.69560 0.43739
0.52286 0.18705 0.15870
0.46958 0.98553 0.97794
0.80906 0.19323 0.87776
0.23326 0.56569 0.50947
0.47805 0.75266 0.27043
0.34023 0.40687 0.31144
0.36212 0.53831 0.48727
0.42153 0.54175 0.38715
0.37273 0.52090 0.35533
0.41577 0.53314 0.35406
0.44745 0.56436 0.45944
0.47071 0.64077 0.45502
0.33501 0.62775 0.45997
0.47138 0.48286 0.42934
0.44270 0.49466 0.47516
0.43903 0.51478 0.38508
0.41458 0.55195 0.34136
0.28338 0.57261 0.40769
0.42033 0.49991 0.26635
0.44464 0.45323 0.26909
0.49564 0.55986 0.37689
0.34461 0.55849 0.38748
0.39550 0.45723 0.43029
0.35982 0.53622 0.43760
0.42522 0.61461 0.40115
0.35875 0.59618 0.46166
0.44813 0.61523 0.39584
0.37139 0.52065 0.49236
0.39100 0.52759 0.41754
0.45473 0.35757 0.50672
0.27731 0.61224 0.30026
0.38902 0.53344 0.43586
0.44922 0.54419 0.38403
0.43924 0.51495 0.41341
0.41637 0.61430 0.34852
0.43286 0.54428 0.39124
0.42419 0.52028 0.30134
0.51332 0.38692 0.49927
0.49355 0.49021 0.42206
0.40273 0.48585 0.45590
0.39444 0.48326 0.37298
0.48854 0.43091 0.36844
0.38803 0.42568 0.38897
0.46370 0.54963 0.39925
0.39158 0.50912 0.34296
0.30176 0.50810 0.27756
0.35417 0.55410 0.35642
0.41167 0.61280 0.48399
0.37402 0.60008 0.41441
0.39823 0.60039 0.41689
0.34274 0.64090 0.33417
0.30209 0.57154 0.37491
0.49030 0.51271 0.32870
0.34739 0.54552 0.38637
0.50544 0.58310 0.53584
0.37582 0.57377 0.53398
0.43084 0.59833 0.42948
0.42135 0.49578 0.55124
0.31284 0.57319 0.36072
0.35644 0.55882 0.39716
0.33263 0.55310 0.35464
0.47186 0.52847 0.45583
0.52832 0.53872 0.43753
0.47578 0.67508 0.57779
0.41081 0.57109 0.40159
0.33188 0.60642 0.39554
0.40392 0.41322 0.34504
0.52750 0.42315 0.39858
0.41544 0.55347 0.29457
0.42117 0.43735 0.51289
0.50404 0.60183 0.45433
0.50738 0.68744 0.60636
0.39075 0.57159 0.37514
0.44306 0.52981 0.47626
0.37734 0.51699 0.51989
0.40695 0.60456 0.40892
0.52429 0.40705 0.52464
0.41739 0.61646 0.39839
0.32512 0.62781 0.30669
0.41231 0.55549 0.41363
0.35128 0.58599 0.33840
0.41619 0.43223 0.30196
0.48865 0.50294 0.49261
0.43554 0.59657 0.45522
0.37599 0.53067 0.35350
0.28684 0.54766 0.42747
0.44948 0.55448 0.30758
0.40359 0.48471 0.31581
0.38654 0.51058 0.40291
0.49113 0.46310 0.50730
0.38104 0.56734 0.48531
0.35209 0.57817 0.26713
0.37729 0.51322 0.41721
0.49282 0.46593 0.54111
0.42853 0.47821 0.35373
0.40982 0.56060 0.40991
0.41869 0.62114 0.35113
0.41216 0.58919 0.44432
0.48059 0.47426 0.35503
0.41515 0.50116 0.43510
0.41984 0.52785 0.35559
0.42974 0.45860 0.36355
0.38119 0.44701 0.31489
0.35735 0.70781 0.44186
0.43752 0.49205 0.36579
0.46559 0.36930 0.32676
0.45322 0.59467 0.54137
0.51618 0.49255 0.46363
0.40605 0.52747 0.40766
0.31458 0.54909 0.27532
0.39372 0.47348 0.38315
0.38688 0.49737 0.32847
0.39702 0.50912 0.46917
0.48858 0.60050 0.44650
0.41042 0.54309 0.34606
0.37924 0.56522 0.43011
0.49452 0.51305 0.41841
0.27329 0.56537 0.50020
0.38239 0.47073 0.34462
0.38117 0.64020 0.38710
0.38653 0.65149 0.26658
0.44538 0.57957 0.51828
0.44493 0.59157 0.48615
0.39460 0.43302 0.47585
0.47168 0.52812 0.49695
0.38772 0.64576 0.32351
0.46078 0.53117 0.48671
0.58969 0.50086 0.48654
0.40803 0.55239 0.37662
0.44738 0.42379 0.46280
0.37607 0.57370 0.42734
0.46481 0.61594 0.47990
0.37628 0.58823 0.45183
0.52573 0.51318 0.48744
0.43514 0.42886 0.32074
0.34629 0.58029 0.37027
0.37353 0.52218 0.36764
0.42844 0.51019 0.34687
0.33098 0.50684 0.37370
0.45323 0.44111 0.36471
0.35727 0.45525 0.39568
0.44110 0.40863 0.27688
0.41508 0.58501 0.36505
0.34518 0.59519 0.34103
0.40615 0.57815 0.40833
0.41247 0.55591 0.51913
0.41295 0.60452 0.35765
0.35475 0.52506 0.37713
0.45884 0.41032 0.33126
0.46775 0.56494 0.42152
0.43371 0.34304 0.30642
0.54317 0.48094 0.47527
0.39375 0.52601 0.53212
0.29281 0.57280 0.44659
0.36088 0.50223 0.33447
0.35046 0.70488 0.49780
0.38562 0.59054 0.48150
0.46442 0.32163 0.42955
0.42548 0.41413 0.44022
0.52921 0.36663 0.29673
0.47579 0.58775 0.43807
0.54583 0.47122 0.60729
0.37391 0.46063 0.40501
0.35765 0.55306 0.29486
0.41180 0.42612 0.31303
0.32881 0.53795 0.26669
0.44931 0.60040 0.46471
0.43196 0.50631 0.41899
0.34926 0.53090 0.44056
0.39491 0.42143 0.34733
0.31961 0.63168 0.49676
0.43850 0.45175 0.48120
0.30189 0.57626 0.32620
0.45831 0.47388 0.31525
0.53729 0.51249 0.54745
0.46014 0.63841 0.47816
0.44659 0.32923 0.27321
0.37324 0.50534 0.27869
0.51096 0.49481 0.52394
0.35085 0.40737 0.35709
0.51657 0.49789 0.44575
0.28008 0.57604 0.40114
0.43994 0.55066 0.35915
0.42668 0.57434 0.41721
0.43284 0.44835 0.30700
0.33545 0.57251 0.47575
0.34417 0.59184 0.49457
0.41465 0.36952 0.37831
0.40068 0.34950 0.59413
0.34934 0.57052 0.27749
0.49730 0.53131 0.38689
0.46629 0.48691 0.43775
0.32711 0.60806 0.54401
0.41691 0.66554 0.46857
0.44217 0.50480 0.41276
0.41242 0.55185 0.41906
0.41110 0.50314 0.37136
0.40181 0.59121 0.40115
0.37426 0.64566 0.42602
0.42631 0.50332 0.40388
0.44007 0.52659 0.46375
0.50460 0.48174 0.35504
0.38533 0.54740 0.47032
0.40789 0.38091 0.53420
0.37326 0.50219 0.25485
0.41037 0.42049 0.35225
0.42391 0.41771 0.34723
0.44875 0.54461 0.41930
0.38301 0.64646 0.41700
0.40230 0.55464 0.42316
0.31204 0.52020 0.28128
0.50919 0.52890 0.38317
0.44428 0.39714 0.39347
0.36352 0.45644 0.44118
0.36663 0.57104 0.36983
0.46341 0.60879 0.57368
0.46122 0.44663 0.53211
0.38396 0.41639 0.31616
0.44279 0.56860 0.38984
0.46702 0.45789 0.34546
0.50565 0.49398 0.48373
0.38827 0.46339 0.50217
0.36079 0.46534 0.41087
0.41534 0.43414 0.30726
0.45319 0.35639 0.37607
0.55772 0.49693 0.56136
0.40973 0.73143 0.56317
0.43362 0.62417 0.51422
0.46616 0.49688 0.37626
0.47887 0.47015 0.45900
0.46839 0.43990 0.39604
0.48653 0.48344 0.42599
0.43350 0.45271 0.35737
0.42916 0.46099 0.57885
0.44210 0.42609 0.38726
0.39106 0.50993 0.38559
0.45642 0.60432 0.32925
0.38114 0.58200 0.44988
0.46949 0.58735 0.48711
0.38944 0.49370 0.46718
0.41708 0.47638 0.43324
0.30716 0.57298 0.31100
0.43520 0.63843 0.43562
0.55815 0.51124 0.48869
0.46290 0.35049 0.47142
0.45797 0.59000 0.38365
0.35061 0.55725 0.35015
0.45378 0.48065 0.39771
0.44404 0.57473 0.35345
0.32944 0.53445 0.38088
0.44524 0.46740 0.50411
0.27828 0.61928 0.41124
0.41288 0.57225 0.38296
0.42948 0.52337 0.46292
0.38626 0.61483 0.48085
0.38639 0.60010 0.35773
0.37503 0.39969 0.46442
0.53948 0.45025 0.35015
0.45946 0.43790 0.46496
0.46875 0.59981 0.44681
0.44513 0.65761 0.50177
0.27339 0.65058 0.30298
0.36919 0.58354 0.32961
0.40176 0.52345 0.31140
0.37582 0.58286 0.37350
0.39216 0.54528 0.38798
0.42495 0.48589 0.33506
0.39985 0.57324 0.44786
0.39166 0.65032 0.53124
0.39919 0.46010 0.45787
0.36822 0.44534 0.38855
0.42548 0.56917 0.46616
0.33929 0.31915 0.42764
0.52422 0.38533 0.42219
0.44301 0.61649 0.43633
0.42308 0.39617 0.27602
0.43973 0.54373 0.51995
0.40970 0.49915 0.50452
0.41522 0.52158 0.39408
0.40228 0.46924 0.32475
0.47308 0.52805 0.40275
0.33743 0.49500 0.37689
0.41491 0.43178 0.28803
0.37174 0.62873 0.43413
0.44548 0.56593 0.42226
0.33297 0.66020 0.37264
0.44456 0.56017 0.36084
0.44004 0.45502 0.55293
0.42745 0.42689 0.45880
0.37430 0.51623 0.53393
0.38873 0.58992 0.44472
0.51138 0.50209 0.50087
0.49235 0.47391 0.57283
0.36704 0.48705 0.41527
0.42402 0.51540 0.34757
0.42943 0.48385 0.41836
0.42718 0.59356 0.38496
0.47190 0.42613 0.48839
0.45069 0.49341 0.41654
0.31738 0.55371 0.47159
0.26337 0.67203 0.34407
0.38582 0.42450 0.34182
0.40558 0.56838 0.50365
0.40999 0.50472 0.49030
0.50093 0.48125 0.45330
0.30794 0.46895 0.59109
0.42075 0.42215 0.40630
0.41093 0.52712 0.32089
0.49407 0.56442 0.50278
0.40312 0.49087 0.36076
0.46960 0.38305 0.35142
0.50701 0.54353 0.50640
0.38987 0.46508 0.43358
0.40878 0.46972 0.48846
0.40017 0.47278 0.42419
0.43916 0.40380 0.35804
0.35064 0.61801 0.49337
0.40352 0.46113 0.40106
0.41483 0.49524 0.35857
0.42184 0.58704 0.42061
0.41111 0.58028 0.30190
0.43466 0.41205 0.34188
0.44959 0.60904 0.41328
0.46620 0.50986 0.42427
0.39582 0.61846 0.47527
0.46585 0.50003 0.44195
0.41252 0.60554 0.36393
0.35628 0.53472 0.43630
0.38686 0.63670 0.37048
0.46654 0.49825 0.45773
0.42401 0.44919 0.52227
0.32169 0.57855 0.45016
0.48157 0.63471 0.48032
0.48370 0.57765 0.59478
0.47222 0.59586 0.44006
0.33010 0.59831 0.43539
0.36323 0.52754 0.32343
0.42278 0.52940 0.49757
0.44465 0.59585 0.48744
0.46091 0.54223 0.43444
0.41492 0.54972 0.52431
0.49774 0.40801 0.49850
0.45633 0.55542 0.33099
0.38172 0.54547 0.30127
0.46704 0.45870 0.41922
0.52966 0.52784 0.48156
0.40375 0.54804 0.44879
0.37692 0.56917 0.41304
0.37491 0.48318 0.51553
0.37754 0.38158 0.33773
0.36903 0.50723 0.29237
0.36469 0.69328 0.52961
0.44901 0.53931 0.50995
0.42205 0.49305 0.36112
0.41656 0.48001 0.34678
0.44422 0.59981 0.54795
0.48870 0.58174 0.49232
0.40373 0.47571 0.39240
0.47047 0.37331 0.29633
0.45668 0.62974 0.41781
0.41750 0.50999 0.46118
0.35396 0.50090 0.39172
0.44626 0.53495 0.49072
0.40194 0.57653 0.53801
0.44271 0.52599 0.50466
0.40391 0.53076 0.37123
0.37405 0.69182 0.51157
0.43705 0.61622 0.35911
0.44764 0.38550 0.32147
0.35637 0.45497 0.48920
0.43375 0.54692 0.40061
0.39873 0.37269 0.36228
0.46653 0.56408 0.48570
0.51280 0.49311 0.40919
0.45334 0.56717 0.36094
0.41214 0.61833 0.42539
0.42760 0.56815 0.32837
0.57233 0.55222 0.53310
0.38339 0.38553 0.35382
0.55045 0.56310 0.42358
0.38352 0.47612 0.54111
0.37811 0.51355 0.32487
0.44146 0.51702 0.46365
0.35743 0.56139 0.43235
0.26203 0.61734 0.35786
0.44305 0.43355 0.36701
0.46024 0.58625 0.41281
0.37933 0.59092 0.43647
0.34446 0.45509 0.41621
0.42285 0.59772 0.45064
0.32004 0.57594 0.33377
0.43133 0.51798 0.43930
0.39205 0.46541 0.32812
0.39615 0.48082 0.29344
0.49209 0.60246 0.32422
0.43712 0.57259 0.50584
0.27070 0.58434 0.25439
0.41310 0.44225 0.47838
0.42025 0.49572 0.42441
0.36949 0.51870 0.54523
0.50593 0.39732 0.26110
0.43208 0.54442 0.47846
0.49436 0.54436 0.40838
0.41969 0.57454 0.49477
0.42040 0.57225 0.53541
0.52184 0.50487 0.32930
0.34690 0.57621 0.33028
0.35476 0.54123 0.39694
0.49690 0.57718 0.44832
0.47692 0.58405 0.38741
0.37779 0.47221 0.27250
0.36500 0.54121 0.49113
0.45867 0.58017 0.45398
0.37663 0.40149 0.53681
0.35258 0.72835 0.52343
0.43046 0.62049 0.39921
0.43221 0.44695 0.39297
0.49457 0.53151 0.61222
0.49221 0.44765 0.37981
0.44363 0.49963 0.38606
0.45724 0.55350 0.47532
0.54598 0.45962 0.56989
0.36456 0.61603 0.40184
0.47843 0.38376 0.23050
0.34689 0.58101 0.38291
0.44598 0.60759 0.52367
0.39097 0.61403 0.51256
0.46512 0.58686 0.43289
0.51721 0.53298 0.45646
0.54388 0.43158 0.47863
0.40723 0.58760 0.39021
0.41918 0.54463 0.44643
0.36441 0.39343 0.27794
0.39550 0.54561 0.45566
0.44079 0.59546 0.31382
0.44473 0.54640 0.44598
0.37295 0.57197 0.41855
0.42464 0.58805 0.39461
0.47110 0.40327 0.50141
0.34921 0.58124 0.41335
0.43244 0.58728 0.51062
0.39176 0.56828 0.34730
0.37529 0.49030 0.34099
0.39032 0.41708 0.30032
0.37447 0.41113 0.35996
0.40083 0.54543 0.32266
0.47395 0.58636 0.52372
0.38286 0.56158 0.35459
0.48397 0.49649 0.57749
0.43236 0.46486 0.45685
0.41485 0.59898 0.45964
0.38323 0.47263 0.28711
0.41543 0.64414 0.50926
0.43714 0.57188 0.37576
0.42431 0.46843 0.29976
0.41684 0.51037 0.39752
0.39803 0.53470 0.34965
0.42780 0.53480 0.49120
0.48325 0.53610 0.37994
0.44077 0.59762 0.38954
0.42988 0.46159 0.45136
0.36602 0.56257 0.38650
0.33204 0.59059 0.30769
0.42715 0.52782 0.45147
0.43118 0.74416 0.60038
0.43745 0.54855 0.48540
0.38964 0.59713 0.36249
0.31150 0.50268 0.27251
0.39675 0.57841 0.35310
0.45294 0.70660 0.64382
0.34161 0.48331 0.37811
0.35425 0.43872 0.38892
0.38760 0.50915 0.44772
0.44998 0.52174 0.38183
0.37796 0.54305 0.42907
0.50584 0.50848 0.51412
0.52641 0.52660 0.38193
0.36109 0.45721 0.44246
0.43861 0.48854 0.34019
0.46400 0.52835 0.33427
0.47031 0.49581 0.40187
0.42985 0.51491 0.44175
0.45046 0.41757 0.39993
0.52751 0.38967 0.37121
0.43698 0.45753 0.42127
0.40614 0.50777 0.34118
0.37150 0.48637 0.49322
0.37470 0.62371 0.40237
0.48452 0.50176 0.50126
0.46877 0.44861 0.30516
0.40210 0.52765 0.39195
0.44211 0.38460 0.35201
0.40254 0.51867 0.47973
0.40572 0.46763 0.33358
0.41054 0.64880 0.37771
0.43162 0.62072 0.39121
0.36546 0.52140 0.46025
0.34563 0.55110 0.45549
0.37557 0.60302 0.50841
0.36804 0.45858 0.44252
0.52003 0.58631 0.36415
0.42997 0.43911 0.29089
0.40104 0.61614 0.40119
0.37270 0.67491 0.45673
0.38513 0.38045 0.44404
0.39423 0.52522 0.41077
0.36353 0.45920 0.23038
0.41253 0.39915 0.33750
0.34122 0.66174 0.33899
0.42091 0.53699 0.42329
0.37696 0.65726 0.40123
0.45055 0.48481 0.45284
0.45517 0.50756 0.37394
0.38500 0.38104 0.38657
0.35763 0.64805 0.33310
0.46774 0.42884 0.46468
0.39139 0.58739 0.46977
0.45080 0.66783 0.43900
0.35663 0.53495 0.44717
0.33019 0.55210 0.42059
0.55608 0.57724 0.45174
0.36016 0.45567 0.43887
0.38412 0.51124 0.30058
0.38935 0.40092 0.35312
0.44829 0.61365 0.33823
0.44582 0.47370 0.48710
0.46856 0.56876 0.48599
0.38241 0.60456 0.37742
0.32723 0.58777 0.44741
0.43895 0.48896 0.34506
0.40138 0.53471 0.27832
0.43034 0.51182 0.50081
0.48671 0.53620 0.50158
0.50641 0.43286 0.30878
0.40528 0.47293 0.28274
0.40862 0.61580 0.40714
0.42763 0.48842 0.40914
0.36000 0.48462 0.47623
0.43170 0.48434 0.46495
0.46098 0.48751 0.45497
0.51408 0.39255 0.38353
0.37125 0.56443 0.45882
0.46204 0.44111 0.42700
0.46222 0.61824 0.55024
0.37947 0.45494 0.53139
0.48920 0.46920 0.39911
0.41897 0.38859 0.57628
0.43026 0.47717 0.24484
0.36846 0.53147 0.35362
0.39468 0.50650 0.45002
0.48864 0.54422 0.35788
0.55253 0.46239 0.37329
0.40522 0.54874 0.30716
0.44631 0.41700 0.33338
0.28374 0.50479 0.41963
0.41511 0.71214 0.56822
0.34490 0.54227 0.37610
0.48515 0.60206 0.55462
0.48547 0.54049 0.42368
0.43856 0.54377 0.42087
0.38675 0.39354 0.48924
0.42393 0.49392 0.46843
0.46341 0.37811 0.36250
0.38987 0.63058 0.35810
0.45075 0.47090 0.27462
0.41267 0.48957 0.32523
0.38916 0.50370 0.30511
0.34088 0.52410 0.34471
0.44115 0.38791 0.24875
0.43249 0.56233 0.37792
0.34090 0.54256 0.42276
0.33755 0.58985 0.33834
0.38688 0.46403 0.24801
0.39833 0.40513 0.53486
0.35974 0.58169 0.30047
0.47488 0.56048 0.49559
0.38253 0.57233 0.28765
0.39233 0.59419 0.35941
0.47042 0.52497 0.37481
0.42371 0.54582 0.32746
0.36995 0.59336 0.35405
0.31429 0.54990 0.51835
0.32251 0.69028 0.28871
0.38752 0.55648 0.54054
0.36880 0.60900 0.36843
0.43923 0.38685 0.40695
0.45586 0.47396 0.46036
0.45030 0.43575 0.44422
0.37723 0.59160 0.40889
0.38931 0.50218 0.36556
0.42128 0.49958 0.36375
0.26517 0.59928 0.36385
0.40570 0.44346 0.30803
0.39269 0.53521 0.40105
0.43406 0.40614 0.52775
0.33777 0.45178 0.42393
0.39912 0.54643 0.35072
0.46492 0.52383 0.37485
0.39447 0.56852 0.38414
0.41309 0.35029 0.50515
0.39969 0.51262 0.36687
0.26588 0.57738 0.49804
0.28619 0.56911 0.31255
0.39285 0.46283 0.38645
0.37226 0.44364 0.42723
0.40215 0.54944 0.50545
0.30661 0.62981 0.45430
0.50539 0.48147 0.55141
0.40421 0.53359 0.40788
0.50648 0.33982 0.27921
0.39298 0.61568 0.39519
0.39929 0.42262 0.29943
0.45957 0.56554 0.40058
0.36884 0.55034 0.46827
0.34422 0.54317 0.39844
0.48461 0.52396 0.46037
0.46493 0.49224 0.41784
0.39725 0.52310 0.33856
0.40029 0.61846 0.41778
0.40101 0.53089 0.23365
0.40247 0.45215 0.44715
0.31727 0.60133 0.34788
0.45825 0.58824 0.40425
0.47210 0.49714 0.40209
0.36666 0.57687 0.47319
0.38826 0.55020 0.50590
0.45803 0.60168 0.52463
0.32863 0.58867 0.33290
0.46990 0.58722 0.51251
0.33469 0.56985 0.35382
0.32041 0.60089 0.35526
0.34650 0.58372 0.33696
0.34267 0.41011 0.29020
0.40538 0.50526 0.42125
0.49461 0.60106 0.52444
0.44092 0.58396 0.43480
0.44616 0.39147 0.32399
0.46204 0.65879 0.42956
0.46683 0.47782 0.38836
0.43243 0.60492 0.47542
0.47002 0.56840 0.42531
0.39396 0.55436 0.48878
0.38340 0.50672 0.33184
0.36376 0.38998 0.43376
0.43621 0.40384 0.41720
0.49720 0.51716 0.46401
0.30176 0.57612 0.29594
0.51703 0.52640 0.39724
0.40565 0.46233 0.33628
0.37478 0.44785 0.29852
0.44500 0.56778 0.45942
0.50371 0.63103 0.41255
0.44486 0.51321 0.33214
0.39771 0.52571 0.40675
0.44357 0.52644 0.42683
0.40351 0.60173 0.39226
0.36259 0.45931 0.38263
0.36092 0.62287 0.42107
0.34878 0.62067 0.42610
0.43146 0.51301 0.48306
0.45537 0.45430 0.43148
0.41864 0.45328 0.41058
0.49899 0.53222 0.56260
0.39155 0.48897 0.39530
0.43217 0.39935 0.28254
0.43092 0.47487 0.33432
0.49792 0.63247 0.46495
0.44465 0.43543 0.41067
0.53897 0.42290 0.44094
0.38152 0.53796 0.30303
0.40657 0.49576 0.35829
0.42977 0.48484 0.48105
0.38203 0.45316 0.35896
0.42848 0.60815 0.36487
0.27284 0.62800 0.33154
0.43740 0.50313 0.32225
0.43162 0.56777 0.31080
0.39671 0.60322 0.45126
0.34116 0.56823 0.43968
0.38869 0.58646 0.40884
0.42982 0.52628 0.39518
0.47306 0.56789 0.49797
0.30546 0.53304 0.34078
0.33766 0.63119 0.35876
0.38780 0.52673 0.32012
0.28956 0.63936 0.45544
0.45944 0.44984 0.35784
0.44080 0.52404 0.45741
0.38757 0.55840 0.49527
0.42414 0.55643 0.47351
0.41330 0.52881 0.27576
0.39379 0.47416 0.52502
0.38296 0.53578 0.38597
0.42059 0.45227 0.39150
0.42469 0.49050 0.38154
0.40826 0.59930 0.32359
0.44530 0.47452 0.29692
0.37996 0.51132 0.36599
0.35181 0.45128 0.38122
0.38470 0.55541 0.36374
0.40832 0.50919 0.40175
0.41036 0.51235 0.32509
0.40675 0.63653 0.39950
0.49904 0.53838 0.47187
0.44119 0.47739 0.43140
0.51434 0.48513 0.39249
0.38402 0.59965 0.45769
0.48663 0.54910 0.41322
0.52002 0.50741 0.54922
0.35759 0.68356 0.61497
0.35527 0.39999 0.37420
0.41915 0.42471 0.27020
0.36412 0.52044 0.45924
0.52774 0.55046 0.47803
0.34278 0.50914 0.36401
0.42475 0.51007 0.43361
0.54002 0.43174 0.40561
0.36326 0.51649 0.40902
0.45354 0.41129 0.57107
0.38849 0.54295 0.39016
0.34649 0.63092 0.32791
0.39476 0.53733 0.45215
0.48558 0.49239 0.35715
0.30120 0.63330 0.43779
0.39689 0.47870 0.33695
0.44725 0.41775 0.44137
0.44166 0.52077 0.41286
0.40919 0.48126 0.58805
0.40909 0.59226 0.43092
0.39971 0.60439 0.26767
0.41622 0.60391 0.35980
0.40066 0.73721 0.51398
0.39807 0.63835 0.42606
0.34397 0.57906 0.54640
0.45468 0.40751 0.47762
0.44201 0.41696 0.37194
0.41266 0.57837 0.36499
0.35753 0.68534 0.40345
0.42216 0.59709 0.40048
0.47324 0.59644 0.47383
0.37382 0.58022 0.53412
0.49129 0.52409 0.39359
0.47206 0.43806 0.46723
0.43695 0.48631 0.36752
0.40846 0.55991 0.54519
0.41385 0.50403 0.37770
0.40186 0.63705 0.40378
0.42473 0.46340 0.46674
0.44580 0.47941 0.28373
0.45664 0.55160 0.32183
0.36134 0.58634 0.43850
0.46219 0.52932 0.40274
0.40706 0.52188 0.38748
0.38655 0.59412 0.52474
0.42397 0.48325 0.34599
0.40740 0.59525 0.43201
0.36643 0.54505 0.36260
0.37630 0.49131 0.44860
0.40554 0.46970 0.32723
0.31039 0.49832 0.26327
0.44409 0.51419 0.40151
0.46568 0.58202 0.51095
0.46894 0.58907 0.31120
0.40981 0.43935 0.37703
0.43366 0.44392 0.44861
0.41987 0.55834 0.33494
0.38913 0.52601 0.42392
0.44001 0.54101 0.35661
0.42274 0.47344 0.40904
0.41333 0.57609 0.47307
0.36443 0.52438 0.34579
0.40216 0.54544 0.28855
0.43247 0.34979 0.38169
0.36334 0.52975 0.32666
0.33162 0.57108 0.28312
0.40089 0.52030 0.42769
0.44685 0.41786 0.30756
0.34428 0.49742 0.31889
0.45653 0.56904 0.47132
0.37438 0.59523 0.44281
0.42304 0.39926 0.36050
0.47029 0.47773 0.37848
0.40420 0.71098 0.48519
0.41996 0.65756 0.52428
0.29078 0.47162 0.37364
0.42746 0.45636 0.54005
0.33174 0.51602 0.22525
0.49982 0.54894 0.53932
0.48691 0.38893 0.38036
0.36242 0.54041 0.36904
0.40266 0.50267 0.29526
0.37678 0.46193 0.37032
0.46105 0.53784 0.32364
0.40493 0.53126 0.54320
0.37563 0.60280 0.34566
0.39962 0.51112 0.32863
0.48916 0.56987 0.58278
0.36932 0.54455 0.39885
0.45454 0.46119 0.44144
0.48256 0.61761 0.48340
0.38977 0.55133 0.48934
0.32411 0.65500 0.54947
0.48096 0.42278 0.49812
0.43335 0.45942 0.37027
0.49591 0.51880 0.33413
0.47599 0.53657 0.30578
0.46017 0.67644 0.63561
0.45644 0.48904 0.29377
0.37167 0.51004 0.42119
0.48776 0.44216 0.51903
0.40577 0.52702 0.46629
0.41726 0.58721 0.37027
0.34621 0.43004 0.32688
0.18969 0.64104 0.40370
0.43479 0.51129 0.56710
0.41055 0.57558 0.35884
0.39054 0.43499 0.34909
0.40601 0.54153 0.41689
0.36896 0.56816 0.40675
0.44847 0.66225 0.42183
0.51692 0.39715 0.47325
0.39813 0.61430 0.34398
0.42125 0.55540 0.39906
0.34631 0.55500 0.25735
0.52838 0.55320 0.40365
0.46296 0.51723 0.49110
0.41134 0.50239 0.50807
0.44217 0.49516 0.45289
0.49647 0.59642 0.50439
0.39962 0.57094 0.39480
0.35336 0.52634 0.43898
0.33049 0.56541 0.32018
0.44117 0.55241 0.41430
0.44612 0.51891 0.50173
0.35310 0.60663 0.43224
0.42022 0.68752 0.50977
0.39907 0.46320 0.47936
0.37477 0.48847 0.48652
0.40043 0.55295 0.34109
0.41147 0.58144 0.48996
0.39425 0.61252 0.45833
0.35575 0.59352 0.36881
0.38459 0.61260 0.44068
0.44377 0.43388 0.60004
0.44559 0.44146 0.47909
0.44315 0.69216 0.47636
0.32050 0.57767 0.34411
0.36786 0.57242 0.32117
0.47057 0.53624 0.46116
0.49477 0.36279 0.33028
0.41594 0.58505 0.35788
0.45496 0.44846 0.43134
0.43459 0.56108 0.40463
0.38576 0.64729 0.37681
0.36418 0.54395 0.33745
0.24608 0.52334 0.47566
0.42373 0.59425 0.49325
0.51820 0.38831 0.63332
0.49461 0.42137 0.50440
0.48906 0.34025 0.39435
0.42069 0.56654 0.43735
0.48946 0.46439 0.36258
0.48696 0.57427 0.40734
0.48948 0.64194 0.44506
0.43908 0.41295 0.49071
0.34549 0.54130 0.33038
0.42765 0.50180 0.35003
0.38137 0.62569 0.44013
0.38225 0.53756 0.47585
0.48654 0.54951 0.37575
0.39833 0.49879 0.47115
0.53047 0.34468 0.28797
0.43582 0.62141 0.43326
0.46238 0.48336 0.38382
0.42459 0.52638 0.31179
0.38916 0.55581 0.36613
0.41074 0.52008 0.55289
0.41631 0.49710 0.39552
0.42367 0.51443 0.49061
0.41745 0.43283 0.50669
0.38765 0.35230 0.43463
0.39643 0.46681 0.26936
0.31877 0.44505 0.25972
0.39681 0.56933 0.36886
0.35716 0.59487 0.41001
0.32999 0.64975 0.39594
0.40707 0.52783 0.36297
0.44324 0.57710 0.48022
0.47107 0.57888 0.43519
0.32658 0.59068 0.31786
0.41479 0.45120 0.43360
0.44921 0.67040 0.49574
0.43925 0.60044 0.53299
0.36418 0.57017 0.39535
0.49965 0.43366 0.57195
0.38572 0.48457 0.46193
0.35789 0.54694 0.38265
0.39146 0.44722 0.36638
0.39728 0.54927 0.35739
0.43688 0.36553 0.42165
0.44364 0.59062 0.48269
0.45929 0.59374 0.55347
0.41767 0.47330 0.36688
0.51807 0.40622 0.52206
0.34195 0.62973 0.38145
0.36755 0.65876 0.49298
0.46447 0.44010 0.36944
0.43755 0.48356 0.38707
0.41187 0.38886 0.36653
0.50542 0.59174 0.47102
0.34072 0.70454 0.42425
0.39091 0.63812 0.38441
0.44476 0.56900 0.39101
0.36362 0.62087 0.39828
0.44531 0.58757 0.41348
0.44808 0.57087 0.44191
0.32322 0.57602 0.35383
0.44992 0.52266 0.44317
0.42155 0.38480 0.35156
0.37529 0.56311 0.42929
0.37385 0.68332 0.50620
0.36295 0.59543 0.40715
0.42857 0.56625 0.41577
0.39905 0.56209 0.39567
0.38329 0.52987 0.41767
0.39111 0.46365 0.40227
0.41462 0.45219 0.57639
0.35618 0.42709 0.45642
0.42885 0.52656 0.37828
0.41987 0.54886 0.49524
0.50278 0.44534 0.39863
0.35967 0.63367 0.41180
0.36109 0.50747 0.43946
0.47977 0.40473 0.40857
0.43217 0.54674 0.43932
0.43062 0.49207 0.45369
0.38732 0.47991 0.37857
0.39745 0.63887 0.43427
0.45806 0.55652 0.42738
0.40070 0.53520 0.44776
0.46538 0.56134 0.37374
0.41330 0.54852 0.52332
0.36824 0.53543 0.44076
0.50970 0.35304 0.45593
0.58271 0.47136 0.48486
0.44207 0.48037 0.29620
0.48567 0.45062 0.41127
0.51918 0.43795 0.35961
0.43351 0.33850 0.53508
0.42583 0.59010 0.50732
0.40938 0.56247 0.38644
0.41664 0.57239 0.37668
0.39636 0.60369 0.35367
0.34684 0.56699 0.36703
0.46485 0.47486 0.36588
0.34699 0.50949 0.38425
0.44080 0.56336 0.39154
0.27639 0.55056 0.42665
0.44086 0.56653 0.36101
0.39597 0.52626 0.45859
0.46859 0.54052 0.36131
0.40745 0.53915 0.32638
0.41934 0.68338 0.55789
0.31919 0.62943 0.38818
0.45621 0.42289 0.41080
0.43961 0.52754 0.45806
0.52435 0.47770 0.47079
0.42293 0.56647 0.46300
0.50019 0.41296 0.42408
0.33992 0.54084 0.41542
0.50681 0.37475 0.48909
0.40698 0.40902 0.45458
0.42614 0.56941 0.42402
0.53845 0.46251 0.52158
0.22896 0.68229 0.42358
0.48292 0.52063 0.34138
0.41068 0.55473 0.37600
0.41036 0.51040 0.39503
0.46114 0.50826 0.52104
0.36143 0.46620 0.36573
0.42908 0.54754 0.36024
0.45467 0.60336 0.36264
0.49339 0.48972 0.36422
0.37267 0.52323 0.42862
0.54633 0.54370 0.58301
0.31928 0.62915 0.30864
0.40010 0.55695 0.39024
0.47098 0.55355 0.43273
0.43423 0.46304 0.25977
0.42669 0.52117 0.41442
0.49474 0.43915 0.43300
0.45216 0.49496 0.40361
0.44153 0.52775 0.44168
0.41787 0.34135 0.30889
0.40428 0.51329 0.55408
0.37756 0.58249 0.44847
0.51608 0.59235 0.41726
0.45426 0.33389 0.30868
0.43325 0.59983 0.34282
0.36932 0.52751 0.35407
0.42421 0.47314 0.44231
0.45834 0.46032 0.34936
0.39956 0.45799 0.30708
0.36486 0.40806 0.33790
0.46778 0.49950 0.55549
