20 14 1000 36223 4173
0.14525 0.03537 0.07652
0.54196 0.66369 0.81371
0.59927 0.05287 0.72223
0.76947 0.09518 0.17067
0.49968 0.25717 0.00636
0.16832 0.16022 0.16609
0.10866 0.95262 0.38382
0.05088 0.36444 0.64577
0.49336 0.57260 0.07689
0.51647 0.94836 0.76070
0.10078 0.83369 0.89726
0.90315 0.35144 0.60023
0.53167 0.44671 0.25229
0.23558 0.35944 0.43252
0.30159 0.36200 0.37946
0.47834 0.42019 0.31969
0.30745 0.45228 0.35761
0.35263 0.53963 0.43500
0.48499 0.48978 0.32358
0.39904 0.35207 0.35782
0.32575 0.39638 0.36137
0.41137 0.37892 0.34771
0.36845 0.57793 0.42387
0.48914 0.34315 0.38206
0.45465 0.48194 0.47774
0.40488 0.45548 0.34726
0.35723 0.53796 0.52169
0.38412 0.33463 0.34452
0.36825 0.34274 0.30438
0.32426 0.43692 0.44247
0.33833 0.43118 0.32200
0.37588 0.38167 0.35775
0.36432 0.35416 0.37045
0.32371 0.41506 0.51039
0.35267 0.43466 0.32973
0.36461 0.35676 0.49845
0.37406 0.41555 0.38418
0.33691 0.34070 0.36776
0.29229 0.48902 0.41272
0.32201 0.55773 0.42272
0.38894 0.47709 0.50194
0.35933 0.40439 0.40920
0.52336 0.43396 0.52603
0.35183 0.40707 0.37759
0.42367 0.43214 0.33192
0.35595 0.45677 0.38608
0.38664 0.47543 0.41057
0.35681 0.44996 0.44397
0.44845 0.55541 0.54014
0.43291 0.34349 0.30754
0.41135 0.44018 0.38242
0.40070 0.64917 0.56014
0.40433 0.47862 0.37594
0.35239 0.41188 0.40898
0.35688 0.47748 0.30934
0.35677 0.57987 0.50746
0.38534 0.43933 0.38919
0.42394 0.44197 0.33074
0.36734 0.53999 0.53013
0.37305 0.53290 0.36692
0.44421 0.50269 0.48101
0.46163 0.48595 0.48090
0.71604 0.37792 0.49298
0.32342 0.50211 0.47341
0.45135 0.41643 0.42709
0.33672 0.31676 0.37517
0.45909 0.40981 0.49260
0.29780 0.46049 0.46353
0.40858 0.44851 0.38772
0.49150 0.55965 0.54885
0.60391 0.33692 0.31099
0.43537 0.44945 0.36216
0.45036 0.35635 0.32328
0.46002 0.50102 0.45875
0.32002 0.37865 0.27299
0.35087 0.38733 0.37313
0.42925 0.45288 0.44717
0.52112 0.42431 0.40275
0.40632 0.41563 0.39770
0.34743 0.32773 0.30091
0.46865 0.50876 0.51063
0.41210 0.55128 0.44319
0.39328 0.53003 0.47786
0.44365 0.44818 0.34440
0.42667 0.54399 0.52551
0.38528 0.41452 0.35761
0.35210 0.38866 0.37681
0.38154 0.38626 0.43348
0.53808 0.53108 0.53746
0.35731 0.52556 0.44109
0.43580 0.46449 0.44759
0.53467 0.51900 0.47199
0.39891 0.46347 0.37341
0.33607 0.41141 0.32437
0.51103 0.38910 0.53114
0.34179 0.34307 0.26719
0.43355 0.34308 0.35542
0.45559 0.34958 0.33277
0.26278 0.59064 0.45772
0.40167 0.42622 0.52438
0.44386 0.46417 0.38906
0.43023 0.54622 0.43080
0.48855 0.42729 0.48480
0.43636 0.36772 0.41022
0.45706 0.36284 0.31949
0.31780 0.34850 0.40971
0.44632 0.41461 0.46156
0.38216 0.43191 0.36677
0.47042 0.53561 0.58658
0.35004 0.53570 0.35274
0.36669 0.66335 0.52964
0.41738 0.47022 0.23233
0.37647 0.33071 0.44245
0.43213 0.34130 0.30080
0.41960 0.46628 0.37554
0.36768 0.39534 0.33188
0.35878 0.58392 0.56465
0.35308 0.56633 0.64272
0.38201 0.51705 0.36785
0.47461 0.56070 0.55298
0.37897 0.43015 0.36624
0.42809 0.42640 0.55031
0.25753 0.21033 0.22349
0.37507 0.50511 0.49965
0.43517 0.38068 0.30220
0.32481 0.44279 0.46117
0.46849 0.38655 0.46243
0.28334 0.50863 0.48576
0.50364 0.28676 0.34557
0.37540 0.48980 0.42822
0.45498 0.49795 0.43147
0.44792 0.49955 0.42400
0.41869 0.50000 0.46066
0.29788 0.36709 0.43604
0.41414 0.47073 0.44246
0.44058 0.41107 0.49690
0.39446 0.32465 0.34414
0.56153 0.44723 0.58459
0.42900 0.34129 0.42877
0.39633 0.45807 0.32875
0.37389 0.54939 0.50398
0.51499 0.35126 0.38206
0.50746 0.30325 0.42175
0.27221 0.41931 0.47845
0.28753 0.53819 0.29106
0.35128 0.42722 0.51842
0.35984 0.31320 0.38256
0.44276 0.38811 0.39992
0.37839 0.41082 0.46604
0.26629 0.23418 0.35337
0.47907 0.40030 0.34544
0.28248 0.47876 0.33285
0.42309 0.41937 0.42995
0.42750 0.42650 0.53118
0.35524 0.32173 0.31513
0.38104 0.41335 0.48060
0.38153 0.57545 0.60305
0.25864 0.35951 0.41644
0.30550 0.42823 0.40059
0.33619 0.51586 0.37354
0.37194 0.48759 0.52732
0.55329 0.46152 0.42480
0.32046 0.58190 0.42013
0.44717 0.37651 0.29882
0.40066 0.44491 0.32438
0.42056 0.41365 0.45734
0.40278 0.38411 0.40185
0.42373 0.36706 0.50198
0.45546 0.53952 0.56046
0.47992 0.45662 0.38289
0.25626 0.50707 0.42724
0.37760 0.40745 0.37216
0.50467 0.40213 0.43797
0.36869 0.47750 0.49296
0.37544 0.23394 0.34577
0.58583 0.47839 0.52509
0.41758 0.33397 0.35112
0.33997 0.41570 0.39021
0.39187 0.35461 0.44933
0.42425 0.41067 0.23915
0.42439 0.42710 0.54936
0.41593 0.47357 0.42956
0.38046 0.36211 0.40051
0.53444 0.35960 0.32432
0.42384 0.39009 0.38664
0.40603 0.38250 0.33930
0.49698 0.49688 0.39509
0.38371 0.33644 0.40110
0.53857 0.46964 0.42320
0.33065 0.48465 0.41593
0.33663 0.67709 0.54321
0.35307 0.35037 0.40286
0.36119 0.47229 0.48054
0.37524 0.41741 0.35194
0.32356 0.39209 0.38004
0.37609 0.45077 0.50938
0.55185 0.38352 0.53921
0.50256 0.32469 0.43844
0.41441 0.40717 0.41339
0.58738 0.38587 0.42143
0.43404 0.50897 0.49279
0.37489 0.33251 0.36868
0.48410 0.32655 0.26208
0.53284 0.46706 0.42872
0.43233 0.44478 0.45503
0.31496 0.46049 0.38375
0.40617 0.52093 0.43780
0.39237 0.48298 0.42481
0.46892 0.34332 0.47163
0.48606 0.46892 0.51830
0.38433 0.33674 0.47066
0.34757 0.47154 0.48058
0.40730 0.34849 0.36284
0.27136 0.41241 0.40294
0.42236 0.46830 0.45909
0.42587 0.49185 0.51526
0.45007 0.46662 0.54827
0.50785 0.50154 0.38169
0.44099 0.41758 0.48187
0.38729 0.53350 0.44861
0.45980 0.45704 0.49208
0.44540 0.46518 0.46090
0.27099 0.50258 0.48924
0.29528 0.37345 0.29686
0.37856 0.57759 0.63131
0.50008 0.36665 0.42860
0.51903 0.37658 0.39128
0.47846 0.57151 0.44013
0.39275 0.52835 0.52319
0.44847 0.49396 0.52383
0.50553 0.40216 0.48511
0.36316 0.56669 0.40411
0.37856 0.51008 0.44357
0.40008 0.52436 0.52340
0.26200 0.61245 0.43808
0.34763 0.51543 0.55511
0.30267 0.38110 0.42164
0.42384 0.41729 0.47807
0.43353 0.58296 0.51535
0.30970 0.32854 0.30848
0.35647 0.36466 0.41592
0.46931 0.47358 0.38192
0.31956 0.49642 0.38710
0.42773 0.39200 0.40924
0.49550 0.39397 0.43407
0.30919 0.34521 0.46196
0.34997 0.58499 0.57345
0.48706 0.48274 0.47096
0.34027 0.45032 0.31943
0.42500 0.38252 0.39404
0.39869 0.46229 0.38801
0.40498 0.52436 0.51366
0.31250 0.39032 0.37938
0.30515 0.34834 0.41409
0.44325 0.33815 0.35051
0.29618 0.39286 0.39465
0.33531 0.24506 0.24642
0.31732 0.39286 0.46054
0.33685 0.49337 0.55016
0.39812 0.41550 0.36258
0.42839 0.45558 0.50236
0.38518 0.31909 0.36267
0.49847 0.41817 0.42804
0.43604 0.45180 0.52756
0.51857 0.36672 0.41506
0.32408 0.38044 0.54822
0.36945 0.48921 0.39778
0.47699 0.43041 0.46357
0.53626 0.42656 0.47109
0.44569 0.25747 0.34400
0.37607 0.44127 0.36611
0.30020 0.45277 0.41693
0.47485 0.30688 0.37842
0.37097 0.53151 0.47659
0.35484 0.25929 0.32142
0.42439 0.35808 0.52065
0.43605 0.28103 0.23672
0.41108 0.35479 0.39503
0.51817 0.40231 0.38017
0.44985 0.56030 0.59171
0.27352 0.40622 0.28843
0.41674 0.39616 0.33853
0.46078 0.41546 0.50569
0.44393 0.44717 0.47488
0.42551 0.52353 0.41016
0.48946 0.44626 0.45058
0.41920 0.48603 0.39418
0.34643 0.41983 0.40593
0.35558 0.54814 0.40920
0.44847 0.40977 0.42444
0.38737 0.48723 0.43411
0.45523 0.43301 0.46261
0.45925 0.40375 0.31672
0.38396 0.43362 0.34802
0.43155 0.46403 0.41226
0.46275 0.48600 0.45108
0.42315 0.47305 0.30099
0.45285 0.47813 0.44133
0.30833 0.38036 0.49851
0.57393 0.45270 0.52604
0.29638 0.46829 0.38017
0.51575 0.43282 0.45842
0.40270 0.41205 0.42412
0.40211 0.46012 0.45887
0.33004 0.41642 0.43829
0.37059 0.46126 0.51044
0.31113 0.55099 0.61964
0.34400 0.38585 0.41985
0.45752 0.40566 0.44495
0.38364 0.41681 0.38677
0.41047 0.47065 0.31922
0.43575 0.40108 0.52178
0.34300 0.50471 0.48059
0.43356 0.38652 0.37303
0.36202 0.46344 0.47545
0.44153 0.38895 0.52679
0.33102 0.48448 0.48771
0.33437 0.57652 0.38180
0.61241 0.40141 0.50457
0.49834 0.40463 0.47538
0.49219 0.44933 0.45317
0.40073 0.53646 0.51742
0.41169 0.39556 0.42777
0.36203 0.45413 0.48088
0.36355 0.40454 0.42755
0.35160 0.35369 0.26979
0.44532 0.42748 0.49567
0.31727 0.58578 0.41197
0.46317 0.48381 0.39462
0.45530 0.43344 0.38651
0.42879 0.53158 0.48761
0.43291 0.37906 0.46299
0.45076 0.51558 0.62391
0.43299 0.34941 0.38486
0.48982 0.50655 0.58127
0.46488 0.31920 0.35909
0.42718 0.51009 0.45094
0.40579 0.38823 0.42307
0.45427 0.42796 0.34622
0.50538 0.40490 0.49668
0.43000 0.51937 0.55293
0.43697 0.54398 0.41266
0.43139 0.46294 0.46771
0.23469 0.55869 0.46389
0.43764 0.44052 0.32850
0.35703 0.53550 0.53352
0.47459 0.41534 0.31395
0.30687 0.31742 0.30836
0.38775 0.36305 0.44027
0.41048 0.28418 0.33811
0.44558 0.36402 0.24603
0.41775 0.35127 0.44129
0.49041 0.43809 0.43909
0.38823 0.40801 0.42318
0.30386 0.41544 0.39280
0.47021 0.37038 0.36007
0.37451 0.48769 0.37356
0.53099 0.44289 0.39986
0.41988 0.32345 0.33605
0.36334 0.49968 0.38782
0.48395 0.34834 0.43733
0.42538 0.37635 0.39331
0.29268 0.39407 0.55499
0.42711 0.35383 0.36406
0.35010 0.46825 0.44327
0.36545 0.48659 0.34791
0.36599 0.43812 0.41968
0.48168 0.44367 0.46097
0.26650 0.43950 0.37654
0.36591 0.43527 0.34899
0.34344 0.40618 0.38527
0.41644 0.48854 0.39499
0.49944 0.41532 0.34537
0.37208 0.49515 0.39697
0.45363 0.44134 0.50469
0.45818 0.45601 0.54984
0.38471 0.45765 0.31572
0.39664 0.44922 0.55963
0.44928 0.42198 0.30476
0.47524 0.44778 0.32348
0.40533 0.43013 0.46090
0.38558 0.31179 0.40899
0.44758 0.63296 0.54600
0.29301 0.49992 0.32714
0.42093 0.45888 0.40991
0.41810 0.44657 0.31405
0.30175 0.59022 0.44264
0.35976 0.32307 0.42183
0.47769 0.37287 0.53572
0.44044 0.45848 0.49338
0.37857 0.46934 0.36539
0.25448 0.33657 0.38857
0.36251 0.40954 0.34763
0.46332 0.50270 0.40227
0.44604 0.39646 0.45223
0.47205 0.47771 0.44150
0.31536 0.38349 0.40388
0.34885 0.38477 0.40720
0.41452 0.51540 0.34990
0.46341 0.37471 0.39501
0.29933 0.56988 0.51644
0.39923 0.50157 0.42520
0.43435 0.55271 0.36949
0.48409 0.50933 0.36199
0.42511 0.61168 0.45023
0.48664 0.46658 0.47258
0.50193 0.34533 0.31533
0.38403 0.32599 0.41144
0.39908 0.39941 0.28118
0.35769 0.40256 0.43275
0.29092 0.40230 0.42126
0.24981 0.40279 0.49397
0.43216 0.32873 0.32698
0.38790 0.51761 0.47915
0.39381 0.44658 0.49022
0.37480 0.57005 0.56138
0.34343 0.30252 0.44810
0.49809 0.32472 0.44764
0.44498 0.39097 0.43390
0.31723 0.51425 0.56783
0.28606 0.42993 0.42938
0.33542 0.39411 0.41752
0.35990 0.46423 0.40473
0.36213 0.50414 0.38224
0.46447 0.35413 0.35764
0.38950 0.33768 0.51138
0.39334 0.44394 0.46657
0.39504 0.42504 0.40022
0.31859 0.53476 0.51717
0.30425 0.46532 0.40057
0.31621 0.36592 0.36490
0.35109 0.38652 0.37844
0.40230 0.38789 0.35714
0.56159 0.46453 0.40342
0.44396 0.53076 0.48134
0.40708 0.28484 0.31077
0.32566 0.43149 0.45357
0.44539 0.38480 0.40920
0.41172 0.40704 0.40080
0.37607 0.51239 0.40685
0.30112 0.40644 0.43667
0.31945 0.54386 0.46945
0.36928 0.62802 0.51247
0.37277 0.36381 0.33113
0.37346 0.49774 0.44903
0.41407 0.45878 0.36633
0.32882 0.38840 0.31680
0.41777 0.24112 0.35682
0.39661 0.46596 0.39575
0.37348 0.34889 0.35609
0.46946 0.48397 0.34534
0.57989 0.47400 0.50164
0.47670 0.43422 0.53817
0.30821 0.37481 0.49389
0.27675 0.50424 0.46727
0.39634 0.48062 0.35828
0.37089 0.43582 0.39389
0.39440 0.52295 0.37103
0.48279 0.51335 0.48766
0.42661 0.30740 0.33052
0.40550 0.54069 0.48241
0.37517 0.47182 0.44485
0.39935 0.54711 0.52626
0.46876 0.49789 0.42998
0.30039 0.41690 0.40069
0.40889 0.48938 0.54047
0.37347 0.52818 0.38540
0.41217 0.33212 0.42297
0.27729 0.45663 0.49416
0.43686 0.38888 0.38822
0.48744 0.36575 0.48921
0.47353 0.39169 0.26800
0.39939 0.40593 0.35814
0.46463 0.43376 0.43553
0.32184 0.51322 0.49573
0.31709 0.46620 0.41740
0.40452 0.48221 0.40747
0.47926 0.35024 0.49270
0.35127 0.56747 0.45139
0.51930 0.35208 0.43394
0.47761 0.38955 0.30793
0.41581 0.51750 0.47394
0.42820 0.38561 0.29260
0.26911 0.57471 0.48850
0.45473 0.34310 0.46515
0.33409 0.41118 0.36385
0.32711 0.61228 0.42158
0.42393 0.36564 0.36922
0.37141 0.49598 0.32901
0.48399 0.46901 0.49183
0.31315 0.37336 0.27666
0.32990 0.49270 0.41412
0.33404 0.43594 0.41947
0.33475 0.30565 0.30709
0.40150 0.45657 0.43507
0.46653 0.31268 0.37812
0.40024 0.45832 0.39575
0.57697 0.36738 0.38695
0.37178 0.33213 0.30671
0.47650 0.35901 0.37537
0.44656 0.35865 0.35322
0.50978 0.27992 0.58704
0.41647 0.36384 0.39964
0.37206 0.42569 0.40728
0.45239 0.46275 0.37661
0.35826 0.40300 0.34683
0.45220 0.41772 0.40369
0.45297 0.39233 0.36446
0.41340 0.52720 0.50602
0.54829 0.32039 0.39185
0.32435 0.46360 0.39605
0.52521 0.35230 0.45363
0.34904 0.40872 0.44234
0.35570 0.51954 0.39088
0.39814 0.45111 0.48646
0.31370 0.47228 0.41975
0.38012 0.35709 0.29867
0.44759 0.56373 0.53706
0.46239 0.39987 0.31891
0.36604 0.56238 0.50658
0.29620 0.50084 0.47727
0.43205 0.34637 0.30419
0.42001 0.52764 0.53374
0.40381 0.34467 0.42779
0.40530 0.50776 0.44850
0.52777 0.40380 0.42550
0.48688 0.29841 0.46225
0.34781 0.44055 0.39612
0.43819 0.50396 0.48452
0.31419 0.35497 0.52318
0.38302 0.50462 0.36830
0.43784 0.46305 0.51121
0.49931 0.27514 0.46528
0.35359 0.42979 0.39126
0.44745 0.53480 0.51793
0.42532 0.42279 0.42396
0.38811 0.44097 0.44468
0.27743 0.49156 0.62137
0.46632 0.47454 0.34835
0.40640 0.46175 0.42407
0.42611 0.54146 0.53604
0.33217 0.42894 0.42857
0.47218 0.47926 0.48360
0.36961 0.52810 0.49532
0.55515 0.34151 0.38564
0.34533 0.45180 0.44345
0.48271 0.41297 0.36222
0.44622 0.39888 0.39147
0.46210 0.41023 0.42989
0.26411 0.65228 0.60126
0.58397 0.27969 0.45874
0.32550 0.49315 0.39979
0.39809 0.41680 0.46577
0.32996 0.40684 0.47276
0.57288 0.41836 0.49409
0.38065 0.51126 0.43807
0.29559 0.50151 0.42822
0.35908 0.49523 0.43528
0.39810 0.52826 0.33525
0.40112 0.38626 0.46575
0.38471 0.55171 0.40384
0.34319 0.46223 0.49494
0.36427 0.49806 0.43311
0.48703 0.28655 0.34427
0.41296 0.42032 0.52798
0.35289 0.45739 0.34563
0.31705 0.41638 0.40452
0.45956 0.55964 0.49162
0.51570 0.44987 0.47718
0.39482 0.39974 0.40370
0.38598 0.58339 0.54626
0.37460 0.49584 0.41441
0.35294 0.42990 0.39674
0.48060 0.43774 0.44578
0.39293 0.46763 0.36118
0.43054 0.46202 0.46112
0.51204 0.43379 0.43433
0.43628 0.50514 0.53771
0.40299 0.67103 0.62067
0.31661 0.55568 0.52877
0.33387 0.52417 0.55776
0.43780 0.50403 0.41006
0.29780 0.57682 0.59262
0.32848 0.40310 0.45288
0.29381 0.42616 0.42882
0.38938 0.33321 0.28431
0.55389 0.37855 0.48345
0.30766 0.39192 0.41675
0.46629 0.42669 0.41843
0.39500 0.28297 0.31883
0.46343 0.28786 0.37859
0.39273 0.63167 0.52714
0.35124 0.41839 0.41613
0.50719 0.33030 0.52773
0.32987 0.54197 0.47888
0.36116 0.34208 0.41376
0.47210 0.46902 0.42842
0.35179 0.45645 0.49626
0.45195 0.41428 0.50504
0.40876 0.59944 0.52820
0.35633 0.34769 0.33121
0.34659 0.31189 0.43634
0.40128 0.53256 0.43475
0.28769 0.40564 0.37530
0.46268 0.38099 0.39639
0.46367 0.50547 0.50499
0.51379 0.34147 0.37025
0.40467 0.49733 0.48169
0.38209 0.45939 0.54930
0.49402 0.48016 0.39952
0.39464 0.34729 0.43042
0.41426 0.44089 0.41774
0.38171 0.59923 0.48494
0.36996 0.43422 0.47798
0.36538 0.44485 0.43760
0.49232 0.42833 0.60174
0.44028 0.50594 0.52427
0.48516 0.33600 0.47015
0.37797 0.38012 0.47686
0.42403 0.50389 0.58604
0.34644 0.51255 0.51202
0.39661 0.40148 0.34567
0.33181 0.35392 0.35489
0.45318 0.40022 0.38983
0.35759 0.46503 0.42131
0.42469 0.38345 0.28195
0.50750 0.56838 0.56391
0.47768 0.41923 0.39190
0.38686 0.31984 0.43163
0.32792 0.51392 0.45587
0.32903 0.57325 0.43550
0.31274 0.45413 0.41396
0.44148 0.41620 0.44090
0.49175 0.50138 0.42612
0.43341 0.50001 0.53495
0.20957 0.44693 0.37786
0.34057 0.56130 0.48617
0.52932 0.32126 0.35070
0.55753 0.44094 0.55908
0.33910 0.50861 0.43004
0.38970 0.49549 0.41456
0.43442 0.41651 0.43326
0.36079 0.42793 0.40748
0.49186 0.55029 0.55031
0.30367 0.53377 0.40031
0.34332 0.33953 0.43928
0.45747 0.36525 0.33703
0.37316 0.35047 0.38694
0.36299 0.43320 0.44738
0.35998 0.39532 0.31115
0.32901 0.42711 0.37089
0.39839 0.44800 0.32878
0.27518 0.35513 0.47593
0.26593 0.34193 0.38826
0.35872 0.38631 0.47779
0.54813 0.40827 0.42092
0.43637 0.54075 0.56053
0.39860 0.43285 0.42810
0.40329 0.31602 0.30134
0.33494 0.55200 0.53909
0.39555 0.44677 0.40983
0.29171 0.44318 0.36511
0.47537 0.38364 0.30102
0.51176 0.51583 0.49093
0.36085 0.45959 0.43204
0.34984 0.39332 0.34837
0.45946 0.29355 0.32440
0.49381 0.45544 0.40585
0.46256 0.49289 0.33220
0.45605 0.36073 0.46893
0.41372 0.55538 0.46016
0.41229 0.37171 0.35423
0.37231 0.40068 0.41630
0.45752 0.41653 0.22211
0.41841 0.36448 0.27976
0.49823 0.48453 0.53759
0.46530 0.35949 0.38839
0.45987 0.40153 0.34578
0.40815 0.34062 0.39567
0.41469 0.39466 0.43522
0.42187 0.45115 0.44947
0.45007 0.41460 0.40270
0.51614 0.53834 0.56657
0.37586 0.43708 0.44552
0.48393 0.41296 0.49781
0.37642 0.54057 0.41780
0.36913 0.53316 0.52420
0.48313 0.52050 0.53044
0.41875 0.49311 0.40179
0.42676 0.38465 0.37487
0.48039 0.38363 0.34556
0.38845 0.48886 0.34159
0.35806 0.44947 0.33449
0.53671 0.51939 0.57411
0.31563 0.39951 0.39826
0.32179 0.37825 0.42134
0.33155 0.52201 0.51529
0.33460 0.55377 0.33469
0.39916 0.51983 0.46513
0.51829 0.32000 0.48523
0.43782 0.46086 0.45610
0.25910 0.52344 0.45212
0.36433 0.52786 0.45913
0.40776 0.48011 0.35168
0.40114 0.35833 0.45075
0.44140 0.37598 0.35651
0.43287 0.57009 0.43179
0.32572 0.41248 0.38445
0.38110 0.38663 0.32702
0.41782 0.50223 0.46524
0.40853 0.48787 0.50367
0.50644 0.39353 0.43576
0.27035 0.39633 0.32005
0.43990 0.35300 0.44645
0.50300 0.47104 0.30430
0.45360 0.51405 0.44616
0.29339 0.48372 0.47569
0.46530 0.40351 0.40527
0.32458 0.46158 0.48672
0.42099 0.42459 0.33511
0.37586 0.46297 0.48872
0.53563 0.43684 0.41843
0.33847 0.44166 0.47097
0.32143 0.46038 0.56775
0.39282 0.39947 0.33360
0.38135 0.36617 0.39182
0.54489 0.35864 0.34803
0.36315 0.52239 0.45037
0.42384 0.49474 0.52800
0.45292 0.50655 0.42433
0.40421 0.44497 0.33604
0.37732 0.42759 0.45994
0.46465 0.52492 0.53658
0.41846 0.42974 0.28982
0.31712 0.52615 0.38699
0.33831 0.51929 0.56465
0.43287 0.51670 0.37341
0.36560 0.42950 0.44459
0.47013 0.54328 0.50069
0.41640 0.33329 0.36497
0.50663 0.37507 0.31002
0.48173 0.42921 0.49702
0.50580 0.40205 0.43596
0.42286 0.36129 0.34554
0.41831 0.24179 0.28835
0.36724 0.40259 0.43898
0.46724 0.49730 0.49958
0.36861 0.53090 0.50800
0.45490 0.31288 0.40788
0.52685 0.47943 0.48357
0.38311 0.27873 0.29058
0.42475 0.51048 0.48343
0.40922 0.54544 0.45543
0.49034 0.43857 0.49248
0.43446 0.48580 0.44857
0.34109 0.36972 0.28611
0.37765 0.32388 0.31787
0.47119 0.45847 0.48857
0.45535 0.38983 0.38797
0.42204 0.43568 0.28807
0.35329 0.39337 0.41526
0.29409 0.23873 0.34114
0.55845 0.40794 0.40415
0.37290 0.31432 0.24750
0.39105 0.48408 0.50678
0.45680 0.41747 0.48274
0.39968 0.43292 0.46457
0.44677 0.61568 0.54720
0.46929 0.25526 0.33578
0.41554 0.41006 0.40553
0.45721 0.31151 0.35480
0.45177 0.34155 0.41390
0.37565 0.55481 0.53923
0.41078 0.38406 0.33085
0.20904 0.51824 0.56916
0.42454 0.33244 0.44061
0.34814 0.47231 0.27700
0.48685 0.45009 0.54722
0.37336 0.52934 0.38984
0.37127 0.50224 0.35821
0.28229 0.52218 0.53518
0.49279 0.48342 0.42979
0.38819 0.44049 0.34676
0.39224 0.46828 0.33434
0.52494 0.27215 0.38473
0.37553 0.48543 0.47050
0.42753 0.57906 0.61007
0.40661 0.53309 0.43112
0.42552 0.41490 0.42338
0.50985 0.35796 0.42433
0.45740 0.34802 0.42706
0.43617 0.42795 0.46665
0.47226 0.42631 0.36286
0.45348 0.52885 0.46520
0.28263 0.47031 0.49648
0.36122 0.52342 0.43830
0.41835 0.43935 0.47506
0.47392 0.46897 0.36515
0.47961 0.47939 0.38615
0.44694 0.39451 0.35292
0.48264 0.29929 0.50983
0.47826 0.30488 0.31872
0.38824 0.41457 0.30854
0.52081 0.41192 0.40094
0.34668 0.35522 0.29211
0.40636 0.36726 0.33330
0.56380 0.41099 0.44531
0.53128 0.43226 0.41408
0.49361 0.46939 0.47458
0.35269 0.48564 0.48891
0.50184 0.45658 0.43714
0.33859 0.40658 0.55029
0.42124 0.34602 0.27071
0.44884 0.53149 0.52084
0.43683 0.47960 0.55671
0.44501 0.51360 0.48437
0.44376 0.29490 0.48261
0.46399 0.30899 0.41808
0.38021 0.45505 0.39111
0.34551 0.33698 0.32960
0.35489 0.45112 0.50018
0.28825 0.58242 0.43103
0.33445 0.35277 0.36713
0.42761 0.37164 0.33197
0.50552 0.24781 0.34023
0.41814 0.42859 0.48743
0.47601 0.30923 0.39938
0.47443 0.48527 0.49428
0.49384 0.27260 0.31361
0.36114 0.31776 0.37268
0.34584 0.55719 0.40336
0.37538 0.66273 0.66995
0.41766 0.26147 0.37480
0.42996 0.50101 0.52148
0.39366 0.57093 0.34722
0.40209 0.41813 0.38813
0.43545 0.39803 0.42472
0.44070 0.46004 0.41518
0.47313 0.60627 0.58678
0.36772 0.46300 0.40846
0.34737 0.37550 0.43825
0.39077 0.35621 0.39707
0.40975 0.28835 0.41287
0.35426 0.46438 0.41266
0.29819 0.32316 0.43381
0.32517 0.41185 0.50587
0.35766 0.59292 0.35125
0.40817 0.34627 0.44466
0.39095 0.37437 0.40666
0.34678 0.49323 0.43820
0.39092 0.37338 0.35807
0.42819 0.38791 0.38662
0.33165 0.43582 0.43198
0.45656 0.51756 0.46805
0.43816 0.42608 0.51113
0.36284 0.44689 0.40283
0.25420 0.43277 0.37683
0.36967 0.50948 0.57642
0.33078 0.47192 0.45543
0.33928 0.51101 0.56393
0.38290 0.48303 0.41380
0.27767 0.42002 0.42350
0.47179 0.28234 0.41481
0.37712 0.46784 0.55684
0.37594 0.54027 0.47523
0.42582 0.45268 0.50543
0.37615 0.36618 0.32548
0.46031 0.42428 0.57776
0.58759 0.35701 0.35483
0.34100 0.53933 0.41345
0.40050 0.54579 0.52956
0.38806 0.41493 0.44006
0.40360 0.46339 0.44010
0.44828 0.40409 0.31437
0.41781 0.40778 0.36288
0.42483 0.46338 0.37498
0.43585 0.44871 0.32439
0.48790 0.45519 0.42800
0.50501 0.37871 0.40354
0.35930 0.40527 0.45239
0.37227 0.42422 0.37862
0.44667 0.50697 0.41908
0.30925 0.64288 0.51011
0.52848 0.27921 0.55039
0.41486 0.49457 0.44616
0.42264 0.34439 0.34240
0.37863 0.44915 0.27454
0.40256 0.55702 0.46448
0.42807 0.48773 0.53797
0.34555 0.46477 0.35366
0.31906 0.48085 0.48610
0.51962 0.44288 0.36231
0.37785 0.30494 0.27394
0.43379 0.40790 0.37221
0.47700 0.47811 0.52454
0.52507 0.23559 0.39940
0.32833 0.35693 0.32266
0.35807 0.37079 0.31871
0.39345 0.52737 0.50707
0.36300 0.45300 0.39996
0.34813 0.47730 0.42600
0.27971 0.48127 0.36852
0.39647 0.44015 0.46684
0.39161 0.37420 0.45931
0.40015 0.42311 0.48966
0.50577 0.41653 0.40042
0.51433 0.43564 0.50903
0.41116 0.46536 0.49117
0.40721 0.47972 0.32041
0.38063 0.40777 0.46059
0.35867 0.41298 0.46921
0.41225 0.52157 0.42305
0.42838 0.31669 0.33540
0.51618 0.42330 0.37691
0.28681 0.39831 0.34535
0.40164 0.37660 0.35379
0.44486 0.46864 0.43297
0.32426 0.42983 0.44036
0.41291 0.49451 0.35769
0.39548 0.38911 0.49186
0.37281 0.47095 0.34750
0.44234 0.44681 0.39085
0.30174 0.43799 0.41709
0.34612 0.47720 0.31362
0.47227 0.48957 0.41332
0.48275 0.43009 0.54767
0.36950 0.39356 0.50617
0.45535 0.48434 0.48913
0.39656 0.38627 0.28115
0.40450 0.58361 0.49476
0.27501 0.69158 0.45704
0.39957 0.37467 0.34676
0.48735 0.34673 0.47477
0.41838 0.41623 0.37463
0.41717 0.52825 0.42071
0.31293 0.49787 0.47212
0.33600 0.42117 0.47575
0.40368 0.51949 0.40729
0.35508 0.44919 0.42103
0.33749 0.42564 0.48075
0.48372 0.48820 0.50615
0.24934 0.45577 0.32771
0.41910 0.44937 0.41818
0.42854 0.41038 0.35842
0.36033 0.44984 0.36712
0.35911 0.43740 0.47248
0.31532 0.45539 0.47349
0.38315 0.41195 0.41285
0.34093 0.38535 0.41674
0.43876 0.49004 0.30475
0.44033 0.44240 0.42445
0.46947 0.44292 0.32185
0.45585 0.40328 0.46297
0.39134 0.59502 0.48480
0.41866 0.39176 0.37165
0.33847 0.49020 0.38320
0.33519 0.40517 0.47506
0.45282 0.45786 0.46425
0.44033 0.33796 0.36317
0.44303 0.48215 0.35899
0.41705 0.43811 0.43360
0.35832 0.43826 0.43777
0.49258 0.43784 0.43127
0.37900 0.47672 0.53477
0.51728 0.46029 0.46039
0.31106 0.58146 0.50838
0.39257 0.44702 0.47336
0.29664 0.53329 0.49225
0.33583 0.48346 0.44037
0.34448 0.41283 0.48489
0.41062 0.47140 0.47821
0.41566 0.35297 0.30903
0.55533 0.41119 0.39107
0.46187 0.33490 0.25788
0.44917 0.49528 0.62134
0.33265 0.46810 0.45363
0.38757 0.32821 0.36147
0.33693 0.49442 0.44129
0.51489 0.42334 0.33480
0.42876 0.55541 0.60410
0.39444 0.51412 0.49604
0.53740 0.35216 0.44597
0.50885 0.29937 0.48823
0.37778 0.47483 0.49584
0.32245 0.45811 0.42805
0.38290 0.40870 0.34533
0.47188 0.41556 0.26566
0.43554 0.42082 0.36348
0.41921 0.39440 0.38190
0.39296 0.59080 0.62855
0.33031 0.53182 0.50062
0.40055 0.37954 0.41749
0.41603 0.31952 0.35143
0.29866 0.28091 0.27385
0.45423 0.42683 0.45034
0.49843 0.48850 0.44289
0.46004 0.41880 0.42593
0.37433 0.40369 0.42934
0.40743 0.44524 0.33480
0.34006 0.48153 0.41018
0.30216 0.52528 0.51301
0.31723 0.39892 0.43094
0.52614 0.44160 0.43932
0.33343 0.34261 0.49432
0.30234 0.56080 0.40937
0.48122 0.34345 0.39939
0.32143 0.52348 0.54149
0.37347 0.50647 0.40489
0.37799 0.35509 0.28510
0.43956 0.44444 0.47328
0.39834 0.45695 0.47056
0.38255 0.36376 0.39954
0.47678 0.45679 0.44396
0.40918 0.48405 0.44186
