20 6 1000 16710 3213
0.46092 0.86700 0.27769
0.91294 0.59208 0.26496
0.53566 0.04896 0.78168
0.44130 0.84125 0.40886
0.25868 0.43234 0.60498
0.63113 0.37143 0.65144
0.56080 0.39153 0.60848
0.50389 0.51717 0.53805
0.32516 0.46486 0.57147
0.56534 0.49902 0.51111
0.49649 0.46489 0.58973
0.66613 0.52659 0.44450
0.51686 0.62476 0.46345
0.38274 0.63839 0.45462
0.54857 0.48663 0.48212
0.62292 0.62056 0.42113
0.65073 0.38908 0.51630
0.48060 0.57805 0.48794
0.46208 0.66828 0.47986
0.41855 0.52536 0.54567
0.45225 0.46180 0.54412
0.75914 0.52617 0.38930
0.55040 0.49723 0.55873
0.51934 0.48808 0.53972
0.58992 0.53571 0.50333
0.56821 0.41327 0.56056
0.62260 0.49324 0.49593
0.47553 0.57449 0.49305
0.52250 0.40115 0.60623
0.42805 0.58541 0.49299
0.54745 0.59401 0.46483
0.48981 0.69761 0.41984
0.58167 0.48857 0.55682
0.57249 0.64101 0.39581
0.44798 0.76701 0.39942
0.62584 0.58936 0.43574
0.67404 0.51927 0.42517
0.58597 0.47434 0.50617
0.55864 0.72564 0.37094
0.57320 0.60160 0.46022
0.65151 0.49932 0.45709
0.63930 0.49609 0.43637
0.44134 0.51915 0.53116
0.41083 0.43737 0.58600
0.53826 0.50238 0.48727
0.46914 0.68573 0.38540
0.56124 0.33037 0.64188
0.54952 0.55425 0.47078
0.61639 0.38694 0.52833
0.51601 0.58701 0.47943
0.56266 0.68030 0.40359
0.50737 0.53053 0.54300
0.60138 0.39010 0.58188
0.63433 0.38401 0.57779
0.56525 0.32944 0.59335
0.61900 0.50051 0.46703
0.52422 0.35297 0.63135
0.63367 0.46986 0.47634
0.42371 0.54612 0.51702
0.60882 0.50877 0.51891
0.57651 0.47055 0.55447
0.68477 0.50389 0.47294
0.58228 0.45489 0.55099
0.56879 0.44170 0.53048
0.61397 0.53221 0.50895
0.48889 0.50380 0.53626
0.53490 0.55020 0.47060
0.55805 0.28572 0.64838
0.45791 0.71186 0.43283
0.71121 0.52023 0.38917
0.49747 0.64712 0.48185
0.58807 0.25379 0.67370
0.54628 0.60787 0.45269
0.54159 0.47030 0.51881
0.47653 0.70923 0.40592
0.55516 0.45037 0.58222
0.53498 0.46815 0.53734
0.46985 0.40915 0.60110
0.46937 0.57595 0.45603
0.48792 0.73096 0.39021
0.47963 0.44452 0.56157
0.51486 0.66056 0.44895
0.54611 0.45910 0.54924
0.51386 0.40007 0.60420
0.57771 0.28582 0.60814
0.54378 0.41494 0.56917
0.56457 0.48422 0.49419
0.53178 0.53997 0.50237
0.55578 0.66782 0.39456
0.46423 0.56882 0.46537
0.54407 0.32067 0.62424
0.50066 0.60559 0.49040
0.53075 0.62246 0.48098
0.54327 0.67695 0.40962
0.52706 0.72620 0.37054
0.45469 0.35267 0.62525
0.51812 0.43703 0.58412
0.50004 0.62936 0.46733
0.54535 0.70313 0.39919
0.69830 0.57111 0.38643
0.56181 0.46521 0.56456
0.60782 0.69605 0.33966
0.45760 0.79326 0.38297
0.63039 0.33363 0.57399
0.41934 0.60856 0.46664
0.55753 0.50271 0.50189
0.48311 0.52711 0.55567
0.55792 0.61093 0.43678
0.52853 0.65422 0.43815
0.52431 0.53269 0.50232
0.50045 0.44160 0.55830
0.61253 0.39932 0.53668
0.63555 0.41188 0.52482
0.56553 0.48864 0.54187
0.52664 0.37652 0.59647
0.47483 0.60993 0.47368
0.63231 0.49701 0.45243
0.57728 0.40435 0.62335
0.62497 0.60632 0.41568
0.59856 0.57152 0.43401
0.56005 0.51296 0.50494
0.46936 0.50439 0.53273
0.47191 0.50485 0.54016
0.53084 0.45977 0.56196
0.58649 0.57493 0.44768
0.56643 0.46466 0.57886
0.42532 0.54916 0.53321
0.57259 0.52053 0.52042
0.47015 0.54498 0.51302
0.54296 0.42463 0.59453
0.58913 0.41333 0.61236
0.63360 0.45508 0.55485
0.47735 0.62834 0.44562
0.54001 0.44930 0.55182
0.62342 0.42092 0.55362
0.47490 0.67125 0.46518
0.50416 0.60425 0.46018
0.55280 0.34933 0.62679
0.50596 0.75184 0.37546
0.59639 0.40482 0.61434
0.63319 0.40201 0.54819
0.51963 0.57852 0.46770
0.31904 0.47283 0.57667
0.40541 0.49223 0.56417
0.48026 0.55508 0.49144
0.44439 0.65541 0.46565
0.65550 0.41599 0.53792
0.65040 0.57348 0.41368
0.44280 0.42692 0.57356
0.59932 0.61651 0.40488
0.44545 0.56028 0.52541
0.48380 0.49514 0.51726
0.71671 0.55607 0.41718
0.53182 0.51115 0.52428
0.65923 0.57020 0.39546
0.52278 0.62969 0.46472
0.51118 0.65089 0.40886
0.54870 0.57377 0.43921
0.50795 0.60355 0.45967
0.64930 0.29298 0.58299
0.46185 0.44652 0.53753
0.58674 0.44487 0.52852
0.42299 0.57541 0.48551
0.54446 0.52066 0.47910
0.60523 0.36207 0.63526
0.52769 0.58444 0.45852
0.56144 0.43537 0.58956
0.44747 0.50678 0.53089
0.43339 0.42853 0.59199
0.65311 0.53395 0.41987
0.54471 0.62001 0.41723
0.55389 0.59603 0.46058
0.55462 0.27963 0.68035
0.54883 0.53376 0.51048
0.52619 0.70951 0.39019
0.57753 0.57022 0.46427
0.50713 0.62045 0.44126
0.45354 0.45992 0.58053
0.57919 0.33737 0.62045
0.68127 0.48292 0.48537
0.55671 0.37751 0.62538
0.64379 0.72426 0.30649
0.43383 0.50192 0.55777
0.58070 0.60022 0.45264
0.57259 0.64375 0.38705
0.51677 0.56197 0.51693
0.58778 0.59478 0.40511
0.40342 0.45198 0.55854
0.47634 0.55607 0.51601
0.54350 0.45077 0.53588
0.55017 0.42867 0.53490
0.51312 0.73216 0.43057
0.49977 0.59675 0.42254
0.54253 0.52550 0.55610
0.56674 0.61754 0.40913
0.41742 0.42194 0.57793
0.48048 0.50330 0.53773
0.42732 0.52012 0.53493
0.55660 0.51079 0.53895
0.58088 0.54793 0.49012
0.61095 0.68706 0.36702
0.53846 0.45772 0.52280
0.51335 0.63993 0.42233
0.65754 0.44526 0.51256
0.49216 0.58801 0.51616
0.60610 0.55430 0.49159
0.56090 0.62885 0.43155
0.57338 0.45672 0.55656
0.52683 0.46569 0.51844
0.54998 0.43688 0.56764
0.46888 0.66689 0.44786
0.59754 0.52620 0.51830
0.61426 0.53561 0.47621
0.48959 0.72521 0.42954
0.57235 0.40422 0.54921
0.41967 0.64337 0.48397
0.47394 0.62631 0.47992
0.47531 0.65862 0.44363
0.55207 0.66681 0.42352
0.53999 0.38543 0.57344
0.43300 0.50204 0.54987
0.60532 0.55496 0.48946
0.52731 0.45678 0.54482
0.50205 0.55479 0.51230
0.45373 0.45563 0.56240
0.58252 0.38324 0.61716
0.62740 0.51903 0.46301
0.49277 0.66590 0.47668
0.52299 0.57461 0.47191
0.42078 0.54221 0.51351
0.42123 0.60202 0.47471
0.50972 0.71044 0.41715
0.48221 0.63656 0.46286
0.55698 0.43854 0.55538
0.38620 0.54410 0.51811
0.57127 0.33702 0.60375
0.52892 0.59860 0.49433
0.43463 0.60353 0.47776
0.53794 0.47538 0.51380
0.72067 0.56978 0.38725
0.43629 0.53297 0.54189
0.48350 0.50217 0.52996
0.50626 0.56245 0.50769
0.65751 0.50086 0.46097
0.63466 0.50184 0.49250
0.61082 0.30748 0.61040
0.52640 0.60440 0.46309
0.60975 0.52873 0.45428
0.62416 0.42252 0.54156
0.73560 0.61633 0.34380
0.46650 0.60516 0.48126
0.41170 0.60445 0.48717
0.50706 0.58789 0.48488
0.64539 0.57318 0.43732
0.51830 0.36472 0.60134
0.53967 0.54197 0.48112
0.49541 0.71043 0.41643
0.48465 0.68520 0.41326
0.63867 0.48876 0.47738
0.51739 0.60751 0.47731
0.50529 0.64265 0.47436
0.66105 0.52269 0.42706
0.63924 0.53302 0.43009
0.58185 0.57534 0.49233
0.45490 0.63394 0.46682
0.55893 0.62356 0.45940
0.56274 0.57585 0.44786
0.63337 0.67716 0.34451
0.61553 0.60010 0.42891
0.44388 0.49553 0.54650
0.69537 0.49182 0.43722
0.51186 0.56434 0.49703
0.34854 0.48726 0.54781
0.40840 0.53770 0.54321
0.61248 0.51980 0.52791
0.54110 0.44145 0.54284
0.54753 0.38978 0.59990
0.51154 0.70653 0.42082
0.58300 0.60922 0.41633
0.57370 0.38171 0.60090
0.61674 0.52251 0.44140
0.52088 0.40908 0.59589
0.55675 0.56688 0.45245
0.51743 0.29378 0.64567
0.55640 0.50476 0.53308
0.46856 0.68423 0.45399
0.60235 0.49013 0.50588
0.56569 0.41838 0.57032
0.43193 0.63927 0.48162
0.62913 0.61328 0.37875
0.49718 0.67160 0.43802
0.59324 0.49963 0.50788
0.57082 0.62887 0.41503
0.59971 0.52278 0.49231
0.74190 0.47283 0.43028
0.43245 0.59348 0.48904
0.57098 0.60901 0.44324
0.58024 0.69144 0.36473
0.58292 0.37911 0.60847
0.60569 0.55040 0.43896
0.44201 0.41062 0.60167
0.48052 0.58720 0.50603
0.51586 0.33536 0.61266
0.50635 0.61021 0.47416
0.74154 0.45668 0.45946
0.40532 0.57770 0.50319
0.69374 0.53919 0.40036
0.52600 0.55110 0.54035
0.58512 0.58481 0.47855
0.58389 0.54559 0.50503
0.52503 0.52581 0.49567
0.50067 0.57200 0.51435
0.55583 0.59741 0.46725
0.45772 0.56595 0.48727
0.50580 0.56594 0.51325
0.56872 0.42469 0.53676
0.47691 0.64526 0.43895
0.48434 0.53569 0.48862
0.53849 0.19410 0.69053
0.60733 0.51732 0.49040
0.44211 0.74208 0.37109
0.46168 0.70577 0.41360
0.38076 0.40877 0.59971
0.52404 0.50352 0.53015
0.47215 0.71396 0.39048
0.46755 0.35688 0.61679
0.55999 0.54179 0.49563
0.37493 0.43572 0.59580
0.61990 0.55305 0.45854
0.55959 0.35480 0.61203
0.63469 0.49150 0.45541
0.47802 0.61023 0.46771
0.63264 0.54381 0.42907
0.52030 0.58697 0.46253
0.64651 0.53124 0.44063
0.56689 0.59678 0.42812
0.50771 0.42178 0.59075
0.53339 0.56088 0.49206
0.65807 0.56409 0.42424
0.45357 0.42686 0.55441
0.61161 0.55284 0.41161
0.39426 0.59069 0.48264
0.59543 0.41219 0.54802
0.50983 0.48127 0.57918
0.42769 0.61036 0.46097
0.47170 0.72806 0.41927
0.56361 0.56681 0.46250
0.57910 0.53131 0.49079
0.39756 0.52450 0.53469
0.47741 0.42868 0.59948
0.44207 0.48227 0.53448
0.56133 0.50849 0.46849
0.60737 0.58474 0.43616
0.48201 0.44330 0.57710
0.52441 0.59464 0.44122
0.55022 0.46239 0.49559
0.60584 0.46948 0.48802
0.52734 0.33691 0.62308
0.47720 0.51616 0.55952
0.42949 0.32874 0.63595
0.61014 0.65115 0.38629
0.58448 0.54979 0.48757
0.55001 0.39715 0.55855
0.51605 0.65498 0.42208
0.49202 0.48392 0.53060
0.63707 0.44230 0.57219
0.57972 0.71947 0.39141
0.57165 0.60852 0.44656
0.48008 0.58090 0.50248
0.55569 0.36401 0.60292
0.63879 0.56194 0.44125
0.39617 0.62749 0.45393
0.41809 0.60754 0.51510
0.58975 0.45160 0.53310
0.53672 0.42224 0.56654
0.49602 0.61354 0.45024
0.63852 0.55116 0.42595
0.60482 0.62972 0.38808
0.43472 0.40285 0.59282
0.52912 0.40970 0.55991
0.47413 0.68874 0.47517
0.53317 0.60361 0.43221
0.64132 0.39658 0.55136
0.64994 0.45445 0.51725
0.55155 0.39559 0.55002
0.51125 0.43007 0.57489
0.50564 0.55105 0.48532
0.47145 0.57338 0.50444
0.56257 0.66388 0.39438
0.48811 0.32415 0.62835
0.59587 0.58754 0.48197
0.45739 0.34239 0.62508
0.61155 0.68716 0.36217
0.60222 0.42737 0.60110
0.55981 0.66378 0.40740
0.51971 0.70831 0.39619
0.51482 0.61774 0.44522
0.54521 0.43544 0.55485
0.56759 0.45761 0.51808
0.51122 0.43689 0.58919
0.55536 0.35697 0.63001
0.44736 0.47966 0.55906
0.60573 0.48707 0.53730
0.50882 0.52073 0.53359
0.53585 0.39311 0.58958
0.49352 0.65123 0.47680
0.52392 0.43970 0.53836
0.48056 0.59382 0.49102
0.47498 0.41938 0.60805
0.50133 0.59913 0.45499
0.56269 0.59989 0.45068
0.64446 0.45849 0.51267
0.60397 0.61447 0.41181
0.47330 0.44693 0.55170
0.66781 0.55883 0.42863
0.53539 0.49470 0.52831
0.56660 0.60616 0.41826
0.47871 0.43366 0.57411
0.56090 0.34460 0.63350
0.71491 0.50697 0.40281
0.78705 0.53045 0.38284
0.51837 0.70525 0.42436
0.58517 0.64920 0.39667
0.45140 0.58626 0.48443
0.55315 0.36235 0.59509
0.63672 0.55539 0.40617
0.63737 0.49833 0.45277
0.69108 0.43418 0.50425
0.47856 0.65554 0.46425
0.51170 0.75420 0.35432
0.51624 0.68227 0.39409
0.41168 0.47292 0.55161
0.49889 0.57795 0.49156
0.48669 0.59974 0.48889
0.38177 0.59126 0.49332
0.57387 0.51159 0.52035
0.58588 0.50548 0.49679
0.49137 0.32258 0.62697
0.55709 0.55425 0.47625
0.53851 0.36500 0.61026
0.60219 0.46038 0.49335
0.49371 0.58726 0.50822
0.75511 0.55836 0.35929
0.52915 0.45811 0.54727
0.56196 0.51451 0.52950
0.47207 0.58404 0.52921
0.49750 0.68537 0.38976
0.61356 0.62719 0.37815
0.41727 0.53792 0.53513
0.53110 0.70070 0.37213
0.61879 0.50622 0.45182
0.49139 0.72627 0.39928
0.58222 0.43729 0.59122
0.53966 0.49099 0.50296
0.51175 0.40923 0.55672
0.50012 0.51437 0.52500
0.55768 0.56560 0.47345
0.53032 0.52874 0.48434
0.56623 0.60780 0.41532
0.50283 0.66622 0.43635
0.51921 0.37860 0.61529
0.62169 0.45115 0.49732
0.52559 0.59749 0.46944
0.51002 0.57815 0.47698
0.56964 0.68598 0.40307
0.53821 0.43977 0.54434
0.49101 0.34894 0.62624
0.54024 0.69399 0.41672
0.65273 0.57837 0.40263
0.58691 0.34352 0.60191
0.55004 0.72556 0.39921
0.60029 0.61827 0.42462
0.53570 0.49309 0.52818
0.47761 0.54607 0.52249
0.51362 0.50302 0.55878
0.47341 0.53405 0.49730
0.54565 0.37038 0.59904
0.60748 0.60694 0.42257
0.55904 0.62038 0.44894
0.51623 0.62316 0.43443
0.61737 0.34830 0.58890
0.40975 0.49609 0.54583
0.54078 0.53420 0.49022
0.58353 0.49979 0.49255
0.69538 0.66831 0.30871
0.49153 0.68559 0.42408
0.54914 0.69892 0.38465
0.49873 0.49961 0.51766
0.51721 0.55665 0.47359
0.46855 0.74487 0.38944
0.61205 0.43869 0.57022
0.60045 0.48410 0.49947
0.53223 0.55606 0.48192
0.56551 0.54233 0.45797
0.59570 0.35945 0.64087
0.48044 0.56449 0.47076
0.55072 0.62146 0.45579
0.47431 0.53531 0.55595
0.59296 0.25757 0.66656
0.55966 0.62894 0.46464
0.48704 0.52107 0.50434
0.73183 0.61108 0.34719
0.44924 0.69182 0.47027
0.57113 0.64579 0.43741
0.52794 0.59672 0.45618
0.52453 0.59259 0.52103
0.52428 0.47741 0.54702
0.65912 0.57728 0.41028
0.45852 0.34520 0.61990
0.53648 0.50046 0.51350
0.60684 0.68827 0.37234
0.52854 0.66171 0.45603
0.45187 0.65975 0.45150
0.55322 0.67013 0.43542
0.52142 0.54276 0.51530
0.61847 0.57875 0.42779
0.68758 0.63033 0.35813
0.40853 0.48166 0.55965
0.43329 0.40710 0.58855
0.52294 0.62210 0.42482
0.52369 0.53978 0.49375
0.64634 0.51690 0.50027
0.64808 0.56468 0.41945
0.64461 0.40915 0.50756
0.66125 0.48252 0.46974
0.52565 0.44464 0.53255
0.53199 0.61411 0.49089
0.44994 0.74443 0.43249
0.70881 0.47085 0.45725
0.53675 0.66410 0.39263
0.52319 0.61109 0.41871
0.46368 0.70825 0.40027
0.53749 0.26968 0.66619
0.56871 0.36909 0.56620
0.55457 0.70646 0.35739
0.54552 0.52339 0.49615
0.46388 0.70894 0.39364
0.62666 0.56137 0.42820
0.57133 0.42325 0.55823
0.68443 0.55499 0.42725
0.56582 0.52400 0.49526
0.51851 0.73652 0.39579
0.51153 0.42158 0.54397
0.52938 0.28470 0.64151
0.57693 0.35236 0.60399
0.55938 0.52998 0.51263
0.70504 0.47634 0.45518
0.55779 0.40846 0.58234
0.54923 0.41136 0.54519
0.52971 0.48341 0.54447
0.47640 0.42665 0.56875
0.52706 0.52500 0.50963
0.67175 0.52342 0.45169
0.55333 0.38397 0.55738
0.53705 0.67128 0.40656
0.55098 0.46857 0.55980
0.47487 0.79655 0.33404
0.63173 0.44702 0.52246
0.75960 0.55511 0.36282
0.49922 0.68855 0.41737
0.38697 0.41045 0.60974
0.51135 0.58196 0.47205
0.54873 0.58478 0.46026
0.50457 0.61592 0.47729
0.57649 0.42759 0.54106
0.61057 0.64718 0.37645
0.55999 0.66456 0.40749
0.58134 0.48770 0.49777
0.57681 0.58175 0.45619
0.54690 0.42070 0.57656
0.50958 0.61058 0.45109
0.43025 0.49940 0.52847
0.50973 0.53670 0.48268
0.49324 0.72067 0.42395
0.58728 0.46036 0.52765
0.44800 0.43494 0.56836
0.68158 0.57304 0.40854
0.59922 0.52852 0.52190
0.46601 0.44039 0.59342
0.50677 0.59460 0.44550
0.45459 0.42557 0.60459
0.59563 0.68123 0.36325
0.47889 0.61533 0.48972
0.58878 0.48234 0.55340
0.42600 0.64031 0.47867
0.50682 0.60445 0.43077
0.48489 0.45022 0.55629
0.70439 0.55898 0.38646
0.43829 0.63589 0.43041
0.48682 0.45140 0.57585
0.60827 0.62013 0.39725
0.72797 0.53674 0.42819
0.52152 0.60565 0.46382
0.61916 0.62912 0.43580
0.53465 0.32426 0.62084
0.55750 0.38028 0.58338
0.44288 0.62509 0.47737
0.58013 0.26434 0.64072
0.56259 0.45950 0.54886
0.45360 0.48774 0.52556
0.49271 0.46302 0.52666
0.45483 0.32788 0.62282
0.55332 0.51233 0.49545
0.49396 0.47333 0.52905
0.45292 0.78981 0.42308
0.64256 0.62368 0.38891
0.49280 0.62629 0.43680
0.62713 0.57305 0.48477
0.53680 0.69732 0.39893
0.41310 0.57283 0.49886
0.50440 0.64390 0.45680
0.48441 0.73932 0.38363
0.50068 0.54278 0.53380
0.58329 0.57513 0.48611
0.35165 0.47480 0.57090
0.51172 0.68627 0.40187
0.54839 0.66548 0.39874
0.49705 0.68991 0.39621
0.49752 0.65451 0.43975
0.44780 0.50085 0.55441
0.36346 0.64064 0.49541
0.52793 0.38437 0.59363
0.44346 0.61852 0.48851
0.45439 0.62860 0.48921
0.51936 0.68586 0.37819
0.56797 0.52542 0.47232
0.67514 0.64396 0.38364
0.47869 0.48356 0.54995
0.47806 0.65897 0.43673
0.51199 0.56934 0.47964
0.43723 0.46919 0.54773
0.58088 0.51741 0.50348
0.65788 0.68549 0.31683
0.48660 0.41297 0.56370
0.50251 0.54497 0.51931
0.66271 0.39264 0.50950
0.50993 0.53020 0.54967
0.57707 0.45966 0.52204
0.60027 0.67199 0.35913
0.55021 0.53284 0.46515
0.57465 0.59297 0.48616
0.57331 0.60020 0.44122
0.56935 0.73665 0.37649
0.56484 0.48304 0.54867
0.49718 0.38214 0.60317
0.61482 0.46760 0.49530
0.62177 0.54021 0.45913
0.52188 0.62843 0.47376
0.56616 0.62931 0.40866
0.61667 0.55244 0.45842
0.70207 0.48018 0.42826
0.63073 0.58466 0.43887
0.42495 0.52738 0.53387
0.61105 0.50721 0.47225
0.62545 0.50703 0.47449
0.52862 0.69623 0.39588
0.76064 0.59744 0.34950
0.48934 0.58924 0.49485
0.66467 0.54122 0.43366
0.48531 0.58394 0.45828
0.43689 0.64575 0.43249
0.57455 0.59386 0.41062
0.63875 0.58002 0.38479
0.56386 0.36230 0.58163
0.56462 0.42716 0.60652
0.50319 0.39221 0.59591
0.49154 0.65205 0.41892
0.58680 0.43476 0.52459
0.54264 0.38403 0.55878
0.46087 0.48777 0.56564
0.61498 0.63940 0.39934
0.53694 0.59769 0.46780
0.59861 0.47894 0.50862
0.61658 0.42285 0.50716
0.53589 0.52379 0.49677
0.55384 0.38167 0.61906
0.58546 0.37375 0.55321
0.40375 0.52913 0.53711
0.52696 0.58088 0.48155
0.49820 0.39338 0.58392
0.49547 0.52620 0.49110
0.63215 0.58282 0.41992
0.60418 0.49838 0.51787
0.50792 0.52618 0.52179
0.42797 0.50265 0.52389
0.53366 0.67272 0.39769
0.48325 0.57105 0.50806
0.50919 0.45756 0.57058
0.37200 0.47658 0.55014
0.55079 0.38044 0.60345
0.56745 0.50778 0.50709
0.46635 0.58679 0.49076
0.35620 0.59067 0.48862
0.60772 0.48563 0.51679
0.63504 0.47656 0.47056
0.55679 0.50115 0.55563
0.43079 0.46548 0.56708
0.53772 0.37679 0.59170
0.52292 0.58544 0.51940
0.45651 0.51464 0.52431
0.62437 0.41573 0.54418
0.52082 0.45537 0.55221
0.56896 0.62849 0.43692
0.54159 0.57558 0.47388
0.52201 0.51333 0.50929
0.49875 0.60038 0.46421
0.62444 0.71730 0.30794
0.39894 0.38245 0.62406
0.43605 0.68411 0.41453
0.69448 0.54234 0.42419
0.47560 0.70301 0.42623
0.66988 0.52255 0.44798
0.48031 0.57711 0.47590
0.56541 0.36632 0.58425
0.59245 0.53911 0.46668
0.52146 0.70856 0.36224
0.66145 0.46544 0.49258
0.58210 0.59361 0.44319
0.47149 0.54355 0.50686
0.44095 0.66601 0.40913
0.49221 0.45064 0.58432
0.54713 0.50890 0.50808
0.55122 0.51474 0.47790
0.51044 0.62533 0.44456
0.71112 0.63544 0.34768
0.55215 0.54913 0.50295
0.52417 0.40867 0.58536
0.47125 0.51409 0.54686
0.47784 0.49197 0.49993
0.43810 0.50489 0.51049
0.51576 0.74914 0.39619
0.63324 0.42905 0.53504
0.64371 0.51811 0.44640
0.48949 0.36935 0.61027
0.54569 0.39826 0.56819
0.51743 0.55256 0.51314
0.50342 0.69103 0.40691
0.48361 0.67796 0.47197
0.44419 0.57333 0.47466
0.52862 0.54595 0.48207
0.58484 0.56588 0.45298
0.56521 0.45097 0.50081
0.60906 0.54665 0.44733
0.57068 0.67855 0.39292
0.49888 0.74222 0.34410
0.65318 0.50793 0.46721
0.53061 0.54571 0.50834
0.69331 0.47835 0.45942
0.49506 0.38449 0.63047
0.66092 0.55354 0.43834
0.46837 0.59953 0.46191
0.46892 0.57666 0.49334
0.50765 0.44359 0.55573
0.58074 0.48645 0.51144
0.51734 0.47013 0.54836
0.48310 0.44725 0.54241
0.50761 0.52496 0.54078
0.54673 0.62610 0.42188
0.61033 0.46373 0.48804
0.65625 0.42012 0.53305
0.41420 0.38925 0.60243
0.61828 0.38622 0.53264
0.59178 0.39558 0.60958
0.55935 0.43439 0.58314
0.56114 0.47130 0.53010
0.62916 0.45467 0.48783
0.46467 0.53166 0.54234
0.49306 0.53090 0.49160
0.47391 0.48146 0.54103
0.72580 0.53584 0.40563
0.46108 0.59886 0.48672
0.50113 0.59741 0.48102
0.51098 0.50438 0.53170
0.61341 0.58787 0.40978
0.72278 0.54999 0.41065
0.64012 0.51923 0.51310
0.57201 0.70004 0.39296
0.66502 0.67108 0.34372
0.52030 0.59074 0.45885
0.55841 0.46124 0.52505
0.59449 0.34843 0.62167
0.56633 0.30527 0.64428
0.48256 0.30166 0.62808
0.62484 0.57796 0.44605
0.44429 0.43294 0.59027
0.50517 0.69488 0.41778
0.55169 0.57611 0.51206
0.48965 0.44913 0.57494
0.34487 0.50914 0.55588
0.51091 0.55292 0.51575
0.47994 0.67647 0.45146
0.54321 0.73504 0.33797
0.51270 0.50197 0.52132
0.59328 0.49826 0.49823
0.48725 0.67939 0.41097
0.54666 0.48920 0.50818
0.55140 0.56065 0.47768
0.48192 0.47258 0.57131
0.46052 0.60259 0.46054
0.59323 0.54153 0.50373
0.54066 0.46751 0.53135
0.57948 0.64123 0.39721
0.53560 0.62363 0.48019
0.49686 0.40472 0.59673
0.57286 0.59326 0.45146
0.41649 0.64654 0.46767
0.52580 0.40228 0.57749
0.46386 0.45895 0.57853
0.44186 0.44969 0.56569
0.52546 0.39155 0.59486
0.47404 0.50378 0.53833
0.45288 0.45511 0.57302
0.44221 0.59376 0.48814
0.44490 0.60110 0.48770
0.59720 0.68610 0.34721
0.54213 0.47096 0.51486
0.52542 0.56444 0.51752
0.49489 0.49762 0.50862
0.59964 0.34050 0.60223
0.67364 0.59116 0.37888
0.56293 0.67590 0.41869
0.48075 0.67581 0.41189
0.47386 0.54540 0.51901
0.53540 0.64371 0.46465
0.49297 0.50561 0.54156
0.47942 0.39645 0.59060
0.56935 0.49540 0.51939
0.65452 0.43985 0.51057
0.52630 0.51863 0.55048
0.54095 0.66778 0.39880
0.48772 0.52873 0.50609
0.46868 0.50510 0.53525
0.50832 0.43342 0.58816
0.48177 0.65531 0.42519
0.50860 0.51175 0.54443
0.60278 0.50949 0.47637
0.59180 0.38147 0.56759
0.47435 0.54429 0.53862
0.51503 0.50948 0.51380
0.53659 0.53532 0.51439
0.76867 0.51853 0.38378
0.49402 0.61096 0.50641
0.66071 0.48277 0.47519
0.68655 0.53731 0.41603
0.48926 0.65215 0.45818
0.57546 0.46191 0.52146
0.57052 0.47356 0.51808
0.53252 0.40193 0.55937
0.49831 0.52169 0.50639
0.56564 0.67464 0.37376
0.50636 0.60674 0.45869
0.66936 0.43889 0.53315
0.63402 0.62117 0.41725
0.50009 0.66417 0.43438
0.55837 0.49381 0.52186
0.51434 0.25904 0.67373
0.55332 0.32228 0.62246
0.54447 0.44073 0.56491
0.61078 0.48074 0.55147
0.54098 0.45426 0.53977
0.38059 0.48578 0.55289
0.64749 0.44434 0.49859
0.63441 0.52401 0.46467
0.58022 0.43878 0.55597
0.58284 0.64474 0.37272
0.47984 0.48596 0.55065
0.64481 0.48809 0.47806
0.42590 0.57312 0.48612
0.40951 0.54318 0.49032
0.50481 0.39169 0.57243
0.40676 0.61692 0.50332
0.56923 0.56587 0.43259
0.63181 0.43619 0.53119
0.56838 0.24592 0.64890
0.61140 0.58934 0.42488
0.54549 0.44775 0.56590
0.51732 0.64310 0.46103
0.53299 0.21814 0.67745
0.42250 0.39992 0.59963
0.49373 0.58746 0.47351
0.60284 0.57063 0.45277
0.55907 0.61285 0.40383
0.47608 0.73897 0.42610
0.56598 0.54864 0.45433
0.55168 0.56859 0.49374
0.41959 0.72427 0.46253
0.54082 0.61009 0.43278
0.60104 0.50544 0.50340
0.48287 0.67207 0.40046
0.44907 0.49815 0.52155
0.50798 0.58681 0.48491
0.46376 0.65358 0.46096
0.53926 0.31347 0.62688
0.57486 0.34050 0.63505
0.51596 0.59109 0.49335
0.57289 0.63537 0.42788
0.52610 0.48228 0.53132
0.55558 0.35824 0.57160
0.51763 0.42387 0.53439
0.47860 0.32715 0.63407
0.58517 0.44930 0.51811
0.56995 0.41102 0.58909
0.52162 0.60465 0.48618
0.53395 0.61089 0.41429
0.54214 0.73038 0.33615
0.56716 0.56664 0.49972
0.60966 0.40263 0.52577
0.56271 0.51842 0.54275
0.48664 0.44993 0.59353
0.47651 0.58470 0.49873
0.66332 0.40733 0.53441
0.60866 0.37090 0.58951
0.53088 0.34762 0.61988
0.56638 0.36978 0.60217
0.51126 0.52037 0.50964
0.43856 0.45607 0.56984
0.56855 0.68518 0.38012
0.58489 0.29633 0.62256
0.62012 0.60384 0.39746
0.39963 0.60985 0.46885
0.38287 0.40379 0.60224
0.41298 0.44450 0.59246
0.54521 0.46079 0.58720
0.56632 0.38983 0.56413
0.59167 0.68613 0.35956
0.54476 0.29214 0.64584
0.70089 0.52697 0.42020
0.43625 0.65041 0.47684
0.49535 0.68849 0.44288
0.51109 0.36931 0.61195
0.46299 0.54314 0.49966
0.59777 0.60576 0.44524
0.47275 0.47188 0.51890
0.59415 0.52872 0.48259
0.48605 0.51034 0.50966
0.48403 0.59108 0.49819
0.60753 0.48245 0.51256
0.45047 0.54742 0.48569
0.49865 0.43588 0.59478
0.40766 0.61267 0.45272
0.55105 0.69213 0.40228
0.48131 0.74628 0.42983
0.46838 0.60347 0.51252
0.62559 0.47565 0.51615
0.54575 0.39187 0.56511
0.46912 0.59978 0.49952
0.68379 0.62648 0.36478
0.42447 0.60719 0.46981
0.69847 0.49475 0.49215
0.68116 0.55696 0.40290
0.59212 0.43917 0.55974
0.53132 0.21986 0.69553
0.41132 0.54562 0.51745
0.62330 0.29108 0.61754
0.58634 0.50346 0.46890
0.52954 0.69184 0.40212
0.59641 0.36937 0.54545
0.60423 0.44008 0.53832
0.50837 0.62086 0.43891
0.59127 0.46678 0.52006
0.38549 0.48454 0.56147
0.69275 0.55406 0.42324
0.52825 0.37355 0.60131
0.49599 0.55341 0.52057
0.57279 0.61311 0.43794
0.62475 0.62301 0.44237
0.36249 0.60931 0.50942
0.52934 0.51119 0.54711
0.62267 0.51998 0.51765
0.47920 0.53387 0.51351
0.61848 0.36948 0.54481
0.59047 0.47814 0.48842
0.47572 0.74962 0.36329
0.65161 0.43853 0.52688
0.40561 0.39292 0.60499
0.51406 0.53763 0.50194
0.47974 0.64669 0.42508
0.54831 0.50072 0.52279
0.52864 0.39787 0.57264
0.58621 0.32888 0.63968
0.69294 0.47923 0.46288
0.36721 0.47261 0.55380
0.62503 0.44894 0.50158
0.45918 0.62101 0.47320
0.58708 0.48011 0.51525
0.66198 0.50341 0.45054
0.57964 0.38098 0.58055
0.54788 0.42574 0.54374
0.58492 0.47448 0.48705
0.52857 0.28418 0.66958
0.52589 0.31381 0.63676
0.67624 0.48077 0.44447
0.53072 0.44872 0.57028
0.81680 0.53692 0.35995
0.48844 0.60842 0.47192
0.55905 0.49473 0.51063
0.47608 0.64846 0.47639
0.52161 0.66688 0.42840
0.62100 0.51271 0.47276
0.46739 0.29853 0.66476
0.60222 0.58440 0.42094
0.44448 0.72873 0.37441
0.70469 0.47257 0.46973
0.48198 0.47893 0.56400
0.57748 0.60838 0.43881
0.46225 0.45670 0.54220
