20 7 1000 4085 1006
0.49213 0.73692 0.96770
0.29658 0.70093 0.00311
0.08448 0.79473 0.69176
0.96231 0.44893 0.07426
0.81040 0.71680 0.94142
0.05263 0.54244 0.82056
0.03895 0.68168 0.19702
0.51820 0.63480 0.41879
0.47435 0.60872 0.49849
0.28120 0.70874 0.53104
0.52182 0.69179 0.50781
0.33033 0.68105 0.63152
0.25341 0.69771 0.54621
0.39405 0.64254 0.75487
0.27349 0.63673 0.58486
0.27293 0.68772 0.36616
0.31762 0.62737 0.53360
0.34255 0.65805 0.73927
0.32845 0.67367 0.35675
0.22547 0.67948 0.34393
0.48280 0.62809 0.37711
0.30090 0.69175 0.50541
0.38800 0.63944 0.53794
0.48271 0.59299 0.34569
0.29527 0.67472 0.33548
0.33570 0.62172 0.63548
0.40971 0.68916 0.64641
0.45012 0.65486 0.38888
0.38899 0.72170 0.66649
0.43639 0.63146 0.31574
0.81998 0.52375 0.31376
0.36858 0.66703 0.47865
0.35750 0.66505 0.58488
0.21714 0.68601 0.48907
0.35094 0.67010 0.44583
0.20738 0.65192 0.65368
0.36347 0.62897 0.45224
0.48548 0.66731 0.58820
0.24189 0.69018 0.41051
0.43325 0.64088 0.42745
0.49490 0.69585 0.54466
0.45801 0.64327 0.25713
0.32200 0.71057 0.52928
0.19731 0.67798 0.61261
0.22601 0.72608 0.59056
0.18218 0.64204 0.62361
0.28020 0.61990 0.40399
0.43241 0.64689 0.51552
0.46744 0.68765 0.76346
0.11574 0.60243 0.62696
0.27878 0.59375 0.61721
0.51556 0.68642 0.43147
0.68420 0.56305 0.19057
0.47817 0.62964 0.47912
0.77472 0.54604 0.36866
0.51639 0.68727 0.63394
0.35373 0.69325 0.70211
0.22297 0.69734 0.41900
0.35331 0.66076 0.35675
0.26048 0.67625 0.49039
0.38161 0.63371 0.26095
0.48227 0.60862 0.57672
0.28550 0.61828 0.59331
0.35896 0.65073 0.39187
0.46396 0.72237 0.71356
0.40844 0.66813 0.43127
0.43489 0.69827 0.69032
0.41580 0.60403 0.47894
0.50698 0.60939 0.31967
0.49347 0.63488 0.52830
0.38624 0.70032 0.46029
0.26144 0.62123 0.58479
0.16526 0.63783 0.65802
0.39665 0.62564 0.51263
0.34768 0.68107 0.43893
0.57144 0.65284 0.48560
0.47303 0.67759 0.55808
0.28163 0.67287 0.34509
0.11477 0.73754 0.52042
0.25141 0.68579 0.59676
0.54379 0.62987 0.45396
0.45547 0.69589 0.74138
0.30693 0.67803 0.48875
0.21212 0.65053 0.64391
0.22072 0.65073 0.60573
0.53205 0.66368 0.70917
0.31757 0.64919 0.68655
0.47786 0.61277 0.31839
0.28327 0.63488 0.57915
0.36047 0.60457 0.53943
0.61127 0.66180 0.56860
0.34668 0.59018 0.62704
0.37642 0.62426 0.73117
0.23817 0.72316 0.45107
0.25037 0.69671 0.59611
0.38429 0.66040 0.69846
0.11391 0.69363 0.58875
0.57738 0.63569 0.46746
0.34975 0.68778 0.72288
0.55064 0.63526 0.57055
0.49827 0.67653 0.58341
0.22143 0.61587 0.68674
0.46653 0.61845 0.51544
0.37671 0.69598 0.60352
0.46501 0.70636 0.60997
0.33987 0.66435 0.50009
0.22209 0.63542 0.44204
0.19118 0.61477 0.47715
0.29237 0.66227 0.69517
0.31505 0.72318 0.54947
0.26205 0.71398 0.53995
0.26116 0.60359 0.47033
0.37753 0.64647 0.64202
0.25142 0.64875 0.45353
0.23894 0.72490 0.53911
0.23366 0.68594 0.40907
0.36220 0.64504 0.32886
0.34368 0.62010 0.46001
0.36845 0.68626 0.45658
0.43757 0.64380 0.63502
0.35730 0.68797 0.56084
0.61245 0.59218 0.35950
0.39507 0.63063 0.59202
0.37744 0.70207 0.36948
0.52740 0.71108 0.72683
0.72938 0.53178 0.19178
0.19968 0.73734 0.54618
0.67003 0.62485 0.50801
0.46713 0.62291 0.33256
0.32042 0.70938 0.37914
0.21799 0.62329 0.66465
0.32449 0.70776 0.58091
0.41792 0.70747 0.69519
0.23663 0.67757 0.43714
0.23229 0.69295 0.43655
0.28368 0.67223 0.59702
0.42976 0.65908 0.46109
0.36197 0.68515 0.43017
0.62213 0.69443 0.75072
0.17441 0.71319 0.69470
0.51207 0.59647 0.29420
0.43368 0.67774 0.42966
0.37259 0.62394 0.53266
0.39935 0.67738 0.57903
0.17544 0.69746 0.33081
0.54701 0.65104 0.42745
0.44144 0.67600 0.65550
0.30955 0.65641 0.56876
0.17835 0.70109 0.67050
0.35292 0.68275 0.58010
0.53280 0.62411 0.43633
0.17100 0.63447 0.53049
0.24626 0.67281 0.47127
0.40062 0.67393 0.52160
0.23077 0.74002 0.42059
0.64474 0.62915 0.55714
0.31970 0.65574 0.35939
0.36534 0.69439 0.33048
0.40593 0.67798 0.48424
0.43215 0.65174 0.54597
0.52427 0.61638 0.59179
0.35926 0.68844 0.50157
0.42044 0.61306 0.29821
0.35185 0.64075 0.72756
0.46248 0.69352 0.68666
0.34061 0.61536 0.65284
0.24170 0.64751 0.53345
0.31343 0.69473 0.42261
0.23794 0.68716 0.60405
0.54345 0.60213 0.38641
0.43725 0.58309 0.58981
0.19471 0.65221 0.67893
0.55019 0.65816 0.55081
0.38742 0.63983 0.39553
0.49606 0.62547 0.45137
0.30964 0.72158 0.59086
0.63258 0.60849 0.57694
0.30795 0.69805 0.50401
0.29614 0.72073 0.67190
0.29603 0.65878 0.73223
0.37788 0.64627 0.54099
0.27209 0.64823 0.28999
0.69054 0.53319 0.16799
0.21541 0.70342 0.42616
0.24268 0.72333 0.38807
0.38417 0.66247 0.62931
0.36427 0.67293 0.68851
0.38079 0.54779 0.49563
0.15632 0.68670 0.46376
0.50064 0.67076 0.84010
0.29793 0.64238 0.56183
0.37088 0.66768 0.59367
0.21193 0.71043 0.43762
0.23328 0.59679 0.78842
0.29827 0.66943 0.78357
0.62281 0.59566 0.41024
0.36189 0.71093 0.54055
0.40784 0.71705 0.73530
0.35455 0.66050 0.42769
0.37942 0.65628 0.14280
0.45282 0.70217 0.64672
0.38433 0.64487 0.32118
0.40418 0.68251 0.57269
0.48185 0.69256 0.51928
0.50945 0.61230 0.49517
0.29711 0.67156 0.45888
0.58685 0.69279 0.82494
0.32483 0.68134 0.73713
0.34723 0.66020 0.26502
0.38490 0.67089 0.51622
0.40779 0.64763 0.21255
0.72472 0.57631 0.43789
0.40412 0.69161 0.73787
0.39983 0.68997 0.60746
0.31935 0.69686 0.67607
0.40451 0.67936 0.53130
0.58015 0.61813 0.24303
0.42950 0.64851 0.55109
0.47201 0.66788 0.76930
0.32028 0.69588 0.70380
0.20802 0.59635 0.62796
0.27187 0.68264 0.42586
0.19990 0.64387 0.44222
0.58450 0.67676 0.65835
0.37306 0.66699 0.57545
0.70932 0.58947 0.48949
0.37984 0.70300 0.56936
0.37794 0.67795 0.44129
0.24334 0.65600 0.43086
0.39515 0.63335 0.63890
0.49806 0.58072 0.21388
0.25369 0.67444 0.55515
0.27152 0.64931 0.70052
0.49127 0.65351 0.45686
0.38578 0.61559 0.34313
0.45374 0.69100 0.78015
0.49739 0.68131 0.48665
0.23121 0.67398 0.50212
0.35418 0.65815 0.62833
0.51313 0.63229 0.40039
0.42586 0.57544 0.43768
0.27458 0.69684 0.58101
0.28494 0.63509 0.54077
0.44279 0.67277 0.47501
0.40055 0.67936 0.55728
0.48993 0.66075 0.57096
0.44846 0.64864 0.28987
0.43037 0.69700 0.64224
0.44589 0.64701 0.41922
0.30419 0.71991 0.53122
0.31163 0.74253 0.64847
0.36335 0.69411 0.64933
0.49023 0.63991 0.28662
0.43048 0.60695 0.47018
0.55345 0.69274 0.80878
0.55042 0.59115 0.51517
0.19534 0.67234 0.25154
0.40100 0.57214 0.40092
0.45885 0.64483 0.34764
0.64902 0.63462 0.48935
0.35815 0.71648 0.57378
0.40633 0.70981 0.70544
0.32421 0.70960 0.62032
0.36211 0.66560 0.63580
0.61071 0.56434 0.30510
0.38659 0.66826 0.53961
0.45643 0.67602 0.81996
0.29008 0.69794 0.58521
0.46058 0.67705 0.44212
0.27684 0.63718 0.64979
0.50738 0.69576 0.75841
0.42117 0.66532 0.68695
0.45362 0.58693 0.41342
0.44093 0.71763 0.59637
0.37291 0.66961 0.43540
0.48465 0.63657 0.43428
0.18362 0.63083 0.71784
0.32177 0.70747 0.66394
0.17587 0.66313 0.44945
0.29693 0.66255 0.62982
0.29065 0.66027 0.61801
0.35447 0.68359 0.69686
0.49804 0.67304 0.63850
0.38126 0.62574 0.38092
0.48246 0.72420 0.88449
0.19709 0.60007 0.54927
0.24695 0.67733 0.42563
0.53380 0.67428 0.67296
0.47221 0.63644 0.42767
0.54821 0.65287 0.68791
0.20157 0.71108 0.45933
0.55293 0.68575 0.58534
0.60935 0.59647 0.38330
0.32096 0.65441 0.78895
0.31386 0.63724 0.38032
0.37170 0.69353 0.33293
0.41263 0.71279 0.54728
0.46336 0.69086 0.66283
0.40878 0.67809 0.45110
0.25772 0.67608 0.54074
0.70123 0.60149 0.42469
0.64282 0.60510 0.41780
0.43588 0.66677 0.71229
0.26031 0.69851 0.44100
0.39143 0.62521 0.46733
0.46027 0.63111 0.63672
0.76898 0.57801 0.44061
0.36578 0.66672 0.49193
0.23806 0.63830 0.43482
0.30784 0.67651 0.48713
0.17989 0.70109 0.51436
0.54819 0.66398 0.65396
0.41259 0.68154 0.40171
0.47888 0.71566 0.81475
0.19891 0.69997 0.59780
0.39012 0.73706 0.75509
0.12917 0.68842 0.62778
0.39654 0.66723 0.52539
0.42439 0.69487 0.52945
0.28411 0.65663 0.64383
0.28436 0.66654 0.71410
0.19118 0.67725 0.50197
0.29413 0.67931 0.68956
0.20148 0.68880 0.61579
0.30103 0.65571 0.34569
0.28525 0.65210 0.57429
0.32940 0.65471 0.54311
0.46247 0.67654 0.60099
0.40741 0.67950 0.70058
0.40498 0.66949 0.25445
0.54866 0.60486 0.31996
0.53751 0.66690 0.54685
0.37862 0.71019 0.33428
0.39524 0.64482 0.32527
0.43014 0.67840 0.46444
0.49208 0.63368 0.51670
0.61579 0.59624 0.40046
0.47905 0.69443 0.80181
0.33382 0.63025 0.53236
0.37114 0.61818 0.57191
0.62810 0.57050 0.20335
0.43146 0.61017 0.61575
0.19782 0.69234 0.39713
0.32690 0.65839 0.38593
0.43315 0.66820 0.62210
0.30995 0.68984 0.71966
0.40840 0.60007 0.45173
0.20118 0.68055 0.37746
0.43608 0.70405 0.67476
0.50720 0.61639 0.41426
0.31158 0.70527 0.33634
0.44006 0.70365 0.72315
0.45540 0.68694 0.56705
0.76718 0.58879 0.51113
0.51461 0.64769 0.66461
0.37143 0.67940 0.37029
0.20386 0.66754 0.62700
0.38053 0.69580 0.59759
0.29257 0.66772 0.51311
0.26111 0.71337 0.70491
0.47824 0.62635 0.39972
0.42851 0.70338 0.63228
0.44771 0.69021 0.53017
0.42892 0.69049 0.55353
0.44437 0.65494 0.74167
0.19184 0.61670 0.53308
0.36961 0.65326 0.59293
0.47855 0.66260 0.42296
0.20309 0.61579 0.50994
0.45273 0.65762 0.55936
0.43329 0.64400 0.55560
0.20739 0.69963 0.42541
0.44182 0.67634 0.62747
0.55002 0.62870 0.40785
0.46668 0.66704 0.55227
0.38266 0.60672 0.66417
0.56832 0.67210 0.64134
0.19963 0.68302 0.43579
0.47853 0.62996 0.63702
0.48902 0.60516 0.39455
0.63835 0.60561 0.47085
0.44709 0.63217 0.28564
0.42495 0.68421 0.54693
0.45211 0.67197 0.46469
0.17001 0.72020 0.54369
0.34296 0.70460 0.63839
0.42456 0.66048 0.37502
0.48939 0.62676 0.26496
0.53792 0.56662 0.17270
0.44825 0.65897 0.59337
0.20507 0.71373 0.63426
0.42429 0.69347 0.57757
0.33755 0.66141 0.48343
0.28487 0.60851 0.67040
0.30663 0.67976 0.63718
0.28257 0.68455 0.53109
0.42051 0.64309 0.67011
0.22280 0.61961 0.59137
0.39605 0.63540 0.32131
0.40399 0.60656 0.57542
0.43814 0.65797 0.50214
0.27766 0.66446 0.50674
0.19348 0.63621 0.30547
0.30055 0.70589 0.54274
0.50977 0.60561 0.31645
0.64090 0.54819 0.39688
0.26583 0.72399 0.36338
0.25559 0.68196 0.43235
0.47554 0.64510 0.49261
0.59811 0.67264 0.78207
0.52737 0.62034 0.64041
0.22641 0.71523 0.35355
0.46199 0.71503 0.56308
0.27989 0.65935 0.36300
0.45117 0.65458 0.65338
0.44211 0.63322 0.26466
0.67778 0.61142 0.47839
0.63477 0.56224 0.27147
0.42782 0.67338 0.78746
0.15635 0.64118 0.75753
0.23530 0.62143 0.76088
0.40203 0.59200 0.33609
0.20888 0.68775 0.38707
0.27121 0.65274 0.57530
0.38093 0.64146 0.46196
0.32845 0.67998 0.67549
0.31658 0.67056 0.69431
0.40318 0.65399 0.43325
0.22701 0.64799 0.74775
0.37725 0.72657 0.70053
0.64926 0.57418 0.26415
0.41680 0.66288 0.45122
0.24743 0.71606 0.67630
0.47130 0.61552 0.54534
0.58589 0.61100 0.31602
0.59210 0.59083 0.29415
0.46375 0.68489 0.61504
0.30014 0.69470 0.46806
0.45991 0.64852 0.38907
0.35675 0.69616 0.64808
0.39181 0.66874 0.43036
0.36628 0.72206 0.66546
0.28204 0.65381 0.61585
0.46059 0.69931 0.58808
0.10133 0.65685 0.67645
0.46176 0.69099 0.64033
0.29091 0.67920 0.41236
0.44716 0.70348 0.58218
0.32930 0.64576 0.49112
0.17226 0.76441 0.65985
0.33863 0.70711 0.53842
0.40583 0.65640 0.57691
0.48422 0.69429 0.66381
0.34230 0.64709 0.42574
0.28684 0.63893 0.52213
0.55204 0.69306 0.56516
0.66078 0.56680 0.34357
0.36387 0.66320 0.61321
0.27603 0.67882 0.66165
0.48329 0.63751 0.42654
0.29457 0.65028 0.56406
0.41355 0.68660 0.71312
0.39909 0.66624 0.33781
0.13681 0.72833 0.53805
0.69642 0.54756 0.20497
0.40802 0.66974 0.57502
0.25971 0.69542 0.58766
0.35472 0.69346 0.59498
0.35221 0.68487 0.61700
0.48122 0.66252 0.53300
0.40512 0.69776 0.60394
0.38701 0.70141 0.49067
0.27307 0.70897 0.68793
0.50268 0.69373 0.63173
0.39129 0.68709 0.57345
0.56570 0.62649 0.42918
0.24838 0.67878 0.41082
0.17229 0.75190 0.55484
0.60633 0.63184 0.46523
0.26076 0.61273 0.43836
0.32557 0.69192 0.42964
0.43120 0.61493 0.48855
0.23062 0.62426 0.61349
0.32389 0.67939 0.37216
0.45456 0.65168 0.38554
0.53171 0.55633 0.46086
0.43496 0.62305 0.61471
0.30975 0.68272 0.72204
0.16450 0.68398 0.34459
0.43626 0.70695 0.59445
0.40502 0.64821 0.58029
0.51889 0.64293 0.56104
0.45343 0.62967 0.40691
0.29522 0.67773 0.53103
0.43453 0.72286 0.74198
0.27336 0.69086 0.42391
0.28755 0.66204 0.60673
0.24359 0.67569 0.66656
0.33339 0.70110 0.79171
0.27162 0.63105 0.63445
0.28188 0.70388 0.44368
0.53592 0.65191 0.35606
0.40597 0.67977 0.40802
0.45238 0.64716 0.44804
0.36882 0.68791 0.56646
0.47692 0.62208 0.50417
0.57273 0.64690 0.66729
0.40522 0.65981 0.56048
0.47061 0.66571 0.55806
0.52890 0.69443 0.58572
0.42322 0.67655 0.51126
0.36956 0.68732 0.71269
0.32049 0.71296 0.70000
0.41560 0.73265 0.77233
0.30924 0.68844 0.61788
0.40115 0.64618 0.50529
0.34906 0.67077 0.37401
0.54326 0.62328 0.43145
0.60077 0.63325 0.50321
0.54507 0.64393 0.31127
0.35070 0.69033 0.51846
0.30936 0.66981 0.29775
0.29273 0.66586 0.37230
0.57908 0.60025 0.33698
0.25662 0.68805 0.47484
0.31047 0.71032 0.63923
0.43659 0.63325 0.32693
0.36341 0.64335 0.39315
0.60568 0.68950 0.69615
0.26432 0.70839 0.48558
0.46230 0.62853 0.41701
0.45339 0.65115 0.57213
0.48831 0.66784 0.65775
0.34330 0.72606 0.68539
0.52310 0.60518 0.37479
0.37714 0.71008 0.67623
0.40084 0.72908 0.68814
0.39024 0.69814 0.55078
0.25889 0.69195 0.30636
0.48229 0.70951 0.60878
0.31981 0.72588 0.47407
0.25799 0.64476 0.26887
0.44638 0.62547 0.38866
0.23956 0.68385 0.39868
0.40662 0.63677 0.69165
0.34664 0.60055 0.34029
0.51317 0.58597 0.19910
0.35960 0.64912 0.66858
0.29445 0.68761 0.24922
0.21141 0.61590 0.62931
0.48198 0.66419 0.56658
0.45071 0.64023 0.39372
0.48817 0.61338 0.40484
0.14366 0.74258 0.51712
0.28450 0.71500 0.52043
0.39199 0.66740 0.57617
0.31148 0.74657 0.77131
0.51768 0.67450 0.56512
0.12315 0.59952 0.69735
0.51707 0.63883 0.55114
0.35340 0.65629 0.50101
0.41907 0.63857 0.39984
0.24009 0.59217 0.59769
0.57827 0.66277 0.69445
0.52566 0.65215 0.66098
0.41480 0.68670 0.80418
0.27775 0.69627 0.62916
0.26020 0.70365 0.49313
0.39714 0.69307 0.56557
0.28067 0.65362 0.36359
0.47930 0.66791 0.58072
0.31359 0.68202 0.37291
0.35251 0.70201 0.55519
0.38370 0.65764 0.58749
0.41951 0.60244 0.52259
0.31531 0.71192 0.60310
0.53202 0.65513 0.62799
0.27060 0.63619 0.59909
0.61120 0.57063 0.18655
0.47715 0.63242 0.36686
0.63378 0.64654 0.57404
0.60399 0.55410 0.40915
0.51869 0.68773 0.47551
0.11824 0.63490 0.40750
0.52667 0.68125 0.67206
0.36910 0.70498 0.66233
0.62848 0.68721 0.71935
0.40711 0.67684 0.52326
0.45246 0.68637 0.57917
0.50319 0.68554 0.50294
0.43890 0.67281 0.52919
0.27068 0.65770 0.63254
0.49993 0.57423 0.37741
0.35437 0.68002 0.70079
0.38295 0.69755 0.49201
0.31486 0.66767 0.53570
0.57279 0.67418 0.70479
0.38913 0.67996 0.11481
0.35669 0.65058 0.47081
0.34421 0.71265 0.61752
0.34989 0.66295 0.65664
0.43125 0.69817 0.68854
0.36822 0.64293 0.28338
0.38375 0.66367 0.49519
0.59022 0.61785 0.39456
0.73222 0.54941 0.17089
0.50535 0.61509 0.67341
0.57508 0.64411 0.42659
0.63366 0.67469 0.65400
0.29407 0.69700 0.40882
0.54908 0.64873 0.52105
0.37077 0.69630 0.51612
0.60771 0.59167 0.34956
0.38879 0.70686 0.47220
0.53915 0.65751 0.49800
0.29644 0.66585 0.52826
0.59264 0.70983 0.75683
0.54681 0.63982 0.43152
0.29334 0.65263 0.58488
0.35298 0.67390 0.43764
0.29647 0.69055 0.49061
0.46340 0.62554 0.42899
0.40799 0.60953 0.39746
0.40951 0.70491 0.75610
0.43309 0.67963 0.56178
0.39323 0.68693 0.55015
0.32189 0.62944 0.70013
0.29108 0.69542 0.50474
0.25589 0.61888 0.68897
0.55755 0.62216 0.33640
0.36789 0.71080 0.64113
0.30905 0.68339 0.29372
0.48129 0.62098 0.41857
0.31868 0.68679 0.31356
0.44564 0.67139 0.62991
0.50265 0.64813 0.58636
0.64490 0.64288 0.57784
0.18469 0.66602 0.60136
0.47814 0.61483 0.37434
0.68719 0.56821 0.18040
0.59535 0.66723 0.65985
0.49668 0.64108 0.45029
0.61344 0.58104 0.42784
0.48072 0.66304 0.57221
0.37687 0.72120 0.83265
0.58029 0.68278 0.79018
0.32390 0.67870 0.72436
0.19537 0.63460 0.65352
0.18398 0.72212 0.53521
0.26562 0.68953 0.61090
0.54279 0.61498 0.32424
0.44131 0.71846 0.68810
0.34193 0.62826 0.76843
0.42164 0.63704 0.35856
0.33238 0.67384 0.39854
0.15610 0.67102 0.54850
0.35871 0.65609 0.41908
0.24919 0.64763 0.72582
0.54060 0.64191 0.60524
0.43357 0.62587 0.42144
0.49892 0.59533 0.46514
0.30199 0.66334 0.51241
0.25231 0.69928 0.50703
0.61254 0.66669 0.71937
0.40765 0.64338 0.51422
0.18661 0.64322 0.72894
0.61054 0.66062 0.59934
0.38585 0.64484 0.77011
0.27522 0.67630 0.33633
0.36377 0.65511 0.78628
0.20868 0.64865 0.48427
0.54352 0.70969 0.69410
0.40734 0.69909 0.76047
0.35796 0.58532 0.47956
0.29196 0.71101 0.68742
0.47920 0.60932 0.42700
0.37152 0.71657 0.79029
0.40714 0.65481 0.67439
0.27812 0.72793 0.55967
0.33787 0.73438 0.66689
0.62887 0.60955 0.57747
0.44855 0.70810 0.75458
0.48419 0.67687 0.60995
0.30891 0.65143 0.68602
0.38315 0.68765 0.36552
0.15605 0.69335 0.58263
0.51993 0.62137 0.50970
0.33169 0.61588 0.63272
0.55395 0.70068 0.61943
0.53275 0.59922 0.18314
0.50837 0.68493 0.74250
0.38654 0.60801 0.40930
0.38783 0.67548 0.60495
0.35430 0.70520 0.52498
0.48217 0.61840 0.58455
0.14199 0.73745 0.50619
0.37708 0.70971 0.53360
0.54496 0.62154 0.46264
0.35069 0.69979 0.45669
0.45562 0.66676 0.33694
0.24865 0.66271 0.50363
0.33954 0.64390 0.54885
0.52510 0.67802 0.66038
0.50481 0.61057 0.46433
0.51493 0.64892 0.35834
0.18817 0.67218 0.50882
0.21859 0.68861 0.68567
0.65059 0.63115 0.47064
0.32407 0.72012 0.64299
0.19749 0.71056 0.43440
0.52533 0.70315 0.64181
0.59223 0.63751 0.45255
0.28943 0.67255 0.36957
0.35121 0.67476 0.66471
0.44127 0.56974 0.34915
0.53425 0.68019 0.72501
0.45698 0.72426 0.79015
0.19921 0.69102 0.43145
0.57852 0.65614 0.66718
0.66965 0.60041 0.55309
0.30853 0.71342 0.61671
0.32189 0.68525 0.44482
0.80846 0.53494 0.32782
0.19921 0.68296 0.40115
0.34728 0.59297 0.69342
0.58452 0.69153 0.77764
0.26172 0.70815 0.54197
0.18800 0.71601 0.53087
0.27029 0.68259 0.56985
0.45457 0.68621 0.51092
0.46245 0.61740 0.33508
0.39251 0.67616 0.39534
0.41584 0.66833 0.69487
0.29352 0.67045 0.55066
0.46306 0.67380 0.56251
0.46130 0.64923 0.30078
0.28686 0.69917 0.69098
0.45739 0.67777 0.31159
0.45339 0.63471 0.36458
0.38561 0.61653 0.38957
0.46128 0.65232 0.42987
0.64091 0.57183 0.20242
0.38735 0.66627 0.46850
0.31742 0.68273 0.68640
0.47102 0.62650 0.29376
0.22987 0.72132 0.70039
0.42512 0.71858 0.63834
0.31190 0.67531 0.31556
0.58338 0.69169 0.76580
0.39939 0.60264 0.50000
0.48714 0.64485 0.53148
0.44561 0.64954 0.49559
0.26707 0.69224 0.59865
0.29294 0.73856 0.55436
0.52424 0.61339 0.51459
0.32783 0.67149 0.62026
0.35487 0.65141 0.48214
0.52581 0.56938 0.52091
0.40870 0.68231 0.54439
0.62930 0.71214 0.88208
0.30821 0.64204 0.28160
0.16300 0.63826 0.56297
0.43320 0.61286 0.29341
0.42182 0.68201 0.46262
0.15334 0.66259 0.59899
0.58747 0.65131 0.61909
0.58878 0.63811 0.38320
0.32539 0.66932 0.65514
0.54664 0.60716 0.51798
0.28266 0.63181 0.53884
0.43199 0.68939 0.69284
0.14833 0.67421 0.27081
0.25489 0.62551 0.58509
0.56646 0.66541 0.45061
0.49419 0.67929 0.68268
0.48725 0.69197 0.72741
0.62614 0.70326 0.73662
0.41793 0.67805 0.63271
0.39609 0.69575 0.58481
0.22283 0.65535 0.71426
0.15397 0.62591 0.67731
0.47693 0.66120 0.20873
0.35907 0.56832 0.47106
0.34103 0.68584 0.30838
0.43709 0.63047 0.35598
0.47103 0.64116 0.67654
0.42301 0.63796 0.76175
0.37122 0.61789 0.36897
0.36766 0.64952 0.76687
0.49822 0.68251 0.65870
0.19716 0.67489 0.65599
0.36798 0.67523 0.52179
0.52590 0.66270 0.54810
0.31125 0.67390 0.25760
0.38509 0.71884 0.68200
0.32878 0.68143 0.53239
0.37935 0.68347 0.59767
0.41589 0.65813 0.41324
0.32797 0.60330 0.71372
0.28610 0.72465 0.52254
0.51786 0.59389 0.39313
0.46593 0.68958 0.58311
0.56483 0.67173 0.65614
0.44785 0.63354 0.27676
0.46237 0.67529 0.66964
0.23317 0.69949 0.35111
0.51678 0.69801 0.77357
0.48113 0.65987 0.48152
0.34959 0.67672 0.57776
0.45262 0.69570 0.70440
0.42185 0.67117 0.43911
0.33858 0.72040 0.57143
0.39407 0.64780 0.57887
0.43372 0.60804 0.65292
0.44882 0.71097 0.56209
0.15957 0.63472 0.69426
0.28192 0.68001 0.65644
0.50621 0.68542 0.53625
0.34889 0.65568 0.55822
0.19845 0.63025 0.57656
0.25389 0.69034 0.44402
0.18454 0.61824 0.65872
0.34314 0.73916 0.60850
0.23582 0.71841 0.31989
0.32285 0.67815 0.34748
0.34542 0.62160 0.66981
0.28789 0.71665 0.57582
0.33322 0.65221 0.40321
0.68622 0.57717 0.53567
0.60044 0.55108 0.37562
0.44941 0.56356 0.58239
0.71815 0.58510 0.35733
0.39604 0.70487 0.71633
0.39971 0.71262 0.69421
0.47776 0.64164 0.41692
0.43688 0.69521 0.65069
0.47283 0.70030 0.55757
0.33271 0.67227 0.57580
0.65432 0.69424 0.74104
0.46166 0.65619 0.62942
0.30458 0.69884 0.48677
0.15470 0.57100 0.79432
0.53762 0.68759 0.70721
0.47818 0.64908 0.68936
0.29260 0.71017 0.53630
0.39938 0.59944 0.48338
0.37722 0.68865 0.48867
0.21090 0.65435 0.44762
0.35202 0.66706 0.72934
0.34084 0.63352 0.60676
0.21512 0.64001 0.68207
0.27535 0.65869 0.47995
0.47759 0.61375 0.49487
0.47269 0.65500 0.55335
0.28052 0.65069 0.46496
0.58537 0.66380 0.56132
0.43424 0.65707 0.29392
0.32699 0.69192 0.31475
0.28883 0.67357 0.59845
0.32836 0.70543 0.58625
0.31838 0.68909 0.33551
0.33541 0.69407 0.55187
0.51105 0.62834 0.34823
0.24852 0.65948 0.66901
0.25361 0.67912 0.41970
0.44584 0.63468 0.36627
0.44616 0.66542 0.44336
0.48365 0.66158 0.63632
0.58373 0.65156 0.52578
0.43011 0.67409 0.48660
0.36389 0.67807 0.73292
0.53238 0.65619 0.46050
0.41062 0.65893 0.59559
0.41747 0.61569 0.27988
0.40862 0.67417 0.53771
0.20975 0.60372 0.55669
0.25426 0.70959 0.41434
0.58056 0.62852 0.43906
0.14969 0.67372 0.53727
0.38676 0.66926 0.36778
0.50973 0.66219 0.50494
0.25930 0.67022 0.36357
0.36097 0.65215 0.54269
0.44650 0.71107 0.64038
0.34315 0.67721 0.71133
0.38126 0.69537 0.80231
0.29333 0.64924 0.44093
0.37404 0.68069 0.65344
0.29256 0.65563 0.51593
0.17989 0.65927 0.56363
0.57550 0.62282 0.65807
0.29688 0.69827 0.71205
0.34039 0.68711 0.20039
0.48518 0.67849 0.56733
0.60531 0.53971 0.25520
0.37765 0.65528 0.46526
0.26928 0.67722 0.39042
0.22660 0.58460 0.58491
0.62202 0.59839 0.43518
0.27076 0.62256 0.49872
0.28378 0.56795 0.60368
0.57606 0.59429 0.52673
0.58700 0.59223 0.32459
0.28077 0.68446 0.47653
0.36507 0.68268 0.67706
0.31141 0.68724 0.50776
0.57052 0.67229 0.68004
0.34598 0.70021 0.65292
0.16887 0.64682 0.76977
0.59438 0.59967 0.27996
0.41182 0.67380 0.72346
0.39345 0.64706 0.59369
0.37642 0.63863 0.44333
0.24676 0.67954 0.59526
0.56476 0.63609 0.43835
0.44004 0.60517 0.37306
0.29856 0.71182 0.46827
0.25559 0.63982 0.32466
0.43087 0.67775 0.50037
0.55425 0.53341 0.43682
0.48383 0.64283 0.32559
0.49810 0.63371 0.33876
0.47695 0.61841 0.38430
0.22565 0.62900 0.70080
0.22603 0.69519 0.33577
0.59796 0.64877 0.44848
0.42803 0.64786 0.66314
0.51710 0.68252 0.69460
0.33878 0.70399 0.58215
0.27491 0.70602 0.51021
0.34277 0.69130 0.65999
0.46356 0.66235 0.52505
0.26673 0.71595 0.45583
0.35558 0.66085 0.36045
0.44214 0.68657 0.43896
0.48489 0.62277 0.24027
0.15750 0.69412 0.51847
0.43836 0.68430 0.56344
0.66332 0.54994 0.17559
0.37895 0.63636 0.42090
0.29816 0.59281 0.44183
0.40030 0.65004 0.42944
0.35716 0.54446 0.55348
0.38944 0.61959 0.46603
0.55275 0.58244 0.44497
0.19172 0.75084 0.60222
0.43914 0.67206 0.50749
0.36801 0.63599 0.57366
0.42333 0.60212 0.58539
0.47367 0.68636 0.55417
0.51691 0.65218 0.58718
0.55923 0.63835 0.48653
0.35997 0.61829 0.52205
0.40866 0.69149 0.45927
0.45186 0.63975 0.29647
0.15102 0.64111 0.52254
0.38266 0.68381 0.76525
0.74623 0.59005 0.41622
0.36582 0.70247 0.55745
0.38920 0.62453 0.50314
0.32898 0.70239 0.50152
0.39676 0.61586 0.45092
0.53405 0.63891 0.53857
0.38332 0.68445 0.48035
0.47591 0.67359 0.60367
0.27477 0.67120 0.64052
0.31651 0.61275 0.45143
0.48467 0.68495 0.57387
0.18935 0.62387 0.59291
0.21270 0.72806 0.49462
0.22081 0.63703 0.65038
0.25062 0.67813 0.41333
0.27799 0.62792 0.39472
0.41960 0.65348 0.48249
0.49855 0.62069 0.38148
0.50893 0.67642 0.55188
0.51118 0.60382 0.32745
0.29818 0.68122 0.43532
0.57147 0.70335 0.80261
0.30372 0.62967 0.42129
0.47219 0.58377 0.50341
0.35779 0.62545 0.62384
0.39452 0.64508 0.52510
0.25452 0.64877 0.65848
0.44668 0.62821 0.31039
0.34731 0.67208 0.65954
0.45371 0.64812 0.65677
0.26725 0.68127 0.47746
0.33881 0.70789 0.48535
0.41366 0.70527 0.59838
0.21227 0.72172 0.59710
0.37000 0.67999 0.49802
0.47447 0.68188 0.72230
0.20306 0.62291 0.67167
0.56612 0.59787 0.59308
0.31762 0.62908 0.33138
0.19102 0.65793 0.35772
0.44277 0.66197 0.61536
0.25120 0.65965 0.57309
0.38210 0.70560 0.61874
0.58682 0.57444 0.43751
0.23096 0.70783 0.64387
0.21438 0.67569 0.64360
0.32874 0.67143 0.39531
0.27550 0.62911 0.38564
0.53728 0.70765 0.78149
0.30294 0.72842 0.71294
