20 6 1000 34471 2678
0.75617 0.03108 0.09483
0.37792 0.87687 0.70188
0.12670 0.69320 0.79535
0.80933 0.82547 0.78447
0.94350 0.72744 0.68702
0.94068 0.39255 0.51714
0.85389 0.49709 0.57913
0.56702 0.72366 0.74093
0.67638 0.70979 0.66559
0.44974 0.60764 0.66996
0.77961 0.66835 0.66711
0.61341 0.52948 0.54755
0.79785 0.58507 0.61558
0.58711 0.71573 0.70452
0.59173 0.58282 0.63786
0.83143 0.56736 0.57366
0.66043 0.36869 0.39208
0.76228 0.29947 0.32429
0.58083 0.74834 0.72082
0.60966 0.68808 0.68830
0.79010 0.39924 0.42777
0.79206 0.49456 0.54526
0.66080 0.61908 0.63650
0.74224 0.45450 0.47713
0.53445 0.36061 0.41689
0.45927 0.75045 0.73885
0.80555 0.42765 0.52863
0.49816 0.66541 0.67369
0.78104 0.64407 0.65595
0.71760 0.40895 0.43707
0.59232 0.64101 0.61102
0.72952 0.62237 0.63466
0.67928 0.68036 0.67623
0.58482 0.36974 0.38791
0.76104 0.58892 0.57653
0.69874 0.54375 0.52551
0.57434 0.66977 0.62552
0.70957 0.62608 0.64333
0.56031 0.73181 0.70955
0.61792 0.62868 0.59927
0.61959 0.45390 0.50482
0.63923 0.55271 0.51723
0.58773 0.72644 0.71906
0.60364 0.52614 0.57400
0.80980 0.72786 0.70811
0.76873 0.67801 0.68273
0.65716 0.57951 0.53698
0.68292 0.64606 0.60751
0.69558 0.73812 0.69313
0.68431 0.73916 0.68414
0.63716 0.74921 0.75184
0.74875 0.55839 0.57764
0.78142 0.54681 0.56107
0.50978 0.54904 0.60663
0.63441 0.73727 0.73417
0.79086 0.46030 0.50372
0.60829 0.72655 0.65770
0.57041 0.62214 0.64293
0.84810 0.62033 0.59677
0.47159 0.65891 0.69403
0.62492 0.44158 0.49077
0.74858 0.66322 0.64794
0.68454 0.65237 0.62869
0.62257 0.75702 0.70105
0.75072 0.53657 0.53314
0.64194 0.55980 0.62337
0.76981 0.75012 0.69382
0.69964 0.62558 0.63423
0.62983 0.69317 0.65750
0.80462 0.65613 0.63022
0.79197 0.41514 0.48519
0.58743 0.40060 0.42153
0.68671 0.66519 0.69383
0.66927 0.76580 0.70156
0.72318 0.47090 0.53507
0.69149 0.55398 0.57054
0.75716 0.48383 0.50406
0.89558 0.71468 0.68125
0.66641 0.47562 0.49430
0.84503 0.43398 0.48560
0.74757 0.60965 0.57236
0.60557 0.64817 0.68167
0.78003 0.58157 0.59637
0.82478 0.40672 0.45550
0.73569 0.53180 0.57678
0.70117 0.68089 0.67685
0.58922 0.74393 0.72699
0.75066 0.45379 0.48105
0.60412 0.66590 0.63180
0.74855 0.60771 0.60641
0.42610 0.69321 0.73709
0.72872 0.54591 0.55334
0.72845 0.46841 0.46015
0.79970 0.78005 0.74883
0.72095 0.34175 0.35118
0.75147 0.50765 0.54298
0.58210 0.53160 0.49747
0.71013 0.58210 0.57366
0.70658 0.78499 0.73028
0.67090 0.54859 0.57894
0.80761 0.55822 0.57976
0.61800 0.62389 0.64229
0.77497 0.45856 0.52237
0.71884 0.39946 0.39744
0.87585 0.51043 0.57527
0.79249 0.35641 0.40303
0.78357 0.60792 0.59149
0.63375 0.65922 0.64331
0.52537 0.65836 0.60210
0.62699 0.36395 0.44195
0.75276 0.74875 0.71667
0.78913 0.48834 0.50331
0.74506 0.69130 0.64985
0.73294 0.64438 0.64420
0.49579 0.56454 0.60932
0.55262 0.72889 0.65129
0.64919 0.71943 0.70236
0.63630 0.60642 0.58349
0.49233 0.54195 0.55810
0.67837 0.43682 0.50523
0.75575 0.71322 0.68208
0.58592 0.50850 0.57477
0.67054 0.62575 0.66134
0.86474 0.52951 0.54115
0.79537 0.64022 0.65299
0.72599 0.76789 0.72199
0.79862 0.62503 0.64093
0.78554 0.48547 0.50756
0.46564 0.61901 0.58300
0.65086 0.61538 0.61796
0.65580 0.57376 0.57074
0.73899 0.60331 0.56963
0.74656 0.65972 0.65618
0.57384 0.66057 0.63945
0.63344 0.53493 0.55419
0.58430 0.62131 0.60522
0.63252 0.72281 0.67738
0.64426 0.74745 0.71015
0.77562 0.48819 0.49089
0.64546 0.65291 0.66997
0.80524 0.54119 0.57439
0.56115 0.67764 0.65639
0.46776 0.74860 0.65921
0.56390 0.63487 0.63317
0.80765 0.39226 0.42480
0.75393 0.74791 0.72243
0.71721 0.76266 0.72166
0.47047 0.77570 0.70096
0.48881 0.63140 0.64531
0.60502 0.67835 0.64638
0.72868 0.62121 0.62356
0.66261 0.79562 0.72587
0.69381 0.63700 0.61581
0.64893 0.52164 0.59326
0.66959 0.51629 0.55174
0.62066 0.71917 0.68154
0.70343 0.43308 0.46622
0.40673 0.73519 0.69299
0.52666 0.61733 0.64394
0.61796 0.60758 0.59804
0.49954 0.59065 0.62523
0.54778 0.66377 0.63800
0.67428 0.47114 0.53620
0.73823 0.43578 0.45198
0.43485 0.82407 0.69778
0.52851 0.67355 0.64921
0.84833 0.56263 0.60615
0.69182 0.61395 0.58970
0.59013 0.45201 0.50619
0.82436 0.63481 0.63921
0.44752 0.67066 0.71357
0.74119 0.72698 0.71595
0.68658 0.58083 0.57450
0.54542 0.51067 0.51685
0.70902 0.65980 0.62985
0.60311 0.61382 0.55051
0.54556 0.68110 0.61598
0.80028 0.41702 0.47802
0.74468 0.69330 0.70482
0.74549 0.56421 0.55067
0.59235 0.64562 0.65429
0.73334 0.62522 0.61596
0.65375 0.57566 0.63359
0.67850 0.60008 0.58914
0.54259 0.72326 0.73582
0.59526 0.57999 0.65355
0.59499 0.47989 0.46239
0.73630 0.73018 0.69400
0.50779 0.82391 0.71324
0.56694 0.75981 0.70981
0.65331 0.35313 0.42490
0.77573 0.45700 0.51556
0.82401 0.61150 0.60593
0.72346 0.42317 0.47734
0.50496 0.50347 0.56503
0.60526 0.68302 0.66198
0.82538 0.32318 0.36925
0.52468 0.59300 0.61613
0.72878 0.70359 0.67604
0.55772 0.72459 0.74313
0.77088 0.51633 0.54776
0.73406 0.68547 0.65009
0.59328 0.61260 0.62305
0.78621 0.78273 0.74758
0.26704 0.68218 0.73726
0.65098 0.58793 0.58792
0.82335 0.69273 0.68365
0.63834 0.58588 0.56623
0.79342 0.39965 0.45780
0.61627 0.53171 0.51551
0.80836 0.40851 0.46479
0.61951 0.59852 0.62874
0.79970 0.55107 0.55330
0.72050 0.53579 0.51579
0.71492 0.56556 0.57594
0.62569 0.68689 0.68950
0.51366 0.52502 0.56556
0.66214 0.54811 0.51707
0.85812 0.47136 0.54423
0.52690 0.43719 0.44058
0.76977 0.44106 0.50935
0.79263 0.57141 0.55989
0.56774 0.37902 0.44798
0.79095 0.56500 0.59838
0.88926 0.68363 0.65531
0.72244 0.70938 0.67446
0.51579 0.69000 0.64099
0.72591 0.51868 0.54185
0.74476 0.67039 0.64709
0.77895 0.51677 0.52645
0.64105 0.62627 0.62350
0.73863 0.55334 0.53963
0.57762 0.60651 0.54250
0.77371 0.72332 0.66178
0.70597 0.56456 0.56004
0.74259 0.56457 0.60708
0.65754 0.51528 0.57029
0.63910 0.75671 0.68558
0.59072 0.67668 0.66089
0.58980 0.69963 0.68203
0.80166 0.66791 0.65874
0.73603 0.66253 0.66644
0.52922 0.65729 0.68226
0.37273 0.63871 0.71624
0.75278 0.52032 0.59863
0.59010 0.60545 0.57934
0.70533 0.75733 0.70271
0.81410 0.53621 0.58508
0.31304 0.73660 0.75213
0.72953 0.57196 0.57006
0.42042 0.62178 0.70049
0.54258 0.51078 0.50835
0.81347 0.58257 0.56569
0.58949 0.73956 0.68696
0.81789 0.57562 0.58347
0.65442 0.54322 0.56110
0.66023 0.58781 0.54387
0.70975 0.69485 0.65723
0.80464 0.57952 0.60166
0.50592 0.45107 0.53255
0.82006 0.58111 0.61129
0.69636 0.59522 0.59526
0.73851 0.48325 0.52655
0.53967 0.78389 0.68005
0.78308 0.61925 0.62775
0.80103 0.72383 0.68955
0.76329 0.54530 0.52708
0.74268 0.50489 0.58453
0.64872 0.65473 0.63056
0.46756 0.71541 0.69812
0.54456 0.73801 0.71075
0.86711 0.43432 0.50808
0.50661 0.64769 0.65164
0.74309 0.45060 0.45584
0.76166 0.67558 0.63768
0.68850 0.70850 0.70398
0.73499 0.43377 0.49040
0.59094 0.66050 0.69443
0.68107 0.60773 0.60340
0.79597 0.58029 0.59251
0.73315 0.61508 0.60884
0.58980 0.69314 0.65575
0.58971 0.57525 0.57355
0.85467 0.49162 0.55818
0.33008 0.67433 0.71473
0.65512 0.64933 0.63912
0.56221 0.58125 0.56759
0.65900 0.61081 0.61443
0.76043 0.30064 0.34477
0.67394 0.63887 0.65099
0.40921 0.68266 0.66438
0.66307 0.63960 0.62929
0.73176 0.72786 0.69211
0.61010 0.66910 0.60762
0.51934 0.47012 0.54717
0.39342 0.68417 0.73627
0.77473 0.55138 0.55134
0.72917 0.67171 0.67499
0.78474 0.27758 0.32664
0.70067 0.59038 0.60369
0.68567 0.64545 0.64333
0.63539 0.58056 0.56320
0.74837 0.56338 0.59823
0.60817 0.55619 0.60268
0.61875 0.67949 0.64958
0.88003 0.59938 0.62818
0.66779 0.54532 0.51821
0.55456 0.66299 0.66496
0.70604 0.67472 0.68463
0.69754 0.64706 0.65391
0.79469 0.51496 0.59371
0.67559 0.64370 0.65761
0.49502 0.77208 0.67911
0.61487 0.56552 0.55688
0.74477 0.48187 0.52265
0.84444 0.57926 0.58402
0.76137 0.74100 0.69671
0.44138 0.55593 0.55296
0.53339 0.69131 0.69679
0.74767 0.61526 0.58518
0.58924 0.63236 0.56702
0.67013 0.50025 0.54148
0.53379 0.75841 0.66922
0.81071 0.57705 0.60812
0.51312 0.69624 0.66137
0.79814 0.64674 0.66980
0.52102 0.81737 0.71325
0.27743 0.66805 0.73124
0.60798 0.75132 0.76029
0.57661 0.69432 0.71193
0.68545 0.49466 0.56565
0.67301 0.40974 0.43051
0.78881 0.54746 0.59831
0.70870 0.46165 0.46636
0.66073 0.46771 0.46672
0.62444 0.54154 0.56893
0.61774 0.53209 0.55055
0.64036 0.56526 0.61480
0.63431 0.65727 0.59757
0.64448 0.75614 0.70752
0.71109 0.44984 0.43396
0.66971 0.56892 0.61555
0.87397 0.62597 0.61130
0.74073 0.65785 0.67222
0.62412 0.65429 0.64202
0.54611 0.72071 0.74082
0.63456 0.54105 0.55576
0.75620 0.59554 0.61482
0.67234 0.51298 0.55286
0.67016 0.68766 0.65528
0.51522 0.46462 0.49737
0.74461 0.59114 0.62718
0.66418 0.76210 0.75376
0.78804 0.46807 0.50973
0.72836 0.49609 0.51433
0.79363 0.46935 0.52218
0.49180 0.64396 0.67349
0.62009 0.66975 0.67174
0.76382 0.16325 0.21126
0.70092 0.75136 0.74385
0.51751 0.71281 0.74448
0.64707 0.67901 0.64489
0.69341 0.44518 0.50712
0.49610 0.76829 0.67639
0.62481 0.78940 0.72632
0.82282 0.44126 0.44590
0.56213 0.41159 0.44559
0.74655 0.59839 0.57672
0.73679 0.49486 0.50042
0.64516 0.56606 0.58360
0.64738 0.67931 0.62001
0.46544 0.41124 0.48059
0.68703 0.69981 0.68131
0.72803 0.74549 0.67272
0.60460 0.68171 0.65567
0.58125 0.59073 0.58629
0.65149 0.54194 0.53981
0.76113 0.28091 0.35675
0.53860 0.63556 0.69512
0.89118 0.38865 0.47573
0.59170 0.61910 0.65777
0.68287 0.57121 0.54287
0.37425 0.77634 0.70725
0.55832 0.61524 0.59227
0.49405 0.66584 0.66510
0.67248 0.65540 0.68889
0.78248 0.62329 0.61774
0.79201 0.58742 0.62730
0.78652 0.66696 0.66014
0.51511 0.76898 0.66096
0.80305 0.60716 0.59377
0.63684 0.71990 0.67359
0.60010 0.62146 0.61112
0.74237 0.63318 0.63552
0.65511 0.65384 0.66268
0.54697 0.76990 0.67343
0.50872 0.76257 0.69828
0.78860 0.27672 0.33331
0.60109 0.75202 0.67929
0.40116 0.66240 0.61387
0.80157 0.42374 0.47439
0.70838 0.46563 0.46025
0.75001 0.47984 0.53708
0.61290 0.57790 0.59671
0.59566 0.62599 0.63155
0.77755 0.61170 0.63298
0.65970 0.63667 0.61047
0.83717 0.54426 0.57887
0.76139 0.67744 0.66728
0.77917 0.49240 0.52969
0.70523 0.65880 0.65768
0.51335 0.71476 0.66471
0.45358 0.69933 0.73198
0.61628 0.58419 0.61101
0.75672 0.34052 0.36176
0.50729 0.65444 0.59221
0.64775 0.60713 0.66791
0.63174 0.71970 0.64380
0.50539 0.72914 0.70726
0.66984 0.68249 0.66924
0.73236 0.45018 0.46807
0.48702 0.61890 0.53832
0.80069 0.42330 0.43755
0.61073 0.59387 0.60717
0.67500 0.38578 0.42208
0.77764 0.56308 0.58317
0.58474 0.34018 0.41151
0.52295 0.66580 0.59878
0.60957 0.57636 0.53265
0.73305 0.49111 0.53025
0.60310 0.76372 0.76077
0.66500 0.50348 0.53595
0.77241 0.47303 0.49673
0.61241 0.62249 0.56021
0.76758 0.68591 0.63212
0.58431 0.72779 0.66761
0.46851 0.80819 0.67991
0.44705 0.81453 0.71319
0.80420 0.51774 0.54667
0.79403 0.51186 0.55031
0.62033 0.73395 0.68990
0.75609 0.51545 0.51897
0.57629 0.69116 0.60045
0.74198 0.46547 0.50198
0.41449 0.69399 0.75111
0.60708 0.65469 0.66536
0.66859 0.49745 0.47730
0.69266 0.61348 0.61671
0.74384 0.63428 0.62649
0.79612 0.42050 0.44888
0.47065 0.76167 0.75798
0.67990 0.33112 0.38593
0.66790 0.71476 0.71342
0.75423 0.50665 0.50265
0.80913 0.52711 0.53303
0.80455 0.75577 0.72092
0.58265 0.52397 0.55650
0.79270 0.77504 0.75336
0.69361 0.60199 0.61630
0.69960 0.47188 0.49981
0.65800 0.59575 0.60750
0.49544 0.68632 0.63789
0.59564 0.58967 0.55706
0.68679 0.68056 0.67402
0.67884 0.67306 0.63343
0.82863 0.54132 0.57277
0.66488 0.74683 0.69576
0.54348 0.80302 0.69585
0.59315 0.67197 0.61464
0.84101 0.49368 0.55558
0.71695 0.40837 0.45159
0.64136 0.61946 0.60912
0.61448 0.70098 0.70133
0.81641 0.62460 0.62950
0.30057 0.67480 0.71129
0.66332 0.54947 0.53850
0.77393 0.61795 0.62399
0.66848 0.48090 0.48003
0.75142 0.59381 0.58681
0.62498 0.63044 0.58564
0.81090 0.63187 0.66066
0.67847 0.65637 0.62349
0.73134 0.43576 0.46580
0.59780 0.64944 0.62817
0.75271 0.60727 0.62958
0.60203 0.45716 0.51772
0.79338 0.61175 0.59876
0.72038 0.34889 0.36327
0.69772 0.62848 0.61372
0.38464 0.64132 0.68346
0.52054 0.79826 0.69882
0.85924 0.54317 0.58196
0.79873 0.59651 0.57561
0.71258 0.62387 0.63034
0.58834 0.71538 0.67285
0.64951 0.57921 0.52406
0.77775 0.62441 0.63903
0.44655 0.67605 0.73623
0.76330 0.51179 0.58129
0.71077 0.45652 0.48072
0.83209 0.67806 0.64625
0.45840 0.45228 0.52447
0.50484 0.69633 0.69237
0.71988 0.45142 0.49056
0.74085 0.59433 0.60199
0.59871 0.67815 0.66900
0.70878 0.43131 0.44996
0.66077 0.61923 0.65442
0.73159 0.65044 0.64098
0.67737 0.69641 0.68519
0.71178 0.54848 0.54834
0.45936 0.63065 0.64768
0.70933 0.38156 0.44410
0.86040 0.53585 0.57073
0.63857 0.58531 0.63446
0.67021 0.68456 0.64274
0.76431 0.77145 0.75178
0.41091 0.51266 0.58745
0.74871 0.46413 0.51467
0.74728 0.62443 0.59895
0.74666 0.64279 0.64447
0.51659 0.66861 0.70641
0.67917 0.57116 0.54119
0.56588 0.70301 0.71439
0.76561 0.61109 0.58279
0.65035 0.51851 0.51396
0.72818 0.60365 0.58084
0.73029 0.61629 0.64698
0.67179 0.59036 0.56829
0.68519 0.52311 0.51370
0.80798 0.65686 0.63338
0.72366 0.51991 0.51421
0.76037 0.37553 0.39646
0.60257 0.71736 0.72034
0.82473 0.49314 0.50844
0.43513 0.61385 0.64774
0.85551 0.65295 0.65666
0.57798 0.67014 0.63554
0.47202 0.73580 0.76476
0.80123 0.63779 0.64497
0.79015 0.71156 0.68106
0.67044 0.54433 0.59606
0.76652 0.53028 0.58257
0.74908 0.71472 0.70104
0.68884 0.42306 0.40466
0.66373 0.28410 0.34576
0.42381 0.70756 0.71784
0.75862 0.58189 0.58131
0.50328 0.75661 0.67879
0.77634 0.51467 0.53694
0.66324 0.50631 0.55334
0.61700 0.57697 0.62843
0.65104 0.67942 0.63190
0.44658 0.53258 0.61613
0.53860 0.75977 0.71699
0.79704 0.33810 0.39726
0.67197 0.69497 0.66497
0.65424 0.64586 0.63269
0.56666 0.65199 0.66813
0.51223 0.70666 0.63938
0.90164 0.67064 0.66012
0.64399 0.50124 0.50767
0.66851 0.51192 0.48821
0.63533 0.26178 0.31587
0.83620 0.50125 0.54323
0.70224 0.68513 0.65676
0.72389 0.62103 0.61922
0.72960 0.35263 0.41239
0.35012 0.68301 0.74858
0.54636 0.57960 0.63255
0.64634 0.56498 0.63762
0.78435 0.64276 0.64579
0.80024 0.36172 0.42021
0.69906 0.64781 0.61270
0.51506 0.61291 0.64246
0.78098 0.60096 0.59487
0.73109 0.60857 0.62674
0.71619 0.68090 0.67703
0.81616 0.51317 0.58524
0.47361 0.70833 0.73903
0.42724 0.44024 0.50633
0.78290 0.26760 0.31589
0.54971 0.73423 0.66569
0.70588 0.56805 0.55657
0.81913 0.61324 0.63212
0.81538 0.48870 0.54681
0.68967 0.62954 0.62849
0.35532 0.73605 0.70008
0.58670 0.65431 0.58767
0.81127 0.64095 0.63250
0.53103 0.75684 0.73406
0.73457 0.60463 0.59079
0.51127 0.69333 0.65549
0.71229 0.59552 0.59032
0.39715 0.79820 0.70626
0.76307 0.33383 0.35070
0.57625 0.44363 0.47224
0.67978 0.45875 0.46996
0.57328 0.44622 0.48462
0.56323 0.70845 0.68208
0.76202 0.31638 0.34634
0.63982 0.57065 0.55859
0.66841 0.36409 0.45013
0.55356 0.56820 0.60901
0.52483 0.73716 0.72277
0.76985 0.69762 0.68933
0.72493 0.54853 0.53938
0.44807 0.67670 0.62964
0.75662 0.63786 0.62261
0.54610 0.62667 0.64487
0.83140 0.47850 0.53471
0.66724 0.57172 0.60590
0.55150 0.43692 0.46073
0.77187 0.52222 0.56275
0.78131 0.70376 0.65701
0.67006 0.70872 0.70858
0.51206 0.67182 0.63016
0.61596 0.82161 0.72409
0.64861 0.62832 0.61349
0.66004 0.57755 0.55810
0.74564 0.39125 0.40349
0.52888 0.55931 0.60301
0.70019 0.74568 0.69689
0.70836 0.36332 0.40456
0.54771 0.63771 0.62775
0.76101 0.30671 0.35987
0.69119 0.67732 0.66666
0.76713 0.53721 0.58007
0.43732 0.58275 0.67279
0.84852 0.53368 0.56282
0.80498 0.53609 0.54041
0.58152 0.48785 0.52989
0.73990 0.45754 0.50898
0.27991 0.68559 0.74419
0.75888 0.37410 0.40687
0.47436 0.58986 0.57883
0.73964 0.62007 0.61581
0.76285 0.47226 0.51196
0.69743 0.50439 0.51609
0.58736 0.66814 0.64246
0.62585 0.65276 0.66593
0.75309 0.69949 0.67989
0.63769 0.68992 0.64069
0.46990 0.65880 0.64651
0.72485 0.43695 0.47531
0.75762 0.33887 0.36391
0.62856 0.74195 0.69530
0.62497 0.36983 0.41902
0.82378 0.71003 0.69283
0.71517 0.65301 0.62672
0.88818 0.63445 0.62450
0.54404 0.39183 0.44054
0.64279 0.54820 0.58362
0.71855 0.73388 0.69788
0.83349 0.57850 0.58910
0.72083 0.63208 0.62643
0.75481 0.63689 0.65848
0.55154 0.62734 0.61429
0.59319 0.65222 0.67140
0.37005 0.73200 0.69056
0.48954 0.64779 0.62408
0.75453 0.58255 0.60477
0.74832 0.54853 0.57081
0.69198 0.66405 0.67844
0.65452 0.57791 0.63389
0.49590 0.71894 0.70164
0.77392 0.33127 0.37974
0.58796 0.64024 0.65499
0.84746 0.57815 0.58608
0.61107 0.64744 0.61664
0.65464 0.57380 0.56613
0.73181 0.57753 0.54991
0.74651 0.71221 0.68537
0.72059 0.39636 0.45039
0.79512 0.40570 0.44558
0.61388 0.62414 0.64440
0.67216 0.54850 0.58583
0.51280 0.54797 0.59915
0.57121 0.64388 0.61217
0.48317 0.58465 0.60736
0.57779 0.55833 0.58547
0.62195 0.52678 0.60467
0.65501 0.46064 0.48841
0.46822 0.67138 0.65986
0.60011 0.60495 0.63289
0.74328 0.47615 0.56213
0.47873 0.71973 0.67130
0.69900 0.62954 0.61144
0.64453 0.62022 0.60701
0.76629 0.48258 0.53648
0.67594 0.61539 0.63106
0.62336 0.70372 0.65866
0.51978 0.46127 0.51964
0.68706 0.65395 0.64210
0.35768 0.70761 0.75485
0.46684 0.68560 0.72203
0.61097 0.71694 0.66878
0.86443 0.56506 0.57500
0.42619 0.68926 0.71843
0.67821 0.70633 0.67964
0.65074 0.55476 0.58492
0.83568 0.45291 0.51240
0.59079 0.65221 0.60281
0.82484 0.44380 0.48368
0.38388 0.69363 0.73794
0.52704 0.76740 0.67777
0.84391 0.65794 0.65676
0.61406 0.62665 0.59545
0.68237 0.53679 0.54579
0.64187 0.59280 0.62543
0.66269 0.70758 0.70645
0.71816 0.66216 0.61216
0.83744 0.61862 0.61399
0.64397 0.70864 0.72061
0.67399 0.42379 0.42642
0.74134 0.71372 0.71724
0.69182 0.59600 0.57884
0.51371 0.56279 0.51430
0.64735 0.69716 0.71916
0.51773 0.73961 0.71248
0.76345 0.55253 0.59658
0.57287 0.69450 0.63443
0.53794 0.70605 0.72895
0.63642 0.64767 0.58891
0.60936 0.63353 0.63991
0.67322 0.56719 0.57907
0.63993 0.45661 0.47673
0.80444 0.74297 0.70428
0.69683 0.71367 0.66377
0.56760 0.60245 0.63762
0.66153 0.46029 0.45375
0.75879 0.51200 0.53425
0.67447 0.19164 0.26673
0.67430 0.45369 0.46171
0.58145 0.60511 0.61652
0.61212 0.44647 0.51395
0.38600 0.74035 0.68605
0.43984 0.64758 0.69847
0.68482 0.47341 0.48851
0.57483 0.65308 0.68569
0.83858 0.71888 0.69533
0.70442 0.64708 0.61875
0.66296 0.66351 0.64339
0.74321 0.74639 0.68871
0.75623 0.50209 0.51246
0.72787 0.57569 0.58220
0.70133 0.50693 0.49678
0.72972 0.58729 0.58307
0.63094 0.48245 0.44972
0.84983 0.47427 0.50405
0.65663 0.60968 0.64533
0.78083 0.51609 0.52302
0.75710 0.73253 0.70102
0.55398 0.53495 0.56291
0.71875 0.66252 0.67057
0.72714 0.45179 0.51003
0.62491 0.47652 0.55213
0.64934 0.51118 0.57528
0.74668 0.59979 0.62160
0.68967 0.50221 0.52649
0.67739 0.60077 0.64613
0.85614 0.58771 0.61168
0.68171 0.61803 0.58830
0.70912 0.60953 0.59364
0.50195 0.68978 0.62452
0.76323 0.61777 0.63928
0.51279 0.75321 0.68109
0.73633 0.58043 0.57834
0.67897 0.32360 0.35667
0.56750 0.54530 0.56072
0.64712 0.73245 0.69627
0.64914 0.63788 0.63160
0.68362 0.54232 0.52395
0.76297 0.62571 0.64850
0.73907 0.62971 0.62320
0.71077 0.70378 0.64727
0.81989 0.49035 0.51216
0.62902 0.72483 0.67732
0.60999 0.67332 0.62170
0.62210 0.75184 0.71845
0.81256 0.55626 0.60310
0.73913 0.49317 0.57653
0.46353 0.54851 0.57179
0.38539 0.59532 0.65431
0.59167 0.32167 0.38765
0.80358 0.71121 0.67659
0.79572 0.24455 0.31569
0.53651 0.50486 0.51085
0.71691 0.49724 0.57333
0.60446 0.61903 0.61942
0.71556 0.69262 0.63897
0.73384 0.32076 0.36754
0.45867 0.69125 0.67481
0.59805 0.75030 0.66751
0.86118 0.64197 0.65432
0.54541 0.64579 0.70015
0.73190 0.33455 0.36602
0.69848 0.46556 0.47274
0.56759 0.60648 0.59645
0.58201 0.71359 0.71429
0.69836 0.69098 0.68063
0.74632 0.50830 0.52257
0.74477 0.57305 0.56371
0.64240 0.57966 0.55395
0.46540 0.55422 0.57777
0.71109 0.48364 0.52755
0.76037 0.55800 0.56759
0.51395 0.61943 0.60166
0.61435 0.63119 0.61523
0.59677 0.62168 0.65927
0.64145 0.53573 0.51403
0.24227 0.71450 0.76485
0.63227 0.51388 0.56504
0.65974 0.59346 0.61003
0.46437 0.68514 0.66273
0.79286 0.44681 0.48301
0.64174 0.61240 0.58608
0.74216 0.63768 0.59622
0.71020 0.66035 0.63112
0.59572 0.67741 0.66864
0.72945 0.59835 0.59944
0.69753 0.60609 0.58432
0.54509 0.53836 0.58786
0.88048 0.61038 0.62994
0.66943 0.70644 0.67871
0.81196 0.54463 0.57389
0.65331 0.66384 0.66410
0.64388 0.66815 0.62376
0.59573 0.50831 0.52636
0.79402 0.47730 0.52238
0.75635 0.55776 0.54905
0.77408 0.53569 0.56704
0.67189 0.71884 0.69477
0.77289 0.61349 0.65621
0.62187 0.65653 0.68340
0.73332 0.52174 0.53368
0.69122 0.26157 0.27347
0.64423 0.70474 0.67387
0.47514 0.68051 0.70787
0.44962 0.72145 0.69550
0.64785 0.63852 0.67257
0.78906 0.48078 0.53672
0.61022 0.48534 0.51065
0.44053 0.66164 0.69168
0.79443 0.61121 0.61927
0.36505 0.72756 0.67226
0.69273 0.54320 0.50614
0.80519 0.56158 0.56649
0.80436 0.43360 0.47926
0.70523 0.56276 0.55475
0.73179 0.43203 0.46278
0.68077 0.53546 0.57971
0.46035 0.67464 0.64673
0.79683 0.36324 0.38616
0.48953 0.44840 0.49084
0.77507 0.61787 0.61816
0.64170 0.66738 0.68343
0.57202 0.54753 0.61836
0.57797 0.48815 0.49646
0.62127 0.59815 0.61994
0.65456 0.49930 0.57217
0.84612 0.65622 0.64894
0.60141 0.63925 0.66239
0.78103 0.65826 0.66626
0.66956 0.60909 0.65662
0.83330 0.64956 0.63500
0.56786 0.75601 0.72198
0.55957 0.68439 0.69261
0.71416 0.52801 0.55831
0.73743 0.55765 0.57653
0.75302 0.38393 0.40667
0.68313 0.67315 0.61520
0.60717 0.65221 0.63954
0.74553 0.55540 0.55064
0.65129 0.65204 0.61610
0.65628 0.53798 0.51370
0.56482 0.55190 0.57561
0.42527 0.54249 0.62592
0.68285 0.50148 0.52618
0.79525 0.47059 0.47199
0.73327 0.71165 0.67597
0.60435 0.61119 0.60664
0.61076 0.70707 0.65687
0.64886 0.73995 0.72790
0.75793 0.47606 0.51806
0.74712 0.61512 0.59960
0.72650 0.70828 0.67315
0.55937 0.63937 0.67477
0.76102 0.53878 0.56144
0.70798 0.63516 0.65526
0.58015 0.41276 0.49082
0.81096 0.52245 0.56987
0.59594 0.67656 0.64985
0.69120 0.37425 0.41042
0.56724 0.58740 0.62301
0.62695 0.56479 0.53961
0.60882 0.45783 0.51120
0.85018 0.49865 0.52559
0.82489 0.68120 0.66247
0.80890 0.68084 0.67361
0.72001 0.75076 0.74985
0.73229 0.63207 0.61468
0.78549 0.68186 0.67591
0.78091 0.63691 0.65345
0.77752 0.41008 0.42268
0.70907 0.37570 0.44318
0.75316 0.60385 0.57837
0.68667 0.72048 0.71732
0.48324 0.62930 0.59392
0.69897 0.63383 0.64448
0.58709 0.68395 0.68774
0.55333 0.46670 0.54707
0.54037 0.48246 0.50947
0.71301 0.49420 0.49955
0.55796 0.64435 0.61461
0.62877 0.77131 0.72536
0.67650 0.62244 0.65557
0.68184 0.62229 0.60549
0.56944 0.48743 0.51962
0.53044 0.61459 0.66671
0.68265 0.69803 0.69985
0.31132 0.61514 0.66887
0.66316 0.59926 0.64250
0.76090 0.50669 0.52667
0.76835 0.67248 0.67907
0.64689 0.58207 0.58407
0.77310 0.59270 0.61087
0.69691 0.55239 0.56680
0.86117 0.56045 0.59977
0.68482 0.50714 0.59323
0.61580 0.53058 0.54229
0.60457 0.60959 0.58720
0.61306 0.65027 0.63623
0.59568 0.71687 0.67825
0.77113 0.63559 0.60429
0.76657 0.66264 0.65422
0.58793 0.58607 0.54544
0.70785 0.75265 0.70436
0.54033 0.60177 0.65539
0.56315 0.55409 0.59482
0.65894 0.68421 0.64441
0.31910 0.70652 0.76441
0.78641 0.69559 0.69659
0.76447 0.45739 0.47537
0.71798 0.67827 0.65873
0.52653 0.61855 0.68390
0.46539 0.50613 0.52943
0.42256 0.73535 0.66947
0.88475 0.43698 0.52304
0.46784 0.70071 0.70920
0.71588 0.38615 0.40684
0.71730 0.71149 0.69206
0.56464 0.64934 0.68852
0.45358 0.62969 0.61556
0.81991 0.56098 0.58393
0.48948 0.63606 0.69838
0.57938 0.64426 0.57498
0.73600 0.38926 0.41107
0.77227 0.63535 0.67043
0.82961 0.39520 0.43570
0.84351 0.37382 0.44570
0.76695 0.53172 0.54768
0.72222 0.71318 0.69165
0.34756 0.67109 0.72756
0.67521 0.69292 0.68774
0.65690 0.30708 0.32025
0.54528 0.65546 0.64465
0.56257 0.68048 0.61859
0.50813 0.58400 0.62024
0.67819 0.72554 0.68243
0.75683 0.64028 0.60941
0.36573 0.62438 0.68223
0.44275 0.66531 0.63232
0.66245 0.51079 0.54234
0.76332 0.61415 0.64356
0.79890 0.72354 0.69027
0.66170 0.63636 0.60217
0.82461 0.49992 0.54279
0.64746 0.64176 0.64342
0.77445 0.72186 0.68897
0.67199 0.74278 0.70515
0.66333 0.30608 0.33441
0.66030 0.68681 0.63883
0.65381 0.66006 0.64073
0.41157 0.51836 0.58571
0.75395 0.67391 0.63911
0.66318 0.70385 0.66827
0.76769 0.57638 0.57996
0.73559 0.41818 0.46438
0.45111 0.74881 0.75113
0.80886 0.59473 0.58127
0.64486 0.74687 0.73426
0.76224 0.63146 0.66833
0.46123 0.55294 0.61853
0.60274 0.69899 0.67429
0.70283 0.31006 0.37631
0.72183 0.34313 0.37670
0.68962 0.49918 0.49057
0.73441 0.65205 0.63589
0.59940 0.52451 0.58797
0.63729 0.40631 0.38987
0.45733 0.67933 0.66292
0.68550 0.49586 0.48338
0.78340 0.57313 0.61554
0.69271 0.44953 0.46882
0.56250 0.65289 0.68110
