20 7 1000 57917 124
0.37200 0.78947 0.50156
0.78219 0.56556 0.83670
0.61317 0.75641 0.80005
0.26150 0.74001 0.77031
0.20602 0.18445 0.67272
0.67166 0.61554 0.67585
0.96233 0.27275 0.12058
0.66294 0.49756 0.44268
0.58431 0.52467 0.64274
0.60319 0.67625 0.69039
0.56006 0.36128 0.62080
0.41148 0.50932 0.66076
0.43086 0.57921 0.68843
0.57643 0.63311 0.65770
0.54694 0.66638 0.75366
0.55888 0.56808 0.65868
0.45759 0.38804 0.66053
0.46500 0.69364 0.66320
0.63961 0.62916 0.66058
0.55309 0.40516 0.52607
0.57415 0.58397 0.60001
0.59329 0.61838 0.72902
0.58904 0.65862 0.61149
0.60312 0.65524 0.70904
0.65669 0.53771 0.53545
0.63008 0.59186 0.59491
0.52890 0.58046 0.61447
0.53189 0.67951 0.66432
0.58677 0.45299 0.48598
0.56362 0.66831 0.68395
0.76972 0.49078 0.43518
0.55853 0.58749 0.69020
0.57140 0.47867 0.55708
0.46281 0.49379 0.66199
0.47348 0.58445 0.67593
0.43704 0.62926 0.59410
0.57342 0.65714 0.70237
0.53092 0.67453 0.66942
0.50421 0.59281 0.73500
0.51886 0.53233 0.49895
0.66714 0.57192 0.61224
0.52976 0.65640 0.64568
0.49946 0.70782 0.61990
0.49995 0.64075 0.61891
0.47032 0.51117 0.65571
0.57834 0.63794 0.60249
0.62975 0.63188 0.69427
0.56413 0.56325 0.54652
0.71184 0.47355 0.47812
0.43995 0.53593 0.63094
0.54956 0.49745 0.64705
0.51737 0.55384 0.60118
0.51632 0.62763 0.64387
0.46990 0.60233 0.59090
0.51982 0.62365 0.63020
0.49073 0.60836 0.67656
0.64180 0.53258 0.50082
0.51999 0.59916 0.67830
0.58389 0.52877 0.51179
0.50274 0.67137 0.71151
0.57596 0.56063 0.57536
0.57077 0.56200 0.61805
0.57919 0.54032 0.49923
0.43202 0.66306 0.66868
0.54188 0.63081 0.69881
0.54403 0.46550 0.67332
0.57736 0.64005 0.57916
0.47793 0.54895 0.58808
0.63167 0.58473 0.55947
0.52520 0.61086 0.66930
0.45507 0.51764 0.55499
0.58960 0.52918 0.70433
0.53263 0.69654 0.75217
0.62009 0.55960 0.49129
0.64451 0.57279 0.63924
0.51617 0.56885 0.58881
0.54813 0.50668 0.61895
0.47365 0.53800 0.72768
0.55903 0.56568 0.61538
0.59447 0.60428 0.60321
0.51194 0.61058 0.71699
0.78102 0.48369 0.59280
0.51896 0.67539 0.52676
0.48557 0.47660 0.62787
0.75255 0.39716 0.36810
0.49503 0.63692 0.66691
0.59640 0.41386 0.51386
0.59328 0.58217 0.68161
0.41199 0.60047 0.64337
0.52743 0.61139 0.60054
0.52451 0.66071 0.71617
0.34839 0.52035 0.72326
0.64123 0.57253 0.66215
0.52349 0.51304 0.65005
0.59673 0.50300 0.57052
0.59563 0.64372 0.60623
0.46726 0.43525 0.62619
0.69692 0.54374 0.54223
0.60776 0.56778 0.63227
0.63106 0.51634 0.49574
0.68610 0.56959 0.64935
0.52534 0.58424 0.67063
0.59951 0.63196 0.71781
0.56890 0.61851 0.68105
0.47707 0.65057 0.65031
0.48426 0.55149 0.67539
0.44012 0.67710 0.69975
0.41247 0.64676 0.68660
0.43099 0.63797 0.63751
0.51645 0.73188 0.67446
0.57035 0.55763 0.61151
0.60869 0.61120 0.55402
0.49680 0.52871 0.64748
0.52083 0.47771 0.71278
0.47946 0.65448 0.70727
0.61010 0.61085 0.63739
0.62292 0.53048 0.60579
0.59075 0.53978 0.61856
0.48007 0.66556 0.62684
0.58206 0.58402 0.60471
0.42885 0.59715 0.57904
0.35962 0.35215 0.68456
0.53056 0.53007 0.61867
0.53628 0.55261 0.69407
0.65126 0.48508 0.50625
0.57652 0.49787 0.56061
0.68629 0.51211 0.57928
0.62401 0.57479 0.50587
0.59409 0.61187 0.61204
0.58719 0.62820 0.64178
0.69022 0.57071 0.73176
0.57584 0.56058 0.60989
0.52643 0.63238 0.64056
0.59391 0.54377 0.58993
0.56952 0.51863 0.63752
0.60925 0.54749 0.73596
0.64682 0.60055 0.59988
0.63599 0.61207 0.68515
0.54011 0.69429 0.67931
0.41471 0.65203 0.63578
0.48553 0.48926 0.65573
0.54122 0.65444 0.64731
0.59067 0.50978 0.70004
0.38971 0.50203 0.60746
0.56675 0.58755 0.76070
0.61619 0.58853 0.48909
0.44066 0.57591 0.56321
0.51296 0.56818 0.61025
0.50632 0.49884 0.58521
0.55610 0.52528 0.64146
0.47538 0.44127 0.60557
0.62958 0.51512 0.45132
0.44687 0.58446 0.69762
0.64628 0.62211 0.70689
0.62353 0.60023 0.72771
0.43916 0.33596 0.59827
0.60917 0.61594 0.73239
0.62788 0.58052 0.61211
0.55492 0.52259 0.49197
0.56989 0.59861 0.69363
0.61221 0.60522 0.60789
0.54095 0.55738 0.66943
0.58622 0.58458 0.54608
0.62864 0.50723 0.61226
0.45481 0.64978 0.57562
0.52948 0.50035 0.56429
0.49214 0.65918 0.67590
0.62350 0.54895 0.57912
0.66527 0.64063 0.75791
0.59287 0.64323 0.69665
0.50554 0.51963 0.61290
0.44429 0.65840 0.62508
0.55281 0.52528 0.53292
0.54882 0.54678 0.57460
0.51582 0.52016 0.66883
0.49264 0.51914 0.65641
0.48532 0.62952 0.71308
0.57689 0.58430 0.59085
0.52506 0.63773 0.64133
0.53054 0.42901 0.58443
0.47301 0.68205 0.67979
0.60112 0.59857 0.64375
0.57678 0.62831 0.72805
0.49067 0.66110 0.69609
0.47561 0.58936 0.68679
0.63649 0.54409 0.52968
0.65499 0.56283 0.65807
0.52185 0.49729 0.73951
0.57111 0.55220 0.69749
0.55995 0.65680 0.67477
0.45839 0.55541 0.62706
0.47821 0.61143 0.58781
0.52166 0.65977 0.64661
0.45686 0.64966 0.66331
0.56332 0.64176 0.64481
0.64578 0.53932 0.52955
0.67425 0.44575 0.47601
0.43935 0.68597 0.71425
0.43961 0.52616 0.66477
0.61825 0.65470 0.60782
0.68466 0.46139 0.40455
0.55370 0.63504 0.66093
0.54994 0.61104 0.59698
0.36348 0.59141 0.71916
0.59746 0.54671 0.71353
0.68744 0.43608 0.47385
0.58671 0.60006 0.66359
0.53770 0.63788 0.62591
0.58381 0.59380 0.58004
0.39504 0.48886 0.69366
0.43043 0.64306 0.75209
0.37292 0.68592 0.70999
0.32254 0.56101 0.69609
0.44438 0.39896 0.59300
0.50743 0.51466 0.68330
0.50406 0.67975 0.63653
0.67647 0.49272 0.51481
0.49201 0.62831 0.67103
0.75087 0.54326 0.57234
0.62765 0.59190 0.65545
0.53042 0.66465 0.64159
0.39205 0.57053 0.67186
0.61277 0.46950 0.57804
0.59180 0.64713 0.70498
0.65223 0.54519 0.73326
0.56636 0.65268 0.66235
0.57068 0.53442 0.67569
0.49525 0.62791 0.60245
0.75351 0.48925 0.57291
0.55443 0.62381 0.67492
0.55977 0.54163 0.64863
0.51795 0.63151 0.53842
0.56402 0.60274 0.66002
0.50519 0.64898 0.68854
0.61385 0.59037 0.69131
0.41353 0.54161 0.65169
0.62185 0.65857 0.70391
0.57131 0.48246 0.50654
0.62679 0.54087 0.45398
0.65662 0.57393 0.62895
0.50319 0.62210 0.70038
0.51600 0.66658 0.67656
0.68577 0.58356 0.63444
0.72867 0.47735 0.43408
0.63210 0.58938 0.59336
0.48307 0.65629 0.73268
0.32507 0.58082 0.70456
0.62570 0.59521 0.70840
0.46725 0.53988 0.59153
0.39345 0.59992 0.65614
0.53833 0.64513 0.71498
0.41017 0.66257 0.65281
0.45370 0.54024 0.68423
0.42773 0.73132 0.59647
0.53259 0.61912 0.68031
0.61837 0.58487 0.70579
0.50082 0.47555 0.53286
0.43728 0.53868 0.67570
0.64880 0.63968 0.66230
0.62174 0.62584 0.65823
0.56597 0.57004 0.59335
0.51644 0.40146 0.57425
0.60904 0.57924 0.51532
0.56823 0.65778 0.72358
0.65701 0.50267 0.46034
0.50228 0.62150 0.52412
0.58583 0.60057 0.68165
0.64688 0.44804 0.53891
0.49081 0.64127 0.63388
0.57283 0.62777 0.59419
0.41861 0.56270 0.58183
0.59790 0.64139 0.67434
0.55369 0.64101 0.59421
0.43455 0.67092 0.71697
0.65360 0.56835 0.56341
0.47915 0.66079 0.62456
0.46558 0.55402 0.62576
0.66289 0.51569 0.47900
0.52526 0.58516 0.57262
0.56929 0.56080 0.51619
0.32655 0.43702 0.66792
0.45783 0.67445 0.55968
0.47460 0.50536 0.65983
0.54253 0.60213 0.57030
0.63859 0.66175 0.65377
0.65798 0.59560 0.69693
0.63985 0.58423 0.69270
0.67009 0.55219 0.50907
0.68631 0.56890 0.65979
0.68251 0.55244 0.55765
0.70115 0.53470 0.49849
0.66552 0.58656 0.69769
0.51792 0.44313 0.61733
0.53217 0.61445 0.57403
0.56019 0.63357 0.75578
0.35243 0.47166 0.65274
0.39097 0.49137 0.71089
0.43256 0.58983 0.63195
0.60366 0.42497 0.54313
0.49289 0.64302 0.59366
0.45523 0.52511 0.65939
0.60218 0.58551 0.64532
0.57002 0.57597 0.57039
0.49310 0.52577 0.61169
0.59803 0.50533 0.51844
0.53704 0.61532 0.68427
0.77658 0.48717 0.45438
0.61084 0.56444 0.54034
0.50176 0.64308 0.68651
0.48153 0.50063 0.57325
0.46322 0.53097 0.56826
0.33011 0.47658 0.66597
0.65045 0.56392 0.72950
0.41356 0.68800 0.58799
0.57702 0.59180 0.69798
0.50858 0.60341 0.61301
0.68567 0.46903 0.44794
0.49970 0.63862 0.69856
0.53923 0.60687 0.58696
0.57644 0.62652 0.62758
0.75617 0.47007 0.51610
0.47084 0.60095 0.63970
0.42156 0.54454 0.71177
0.64690 0.53882 0.63281
0.45240 0.62276 0.65456
0.46150 0.65093 0.69414
0.54913 0.65617 0.74539
0.54601 0.58133 0.65857
0.47271 0.71213 0.60503
0.49718 0.61507 0.67544
0.49433 0.51079 0.64162
0.47087 0.53636 0.65045
0.39282 0.56734 0.70424
0.58783 0.56789 0.68469
0.55017 0.52241 0.64851
0.53265 0.42027 0.53182
0.53592 0.57401 0.59861
0.54714 0.48502 0.62780
0.47512 0.44730 0.63730
0.51687 0.61062 0.67501
0.52425 0.46953 0.48396
0.41011 0.47902 0.70652
0.59928 0.43067 0.54980
0.70945 0.50336 0.46102
0.45809 0.41712 0.57483
0.73943 0.47261 0.56731
0.59760 0.61754 0.70723
0.57048 0.47717 0.67356
0.79087 0.46277 0.37106
0.75857 0.38780 0.34872
0.59331 0.47062 0.50977
0.47163 0.52683 0.56239
0.53744 0.66966 0.73765
0.59626 0.48661 0.53126
0.57024 0.64292 0.64468
0.59662 0.51268 0.62678
0.66304 0.56184 0.58744
0.63155 0.48613 0.52081
0.61222 0.59841 0.56095
0.58012 0.59280 0.73080
0.38413 0.55473 0.62991
0.42603 0.59315 0.63757
0.70239 0.51798 0.53597
0.54475 0.61643 0.65208
0.53564 0.68134 0.74109
0.44180 0.43501 0.62556
0.44355 0.67583 0.70415
0.40475 0.42106 0.64629
0.62441 0.63064 0.73457
0.45542 0.60128 0.64187
0.59507 0.58011 0.57872
0.60808 0.54756 0.57453
0.65973 0.60122 0.69777
0.36159 0.50664 0.68672
0.55482 0.51243 0.72452
0.63705 0.58106 0.64605
0.51285 0.61339 0.60879
0.67245 0.50569 0.49815
0.59467 0.41183 0.45407
0.62193 0.64455 0.77267
0.51279 0.55746 0.67990
0.43079 0.53439 0.66101
0.64935 0.55377 0.71290
0.58749 0.61244 0.55519
0.58112 0.60521 0.72649
0.48893 0.65938 0.68533
0.42976 0.61430 0.64430
0.50030 0.71302 0.63044
0.60802 0.60079 0.60791
0.62817 0.61441 0.62707
0.57929 0.46873 0.53678
0.53713 0.45341 0.62398
0.51977 0.55057 0.63128
0.50925 0.48019 0.63975
0.66687 0.51864 0.63630
0.46993 0.55523 0.70893
0.48291 0.59998 0.73670
0.58803 0.61547 0.76289
0.53318 0.56566 0.61219
0.48828 0.44932 0.65325
0.60447 0.59802 0.64767
0.67124 0.52858 0.70463
0.48412 0.54685 0.69394
0.53737 0.66076 0.73756
0.46537 0.50152 0.57685
0.52576 0.62252 0.63411
0.67419 0.57482 0.70877
0.53970 0.50618 0.70179
0.50068 0.52885 0.64557
0.59052 0.51231 0.49886
0.70154 0.45642 0.56839
0.62246 0.59894 0.67497
0.51278 0.49719 0.72177
0.65694 0.49079 0.64768
0.43635 0.57535 0.68212
0.75197 0.48498 0.46281
0.39913 0.43216 0.63099
0.60702 0.60588 0.68263
0.55974 0.65084 0.64712
0.52559 0.59403 0.68681
0.37598 0.51574 0.65403
0.62069 0.36819 0.51271
0.57832 0.43238 0.56474
0.55572 0.66029 0.73600
0.54451 0.67414 0.70454
0.58509 0.40569 0.61029
0.66180 0.45106 0.47850
0.43035 0.70840 0.71418
0.67041 0.51525 0.75389
0.47523 0.56800 0.70172
0.57546 0.59816 0.71956
0.61838 0.51348 0.57282
0.78159 0.42352 0.38201
0.69532 0.53407 0.54478
0.41253 0.59690 0.67713
0.60637 0.49307 0.50345
0.65634 0.45944 0.53325
0.51394 0.62005 0.70017
0.61072 0.53392 0.56926
0.58348 0.61903 0.71303
0.58960 0.58405 0.65137
0.63201 0.55465 0.50811
0.44515 0.61611 0.63376
0.58722 0.45352 0.62544
0.41190 0.57025 0.69353
0.68814 0.59799 0.62007
0.46064 0.52378 0.59683
0.70209 0.47712 0.42634
0.44283 0.58410 0.58846
0.45716 0.51676 0.70097
0.54481 0.52793 0.56168
0.51419 0.53255 0.67947
0.61292 0.45958 0.54913
0.72974 0.48390 0.47139
0.48908 0.51083 0.69502
0.49513 0.49647 0.61916
0.67530 0.57781 0.74722
0.48537 0.52491 0.58676
0.50773 0.57131 0.66403
0.68842 0.57039 0.69384
0.62131 0.56098 0.51273
0.64185 0.58907 0.59832
0.50186 0.66416 0.72196
0.51945 0.45954 0.62934
0.46221 0.68253 0.65356
0.58398 0.47993 0.60455
0.72005 0.53824 0.63322
0.53752 0.59031 0.66098
0.44950 0.67933 0.58882
0.60046 0.50977 0.54347
0.54335 0.64486 0.69568
0.57644 0.60437 0.53503
0.51202 0.60920 0.70358
0.60188 0.61097 0.66532
0.52168 0.62919 0.68149
0.59490 0.59631 0.53638
0.45604 0.51407 0.66722
0.49809 0.68877 0.61619
0.59465 0.56083 0.55935
0.59628 0.47303 0.50859
0.57198 0.40498 0.48158
0.53425 0.49290 0.54757
0.38828 0.59828 0.62711
0.62503 0.60316 0.55812
0.49965 0.60654 0.64500
0.55909 0.45902 0.60507
0.66542 0.50900 0.50489
0.39570 0.53186 0.56847
0.54765 0.51407 0.65326
0.46535 0.55841 0.64619
0.63883 0.54345 0.69905
0.64334 0.57377 0.76390
0.37522 0.64829 0.74608
0.64046 0.55289 0.60895
0.49238 0.64817 0.75313
0.51665 0.69721 0.64069
0.55859 0.60542 0.69914
0.45061 0.43771 0.70030
0.43062 0.57063 0.69418
0.43038 0.57055 0.68292
0.47866 0.60215 0.54924
0.57293 0.57347 0.56688
0.57883 0.59120 0.64221
0.39820 0.46963 0.72112
0.53911 0.45357 0.50422
0.40345 0.67454 0.65080
0.47911 0.48448 0.69205
0.56634 0.59745 0.60442
0.64865 0.51844 0.64682
0.49219 0.66545 0.56721
0.64404 0.56316 0.68830
0.45346 0.45977 0.57685
0.49705 0.53513 0.59998
0.41057 0.35675 0.67050
0.68384 0.49908 0.49539
0.36197 0.46451 0.63855
0.60331 0.59855 0.63106
0.38323 0.52469 0.67093
0.68506 0.41455 0.44103
0.43908 0.62652 0.61737
0.65959 0.61735 0.71095
0.42216 0.46464 0.60043
0.61227 0.61407 0.67363
0.51228 0.66556 0.64282
0.50007 0.55386 0.65016
0.52817 0.59649 0.66911
0.66086 0.59527 0.72274
0.48383 0.48228 0.56037
0.51098 0.57363 0.59512
0.48068 0.62250 0.66031
0.59779 0.60347 0.57819
0.40266 0.48323 0.66701
0.64575 0.54799 0.63656
0.64876 0.59584 0.62496
0.61753 0.47373 0.60380
0.44325 0.63901 0.74674
0.65832 0.54764 0.55548
0.58195 0.56543 0.65719
0.66043 0.52616 0.54214
0.52565 0.60848 0.63251
0.56261 0.55543 0.68783
0.42618 0.48832 0.54834
0.52611 0.62712 0.61369
0.48893 0.46764 0.65003
0.42910 0.65600 0.68732
0.51251 0.64046 0.70145
0.64507 0.54169 0.68842
0.47175 0.72186 0.72940
0.49751 0.42358 0.62572
0.60364 0.47381 0.70662
0.58373 0.55896 0.63073
0.59930 0.56945 0.68162
0.47036 0.45420 0.65791
0.59313 0.61905 0.66029
0.52627 0.64239 0.68533
0.46874 0.52922 0.68653
0.69485 0.49391 0.53969
0.53694 0.61203 0.60571
0.63007 0.59670 0.73055
0.61432 0.51942 0.53976
0.33179 0.56028 0.70195
0.58157 0.55302 0.66685
0.48862 0.53068 0.64513
0.74450 0.54239 0.58286
0.53208 0.45751 0.64538
0.75994 0.34166 0.38110
0.74602 0.42538 0.46263
0.57606 0.59931 0.67234
0.59836 0.62551 0.65566
0.67559 0.40471 0.44740
0.49602 0.66643 0.58644
0.56931 0.60710 0.64342
0.43207 0.56882 0.65940
0.53604 0.56370 0.70656
0.68930 0.56879 0.59817
0.44681 0.54097 0.70263
0.54045 0.59445 0.67670
0.72594 0.54643 0.69316
0.43581 0.73211 0.63731
0.74150 0.49116 0.46734
0.57973 0.68202 0.65861
0.33975 0.57538 0.72389
0.57563 0.51185 0.55147
0.56372 0.62266 0.65672
0.55266 0.63178 0.65447
0.37775 0.61382 0.64856
0.56916 0.46160 0.55456
0.40430 0.50411 0.71261
0.54280 0.48012 0.58578
0.64814 0.37454 0.40717
0.48012 0.49078 0.70981
0.52235 0.56630 0.60831
0.59470 0.50620 0.67481
0.58698 0.63196 0.70749
0.61077 0.55869 0.70326
0.66823 0.48369 0.49257
0.54249 0.58065 0.58084
0.60193 0.41974 0.44859
0.41742 0.56861 0.67136
0.54126 0.53685 0.53562
0.69592 0.51548 0.38561
0.49306 0.67378 0.68475
0.49114 0.56143 0.65048
0.50877 0.49766 0.68604
0.65430 0.56496 0.53557
0.54321 0.58966 0.68101
0.45704 0.58574 0.59647
0.50107 0.57346 0.70595
0.72996 0.55950 0.71195
0.57343 0.49728 0.55646
0.53165 0.65254 0.70392
0.55489 0.45687 0.49847
0.57029 0.58690 0.54375
0.73962 0.48096 0.47525
0.31442 0.35106 0.67313
0.36932 0.64234 0.70504
0.53180 0.62439 0.69991
0.38280 0.64903 0.69470
0.68341 0.51952 0.53890
0.60293 0.54423 0.52314
0.51279 0.53385 0.65921
0.46758 0.42264 0.55784
0.62460 0.54599 0.60758
0.43746 0.50467 0.60238
0.41167 0.58579 0.61759
0.38711 0.43573 0.62005
0.63115 0.63353 0.62530
0.50765 0.58008 0.59359
0.55146 0.61173 0.69507
0.56942 0.66310 0.58302
0.55862 0.59919 0.62721
0.46838 0.61856 0.60933
0.52377 0.57848 0.52917
0.38338 0.47728 0.68568
0.61043 0.43652 0.57473
0.44894 0.71865 0.71100
0.51935 0.60034 0.56836
0.62028 0.43828 0.54422
0.66087 0.62193 0.64929
0.52831 0.74185 0.69176
0.59805 0.60095 0.70411
0.52358 0.60910 0.62789
0.63570 0.55156 0.65307
0.62542 0.59029 0.74559
0.54167 0.51439 0.72713
0.56980 0.57810 0.55054
0.47006 0.55531 0.67303
0.61593 0.61812 0.66853
0.73688 0.46820 0.51432
0.52145 0.42127 0.61924
0.55715 0.41031 0.52706
0.48900 0.66456 0.61432
0.55115 0.61502 0.68291
0.48366 0.63024 0.72472
0.68014 0.44817 0.52843
0.56288 0.37097 0.50771
0.44084 0.44917 0.70299
0.50664 0.51879 0.66824
0.57299 0.69764 0.69632
0.48475 0.62509 0.68795
0.56124 0.64281 0.63394
0.57771 0.56628 0.63851
0.51828 0.42998 0.63636
0.53187 0.61954 0.65489
0.61085 0.63998 0.69243
0.51095 0.53071 0.63157
0.50629 0.49431 0.59107
0.55192 0.54308 0.58286
0.56037 0.52999 0.62291
0.53437 0.41227 0.54972
0.58711 0.60031 0.68484
0.46703 0.58362 0.67141
0.51575 0.56917 0.64134
0.48841 0.59799 0.64512
0.66982 0.53973 0.54683
0.64728 0.58996 0.66723
0.71213 0.49559 0.41182
0.50316 0.69021 0.64087
0.60388 0.60508 0.63088
0.67732 0.53141 0.53642
0.51676 0.62732 0.60109
0.77345 0.35821 0.32587
0.54392 0.66692 0.71007
0.58421 0.58435 0.57352
0.65439 0.39142 0.47581
0.53449 0.50317 0.69331
0.54485 0.61299 0.78077
0.55085 0.65751 0.63885
0.52624 0.47483 0.67706
0.67166 0.57278 0.58540
0.50675 0.58271 0.69018
0.66115 0.63387 0.72525
0.55195 0.56021 0.67957
0.43093 0.38940 0.66685
0.57819 0.62541 0.50406
0.45775 0.55913 0.60890
0.62349 0.64574 0.72622
0.50647 0.51478 0.67967
0.53944 0.46078 0.63174
0.41832 0.67257 0.61170
0.56975 0.52786 0.61435
0.58424 0.55799 0.55250
0.44256 0.59457 0.63498
0.53161 0.53249 0.70686
0.61231 0.59994 0.55693
0.51045 0.66989 0.68845
0.56039 0.63586 0.67604
0.60759 0.46222 0.60009
0.66248 0.60305 0.63383
0.31847 0.44249 0.61559
0.50290 0.45708 0.63012
0.48199 0.62542 0.70761
0.55406 0.64220 0.66098
0.69467 0.52026 0.46770
0.54071 0.45085 0.48872
0.62981 0.57503 0.71432
0.79485 0.50390 0.64835
0.51912 0.61598 0.60481
0.65458 0.63644 0.72675
0.48821 0.66792 0.60212
0.66949 0.59685 0.59656
0.43598 0.47088 0.57334
0.59310 0.56399 0.55803
0.54061 0.69102 0.61583
0.64002 0.50808 0.49591
0.51326 0.54338 0.67328
0.45787 0.59594 0.69591
0.60741 0.61398 0.76779
0.58643 0.37456 0.49315
0.54654 0.65423 0.69859
0.50647 0.68521 0.71940
0.57457 0.61064 0.69162
0.68739 0.48121 0.58186
0.56537 0.56085 0.58932
0.51386 0.60985 0.63575
0.44119 0.58879 0.69124
0.64285 0.54376 0.53502
0.62770 0.57624 0.66202
0.53017 0.68902 0.74373
0.46858 0.54139 0.69686
0.63538 0.59666 0.50301
0.62576 0.58128 0.64072
0.59765 0.45965 0.61174
0.50325 0.65151 0.59086
0.49994 0.62640 0.75766
0.51189 0.53082 0.69930
0.42849 0.57549 0.61475
0.66473 0.59012 0.71001
0.44325 0.62045 0.72408
0.54926 0.52056 0.61099
0.75395 0.50856 0.52297
0.67051 0.54211 0.43910
0.66703 0.53068 0.62461
0.48777 0.52553 0.68913
0.45928 0.71470 0.67388
0.49120 0.47715 0.59737
0.65748 0.52461 0.68398
0.80876 0.43201 0.36199
0.49786 0.54818 0.62223
0.52681 0.55473 0.71616
0.46138 0.50186 0.68981
0.74377 0.40224 0.37496
0.49203 0.61621 0.66535
0.42375 0.44858 0.72921
0.63474 0.57011 0.53235
0.43038 0.53705 0.69191
0.47719 0.57890 0.70723
0.37413 0.54920 0.71675
0.57901 0.63141 0.63961
0.48833 0.50343 0.66062
0.50792 0.53582 0.63901
0.63298 0.53878 0.59173
0.53556 0.45845 0.61584
0.61391 0.62989 0.70663
0.68060 0.46573 0.47315
0.44649 0.67996 0.64828
0.45744 0.61985 0.61010
0.38570 0.37183 0.70772
0.49488 0.60916 0.69494
0.55616 0.49279 0.56994
0.70607 0.53587 0.56170
0.53270 0.65906 0.70149
0.62886 0.61951 0.68397
0.61145 0.58884 0.54594
0.56419 0.52547 0.59872
0.50768 0.42965 0.64861
0.55211 0.48699 0.66160
0.58271 0.63607 0.63018
0.56986 0.47373 0.52717
0.60949 0.52830 0.57930
0.58985 0.43306 0.48615
0.67607 0.39487 0.41514
0.53489 0.65969 0.63089
0.68850 0.41889 0.47671
0.67630 0.61581 0.69446
0.54095 0.65412 0.63242
0.46221 0.50004 0.73453
0.49114 0.52737 0.65802
0.45452 0.57882 0.69352
0.50440 0.53101 0.65872
0.56605 0.56512 0.66390
0.69535 0.54115 0.59406
0.61730 0.50830 0.53665
0.47178 0.56614 0.61349
0.46200 0.50352 0.65175
0.66353 0.61282 0.65407
0.57796 0.56593 0.64440
0.65770 0.50773 0.64131
0.51736 0.51481 0.55181
0.39103 0.60895 0.68648
0.41178 0.68164 0.62637
0.65270 0.54299 0.76008
0.56965 0.61074 0.65582
0.53364 0.39810 0.62025
0.47758 0.57847 0.67621
0.51894 0.66476 0.70685
0.56201 0.68062 0.63254
0.51584 0.61973 0.67263
0.58618 0.60542 0.63768
0.58082 0.66190 0.58255
0.79668 0.41249 0.44005
0.55425 0.59075 0.67030
0.49160 0.45073 0.56925
0.56763 0.47317 0.51166
0.47782 0.73047 0.59797
0.52775 0.66375 0.69093
0.57185 0.62172 0.52834
0.54685 0.48133 0.67435
0.72794 0.56356 0.65361
0.39118 0.52988 0.68995
0.55260 0.62812 0.75222
0.60382 0.54110 0.69550
0.57516 0.62761 0.67061
0.77258 0.47000 0.42113
0.56603 0.64568 0.65494
0.67764 0.45256 0.45860
0.65426 0.56518 0.69222
0.68667 0.55264 0.55422
0.53042 0.51805 0.64248
0.48236 0.63039 0.54610
0.63392 0.61832 0.64890
0.59153 0.47119 0.77318
0.59923 0.59315 0.60024
0.50466 0.44201 0.63061
0.56999 0.43232 0.48279
0.57861 0.55641 0.65669
0.51298 0.67695 0.71786
0.57323 0.66366 0.75914
0.52077 0.67135 0.76732
0.45588 0.67192 0.73369
0.56298 0.55676 0.46222
0.45365 0.53325 0.59657
0.37800 0.45298 0.68294
0.72935 0.49050 0.53550
0.65501 0.53033 0.51288
0.52040 0.61894 0.73048
0.49506 0.43496 0.58542
0.51048 0.62457 0.63771
0.41988 0.47068 0.63965
0.53499 0.53560 0.57849
0.46354 0.61077 0.70698
0.43783 0.65985 0.68770
0.50978 0.60966 0.65117
0.70403 0.51798 0.50616
0.62511 0.53835 0.65172
0.63998 0.54705 0.54545
0.52189 0.60189 0.64836
0.53237 0.64454 0.70465
0.46164 0.65431 0.63464
0.50733 0.49133 0.70087
0.70119 0.46682 0.55203
0.59356 0.54884 0.59972
0.58888 0.56994 0.66050
0.39781 0.54912 0.61753
0.47582 0.54135 0.57648
0.59930 0.62471 0.67957
0.42804 0.45222 0.72173
0.54525 0.42656 0.60468
0.46839 0.61324 0.54902
0.55734 0.61177 0.59275
0.53783 0.53268 0.56965
0.48310 0.57515 0.66980
0.55237 0.54859 0.70729
0.60242 0.62874 0.64878
0.49041 0.62187 0.58689
0.47594 0.67340 0.69294
0.63194 0.61818 0.61403
0.42914 0.44293 0.69029
0.42921 0.55158 0.68170
0.49793 0.61597 0.68073
0.58770 0.58020 0.59582
0.40253 0.37642 0.61832
0.46813 0.59539 0.64748
0.43229 0.40839 0.67222
0.43936 0.50460 0.63447
0.62703 0.43806 0.49783
0.38067 0.48823 0.68478
0.59000 0.59139 0.52930
0.60701 0.64075 0.70192
0.65914 0.58674 0.71402
0.51408 0.55245 0.59548
0.46486 0.66189 0.52451
0.43538 0.56983 0.66140
0.47986 0.40050 0.64399
0.34800 0.53044 0.70999
0.49448 0.70246 0.62695
0.43797 0.63989 0.66646
0.66432 0.51140 0.55950
0.55473 0.58154 0.64255
0.55771 0.39913 0.56776
0.40672 0.55105 0.67272
0.69632 0.58382 0.62806
0.54449 0.50396 0.68464
0.50625 0.40865 0.57381
0.67981 0.50673 0.49632
0.63319 0.58940 0.58123
0.54256 0.67450 0.60052
0.60197 0.43042 0.54092
0.41438 0.46339 0.65037
0.66576 0.58659 0.58432
0.64245 0.60230 0.70712
0.55056 0.59541 0.69059
0.62461 0.58189 0.64683
0.59104 0.64988 0.65373
0.41224 0.70974 0.60131
0.61851 0.57198 0.50419
0.42642 0.71394 0.68753
0.71962 0.49237 0.52482
0.55251 0.62940 0.62109
0.56864 0.60684 0.67459
0.74420 0.47072 0.40918
0.46479 0.39692 0.62929
0.64135 0.58909 0.68139
0.57341 0.53195 0.68673
0.62045 0.51982 0.56191
0.64690 0.63649 0.69299
0.44440 0.52837 0.66979
0.63163 0.52567 0.52804
0.52465 0.50295 0.68885
0.40392 0.53251 0.66468
0.64037 0.56007 0.65461
0.55257 0.60416 0.58330
0.60958 0.55003 0.64044
0.60567 0.59481 0.51380
0.51433 0.55108 0.59585
0.61698 0.55759 0.71558
0.55798 0.58625 0.64922
0.57047 0.61642 0.56416
0.69496 0.50772 0.49488
0.41511 0.48218 0.72026
0.60886 0.59359 0.65916
0.48325 0.61406 0.65839
0.55821 0.62050 0.53844
0.57922 0.52825 0.58319
0.46630 0.60779 0.64790
0.43537 0.61454 0.75074
0.43708 0.68863 0.56210
0.51088 0.61986 0.69922
0.51386 0.60481 0.67452
0.57397 0.55853 0.67183
0.62881 0.63057 0.68860
0.64790 0.60682 0.60981
0.48335 0.47926 0.65048
0.67634 0.56558 0.60699
0.51325 0.52210 0.67716
0.55128 0.44410 0.58417
0.55809 0.62884 0.64206
0.49469 0.61955 0.68391
0.65692 0.62804 0.66676
0.47565 0.50953 0.71521
0.58770 0.46118 0.56506
0.50196 0.65423 0.55252
0.52433 0.50900 0.66281
0.50197 0.64852 0.73663
0.39035 0.54349 0.71781
0.57165 0.53440 0.57404
0.47476 0.55313 0.62645
0.66074 0.63446 0.68363
0.59497 0.54001 0.72462
0.59659 0.70399 0.75163
0.40186 0.60547 0.69949
0.40428 0.37880 0.55618
0.50938 0.57197 0.68338
0.54833 0.59080 0.69246
0.68298 0.42586 0.52978
0.58485 0.56846 0.64965
0.65337 0.53676 0.53456
0.54544 0.43967 0.58523
0.42230 0.65334 0.67814
0.42657 0.57278 0.67190
0.50560 0.42623 0.54246
0.46708 0.54594 0.57314
0.57227 0.63486 0.68210
0.57844 0.48170 0.58018
0.46127 0.57341 0.72009
0.49791 0.66271 0.70843
0.62293 0.60582 0.60685
0.58960 0.61000 0.65932
0.68442 0.48203 0.53228
0.63878 0.59694 0.59736
0.56830 0.55595 0.58753
0.55091 0.49697 0.69100
0.72040 0.53708 0.62017
0.56490 0.52194 0.55578
0.57489 0.57821 0.61380
0.62957 0.51850 0.56634
0.66041 0.56966 0.57204
