20 12 1000 13197 59
0.79087 0.37282 0.60297
0.89421 0.46050 0.93493
0.13050 0.71071 0.22703
0.43153 0.99768 0.71618
0.33586 0.85943 0.33683
0.13884 0.86734 0.35466
0.16231 0.35002 0.46393
0.76442 0.30153 0.09684
0.14412 0.30867 0.04654
0.18512 0.04441 0.34830
0.70695 0.74249 0.46640
0.65716 0.23412 0.46234
0.47998 0.42720 0.39726
0.52624 0.40532 0.36819
0.39794 0.63845 0.43120
0.38107 0.56657 0.39326
0.35865 0.59659 0.42672
0.48657 0.53491 0.49949
0.51396 0.54665 0.56097
0.37334 0.64675 0.42776
0.61457 0.46226 0.56703
0.40669 0.52561 0.32254
0.39972 0.61612 0.41123
0.58452 0.32566 0.50680
0.49684 0.30615 0.44250
0.36700 0.51501 0.39865
0.49951 0.51931 0.45972
0.26428 0.41165 0.24388
0.37514 0.36805 0.39791
0.43833 0.52457 0.43423
0.47203 0.56807 0.33995
0.35731 0.46524 0.35965
0.38015 0.47952 0.32647
0.34415 0.46399 0.40450
0.49850 0.44214 0.35894
0.43333 0.49310 0.47108
0.36778 0.62268 0.32043
0.59349 0.43383 0.32319
0.53168 0.63846 0.52069
0.44651 0.54492 0.52232
0.42907 0.56524 0.33410
0.35877 0.52219 0.43038
0.49714 0.50509 0.40889
0.29304 0.40686 0.36944
0.35872 0.39577 0.38348
0.40546 0.63424 0.46961
0.47884 0.56131 0.47395
0.46995 0.49224 0.34441
0.35500 0.47549 0.38644
0.47066 0.53383 0.48089
0.30425 0.58736 0.36528
0.60681 0.41384 0.39249
0.36820 0.53543 0.36351
0.48611 0.61678 0.44333
0.52675 0.42855 0.44756
0.44058 0.56742 0.32426
0.29433 0.36528 0.32740
0.48770 0.59613 0.47337
0.37502 0.62482 0.43315
0.57217 0.46861 0.46639
0.47326 0.42479 0.49135
0.41675 0.68869 0.48750
0.32424 0.50941 0.39255
0.31860 0.57603 0.33757
0.45731 0.55036 0.36806
0.50940 0.69460 0.48356
0.34078 0.38778 0.37010
0.45697 0.47089 0.33147
0.53158 0.45678 0.52367
0.48004 0.40410 0.44570
0.34995 0.46419 0.40097
0.46523 0.57792 0.41677
0.55434 0.43240 0.52664
0.47471 0.64291 0.50501
0.39593 0.44496 0.38800
0.34298 0.46158 0.34899
0.38834 0.69121 0.38867
0.52762 0.45539 0.35323
0.32847 0.45869 0.33882
0.61515 0.49547 0.51135
0.43325 0.51036 0.40206
0.45525 0.57535 0.41071
0.52179 0.42770 0.50181
0.53311 0.54045 0.31262
0.36998 0.45870 0.36787
0.41474 0.48400 0.37261
0.41480 0.51003 0.45705
0.26612 0.70401 0.38065
0.37234 0.52423 0.43059
0.58472 0.42468 0.41096
0.38529 0.55826 0.39487
0.43908 0.44064 0.42276
0.33748 0.56255 0.42965
0.33027 0.69040 0.41728
0.37617 0.43508 0.35546
0.56866 0.38717 0.43531
0.35998 0.49275 0.35901
0.48880 0.55121 0.48353
0.53179 0.60470 0.50746
0.33160 0.43636 0.26325
0.39652 0.67127 0.45498
0.43382 0.62824 0.36991
0.38687 0.39493 0.40460
0.30852 0.51376 0.38990
0.41515 0.50245 0.44814
0.45397 0.66355 0.40669
0.48906 0.54912 0.41574
0.34499 0.43649 0.30581
0.55958 0.56852 0.53123
0.60084 0.47854 0.43384
0.39157 0.60819 0.35580
0.48712 0.56506 0.52524
0.43331 0.48411 0.39632
0.37522 0.53340 0.34691
0.45899 0.44757 0.41059
0.48317 0.46494 0.39282
0.36006 0.61931 0.33992
0.63154 0.50625 0.57732
0.38517 0.48720 0.44769
0.46434 0.43542 0.46660
0.51967 0.44474 0.42913
0.41182 0.48013 0.37056
0.49764 0.56514 0.54783
0.46766 0.32073 0.42530
0.27389 0.48355 0.23004
0.36987 0.38706 0.32961
0.58645 0.50935 0.51330
0.49220 0.44630 0.46239
0.54099 0.59640 0.44457
0.42912 0.44196 0.30741
0.32605 0.56675 0.45624
0.46285 0.49057 0.41517
0.33294 0.66821 0.37965
0.41480 0.44645 0.36238
0.55523 0.52545 0.49415
0.31694 0.61743 0.39130
0.42251 0.59712 0.43487
0.30534 0.57916 0.32328
0.42983 0.42103 0.43526
0.52787 0.46867 0.45470
0.48042 0.42960 0.34184
0.54848 0.55589 0.44570
0.45666 0.63994 0.36421
0.53561 0.57495 0.44978
0.36193 0.46575 0.35015
0.47968 0.51650 0.41331
0.38676 0.70788 0.48565
0.53162 0.52277 0.40062
0.46987 0.60707 0.49960
0.45333 0.56077 0.37704
0.47699 0.55936 0.40203
0.40240 0.62657 0.48052
0.46961 0.56619 0.39694
0.41183 0.63609 0.48907
0.51895 0.59100 0.52857
0.45138 0.58562 0.48703
0.42613 0.65798 0.47870
0.49950 0.58091 0.47866
0.53667 0.49209 0.32830
0.35248 0.65186 0.35382
0.39537 0.47444 0.42501
0.30337 0.62970 0.33302
0.37973 0.49451 0.37359
0.28718 0.60200 0.37730
0.46383 0.67074 0.45745
0.46920 0.49245 0.48277
0.48494 0.46648 0.40921
0.43617 0.53650 0.44589
0.47987 0.55831 0.47044
0.44849 0.43316 0.46764
0.39953 0.64333 0.37726
0.49033 0.65563 0.50444
0.39450 0.41775 0.42006
0.48655 0.46138 0.46671
0.41930 0.63249 0.42101
0.54641 0.53303 0.48451
0.48338 0.50075 0.41981
0.57766 0.45807 0.47687
0.37997 0.64190 0.43028
0.44597 0.52825 0.35588
0.36090 0.60058 0.43586
0.39374 0.64416 0.42989
0.35356 0.45655 0.40034
0.40309 0.55877 0.38433
0.43900 0.50286 0.37801
0.60857 0.55300 0.60160
0.47253 0.53420 0.38366
0.43069 0.62222 0.50705
0.41278 0.48768 0.32242
0.41541 0.48305 0.41196
0.40982 0.34919 0.33144
0.40288 0.40255 0.29469
0.40736 0.48324 0.41841
0.32478 0.65136 0.43498
0.34409 0.52400 0.36514
0.45545 0.63388 0.45466
0.40301 0.65112 0.47732
0.32926 0.62220 0.39689
0.39179 0.54329 0.31062
0.48932 0.46716 0.43216
0.45566 0.37674 0.31698
0.48926 0.55827 0.39139
0.45222 0.50752 0.40057
0.44830 0.44454 0.37918
0.44400 0.55568 0.45917
0.52848 0.41408 0.56766
0.43115 0.52989 0.40474
0.48178 0.32415 0.42451
0.39224 0.28554 0.40908
0.54077 0.45609 0.49219
0.41483 0.46192 0.31069
0.38083 0.48546 0.47830
0.34208 0.69178 0.46609
0.38975 0.63188 0.43309
0.45358 0.45930 0.42461
0.37946 0.65420 0.35539
0.46468 0.44917 0.51169
0.44273 0.70741 0.53210
0.41150 0.53474 0.36042
0.49196 0.65188 0.42690
0.33143 0.52854 0.32942
0.46237 0.66102 0.51775
0.33506 0.55872 0.38952
0.41724 0.60805 0.52292
0.33203 0.31105 0.32121
0.47627 0.63388 0.52917
0.44294 0.52428 0.36593
0.47393 0.55232 0.39766
0.47321 0.60876 0.41210
0.47007 0.55944 0.54165
0.44011 0.46969 0.41594
0.37334 0.42509 0.35268
0.58200 0.38304 0.47296
0.38464 0.45044 0.40158
0.40115 0.55447 0.36055
0.40189 0.56699 0.46090
0.59622 0.51440 0.46645
0.31098 0.57234 0.31376
0.33966 0.69481 0.42037
0.55885 0.56290 0.50563
0.41135 0.53715 0.35367
0.46515 0.53386 0.35245
0.32064 0.39536 0.35465
0.49695 0.47579 0.45314
0.50680 0.48956 0.48693
0.48077 0.52617 0.42789
0.45961 0.38573 0.41918
0.37207 0.56739 0.40834
0.59368 0.47210 0.49374
0.50241 0.50318 0.36405
0.29648 0.64846 0.40452
0.48118 0.42578 0.38964
0.44058 0.64135 0.50515
0.47443 0.45167 0.39809
0.37547 0.49935 0.41648
0.60575 0.58555 0.64568
0.38784 0.61812 0.33162
0.35331 0.57291 0.45605
0.39734 0.45928 0.42246
0.32468 0.62512 0.31756
0.53304 0.49994 0.54481
0.50207 0.53788 0.50360
0.49704 0.61211 0.48640
0.44562 0.57991 0.43869
0.37968 0.55095 0.46644
0.37294 0.50174 0.39805
0.32375 0.53916 0.32507
0.44630 0.64794 0.38947
0.44169 0.54601 0.44941
0.49410 0.49215 0.36506
0.52355 0.48682 0.55089
0.48033 0.53781 0.34644
0.50652 0.52560 0.44301
0.40893 0.55574 0.35292
0.38992 0.47863 0.36600
0.41284 0.48959 0.41869
0.46271 0.63413 0.50964
0.49599 0.48312 0.37036
0.60490 0.50817 0.52365
0.46233 0.47635 0.40220
0.45143 0.53644 0.41770
0.41980 0.61079 0.43973
0.45081 0.57636 0.46962
0.52779 0.37950 0.51313
0.40203 0.64236 0.39438
0.55304 0.57433 0.50308
0.34495 0.63088 0.42880
0.48220 0.56995 0.49786
0.45603 0.40717 0.38284
0.47334 0.61811 0.48685
0.47516 0.50971 0.45068
0.43367 0.46140 0.30680
0.40823 0.46788 0.40138
0.38338 0.53408 0.39399
0.34632 0.48466 0.38095
0.54176 0.57422 0.61219
0.45459 0.54187 0.42436
0.44226 0.52089 0.42389
0.41033 0.60778 0.38965
0.39640 0.51394 0.48849
0.51815 0.53811 0.44309
0.46413 0.54198 0.42809
0.42669 0.50606 0.40381
0.39200 0.49739 0.35896
0.52574 0.48333 0.49203
0.48939 0.50020 0.41311
0.44496 0.49240 0.34921
0.31695 0.42519 0.37731
0.44159 0.40148 0.30970
0.45717 0.52940 0.30619
0.45578 0.56441 0.47697
0.43905 0.63605 0.50419
0.38167 0.51579 0.38481
0.45044 0.46622 0.44958
0.56442 0.53632 0.50506
0.50387 0.54076 0.46381
0.60605 0.48276 0.57598
0.40267 0.52110 0.38557
0.44564 0.46888 0.40000
0.53479 0.62185 0.40871
0.52675 0.53312 0.50683
0.46011 0.46068 0.42660
0.54752 0.42424 0.56177
0.49807 0.48111 0.42872
0.46568 0.51297 0.40537
0.56802 0.54887 0.46840
0.34079 0.52357 0.35540
0.40198 0.57319 0.38714
0.47826 0.42413 0.45269
0.51097 0.41041 0.45467
0.56807 0.51712 0.63183
0.48094 0.62493 0.49543
0.49493 0.45581 0.38456
0.45454 0.59632 0.44138
0.51048 0.40455 0.37677
0.39759 0.68566 0.41501
0.37230 0.59996 0.35693
0.39150 0.44942 0.35658
0.55146 0.39672 0.46992
0.53462 0.49146 0.49197
0.58452 0.42737 0.44966
0.52557 0.59458 0.42382
0.42384 0.50072 0.39152
0.32305 0.59668 0.33010
0.39479 0.43950 0.42159
0.51144 0.48163 0.48979
0.46929 0.46209 0.37834
0.45613 0.60627 0.59240
0.38381 0.72688 0.46881
0.57657 0.36173 0.52774
0.49008 0.58361 0.48079
0.56082 0.48645 0.44214
0.43535 0.41491 0.37581
0.35164 0.58170 0.34928
0.36370 0.53365 0.37718
0.38902 0.43236 0.46476
0.54177 0.60757 0.46378
0.45031 0.57502 0.34477
0.38398 0.64670 0.37585
0.48902 0.52581 0.45950
0.64797 0.53414 0.60355
0.38865 0.54298 0.45892
0.46027 0.50980 0.35699
0.44939 0.54201 0.36846
0.43883 0.41510 0.35820
0.34483 0.45947 0.41479
0.46320 0.62723 0.41909
0.50371 0.46080 0.31989
0.43463 0.49470 0.43743
0.44352 0.44892 0.39703
0.41076 0.66422 0.46562
0.44444 0.53974 0.49240
0.36541 0.62079 0.38966
0.40393 0.53713 0.44156
0.33544 0.51275 0.47562
0.43134 0.71575 0.53566
0.43677 0.44058 0.40247
0.40090 0.55388 0.39306
0.49270 0.49005 0.44777
0.45392 0.48785 0.46968
0.54196 0.54475 0.50503
0.56364 0.32291 0.33156
0.53904 0.50536 0.48226
0.53919 0.49570 0.51761
0.59955 0.57705 0.43045
0.46030 0.51750 0.36253
0.38904 0.50415 0.45694
0.54751 0.57217 0.53112
0.48339 0.44380 0.43804
0.48114 0.42282 0.32722
0.34863 0.62067 0.47170
0.50948 0.44039 0.42704
0.32917 0.44374 0.44716
0.44195 0.33856 0.45123
0.55072 0.42219 0.41200
0.43269 0.59850 0.48711
0.40196 0.58129 0.45374
0.44935 0.57455 0.50050
0.49463 0.44034 0.40244
0.58199 0.54612 0.53699
0.44440 0.49471 0.40192
0.42149 0.49624 0.38293
0.40550 0.65707 0.39468
0.59484 0.49646 0.46465
0.55841 0.49146 0.33389
0.28479 0.40275 0.40030
0.42327 0.57903 0.48156
0.39662 0.58921 0.46060
0.49674 0.45857 0.39891
0.45491 0.41628 0.41359
0.43089 0.62966 0.45170
0.45076 0.55088 0.49557
0.44323 0.58000 0.43946
0.33809 0.47149 0.33781
0.35508 0.40163 0.36917
0.41244 0.53119 0.43146
0.40794 0.52732 0.44232
0.44572 0.58749 0.45629
0.43530 0.56139 0.40180
0.46987 0.61821 0.48411
0.42426 0.46523 0.45278
0.48201 0.67984 0.43512
0.53397 0.45528 0.47160
0.46559 0.59805 0.38927
0.33650 0.45522 0.32206
0.37023 0.62561 0.51160
0.37275 0.60027 0.36601
0.37659 0.50844 0.35667
0.47486 0.44858 0.22066
0.44742 0.55157 0.42921
0.32712 0.42691 0.35875
0.37139 0.46898 0.40133
0.40236 0.45818 0.33469
0.57110 0.57200 0.55547
0.42097 0.45551 0.42001
0.38176 0.61048 0.46275
0.43870 0.65813 0.44598
0.32443 0.44940 0.37066
0.44153 0.52228 0.40128
0.42371 0.52710 0.44422
0.43596 0.56883 0.45917
0.31158 0.52900 0.41033
0.42395 0.42466 0.38992
0.41182 0.46604 0.36063
0.46108 0.58486 0.45259
0.56623 0.42696 0.47329
0.46684 0.57282 0.50267
0.46086 0.58658 0.48974
0.56886 0.42784 0.60220
0.57711 0.40227 0.29727
0.54379 0.46160 0.39224
0.47195 0.41420 0.50485
0.40508 0.48529 0.38886
0.42991 0.58555 0.36131
0.56877 0.55029 0.52869
0.55838 0.46262 0.49342
0.39578 0.66512 0.40895
0.42691 0.51145 0.46526
0.35631 0.38379 0.35061
0.39255 0.65717 0.48607
0.38507 0.46492 0.40604
0.34267 0.68355 0.42161
0.45908 0.47222 0.42798
0.48383 0.59967 0.52415
0.42377 0.41183 0.36088
0.45768 0.57114 0.38038
0.55981 0.38667 0.46721
0.29512 0.46406 0.31081
0.50281 0.59772 0.45038
0.54862 0.35388 0.34116
0.51133 0.54502 0.50591
0.44010 0.60199 0.36674
0.37085 0.34263 0.37068
0.51788 0.49784 0.48634
0.45497 0.61886 0.40732
0.45519 0.54589 0.37777
0.37286 0.53799 0.41969
0.46748 0.44542 0.38561
0.64099 0.47856 0.39619
0.44192 0.47978 0.44238
0.42501 0.53171 0.40901
0.34763 0.56199 0.40843
0.43281 0.43531 0.34161
0.53806 0.61711 0.56523
0.48238 0.48113 0.42539
0.51482 0.61849 0.46066
0.47443 0.48342 0.41315
0.30137 0.57633 0.36445
0.52690 0.62124 0.53969
0.39133 0.49236 0.34737
0.47420 0.55896 0.46024
0.42821 0.49365 0.37119
0.35772 0.40298 0.35234
0.38607 0.54224 0.43158
0.42539 0.53200 0.45592
0.46075 0.49278 0.43827
0.52349 0.49629 0.37893
0.35841 0.56955 0.36710
0.47657 0.63589 0.39027
0.37854 0.54097 0.45049
0.48970 0.57705 0.45789
0.45046 0.71620 0.52215
0.36369 0.46225 0.43876
0.35944 0.45863 0.38368
0.42670 0.48574 0.33297
0.36193 0.64474 0.44549
0.40007 0.41102 0.38716
0.47320 0.57944 0.44024
0.39982 0.57003 0.40166
0.48370 0.48808 0.53153
0.43312 0.56871 0.49833
0.49427 0.58834 0.38937
0.52424 0.47747 0.42138
0.40140 0.62510 0.50222
0.42491 0.54855 0.45553
0.56794 0.53437 0.48621
0.39008 0.52866 0.38209
0.41230 0.60499 0.45439
0.42490 0.53187 0.37858
0.57602 0.54796 0.52249
0.34750 0.44146 0.41323
0.36178 0.52442 0.30366
0.38073 0.61838 0.42167
0.53240 0.53776 0.44748
0.46438 0.44879 0.47938
0.45629 0.56469 0.49964
0.47935 0.73256 0.52273
0.42167 0.39282 0.38301
0.40709 0.50947 0.36157
0.33906 0.50282 0.39445
0.35313 0.53046 0.36345
0.38561 0.54915 0.43437
0.41688 0.64400 0.38134
0.45522 0.49613 0.36680
0.42322 0.58298 0.34188
0.43462 0.53863 0.45831
0.57810 0.46417 0.50899
0.45324 0.50833 0.44431
0.46210 0.48831 0.47382
0.57237 0.53531 0.49148
0.39557 0.54251 0.37479
0.44711 0.38970 0.43803
0.39276 0.64583 0.41294
0.46997 0.67060 0.46458
0.43176 0.56005 0.38715
0.42239 0.62676 0.43070
0.44310 0.72053 0.58147
0.32596 0.54602 0.37959
0.49302 0.53215 0.38604
0.49955 0.46906 0.41708
0.49673 0.49360 0.42952
0.39631 0.58978 0.45838
0.35277 0.52069 0.27620
0.33058 0.69825 0.45017
0.45761 0.54560 0.42041
0.38953 0.48579 0.39186
0.36126 0.49734 0.39935
0.39895 0.58737 0.40411
0.29615 0.52801 0.46622
0.41970 0.49008 0.37039
0.37669 0.51056 0.26559
0.43742 0.45070 0.39982
0.41211 0.37346 0.32071
0.37484 0.44481 0.38800
0.48902 0.63484 0.47267
0.48957 0.50643 0.42933
0.43780 0.62081 0.42636
0.57426 0.35635 0.38325
0.41419 0.48842 0.36109
0.33294 0.53306 0.43730
0.61606 0.48166 0.54708
0.35059 0.46248 0.37529
0.44182 0.64901 0.42415
0.38604 0.49278 0.42011
0.36728 0.45319 0.39734
0.36411 0.54634 0.34171
0.46079 0.58375 0.40556
0.36543 0.44834 0.28008
0.38972 0.58710 0.31508
0.49625 0.44567 0.48705
0.37862 0.62653 0.51141
0.33544 0.54477 0.39487
0.29999 0.60242 0.32735
0.41884 0.71748 0.52117
0.36597 0.45683 0.42450
0.33686 0.55629 0.38830
0.48670 0.60057 0.45515
0.40218 0.59694 0.39072
0.54613 0.46637 0.42145
0.33958 0.52554 0.43719
0.53269 0.51930 0.49744
0.43845 0.51899 0.38701
0.64229 0.61392 0.58914
0.44843 0.54995 0.43673
0.32906 0.43371 0.27256
0.54585 0.42648 0.43331
0.59762 0.50904 0.48626
0.55398 0.43130 0.46049
0.46218 0.47673 0.36594
0.29968 0.55447 0.30045
0.42488 0.49820 0.25478
0.45060 0.49850 0.34478
0.47406 0.55539 0.38082
0.54782 0.42493 0.39245
0.35127 0.36997 0.36934
0.35652 0.57893 0.34037
0.44833 0.39788 0.43463
0.51192 0.48141 0.32275
0.52748 0.49676 0.36560
0.41058 0.48992 0.40003
0.47250 0.65657 0.38727
0.36112 0.66334 0.49196
0.32740 0.41863 0.33266
0.38364 0.59724 0.38078
0.48579 0.67918 0.47695
0.34420 0.45162 0.37389
0.61046 0.46641 0.48391
0.51918 0.47009 0.46406
0.28036 0.48901 0.27695
0.46938 0.42509 0.44442
0.41924 0.68112 0.49065
0.26952 0.61792 0.36689
0.50145 0.54018 0.40931
0.41791 0.43599 0.35317
0.45416 0.49424 0.39595
0.62725 0.41121 0.32170
0.57322 0.59299 0.60178
0.42845 0.58647 0.34004
0.33692 0.44135 0.42084
0.39893 0.49276 0.27911
0.42916 0.66357 0.42983
0.45074 0.46205 0.40131
0.40068 0.56901 0.49786
0.38735 0.53233 0.28183
0.42701 0.50972 0.44993
0.45832 0.64014 0.42209
0.47799 0.51559 0.56675
0.46530 0.49169 0.40143
0.40037 0.44545 0.42918
0.37605 0.51728 0.33594
0.45025 0.53596 0.49722
0.45743 0.44945 0.38587
0.33422 0.62714 0.36445
0.49532 0.62321 0.38628
0.39157 0.55452 0.44963
0.43729 0.48788 0.34838
0.41678 0.55243 0.37423
0.24687 0.50309 0.27211
0.51125 0.51322 0.48926
0.40248 0.66158 0.47821
0.43247 0.51250 0.45866
0.52982 0.63008 0.47920
0.44751 0.48978 0.48691
0.47772 0.56147 0.37268
0.42781 0.53986 0.41571
0.51664 0.59350 0.54213
0.46103 0.45204 0.47763
0.30344 0.61032 0.35765
0.52317 0.49343 0.46300
0.35792 0.48066 0.43182
0.39448 0.46811 0.38808
0.42430 0.59772 0.45124
0.43299 0.55471 0.45186
0.41749 0.75302 0.56401
0.47776 0.52701 0.52511
0.52593 0.54347 0.47529
0.48564 0.60746 0.51745
0.51328 0.43307 0.42197
0.46058 0.52509 0.46910
0.36716 0.44847 0.42286
0.46073 0.59036 0.46663
0.32338 0.44669 0.34801
0.37322 0.61407 0.47472
0.32214 0.67775 0.35769
0.48250 0.50163 0.43921
0.35027 0.75024 0.41119
0.55944 0.51113 0.53471
0.54160 0.40156 0.44483
0.37974 0.54555 0.35159
0.50134 0.45560 0.46741
0.43561 0.49500 0.47248
0.41518 0.34051 0.32262
0.38543 0.45572 0.38874
0.49932 0.47519 0.44643
0.38928 0.67462 0.40168
0.46304 0.38048 0.33043
0.43920 0.48694 0.44503
0.45639 0.50363 0.41693
0.39404 0.72141 0.37635
0.39487 0.64498 0.39438
0.39820 0.45702 0.32719
0.43773 0.44257 0.44784
0.50571 0.49632 0.44977
0.60715 0.60064 0.51313
0.47252 0.55396 0.44397
0.34874 0.58940 0.43420
0.45509 0.48786 0.40970
0.33113 0.48587 0.36577
0.47670 0.51341 0.43676
0.47720 0.55809 0.41714
0.35506 0.51135 0.39406
0.51263 0.65986 0.51696
0.43304 0.51967 0.36301
0.48054 0.43677 0.41119
0.52612 0.45606 0.49978
0.35323 0.68791 0.35007
0.34273 0.55294 0.24450
0.46382 0.56653 0.44987
0.40782 0.63994 0.41023
0.48579 0.36447 0.43761
0.39298 0.49539 0.44815
0.56149 0.64599 0.55434
0.51076 0.54216 0.42930
0.39620 0.58892 0.44821
0.39205 0.56647 0.47785
0.46402 0.47163 0.40290
0.49204 0.48541 0.30152
0.44105 0.44636 0.46536
0.44498 0.46396 0.46871
0.41428 0.56528 0.48277
0.46332 0.49727 0.42647
0.46584 0.45798 0.37722
0.23335 0.54728 0.28877
0.49212 0.47752 0.49026
0.43951 0.54815 0.38501
0.44221 0.62552 0.36648
0.59218 0.44808 0.44076
0.41415 0.47748 0.41701
0.51340 0.52607 0.52940
0.47788 0.61381 0.43428
0.53309 0.45570 0.47224
0.40653 0.49522 0.45570
0.38649 0.50280 0.39597
0.37154 0.56445 0.36851
0.31964 0.69453 0.37395
0.37468 0.65724 0.44025
0.38183 0.43648 0.45016
0.35189 0.56900 0.45029
0.33385 0.49213 0.34355
0.39176 0.60984 0.41600
0.27908 0.52629 0.38269
0.48802 0.65252 0.48570
0.47406 0.71276 0.57060
0.42599 0.40429 0.40595
0.36063 0.53283 0.46557
0.42974 0.54190 0.42110
0.54728 0.50841 0.39014
0.50633 0.48068 0.46083
0.46929 0.49373 0.39888
0.40620 0.49271 0.34758
0.50002 0.58187 0.39917
0.45393 0.52670 0.53658
0.40510 0.41591 0.28055
0.50134 0.48286 0.49972
0.57196 0.42598 0.49076
0.50403 0.57675 0.40244
0.54619 0.50473 0.42980
0.42152 0.36089 0.40200
0.52944 0.58497 0.46020
0.40033 0.68815 0.38020
0.29391 0.55400 0.29886
0.44108 0.39674 0.44579
0.37396 0.67443 0.44817
0.46084 0.59728 0.44400
0.42662 0.57979 0.46069
0.31456 0.40690 0.39778
0.60450 0.47672 0.58558
0.62996 0.53058 0.63658
0.45689 0.57238 0.37383
0.34942 0.42003 0.32450
0.60853 0.46903 0.54182
0.39013 0.48195 0.34611
0.37813 0.51245 0.31979
0.26336 0.56239 0.35988
0.46849 0.46756 0.50945
0.30041 0.52181 0.35485
0.63430 0.59108 0.46216
0.54226 0.60995 0.53871
0.52382 0.52012 0.50789
0.51962 0.55224 0.42638
0.46222 0.47077 0.36373
0.38999 0.51314 0.40588
0.45107 0.50222 0.44271
0.40244 0.46118 0.45330
0.59300 0.44886 0.43476
0.47150 0.53252 0.47139
0.38284 0.64884 0.48640
0.52466 0.45745 0.46329
0.43583 0.46380 0.49041
0.27748 0.53170 0.36453
0.47274 0.65038 0.46419
0.33147 0.46255 0.36748
0.46848 0.62484 0.42476
0.48634 0.49046 0.42778
0.39714 0.60221 0.37061
0.46357 0.52110 0.41045
0.35051 0.47879 0.35431
0.55545 0.47182 0.51550
0.41207 0.50566 0.36549
0.48047 0.56288 0.48697
0.47122 0.41013 0.44776
0.56768 0.53783 0.49137
0.49047 0.49956 0.35425
0.42573 0.57753 0.43562
0.48980 0.45651 0.50950
0.35495 0.56833 0.40738
0.38627 0.53335 0.36884
0.54176 0.41054 0.37720
0.46413 0.44208 0.37479
0.43032 0.47870 0.37717
0.33481 0.70485 0.39009
0.41530 0.69626 0.42934
0.46440 0.57905 0.46995
0.57075 0.47083 0.45126
0.43288 0.54371 0.48634
0.44808 0.48161 0.45180
0.41203 0.51646 0.40217
0.38516 0.68730 0.45083
0.39441 0.57795 0.40766
0.56083 0.52317 0.53159
0.43903 0.51243 0.33313
0.33814 0.45911 0.27590
0.32146 0.50179 0.38977
0.42300 0.63400 0.42679
0.43701 0.59335 0.43115
0.28187 0.45870 0.28715
0.48352 0.45237 0.46416
0.46067 0.53931 0.42322
0.42836 0.42479 0.32142
0.38909 0.47178 0.34801
0.57556 0.45972 0.48821
0.44139 0.49946 0.43343
0.29893 0.37425 0.38495
0.51069 0.53319 0.36918
0.49733 0.33750 0.29292
0.42691 0.54861 0.41613
0.50055 0.67338 0.52515
0.55531 0.63696 0.54377
0.55878 0.59408 0.53063
0.49579 0.65325 0.54438
0.52078 0.55912 0.46825
0.38029 0.59541 0.46208
0.40042 0.55799 0.35852
0.53678 0.47245 0.37862
0.49631 0.44772 0.47623
0.55303 0.42378 0.38380
0.52001 0.42426 0.46130
0.47192 0.60524 0.49344
0.44393 0.68007 0.45648
0.56909 0.51434 0.53268
0.51223 0.53850 0.45276
0.37692 0.36222 0.36056
0.52689 0.53239 0.39791
0.49017 0.50250 0.47984
0.50120 0.52645 0.53374
0.43068 0.61138 0.49825
0.29253 0.48831 0.37850
0.39708 0.61625 0.39810
0.46497 0.57273 0.43974
0.56563 0.47017 0.51955
0.42328 0.44961 0.37016
0.41590 0.60282 0.38803
0.53433 0.44467 0.43318
0.46967 0.49253 0.37411
0.52478 0.49912 0.47975
0.42153 0.51899 0.34937
0.41726 0.49654 0.34457
0.51049 0.54780 0.47701
0.52471 0.52697 0.50901
0.53478 0.49377 0.49848
0.45674 0.64353 0.48594
0.39382 0.45883 0.42600
0.42025 0.62391 0.41816
0.46544 0.51402 0.46459
0.31952 0.52756 0.39569
0.35965 0.51925 0.39833
0.43503 0.44994 0.45617
0.30811 0.53268 0.33519
0.40157 0.45483 0.44165
0.52668 0.51972 0.42324
0.48474 0.49000 0.36397
0.38322 0.54134 0.37252
0.39739 0.52656 0.34793
0.33012 0.41598 0.40154
0.57704 0.40936 0.51760
0.40906 0.48629 0.38112
0.31139 0.43543 0.33079
0.42910 0.48486 0.41043
0.51791 0.43244 0.36566
0.52485 0.59189 0.51923
0.48393 0.42445 0.39432
0.43435 0.54617 0.41808
0.39523 0.50604 0.38977
0.45375 0.56871 0.40636
0.42715 0.48562 0.45646
0.41067 0.53793 0.41107
0.50521 0.54339 0.49003
0.37432 0.59645 0.37564
0.50314 0.69130 0.49382
0.40513 0.54134 0.36949
0.53429 0.62865 0.39739
0.44104 0.42431 0.37693
0.45976 0.49485 0.45571
0.30497 0.58514 0.39817
0.55874 0.45304 0.47849
0.58800 0.49053 0.44493
0.38524 0.63576 0.42711
0.36359 0.53652 0.38083
0.55940 0.61518 0.60332
0.44175 0.55060 0.44251
0.49132 0.47334 0.45822
0.47628 0.41905 0.45472
0.34749 0.43378 0.41966
0.57217 0.41396 0.51468
0.51961 0.55054 0.49766
0.41567 0.57686 0.39248
0.53684 0.58054 0.40211
0.48752 0.37365 0.38862
0.46125 0.51495 0.47358
0.56016 0.50504 0.47846
0.47711 0.56305 0.48150
0.45232 0.48825 0.37974
0.31892 0.64394 0.37016
0.47317 0.48171 0.47634
0.54065 0.43575 0.45386
0.46739 0.56237 0.52201
0.33167 0.44389 0.32066
0.36023 0.47219 0.41190
0.54403 0.60457 0.51143
0.33976 0.43756 0.28250
0.37661 0.49794 0.42458
0.28633 0.68612 0.38648
0.36609 0.42085 0.39368
0.41513 0.56417 0.46496
0.51867 0.49423 0.45732
0.48367 0.37395 0.42664
0.42494 0.65060 0.42038
0.57427 0.48563 0.49119
0.46631 0.67223 0.55900
0.52911 0.38681 0.29986
0.38853 0.73979 0.40768
0.43066 0.42796 0.36946
0.47635 0.40200 0.47705
0.52767 0.46030 0.36701
0.51049 0.64468 0.47894
0.48765 0.48842 0.42726
0.54359 0.44842 0.46727
0.59787 0.39830 0.48241
0.39386 0.44639 0.40562
0.38696 0.45790 0.34643
0.59431 0.41954 0.51715
0.36762 0.59930 0.45767
0.36287 0.60614 0.33769
0.41108 0.47640 0.44644
0.58533 0.53542 0.58964
0.32977 0.61218 0.47791
0.47360 0.56414 0.46150
0.47006 0.54753 0.44396
0.35332 0.58392 0.32560
0.40670 0.55369 0.42889
0.46975 0.51315 0.49950
0.50680 0.57962 0.46140
0.31253 0.50384 0.35623
0.30807 0.47176 0.28444
0.45633 0.56957 0.38570
0.57916 0.55558 0.52659
0.37616 0.63706 0.39704
0.39433 0.49064 0.38577
0.54029 0.49122 0.51742
0.33183 0.66492 0.44078
0.43709 0.38860 0.37044
0.53172 0.56307 0.51372
0.31213 0.61026 0.34336
0.43077 0.54278 0.37026
0.42969 0.43292 0.33436
0.53899 0.65896 0.54082
0.36317 0.59114 0.36692
0.42585 0.33646 0.37756
0.34567 0.59130 0.39289
0.61828 0.53270 0.58052
0.35159 0.58900 0.34058
0.51903 0.57772 0.46964
0.61961 0.58828 0.57415
0.36991 0.45180 0.34457
0.52624 0.44703 0.45205
0.39650 0.56174 0.38066
0.40451 0.44959 0.34570
0.46754 0.33552 0.44769
0.54133 0.45076 0.39579
0.37729 0.47399 0.34657
0.44833 0.47763 0.35143
0.38168 0.48221 0.36454
0.45143 0.50620 0.38495
0.23835 0.41676 0.20609
0.32638 0.49790 0.32750
0.49152 0.59811 0.43273
0.60673 0.48983 0.59399
0.57173 0.33135 0.43501
0.32751 0.59489 0.41018
0.40603 0.39171 0.39519
0.39949 0.75300 0.43827
0.30330 0.58503 0.38428
0.47658 0.56575 0.42363
0.43749 0.51115 0.33497
0.48852 0.39569 0.47141
0.49373 0.62178 0.53561
0.43677 0.56033 0.39245
0.43957 0.42469 0.40717
0.68872 0.62050 0.54244
0.48264 0.45482 0.44437
0.44064 0.36527 0.35639
0.52232 0.49666 0.46373
