20 10 1000 11412 164
0.10998 0.55339 0.32124
0.84473 0.19737 0.75977
0.36647 0.53716 0.86588
0.93154 0.01701 0.55287
0.12593 0.66884 0.15561
0.59374 0.38572 0.60101
0.14131 0.67452 0.13513
0.26481 0.64450 0.38017
0.62690 0.85992 0.70844
0.96108 0.65149 0.36446
0.42879 0.56297 0.36391
0.48101 0.50383 0.43572
0.53984 0.61723 0.42607
0.40183 0.51349 0.35054
0.59464 0.42994 0.48666
0.48125 0.53284 0.52585
0.49409 0.59181 0.61252
0.53906 0.57777 0.48028
0.60190 0.41793 0.57455
0.40478 0.51168 0.44265
0.43423 0.57922 0.53461
0.35263 0.52514 0.55963
0.39726 0.49560 0.35665
0.40267 0.62599 0.30677
0.55721 0.53316 0.45009
0.63890 0.39536 0.57181
0.57857 0.40743 0.62075
0.52575 0.52450 0.57195
0.52736 0.40775 0.62468
0.46421 0.43214 0.49423
0.66520 0.50927 0.47742
0.57376 0.50369 0.51956
0.46793 0.53187 0.48609
0.33528 0.52230 0.38678
0.52092 0.43780 0.56296
0.55141 0.48236 0.55515
0.60848 0.42035 0.53297
0.55016 0.51730 0.65008
0.40436 0.53565 0.45937
0.56485 0.60210 0.55908
0.51252 0.50490 0.38434
0.37519 0.53359 0.48591
0.40643 0.59951 0.38499
0.48689 0.51918 0.44936
0.50267 0.49083 0.58281
0.36360 0.50199 0.57138
0.37560 0.56929 0.45739
0.40678 0.61219 0.34847
0.61864 0.42522 0.62331
0.57358 0.39572 0.57241
0.54148 0.59802 0.59666
0.71222 0.35343 0.62879
0.65045 0.43099 0.52446
0.46938 0.46759 0.47055
0.53511 0.49798 0.53824
0.52776 0.44363 0.47932
0.55908 0.54262 0.64489
0.29321 0.56509 0.39315
0.72283 0.55448 0.47710
0.56726 0.45609 0.52707
0.50725 0.54361 0.47766
0.43441 0.53048 0.47370
0.45855 0.64597 0.42052
0.46655 0.49773 0.44833
0.51043 0.46243 0.55807
0.40341 0.62840 0.33662
0.52380 0.38510 0.52907
0.55330 0.41979 0.48925
0.64474 0.38883 0.52699
0.54636 0.48751 0.65090
0.47161 0.49294 0.54368
0.49685 0.51776 0.42883
0.53842 0.52208 0.49928
0.47364 0.51786 0.64430
0.48047 0.60936 0.50395
0.35179 0.59762 0.39976
0.57281 0.65043 0.58406
0.28143 0.60432 0.32251
0.43637 0.58168 0.35500
0.48263 0.57108 0.51513
0.44941 0.57047 0.34427
0.60448 0.41251 0.50904
0.46052 0.51016 0.43522
0.46774 0.54679 0.37013
0.70562 0.59055 0.43860
0.37978 0.58519 0.49479
0.62068 0.56167 0.50310
0.45776 0.48286 0.44296
0.51477 0.58311 0.47781
0.72842 0.57643 0.43428
0.49226 0.67112 0.52379
0.65148 0.60743 0.37122
0.48854 0.52629 0.51227
0.41332 0.56131 0.44416
0.66012 0.38747 0.47521
0.33369 0.58022 0.36424
0.33190 0.56392 0.53728
0.31470 0.55829 0.33303
0.67744 0.62814 0.45434
0.51397 0.51047 0.48349
0.27289 0.58277 0.33900
0.33388 0.55323 0.42647
0.55128 0.54433 0.49485
0.49362 0.73892 0.53841
0.71626 0.46923 0.52753
0.40512 0.55607 0.46440
0.37282 0.57002 0.47668
0.59862 0.56868 0.52676
0.66631 0.42078 0.55480
0.36255 0.54078 0.44367
0.39191 0.52611 0.49653
0.58453 0.37811 0.47031
0.45247 0.50456 0.41345
0.57374 0.67165 0.68066
0.53743 0.54644 0.43721
0.30950 0.61303 0.38670
0.67930 0.40530 0.56934
0.41610 0.52054 0.46871
0.42336 0.57932 0.40964
0.52740 0.56447 0.50697
0.48042 0.51923 0.48327
0.58503 0.50230 0.51699
0.56141 0.43294 0.48759
0.70426 0.38711 0.48468
0.52802 0.57152 0.54870
0.40113 0.60289 0.44545
0.52341 0.51489 0.48899
0.40110 0.61803 0.40331
0.39024 0.49112 0.43081
0.54063 0.54343 0.56336
0.42309 0.57307 0.41329
0.69531 0.42532 0.56680
0.37393 0.56772 0.38596
0.45560 0.54895 0.52426
0.48580 0.51186 0.42408
0.44538 0.59009 0.48790
0.44066 0.47685 0.55778
0.38635 0.55156 0.52870
0.68201 0.56443 0.37866
0.69666 0.39971 0.56144
0.42123 0.51107 0.50686
0.57551 0.55388 0.43271
0.52868 0.49194 0.50886
0.66708 0.48159 0.46737
0.49860 0.54266 0.39023
0.29701 0.57162 0.34681
0.40734 0.55912 0.63589
0.46140 0.52140 0.46289
0.40096 0.55695 0.44911
0.32456 0.60872 0.35540
0.35971 0.60657 0.37433
0.77329 0.41274 0.58694
0.55411 0.59258 0.41544
0.45554 0.50173 0.42288
0.62936 0.47001 0.43752
0.43839 0.53619 0.45886
0.51493 0.57663 0.45551
0.46773 0.52516 0.54219
0.55952 0.48936 0.49288
0.51152 0.59013 0.49824
0.49428 0.54234 0.46967
0.46398 0.58829 0.53183
0.45823 0.53124 0.52731
0.59301 0.55836 0.50214
0.47915 0.47833 0.52400
0.37277 0.62957 0.41165
0.55008 0.59449 0.51044
0.43335 0.50910 0.42435
0.40533 0.51892 0.59853
0.54127 0.39750 0.52413
0.46910 0.52007 0.41496
0.52819 0.54933 0.52988
0.55749 0.42494 0.67470
0.44088 0.53268 0.48062
0.70300 0.50494 0.55065
0.61509 0.69329 0.52970
0.59496 0.41985 0.51475
0.37403 0.56125 0.41450
0.35974 0.57485 0.40449
0.52230 0.47392 0.50211
0.43629 0.46593 0.55149
0.46874 0.56960 0.47490
0.38615 0.58557 0.53715
0.50594 0.61054 0.61293
0.42461 0.54183 0.46396
0.51645 0.47258 0.51784
0.50027 0.56973 0.46418
0.47960 0.51138 0.41880
0.47143 0.51578 0.52077
0.63689 0.39551 0.56576
0.63391 0.41894 0.58915
0.56169 0.48719 0.56720
0.39622 0.61052 0.40424
0.45688 0.44708 0.51657
0.42479 0.49804 0.48396
0.55660 0.51784 0.51730
0.45623 0.57790 0.49026
0.59790 0.62312 0.46694
0.60829 0.46141 0.50822
0.49244 0.50360 0.43535
0.38417 0.62991 0.46943
0.39580 0.63708 0.35264
0.65838 0.42721 0.55007
0.65781 0.34265 0.56633
0.75383 0.27466 0.56413
0.56577 0.40839 0.50210
0.31171 0.60121 0.38369
0.40408 0.55552 0.37510
0.68255 0.27811 0.52054
0.64956 0.37784 0.56986
0.56211 0.58693 0.42773
0.42307 0.55070 0.46096
0.67306 0.46006 0.49248
0.51308 0.55337 0.47226
0.49652 0.48628 0.48660
0.38955 0.55760 0.41273
0.36451 0.53023 0.51932
0.53620 0.52797 0.53106
0.46205 0.55011 0.55336
0.53900 0.51661 0.45457
0.56241 0.40726 0.51383
0.31191 0.58470 0.40025
0.51692 0.38903 0.44818
0.58261 0.49000 0.63762
0.70956 0.42634 0.58350
0.47669 0.63753 0.30089
0.47969 0.56924 0.46615
0.56698 0.43865 0.51779
0.50420 0.52420 0.47422
0.28597 0.62181 0.40056
0.48310 0.50082 0.49556
0.64592 0.37296 0.47817
0.30960 0.57405 0.50056
0.56951 0.42125 0.47245
0.50083 0.54345 0.48879
0.59598 0.51218 0.55631
0.61049 0.65503 0.56296
0.54592 0.51059 0.49997
0.42026 0.61264 0.42461
0.62045 0.46873 0.58534
0.44931 0.50265 0.41795
0.46246 0.49217 0.58385
0.50437 0.51909 0.53874
0.40826 0.53754 0.54541
0.41431 0.54588 0.52527
0.43855 0.55589 0.52694
0.72441 0.52044 0.43750
0.59564 0.41148 0.62045
0.43481 0.49217 0.49297
0.63247 0.55253 0.46738
0.45230 0.56707 0.51396
0.63787 0.40348 0.48089
0.44982 0.60452 0.45807
0.47286 0.66540 0.56701
0.63207 0.38563 0.51165
0.62727 0.48203 0.54466
0.47410 0.50351 0.45044
0.44593 0.56087 0.49238
0.39259 0.58051 0.48414
0.44564 0.55131 0.48014
0.46834 0.50979 0.52654
0.55794 0.53734 0.46720
0.61958 0.56308 0.49669
0.60759 0.42754 0.50545
0.58866 0.49821 0.61737
0.51796 0.37963 0.50077
0.44934 0.52832 0.45196
0.47561 0.46791 0.44003
0.61962 0.42099 0.60312
0.59516 0.52385 0.59673
0.53780 0.57966 0.46143
0.58367 0.48724 0.50528
0.62031 0.50241 0.50352
0.46183 0.55159 0.43488
0.41639 0.51469 0.43052
0.41031 0.51750 0.49327
0.32485 0.53849 0.37910
0.56359 0.51736 0.46769
0.44994 0.60476 0.33607
0.47465 0.56946 0.39297
0.40121 0.54796 0.53182
0.36639 0.55711 0.31485
0.54303 0.54686 0.40818
0.71250 0.48059 0.53364
0.49673 0.49091 0.44357
0.58449 0.52708 0.49358
0.61887 0.44198 0.61903
0.55257 0.49251 0.50429
0.62719 0.35978 0.54087
0.39458 0.60011 0.43961
0.61161 0.67031 0.49145
0.53530 0.46428 0.57647
0.51085 0.45169 0.45701
0.49306 0.61152 0.51199
0.48431 0.56107 0.63626
0.67554 0.35293 0.55569
0.54758 0.55122 0.51745
0.45841 0.50478 0.44526
0.38747 0.57850 0.44804
0.49421 0.48577 0.48418
0.38986 0.56790 0.49717
0.42359 0.55294 0.44866
0.55172 0.54143 0.48386
0.47066 0.54741 0.52403
0.48087 0.53855 0.60091
0.43830 0.51761 0.52900
0.38526 0.57592 0.36976
0.31692 0.61437 0.29952
0.53048 0.47229 0.54167
0.49580 0.59828 0.47725
0.55331 0.48075 0.43694
0.56009 0.53006 0.50319
0.56749 0.56588 0.57887
0.59221 0.40604 0.55655
0.56234 0.35090 0.52202
0.51999 0.50947 0.42055
0.39213 0.49324 0.43266
0.45339 0.53823 0.44408
0.41239 0.50399 0.47361
0.33107 0.57888 0.51978
0.61083 0.44772 0.59548
0.64177 0.42899 0.46630
0.51939 0.44460 0.41106
0.69249 0.33564 0.58090
0.41627 0.49760 0.48241
0.41684 0.48877 0.54830
0.41619 0.54948 0.50848
0.60163 0.31020 0.53234
0.56259 0.47751 0.53733
0.50985 0.47658 0.49662
0.45633 0.56882 0.44203
0.53270 0.50753 0.60630
0.32896 0.61156 0.35635
0.39226 0.55042 0.40806
0.40563 0.48189 0.52571
0.41426 0.58743 0.53367
0.51983 0.39874 0.44373
0.51395 0.53480 0.52020
0.62961 0.40486 0.56012
0.51396 0.49430 0.58162
0.67232 0.43611 0.53557
0.27666 0.55177 0.36053
0.61415 0.36258 0.56427
0.33134 0.57180 0.33175
0.40720 0.54290 0.51408
0.43064 0.60706 0.35524
0.59741 0.55313 0.54124
0.44407 0.52156 0.48901
0.45235 0.53133 0.41890
0.42661 0.53987 0.53806
0.45370 0.56781 0.48005
0.48301 0.58379 0.38578
0.32002 0.60147 0.34452
0.69787 0.48482 0.48847
0.48647 0.54581 0.40081
0.48078 0.54399 0.45989
0.43529 0.51094 0.58263
0.46559 0.51617 0.49882
0.60368 0.38482 0.57732
0.65032 0.61158 0.48724
0.64435 0.45203 0.58348
0.63808 0.45386 0.53188
0.42150 0.54769 0.47796
0.34932 0.58398 0.39520
0.26681 0.61282 0.33391
0.54477 0.46797 0.48057
0.53087 0.43485 0.55065
0.52579 0.43543 0.46982
0.35908 0.57727 0.46274
0.51198 0.51693 0.37975
0.39805 0.56581 0.40543
0.46140 0.50684 0.46353
0.56183 0.46576 0.46418
0.49282 0.56563 0.44247
0.49293 0.56429 0.42584
0.57447 0.41366 0.54998
0.53929 0.44922 0.54030
0.56454 0.50777 0.50865
0.51141 0.55528 0.52667
0.53680 0.52532 0.55647
0.46241 0.50633 0.45858
0.31639 0.60498 0.32904
0.57579 0.39574 0.56379
0.63264 0.32184 0.54180
0.55174 0.43573 0.53985
0.56775 0.54127 0.58541
0.61603 0.38951 0.51884
0.46178 0.53038 0.44988
0.38263 0.50204 0.35835
0.60996 0.57529 0.47290
0.45736 0.46271 0.45268
0.44580 0.46603 0.50463
0.45158 0.52128 0.51620
0.59471 0.49527 0.52389
0.66221 0.48353 0.54510
0.62970 0.37909 0.47687
0.47082 0.62153 0.48173
0.52138 0.54880 0.56380
0.69701 0.56260 0.51194
0.58030 0.54676 0.41827
0.50513 0.50021 0.52921
0.40857 0.57331 0.37547
0.52016 0.55533 0.45262
0.66955 0.61997 0.41486
0.59063 0.59803 0.53420
0.41116 0.56115 0.44680
0.39357 0.49709 0.39743
0.71011 0.41941 0.51210
0.50207 0.52821 0.46864
0.52058 0.48105 0.49693
0.27848 0.60444 0.32616
0.66467 0.52839 0.43657
0.43490 0.62449 0.37385
0.36966 0.53851 0.42801
0.54085 0.51041 0.40067
0.44077 0.53147 0.51934
0.51255 0.48889 0.50190
0.58484 0.51548 0.57542
0.38752 0.56971 0.58002
0.44090 0.47614 0.45830
0.53655 0.38322 0.49566
0.53021 0.47920 0.45333
0.31009 0.53837 0.33562
0.51029 0.54988 0.57606
0.36978 0.54909 0.38629
0.62823 0.34785 0.59555
0.25803 0.57350 0.27238
0.33017 0.59494 0.55705
0.60054 0.55804 0.55425
0.35853 0.58015 0.34381
0.57114 0.52905 0.44552
0.52931 0.61603 0.41204
0.48831 0.49370 0.50357
0.57428 0.45230 0.44005
0.25881 0.57138 0.36573
0.43912 0.52454 0.62466
0.61489 0.41580 0.55902
0.52274 0.46536 0.44635
0.50377 0.49477 0.43728
0.51127 0.54295 0.71345
0.46747 0.47186 0.43369
0.57105 0.34776 0.45846
0.45488 0.58921 0.56648
0.45625 0.51346 0.53094
0.63370 0.52541 0.47391
0.39090 0.56196 0.53790
0.67244 0.30071 0.58205
0.44827 0.52416 0.47118
0.55063 0.44676 0.58728
0.60612 0.50298 0.43379
0.47949 0.45623 0.47074
0.52871 0.52639 0.49535
0.50882 0.45319 0.50651
0.55261 0.50840 0.45714
0.50344 0.62345 0.45077
0.41912 0.44510 0.48830
0.64182 0.42697 0.48161
0.49383 0.51418 0.45021
0.49170 0.45481 0.54486
0.48001 0.58432 0.51037
0.59857 0.36803 0.51693
0.53501 0.33556 0.45411
0.42153 0.57905 0.51872
0.52140 0.49675 0.45240
0.49223 0.57723 0.52923
0.35650 0.58869 0.45010
0.57165 0.58009 0.39710
0.69004 0.42750 0.55397
0.57612 0.39687 0.67341
0.54776 0.51617 0.47813
0.53843 0.40578 0.44569
0.37931 0.63215 0.49343
0.56379 0.45328 0.61849
0.52775 0.49504 0.48211
0.51238 0.48559 0.51027
0.51373 0.50854 0.53827
0.69519 0.54508 0.55138
0.43379 0.47775 0.53717
0.46745 0.63173 0.31218
0.49854 0.55442 0.49548
0.35454 0.54372 0.38148
0.55434 0.54027 0.42126
0.45500 0.56255 0.51587
0.52785 0.44182 0.51378
0.47633 0.46614 0.50327
0.59393 0.42057 0.51853
0.51335 0.52109 0.45592
0.48648 0.60990 0.60627
0.70019 0.48240 0.59303
0.39871 0.44491 0.43316
0.50940 0.56781 0.52610
0.49046 0.50493 0.55474
0.42123 0.56757 0.48811
0.42643 0.50107 0.46522
0.45621 0.48790 0.48103
0.31641 0.62726 0.35730
0.49621 0.58579 0.41348
0.34178 0.60799 0.31967
0.43426 0.55114 0.45001
0.57812 0.42797 0.46703
0.42563 0.52803 0.48503
0.59277 0.55747 0.46289
0.65995 0.45978 0.57109
0.53639 0.47911 0.47198
0.48401 0.59751 0.60456
0.45110 0.53930 0.45568
0.50660 0.47003 0.42721
0.48860 0.51235 0.36907
0.55063 0.56992 0.43498
0.58839 0.50827 0.52638
0.67813 0.51849 0.49474
0.46612 0.50804 0.45273
0.55969 0.56075 0.49334
0.42447 0.51851 0.42689
0.50148 0.55461 0.47703
0.64223 0.43677 0.54579
0.57333 0.54422 0.53711
0.42697 0.56239 0.40409
0.32616 0.55431 0.34950
0.58649 0.55762 0.50239
0.44756 0.61920 0.44084
0.61960 0.40438 0.56161
0.35094 0.56170 0.31922
0.63926 0.52176 0.45608
0.36023 0.55731 0.39035
0.40357 0.55026 0.48124
0.38027 0.58760 0.49272
0.62898 0.39260 0.54610
0.44320 0.50653 0.40061
0.51692 0.44633 0.47099
0.68285 0.59283 0.58049
0.34159 0.53267 0.40725
0.38466 0.54550 0.48556
0.57960 0.37621 0.52682
0.58958 0.38567 0.49865
0.52990 0.47494 0.44126
0.41220 0.64792 0.45539
0.42711 0.57926 0.44404
0.48836 0.58155 0.36171
0.54158 0.49287 0.50193
0.37501 0.61149 0.37025
0.51015 0.50268 0.52146
0.48384 0.48745 0.44589
0.38007 0.61073 0.38097
0.39050 0.56566 0.35278
0.68175 0.32250 0.55219
0.39395 0.55775 0.41788
0.63764 0.55966 0.55604
0.56718 0.46571 0.64375
0.42671 0.48577 0.39551
0.50714 0.45807 0.49598
0.50302 0.63150 0.52315
0.43253 0.47964 0.39842
0.55969 0.63574 0.50813
0.44013 0.57379 0.50409
0.47201 0.60518 0.40710
0.43892 0.47712 0.50639
0.65987 0.42772 0.60334
0.46085 0.51389 0.39648
0.40110 0.52567 0.51584
0.43686 0.51500 0.45352
0.50064 0.52408 0.50118
0.48241 0.54098 0.37084
0.47962 0.49735 0.44647
0.37031 0.54626 0.42606
0.37799 0.51737 0.40116
0.52594 0.56540 0.38733
0.57653 0.46994 0.52669
0.44074 0.46719 0.40477
0.44550 0.64103 0.46791
0.41803 0.49306 0.51175
0.50548 0.53583 0.57692
0.51591 0.55382 0.41730
0.40592 0.56687 0.54576
0.58386 0.49144 0.49678
0.42559 0.61460 0.44090
0.43569 0.46187 0.46827
0.49576 0.47052 0.53471
0.48580 0.49604 0.44320
0.48850 0.61236 0.46968
0.53003 0.51888 0.54139
0.53877 0.56974 0.64420
0.63151 0.48264 0.48356
0.48111 0.44539 0.52107
0.40333 0.60240 0.42747
0.50931 0.48219 0.48236
0.48964 0.45284 0.65090
0.45436 0.49921 0.47493
0.36099 0.56317 0.44188
0.45650 0.60714 0.39096
0.47249 0.50423 0.46618
0.52873 0.67460 0.64202
0.58763 0.44571 0.55129
0.67074 0.52868 0.54730
0.56098 0.51263 0.64423
0.51397 0.47497 0.58710
0.39607 0.58920 0.48780
0.53693 0.56564 0.55960
0.62582 0.55149 0.56771
0.48373 0.53161 0.50617
0.58542 0.52749 0.57508
0.48405 0.44904 0.45744
0.63731 0.63453 0.60070
0.45409 0.56836 0.58419
0.58806 0.40850 0.54767
0.65055 0.36553 0.46590
0.41373 0.48890 0.46337
0.40009 0.52560 0.47417
0.38610 0.57333 0.42950
0.62115 0.55062 0.43032
0.36699 0.50623 0.43622
0.40832 0.57386 0.48678
0.48944 0.58097 0.41664
0.50727 0.47503 0.49997
0.33896 0.53764 0.36871
0.64740 0.49691 0.51766
0.54730 0.49887 0.49041
0.63577 0.58069 0.46121
0.46047 0.51485 0.39085
0.71372 0.62338 0.36071
0.61449 0.42423 0.49366
0.34987 0.65445 0.36659
0.42730 0.54496 0.49444
0.60021 0.44156 0.60067
0.58082 0.54544 0.49037
0.62630 0.47032 0.55799
0.29710 0.55779 0.40088
0.51495 0.49728 0.57487
0.40077 0.60117 0.38258
0.48405 0.46666 0.47552
0.58663 0.44899 0.48616
0.41396 0.61140 0.36694
0.32703 0.56114 0.48179
0.42640 0.68933 0.55372
0.56007 0.56926 0.60288
0.33930 0.57819 0.35262
0.29996 0.57700 0.35943
0.32601 0.56354 0.44193
0.45520 0.58866 0.51193
0.39772 0.53599 0.36211
0.53161 0.51457 0.50045
0.52903 0.60296 0.45422
0.56896 0.45343 0.47257
0.57026 0.58861 0.46616
0.58523 0.45756 0.50845
0.45979 0.62597 0.52072
0.24036 0.64018 0.34294
0.55605 0.48941 0.51222
0.63251 0.52990 0.52270
0.33538 0.63167 0.35700
0.58077 0.56324 0.46633
0.36892 0.56187 0.33620
0.37513 0.62058 0.39281
0.52697 0.52725 0.52987
0.47136 0.47918 0.50655
0.43558 0.60578 0.45744
0.49326 0.54298 0.51213
0.46623 0.50071 0.52915
0.56700 0.36519 0.45976
0.65189 0.61888 0.48405
0.45847 0.56928 0.40507
0.35864 0.58348 0.42713
0.58215 0.41659 0.64346
0.59573 0.40076 0.50022
0.57140 0.38344 0.49166
0.49638 0.53869 0.47011
0.50612 0.56710 0.46303
0.46875 0.46313 0.44536
0.63814 0.50564 0.48039
0.42860 0.54283 0.62271
0.66795 0.44543 0.52146
0.36697 0.60266 0.44873
0.63952 0.39355 0.53787
0.49389 0.50357 0.58992
0.47791 0.46649 0.42165
0.45086 0.49652 0.58675
0.49773 0.60519 0.46464
0.57036 0.48518 0.44958
0.38083 0.49505 0.44314
0.48862 0.56590 0.39748
0.44117 0.51494 0.36252
0.48634 0.61610 0.39275
0.47695 0.55950 0.56162
0.48077 0.48100 0.49990
0.47952 0.58424 0.48811
0.62015 0.33481 0.56177
0.52722 0.45182 0.41047
0.40781 0.47621 0.46463
0.28614 0.58986 0.29708
0.33475 0.59686 0.39495
0.59619 0.49090 0.52051
0.53814 0.45571 0.47632
0.61097 0.40086 0.55084
0.45196 0.54531 0.47624
0.58294 0.51745 0.40837
0.47494 0.58667 0.43450
0.52347 0.45210 0.46024
0.48508 0.58659 0.41131
0.49469 0.49029 0.45409
0.62143 0.53001 0.47542
0.50133 0.50645 0.48289
0.39497 0.55254 0.42708
0.32560 0.60308 0.43526
0.33264 0.52515 0.35668
0.52450 0.47366 0.48904
0.44183 0.54831 0.47447
0.53238 0.63638 0.49150
0.45113 0.63986 0.45376
0.33526 0.62279 0.48694
0.47470 0.56892 0.51013
0.68542 0.39521 0.58102
0.56343 0.36973 0.41979
0.37251 0.51067 0.41356
0.42932 0.61582 0.41633
0.54956 0.61031 0.46775
0.50257 0.49021 0.53258
0.51788 0.58108 0.49117
0.54588 0.55911 0.46461
0.65497 0.48774 0.52274
0.60593 0.41373 0.57501
0.53470 0.45174 0.49223
0.66349 0.52484 0.47106
0.56018 0.54426 0.59262
0.56177 0.55959 0.63795
0.48543 0.58383 0.50462
0.42030 0.49601 0.57080
0.32057 0.56128 0.47144
0.50346 0.46703 0.43690
0.50735 0.47547 0.55637
0.57123 0.63668 0.58042
0.45292 0.61196 0.49533
0.55904 0.44266 0.66620
0.33934 0.53337 0.41343
0.64408 0.35477 0.49391
0.53969 0.49824 0.49696
0.60449 0.62400 0.60276
0.43077 0.56183 0.48397
0.47781 0.59231 0.39947
0.40309 0.56565 0.43502
0.59641 0.47094 0.58012
0.41878 0.50039 0.46562
0.39105 0.59074 0.54212
0.51231 0.54513 0.59612
0.67247 0.37072 0.47695
0.48541 0.51433 0.53264
0.46694 0.59631 0.43429
0.55878 0.56485 0.56677
0.52418 0.50833 0.48613
0.45109 0.48330 0.55496
0.67104 0.50163 0.47924
0.48411 0.53096 0.48763
0.79349 0.57366 0.43803
0.25466 0.57767 0.39957
0.49364 0.44165 0.50874
0.34186 0.56711 0.36904
0.49898 0.46715 0.45327
0.40510 0.55748 0.43042
0.43625 0.59866 0.51249
0.56249 0.60851 0.49257
0.47639 0.42968 0.49286
0.40206 0.56917 0.33508
0.68788 0.38909 0.55595
0.30569 0.59559 0.30849
0.40265 0.59663 0.44510
0.53596 0.61812 0.47992
0.56034 0.50032 0.46653
0.53657 0.47975 0.55915
0.48868 0.50578 0.45889
0.60117 0.57842 0.55601
0.36193 0.57567 0.44430
0.49549 0.59675 0.49275
0.59665 0.52960 0.55133
0.61494 0.48362 0.54863
0.39938 0.59515 0.40699
0.57916 0.52661 0.50954
0.49201 0.49293 0.55494
0.57924 0.48236 0.42754
0.63220 0.55293 0.61869
0.51086 0.48505 0.45830
0.53111 0.36935 0.41858
0.66101 0.48708 0.53015
0.57868 0.57617 0.54676
0.43648 0.58095 0.42441
0.46310 0.55762 0.51693
0.48203 0.59576 0.52097
0.42274 0.56977 0.38328
0.46287 0.54895 0.48387
0.53733 0.58072 0.49849
0.55035 0.41215 0.58843
0.36802 0.50221 0.53698
0.49266 0.47859 0.46237
0.40780 0.55627 0.40588
0.60676 0.41891 0.46472
0.49671 0.55146 0.42622
0.59272 0.58614 0.44441
0.50465 0.56782 0.54000
0.33626 0.59215 0.44111
0.47300 0.66485 0.50133
0.65850 0.34326 0.56395
0.65386 0.42967 0.63650
0.42448 0.48611 0.55434
0.54332 0.56551 0.38621
0.56585 0.54999 0.45020
0.70957 0.34436 0.57865
0.33464 0.66698 0.37200
0.60508 0.54999 0.42877
0.49538 0.50049 0.56260
0.47184 0.44876 0.42667
0.57406 0.53579 0.56882
0.39889 0.60062 0.49894
0.53037 0.45219 0.56107
0.33814 0.55050 0.36259
0.38827 0.56624 0.46781
0.61164 0.51675 0.44196
0.55846 0.41545 0.54504
0.73455 0.35415 0.54174
0.58000 0.53713 0.49574
0.59696 0.39491 0.49563
0.57616 0.51993 0.48182
0.38329 0.49875 0.45528
0.48916 0.57689 0.43719
0.39179 0.51426 0.48226
0.35803 0.50348 0.36477
0.63259 0.40266 0.50508
0.59757 0.50634 0.53018
0.39289 0.52162 0.40864
0.46985 0.52037 0.54325
0.42819 0.58724 0.59707
0.54738 0.56196 0.39159
0.60625 0.38618 0.48800
0.70890 0.37892 0.48142
0.47153 0.53669 0.46264
0.53285 0.51989 0.54906
0.47045 0.55214 0.47356
0.40674 0.64368 0.47394
0.43872 0.59908 0.45396
0.46304 0.60322 0.50476
0.46703 0.49675 0.47228
0.46679 0.46780 0.47073
0.37242 0.59975 0.42838
0.35848 0.61454 0.29919
0.59608 0.44027 0.61770
0.44280 0.64317 0.41594
0.63229 0.51788 0.61066
0.61692 0.56651 0.64008
0.51619 0.46357 0.50359
0.61149 0.39253 0.58925
0.49123 0.54711 0.46427
0.56945 0.56131 0.42051
0.51599 0.46563 0.50069
0.46161 0.48684 0.49133
0.55086 0.48065 0.50020
0.44210 0.56944 0.52089
0.48290 0.51816 0.36003
0.55610 0.50751 0.57372
0.54288 0.59686 0.35467
0.35369 0.57967 0.43469
0.50082 0.43514 0.62346
0.60512 0.65616 0.58180
0.42740 0.46349 0.40058
0.58887 0.47868 0.53186
0.42799 0.60072 0.44297
0.40951 0.56593 0.41570
0.45121 0.59928 0.46085
0.60384 0.50397 0.43595
0.46964 0.56901 0.37989
0.55648 0.41519 0.52295
0.49915 0.46338 0.55338
0.53844 0.44519 0.47574
0.52073 0.58289 0.49681
0.53780 0.40454 0.43999
0.49054 0.48912 0.50616
0.52218 0.46613 0.45833
0.59164 0.44776 0.70043
0.63801 0.32660 0.57726
0.44759 0.63493 0.54425
0.50455 0.55675 0.47456
0.45825 0.47493 0.44673
0.55687 0.51438 0.49866
0.49599 0.51892 0.50036
0.57286 0.61774 0.65169
0.45387 0.56974 0.40220
0.48115 0.45224 0.44386
0.44034 0.50998 0.63252
0.60252 0.44918 0.52408
0.40173 0.54397 0.44189
0.39894 0.54901 0.45569
0.42032 0.51942 0.40977
0.52316 0.52330 0.61190
0.63167 0.51336 0.50799
0.42472 0.57118 0.42854
0.53348 0.55035 0.49171
0.37434 0.60345 0.43318
0.37889 0.52511 0.54270
0.59857 0.57281 0.55432
0.44076 0.48925 0.46034
0.42648 0.51908 0.70184
0.64709 0.47516 0.61051
0.33986 0.58523 0.36762
0.54539 0.47664 0.48972
0.51946 0.44367 0.49709
0.50755 0.55031 0.52367
0.32648 0.56066 0.38735
0.45611 0.48080 0.50284
0.61729 0.41611 0.52924
0.45241 0.42292 0.39118
0.44425 0.47078 0.48710
0.54030 0.45449 0.45171
0.44302 0.54371 0.50333
0.37053 0.51274 0.42820
0.49325 0.45308 0.49768
0.53858 0.62718 0.53771
0.31374 0.61656 0.35111
0.51377 0.45042 0.44613
0.38724 0.52241 0.45902
0.63999 0.44009 0.55824
0.37571 0.56054 0.43242
0.46347 0.50702 0.48902
0.43702 0.62845 0.40033
0.42082 0.58076 0.43494
0.59906 0.54420 0.58904
0.60026 0.43962 0.49163
0.47734 0.45582 0.49724
0.38683 0.51573 0.55824
0.54722 0.42838 0.51185
0.40134 0.57854 0.45025
0.43448 0.49641 0.57950
0.29392 0.54533 0.36406
0.29677 0.59815 0.42627
0.31586 0.62522 0.34340
0.77403 0.38710 0.53949
0.54700 0.57694 0.58755
0.48503 0.54474 0.42369
0.42031 0.53996 0.57331
0.48070 0.50661 0.45215
0.52483 0.48511 0.49247
0.25911 0.63033 0.31383
0.45718 0.50155 0.43158
0.59955 0.40123 0.48897
0.45729 0.53977 0.48085
0.44942 0.61478 0.41809
0.46583 0.43111 0.43536
0.53102 0.47203 0.53210
0.66773 0.56095 0.55818
0.45677 0.51516 0.47004
0.40594 0.49778 0.40077
0.35032 0.60831 0.39926
0.54406 0.44003 0.62932
0.35801 0.61782 0.42635
0.51581 0.48468 0.49070
0.60054 0.43995 0.50223
0.54551 0.39705 0.55815
0.44533 0.52570 0.48931
0.60661 0.56611 0.64287
0.48413 0.55976 0.51473
0.57318 0.44285 0.48718
0.45218 0.59829 0.51258
0.57542 0.64562 0.56005
0.47571 0.62602 0.53133
0.53893 0.57508 0.46973
0.35621 0.58231 0.42606
0.47593 0.49801 0.43351
0.49816 0.39027 0.42694
0.51320 0.47324 0.43382
0.50072 0.48765 0.56224
0.50540 0.62224 0.56125
0.49018 0.47027 0.48013
0.61653 0.54657 0.58777
0.46797 0.56884 0.44383
0.53625 0.40782 0.47982
0.40167 0.53116 0.45210
0.53658 0.41471 0.46498
0.39405 0.50561 0.37778
0.57261 0.58447 0.42358
0.36818 0.51371 0.46173
0.49127 0.52022 0.54101
0.48549 0.48749 0.59588
0.55319 0.46033 0.50493
0.59243 0.49436 0.51239
0.45815 0.51434 0.56010
0.50803 0.41352 0.53372
0.62254 0.56943 0.54540
0.43393 0.47475 0.45801
0.46220 0.51798 0.51548
0.43795 0.60148 0.36165
0.52810 0.40996 0.51674
0.45980 0.55294 0.47463
0.37327 0.60412 0.47867
0.41550 0.57633 0.44479
0.48312 0.47581 0.55840
0.42864 0.54759 0.41372
0.41243 0.59102 0.38620
0.52360 0.39015 0.48271
0.47192 0.55502 0.54680
0.51040 0.47718 0.57240
0.31353 0.63757 0.39829
0.47360 0.47386 0.42610
0.47542 0.56570 0.49329
0.48546 0.46419 0.56036
0.70796 0.63816 0.42060
0.39765 0.60658 0.31205
0.47613 0.47332 0.58652
0.29399 0.57172 0.33035
0.60720 0.49896 0.50613
0.42942 0.58205 0.43786
0.42375 0.48005 0.41217
0.45555 0.55209 0.45027
0.38341 0.65872 0.41996
0.55342 0.46215 0.47574
0.45803 0.56207 0.50269
