20 19 1000 5569 289
0.37462 0.63669 0.84518
0.65847 0.58164 0.23068
0.56142 0.21620 0.20572
0.03568 0.55593 0.57256
0.25190 0.23152 0.36087
0.13920 0.09081 0.91990
0.89001 0.56728 0.41335
0.26732 0.85261 0.99876
0.97572 0.63670 0.88765
0.77615 0.37975 0.45885
0.16900 0.90903 0.87450
0.68392 0.69335 0.38574
0.86881 0.55721 0.74520
0.74308 0.89670 0.77353
0.38924 0.60946 0.55805
0.40374 0.97426 0.50113
0.94884 0.49699 0.56056
0.39374 0.32790 0.89661
0.58980 0.25170 0.88122
0.61099 0.55106 0.60927
0.63491 0.59510 0.64565
0.55352 0.46847 0.60499
0.48943 0.61913 0.68995
0.61244 0.61647 0.65282
0.54105 0.43182 0.65633
0.52898 0.49765 0.67123
0.37653 0.56856 0.67049
0.42767 0.54801 0.72523
0.47079 0.59966 0.66846
0.54828 0.53657 0.55020
0.40030 0.66325 0.67221
0.57849 0.60891 0.61142
0.59670 0.57648 0.63145
0.57539 0.50013 0.55601
0.54621 0.55626 0.61888
0.60918 0.51073 0.57282
0.51277 0.53495 0.71445
0.43606 0.49497 0.62685
0.44901 0.53709 0.66798
0.48072 0.57135 0.67370
0.67605 0.60193 0.68808
0.52073 0.56557 0.59285
0.56230 0.59317 0.61602
0.47552 0.57005 0.60309
0.51527 0.58235 0.59471
0.47616 0.61443 0.61489
0.46625 0.56580 0.73648
0.46175 0.46373 0.59579
0.48933 0.59665 0.60815
0.50218 0.54328 0.60201
0.51931 0.53834 0.55782
0.42874 0.58224 0.63820
0.40855 0.63975 0.71535
0.63393 0.56601 0.64123
0.64257 0.56028 0.59098
0.58013 0.52224 0.63769
0.57005 0.53852 0.60969
0.53736 0.55865 0.59984
0.56135 0.61313 0.71381
0.53751 0.60254 0.64030
0.67958 0.65841 0.57967
0.49139 0.48658 0.68795
0.61084 0.56878 0.55923
0.68395 0.56238 0.66889
0.41670 0.42727 0.71483
0.49823 0.53979 0.59271
0.59608 0.59407 0.72817
0.53967 0.61935 0.63565
0.46677 0.49324 0.68806
0.43830 0.63816 0.57750
0.46994 0.57546 0.59244
0.39055 0.59141 0.71855
0.67198 0.56034 0.65389
0.53810 0.54565 0.61072
0.38056 0.52981 0.65770
0.48993 0.52903 0.52686
0.43132 0.45368 0.63310
0.60711 0.53294 0.68341
0.41617 0.57835 0.63371
0.57643 0.52248 0.57444
0.43021 0.55834 0.60551
0.55528 0.54614 0.69089
0.41254 0.53812 0.75949
0.71068 0.52437 0.65101
0.54753 0.58470 0.61397
0.51428 0.58582 0.67655
0.45445 0.54783 0.60052
0.60452 0.53182 0.56934
0.58913 0.54217 0.62913
0.49817 0.43992 0.63497
0.69435 0.55516 0.58362
0.57723 0.63165 0.68033
0.49557 0.52392 0.62006
0.54257 0.52688 0.68946
0.53129 0.49168 0.58826
0.45478 0.52933 0.71342
0.44313 0.64360 0.58527
0.47260 0.57991 0.53559
0.67027 0.62544 0.69374
0.62932 0.49426 0.63924
0.56810 0.50870 0.62054
0.59284 0.44447 0.50421
0.61171 0.57245 0.67722
0.47915 0.55359 0.64824
0.49868 0.61929 0.72358
0.52563 0.57380 0.65902
0.56656 0.50942 0.64021
0.45351 0.53762 0.68853
0.59361 0.48609 0.59375
0.61283 0.61593 0.60325
0.49808 0.53178 0.57564
0.67483 0.54291 0.69271
0.49327 0.55285 0.61343
0.49132 0.48521 0.68645
0.54900 0.56659 0.66978
0.57352 0.61133 0.60728
0.55233 0.53082 0.68065
0.43706 0.54258 0.70277
0.48712 0.62627 0.58813
0.55342 0.55065 0.60657
0.55282 0.56239 0.66822
0.46763 0.59821 0.70343
0.47694 0.63297 0.71213
0.51070 0.53338 0.71357
0.60213 0.57099 0.66372
0.42957 0.52832 0.65362
0.51085 0.53585 0.62081
0.58390 0.64298 0.62766
0.54459 0.53448 0.73377
0.42533 0.55874 0.74275
0.46219 0.57380 0.62564
0.44302 0.51180 0.72126
0.46095 0.64826 0.71625
0.54897 0.47328 0.53847
0.59223 0.57097 0.64428
0.62335 0.51039 0.55249
0.65660 0.49571 0.71397
0.57409 0.49173 0.73241
0.53917 0.59763 0.62672
0.57260 0.49099 0.69553
0.60440 0.53123 0.64305
0.57539 0.57513 0.54741
0.61856 0.50085 0.66636
0.45194 0.56512 0.62372
0.42947 0.53420 0.63219
0.59493 0.51207 0.65067
0.52832 0.50819 0.59551
0.50287 0.59500 0.68589
0.55721 0.58450 0.59629
0.65052 0.46907 0.51979
0.53552 0.50697 0.61505
0.45042 0.46388 0.59217
0.55406 0.42922 0.53089
0.51371 0.68223 0.66409
0.50103 0.46814 0.65992
0.56939 0.64007 0.67321
0.52700 0.60603 0.76622
0.54718 0.54351 0.64416
0.54445 0.61371 0.69560
0.55016 0.44997 0.53977
0.46392 0.53059 0.68222
0.48855 0.60105 0.67242
0.41073 0.58978 0.69961
0.55230 0.58020 0.63607
0.56416 0.57432 0.57734
0.51379 0.41314 0.70119
0.55919 0.52473 0.61527
0.42529 0.69968 0.63174
0.49218 0.53764 0.68763
0.55465 0.64829 0.65767
0.60747 0.53244 0.54963
0.54222 0.50910 0.58489
0.67159 0.59054 0.65026
0.58587 0.55581 0.64707
0.43592 0.51077 0.68185
0.52476 0.60873 0.64831
0.49359 0.58917 0.58008
0.65611 0.54593 0.60378
0.47840 0.62951 0.71464
0.47341 0.54685 0.64271
0.61584 0.54582 0.59246
0.52882 0.52812 0.72843
0.56584 0.56222 0.63354
0.51075 0.62617 0.64684
0.47311 0.49709 0.68709
0.51120 0.55354 0.71626
0.56135 0.50790 0.57834
0.43301 0.47140 0.66016
0.60895 0.55814 0.62669
0.41947 0.56355 0.67940
0.55915 0.44736 0.56580
0.50778 0.61466 0.72965
0.52111 0.53141 0.60402
0.49498 0.60257 0.61510
0.41686 0.58003 0.61619
0.56638 0.52669 0.54861
0.56990 0.55442 0.63362
0.53084 0.56167 0.71795
0.54126 0.50548 0.60609
0.64087 0.55309 0.58203
0.54020 0.60437 0.61045
0.53890 0.60633 0.61664
0.51430 0.50517 0.57682
0.52133 0.48480 0.68191
0.42004 0.57306 0.61849
0.52610 0.55783 0.57446
0.46922 0.58107 0.59450
0.51977 0.60842 0.65621
0.51019 0.59147 0.63066
0.58644 0.53629 0.68149
0.49835 0.54080 0.59456
0.44988 0.55465 0.63240
0.53859 0.60620 0.71896
0.56696 0.46440 0.51984
0.63955 0.43858 0.66146
0.55887 0.54066 0.62900
0.54990 0.66591 0.61364
0.58151 0.53432 0.59593
0.57045 0.65540 0.68513
0.48665 0.54630 0.64247
0.53192 0.56234 0.72079
0.52494 0.57222 0.66318
0.56404 0.62541 0.56460
0.45274 0.48209 0.54389
0.56820 0.59746 0.61107
0.41390 0.57629 0.66446
0.47131 0.51280 0.60594
0.47955 0.49209 0.71582
0.45481 0.53379 0.67086
0.62447 0.61413 0.63537
0.58516 0.60182 0.55568
0.56525 0.57060 0.60616
0.58035 0.55911 0.56637
0.57596 0.53408 0.65157
0.55029 0.59611 0.75235
0.57615 0.40767 0.57472
0.58516 0.50424 0.60834
0.43571 0.54338 0.60886
0.47748 0.47232 0.56416
0.50832 0.46258 0.67800
0.64834 0.55977 0.61386
0.51392 0.63414 0.69437
0.48256 0.53621 0.68010
0.49477 0.52177 0.55925
0.44107 0.47640 0.68090
0.64021 0.48653 0.61449
0.46281 0.57032 0.64436
0.62553 0.55505 0.71032
0.45213 0.67232 0.67696
0.58699 0.48392 0.64385
0.43902 0.46541 0.65231
0.50165 0.53834 0.73920
0.66779 0.57705 0.51078
0.56233 0.56637 0.57701
0.56414 0.58405 0.73727
0.53373 0.60165 0.52765
0.44356 0.47930 0.57433
0.51032 0.55376 0.63548
0.42839 0.51859 0.60551
0.48336 0.49110 0.60683
0.50070 0.55027 0.63127
0.51788 0.58409 0.71354
0.59073 0.45095 0.76390
0.42904 0.49341 0.64571
0.46591 0.45242 0.62847
0.50193 0.49836 0.69035
0.58131 0.59997 0.66641
0.46023 0.57540 0.63319
0.49307 0.49658 0.68442
0.49925 0.53899 0.64255
0.50944 0.51468 0.63233
0.46945 0.56282 0.76543
0.55179 0.44565 0.74549
0.53642 0.60966 0.64009
0.50226 0.62480 0.64385
0.55702 0.53220 0.70714
0.50466 0.52493 0.67794
0.52270 0.48746 0.62225
0.53684 0.47721 0.62055
0.57615 0.56606 0.59621
0.51775 0.53780 0.64827
0.56933 0.57569 0.62872
0.39571 0.60940 0.65076
0.54073 0.52055 0.68252
0.64863 0.53414 0.61594
0.56983 0.49445 0.60407
0.51660 0.54522 0.63926
0.55996 0.51293 0.57793
0.46292 0.58419 0.56185
0.57093 0.59578 0.67735
0.45956 0.48669 0.67154
0.47864 0.59344 0.71975
0.55676 0.45370 0.72526
0.58254 0.55413 0.60418
0.59086 0.52408 0.72666
0.49217 0.53591 0.68012
0.50732 0.53193 0.72163
0.59783 0.53104 0.50941
0.57665 0.46940 0.61406
0.46292 0.55716 0.65303
0.52182 0.56137 0.69069
0.51114 0.45325 0.67006
0.55855 0.58945 0.67490
0.60703 0.52500 0.60189
0.49451 0.48921 0.66098
0.44523 0.64435 0.65065
0.56088 0.62614 0.66290
0.60676 0.60245 0.63894
0.60485 0.51045 0.58630
0.53592 0.53537 0.66732
0.49524 0.46640 0.64410
0.48450 0.51325 0.61296
0.61081 0.50265 0.59184
0.55729 0.56472 0.68958
0.47873 0.60035 0.62632
0.40492 0.54058 0.65372
0.59714 0.55017 0.62964
0.56007 0.62924 0.62719
0.59092 0.63955 0.63144
0.49208 0.52510 0.59638
0.51115 0.55705 0.71459
0.48269 0.46856 0.68673
0.38438 0.47174 0.63939
0.51563 0.57064 0.67822
0.56347 0.53511 0.57605
0.65768 0.62954 0.64094
0.53126 0.49749 0.62525
0.59216 0.60418 0.67672
0.54812 0.53777 0.64775
0.64447 0.50013 0.59947
0.57465 0.65020 0.68913
0.48309 0.55098 0.60260
0.54286 0.50771 0.55274
0.46063 0.47979 0.60850
0.65247 0.52555 0.52377
0.58140 0.62956 0.59778
0.50233 0.62094 0.59205
0.63844 0.64191 0.63030
0.51214 0.49827 0.63973
0.66012 0.54660 0.64701
0.50457 0.66084 0.65217
0.47188 0.51818 0.54248
0.50358 0.50979 0.65898
0.37777 0.51061 0.69145
0.49464 0.57449 0.56850
0.53719 0.47867 0.53939
0.42260 0.53699 0.66870
0.45844 0.58345 0.57123
0.65437 0.51028 0.59971
0.58051 0.46583 0.64714
0.44324 0.52101 0.61520
0.51808 0.48660 0.68018
0.55425 0.51737 0.63054
0.57480 0.50314 0.55638
0.54825 0.56545 0.60904
0.50249 0.53473 0.51536
0.55226 0.59332 0.67160
0.62172 0.61103 0.66136
0.50290 0.54974 0.63212
0.57709 0.59617 0.58788
0.62212 0.51596 0.56314
0.53902 0.67052 0.71551
0.60259 0.57350 0.69328
0.44424 0.44879 0.77809
0.46589 0.45141 0.63915
0.54649 0.58139 0.52995
0.49764 0.76447 0.70472
0.39346 0.57699 0.61365
0.62197 0.63446 0.63353
0.52432 0.52841 0.74846
0.52619 0.59590 0.69154
0.54208 0.61925 0.62065
0.55801 0.58137 0.62417
0.52243 0.48279 0.51649
0.50922 0.55516 0.69650
0.53342 0.59256 0.66273
0.52957 0.59644 0.57796
0.49565 0.53193 0.69865
0.47120 0.62137 0.61424
0.45645 0.58698 0.67807
0.47036 0.70240 0.66728
0.66390 0.64210 0.68305
0.58366 0.63295 0.59531
0.66260 0.55865 0.64957
0.58074 0.61546 0.56908
0.54762 0.55246 0.65243
0.47633 0.51779 0.58794
0.53695 0.49237 0.60548
0.61020 0.61820 0.65454
0.53649 0.41937 0.58513
0.57628 0.44214 0.69062
0.60815 0.55079 0.61192
0.53989 0.51411 0.67047
0.45729 0.45089 0.65967
0.53048 0.47150 0.52627
0.48943 0.51752 0.64297
0.57429 0.57897 0.71314
0.51267 0.43549 0.50547
0.54298 0.51116 0.66052
0.46347 0.63102 0.72353
0.63657 0.55394 0.53322
0.60273 0.56599 0.57470
0.42760 0.57242 0.72690
0.43664 0.48516 0.56999
0.47682 0.52377 0.68600
0.52295 0.57255 0.74113
0.61637 0.52684 0.68718
0.50732 0.44842 0.48728
0.59289 0.60012 0.72942
0.60690 0.52984 0.62906
0.43843 0.59536 0.60997
0.49349 0.56263 0.55950
0.51897 0.53548 0.55124
0.49437 0.45336 0.57321
0.52649 0.56255 0.62615
0.52253 0.45840 0.64688
0.48216 0.49923 0.68840
0.46872 0.54743 0.69725
0.54254 0.56656 0.69495
0.58916 0.57192 0.67392
0.56347 0.52020 0.58078
0.40226 0.43032 0.67983
0.56726 0.58329 0.66657
0.44752 0.44768 0.49195
0.52193 0.53264 0.68735
0.45626 0.59391 0.73127
0.60247 0.56541 0.59978
0.59018 0.55583 0.69175
0.57456 0.56669 0.67265
0.45978 0.52819 0.67398
0.63807 0.51907 0.61621
0.41107 0.52599 0.78156
0.54910 0.56355 0.54826
0.60305 0.57273 0.60488
0.61846 0.55406 0.63636
0.54055 0.49206 0.57991
0.62153 0.59583 0.64500
0.59289 0.68883 0.61462
0.44664 0.51303 0.67105
0.48098 0.52514 0.60003
0.50795 0.57438 0.63364
0.46093 0.62052 0.66395
0.54910 0.56140 0.66878
0.62634 0.61482 0.65014
0.48286 0.65736 0.61882
0.56853 0.58054 0.63263
0.53608 0.54440 0.57383
0.54276 0.55132 0.60107
0.57552 0.50102 0.65031
0.67447 0.54212 0.59081
0.50190 0.57155 0.49979
0.46850 0.48862 0.61646
0.53077 0.64635 0.65805
0.63227 0.56057 0.63902
0.65603 0.53253 0.59141
0.56559 0.41941 0.62149
0.63112 0.62114 0.62310
0.68548 0.57701 0.68418
0.55739 0.52363 0.64066
0.51201 0.53185 0.73836
0.48221 0.64213 0.68531
0.50292 0.58678 0.65639
0.70127 0.53149 0.69905
0.52390 0.59583 0.72555
0.57414 0.59751 0.62772
0.57498 0.52411 0.61417
0.50798 0.65540 0.63752
0.56419 0.50755 0.67010
0.51706 0.58838 0.69064
0.53643 0.57205 0.64177
0.62612 0.56604 0.54037
0.60078 0.55488 0.68912
0.55125 0.58685 0.50708
0.49308 0.54479 0.69360
0.51817 0.56967 0.62483
0.47024 0.54802 0.68496
0.58523 0.57739 0.64377
0.65314 0.67974 0.66442
0.41370 0.48849 0.67806
0.63832 0.54891 0.67769
0.45212 0.58285 0.67043
0.33788 0.63375 0.66147
0.53209 0.47053 0.60027
0.54197 0.53587 0.62682
0.50871 0.47855 0.62948
0.60293 0.60385 0.59099
0.45443 0.52317 0.65553
0.49366 0.56111 0.61916
0.55353 0.60636 0.60518
0.66474 0.53271 0.61324
0.56770 0.53651 0.54462
0.55037 0.55568 0.61062
0.59298 0.46893 0.54782
0.41034 0.40228 0.70727
0.48824 0.55133 0.66580
0.53710 0.55601 0.58152
0.52913 0.59075 0.69449
0.51436 0.56270 0.65024
0.45138 0.51313 0.64307
0.58896 0.51047 0.61843
0.65015 0.52944 0.58683
0.51538 0.56549 0.64448
0.57279 0.57722 0.62940
0.62404 0.55803 0.70602
0.52732 0.58944 0.54556
0.51461 0.53351 0.64541
0.55644 0.65096 0.61818
0.63573 0.60809 0.54306
0.59291 0.58750 0.54573
0.48845 0.53603 0.58982
0.60544 0.55863 0.62827
0.55988 0.57168 0.71436
0.48476 0.54816 0.74221
0.52382 0.57578 0.66809
0.56948 0.45569 0.57848
0.56991 0.54321 0.65327
0.48623 0.46175 0.64415
0.53643 0.53620 0.60452
0.50337 0.59807 0.63429
0.56745 0.57866 0.57518
0.44894 0.63103 0.66445
0.47561 0.53194 0.58766
0.52384 0.69395 0.64668
0.56312 0.55554 0.58160
0.60180 0.56379 0.64688
0.51739 0.43089 0.63308
0.42862 0.55634 0.64947
0.56246 0.64979 0.67377
0.37801 0.55205 0.67226
0.47259 0.55099 0.68824
0.57381 0.50719 0.55790
0.47780 0.52182 0.57397
0.51196 0.60809 0.66348
0.46280 0.59254 0.63023
0.49025 0.59688 0.59217
0.47516 0.53404 0.62462
0.53862 0.56325 0.71033
0.52794 0.59302 0.64654
0.46460 0.51836 0.64608
0.67382 0.47307 0.67249
0.56498 0.55360 0.65600
0.52099 0.58834 0.68625
0.56672 0.53737 0.61644
0.45364 0.50739 0.61348
0.49920 0.58504 0.51640
0.56201 0.62250 0.65582
0.48888 0.59424 0.61250
0.51945 0.62271 0.55560
0.58788 0.47631 0.63510
0.43905 0.54144 0.67722
0.52595 0.55095 0.71842
0.53708 0.63010 0.66444
0.55772 0.60676 0.63477
0.58807 0.61484 0.62564
0.56944 0.55882 0.59040
0.57446 0.57660 0.67899
0.57684 0.64156 0.55044
0.58635 0.58553 0.62986
0.48624 0.59113 0.69768
0.55146 0.52747 0.61629
0.63281 0.57432 0.61216
0.54403 0.58947 0.69267
0.58653 0.56592 0.63608
0.67209 0.59070 0.72969
0.53135 0.56177 0.53499
0.47912 0.46295 0.56547
0.60075 0.60260 0.62125
0.68139 0.59495 0.61358
0.52132 0.63488 0.62297
0.52482 0.60774 0.66519
0.55212 0.61481 0.62739
0.64694 0.55236 0.60920
0.49348 0.55465 0.58908
0.59871 0.58042 0.56901
0.56927 0.61170 0.66959
0.45600 0.53267 0.54174
0.49764 0.59408 0.68837
0.42864 0.47222 0.59062
0.41919 0.59187 0.67366
0.54885 0.59719 0.61493
0.49281 0.52374 0.67101
0.46444 0.54908 0.67272
0.52023 0.66334 0.66773
0.41747 0.50422 0.65070
0.49016 0.55045 0.66879
0.53649 0.47545 0.61865
0.52203 0.49973 0.60456
0.48375 0.66458 0.70111
0.63395 0.51212 0.57847
0.53981 0.57738 0.59140
0.42449 0.56079 0.69690
0.56357 0.62221 0.55379
0.58280 0.50955 0.70578
0.48713 0.35791 0.74912
0.49215 0.53218 0.68444
0.49261 0.51444 0.63988
0.50855 0.66970 0.60097
0.59748 0.54921 0.69890
0.53140 0.48436 0.58519
0.55020 0.57725 0.58501
0.53955 0.64452 0.68733
0.39538 0.54771 0.68947
0.44579 0.56629 0.55596
0.57708 0.64802 0.65638
0.43917 0.64246 0.64712
0.50447 0.51476 0.66719
0.60504 0.56090 0.59551
0.60080 0.55490 0.61616
0.49089 0.59623 0.71413
0.43070 0.48865 0.69352
0.57175 0.59396 0.59985
0.63369 0.61812 0.61001
0.49459 0.51099 0.57708
0.51959 0.55164 0.68208
0.61333 0.52602 0.66609
0.52396 0.49282 0.72082
0.54167 0.54629 0.59016
0.57069 0.55976 0.65691
0.46369 0.56504 0.70138
0.51748 0.55060 0.59545
0.58917 0.54813 0.57804
0.60250 0.52459 0.59888
0.50513 0.47143 0.60072
0.57815 0.56663 0.61481
0.44239 0.56431 0.64888
0.65364 0.56299 0.76305
0.54958 0.65827 0.66071
0.49564 0.55436 0.63971
0.48167 0.59652 0.63033
0.59975 0.57153 0.71156
0.43494 0.58379 0.63109
0.58039 0.57660 0.65379
0.51207 0.45467 0.53568
0.44068 0.51790 0.64239
0.54289 0.60132 0.63683
0.49572 0.57364 0.57708
0.48859 0.59266 0.66072
0.48048 0.54901 0.68417
0.57369 0.57503 0.68487
0.48964 0.48914 0.59016
0.52767 0.51793 0.70535
0.61869 0.57213 0.62424
0.66854 0.58379 0.54886
0.51838 0.57771 0.60236
0.58360 0.60739 0.62461
0.55945 0.52520 0.61620
0.52174 0.44009 0.69018
0.46291 0.54002 0.66424
0.60257 0.58118 0.64617
0.40656 0.47259 0.69902
0.45318 0.62143 0.76818
0.51709 0.54672 0.47443
0.54377 0.54942 0.63088
0.53797 0.54366 0.59785
0.51330 0.50645 0.50565
0.62631 0.51212 0.54821
0.54965 0.47681 0.60719
0.57369 0.50896 0.70880
0.48965 0.58329 0.68627
0.57392 0.63640 0.63211
0.56090 0.49594 0.54925
0.45419 0.59813 0.64219
0.55964 0.62947 0.65444
0.69414 0.52063 0.58158
0.54881 0.57776 0.70295
0.65749 0.56382 0.66671
0.47794 0.59874 0.63751
0.36110 0.38955 0.72423
0.47366 0.62510 0.61363
0.54578 0.45371 0.46024
0.53839 0.58463 0.56295
0.50098 0.68505 0.72665
0.48358 0.57940 0.69140
0.53562 0.57187 0.61790
0.59644 0.59167 0.62953
0.49412 0.60722 0.66083
0.53567 0.60966 0.57086
0.51364 0.54912 0.70316
0.44957 0.56614 0.68661
0.62037 0.51093 0.56928
0.56195 0.59702 0.64425
0.35662 0.50375 0.60739
0.49088 0.63125 0.63146
0.47643 0.55560 0.64061
0.54718 0.56452 0.74317
0.59186 0.55333 0.52057
0.54110 0.47197 0.65423
0.42729 0.40561 0.66978
0.55723 0.50971 0.61758
0.43769 0.53881 0.58820
0.60996 0.60781 0.59580
0.51814 0.45310 0.59276
0.39634 0.54931 0.69174
0.51046 0.55599 0.61390
0.59327 0.61233 0.63708
0.61946 0.56180 0.64832
0.42958 0.47258 0.55678
0.51088 0.52226 0.68080
0.48819 0.60068 0.63753
0.43694 0.58134 0.69122
0.59968 0.45309 0.66931
0.71290 0.60876 0.59362
0.49107 0.49560 0.62822
0.53560 0.62786 0.68281
0.56833 0.54575 0.65887
0.46392 0.56132 0.63156
0.38119 0.60992 0.68003
0.44441 0.57049 0.65237
0.52501 0.61736 0.62095
0.46541 0.61560 0.63071
0.66042 0.64826 0.68293
0.51693 0.51856 0.71940
0.48942 0.54884 0.58404
0.46155 0.59268 0.54467
0.59836 0.54539 0.60791
0.55735 0.50645 0.55343
0.57436 0.56112 0.50897
0.57697 0.51338 0.59904
0.58045 0.52351 0.58155
0.50128 0.54993 0.73257
0.58179 0.59024 0.56476
0.53991 0.58518 0.60112
0.60277 0.51206 0.63002
0.56501 0.56932 0.56905
0.49839 0.63226 0.69277
0.58968 0.57773 0.58220
0.60994 0.61367 0.65219
0.55450 0.53049 0.59065
0.61402 0.59169 0.68468
0.54533 0.50603 0.71396
0.50787 0.50447 0.57183
0.50194 0.63346 0.65547
0.51995 0.57071 0.63681
0.54419 0.42817 0.69151
0.53937 0.57293 0.60587
0.53047 0.59602 0.67704
0.58374 0.59809 0.66525
0.55145 0.45702 0.65593
0.69755 0.56960 0.69564
0.56860 0.61677 0.65858
0.57178 0.54205 0.67520
0.53684 0.52753 0.64200
0.49583 0.52459 0.72124
0.48827 0.53658 0.66014
0.50164 0.48922 0.70216
0.62243 0.56381 0.60369
0.49684 0.55872 0.64479
0.55379 0.52606 0.58997
0.59230 0.58062 0.53836
0.57915 0.59647 0.69806
0.55879 0.54361 0.59639
0.59256 0.49094 0.70817
0.51641 0.54327 0.57568
0.58120 0.55031 0.58668
0.49662 0.53452 0.62419
0.43291 0.67917 0.71756
0.57360 0.52121 0.63578
0.59216 0.57338 0.58083
0.52184 0.58579 0.54517
0.42362 0.48656 0.68510
0.62553 0.52494 0.62066
0.53688 0.52813 0.57444
0.48089 0.54330 0.57629
0.53604 0.58861 0.66041
0.63616 0.53309 0.57479
0.52860 0.61954 0.66255
0.65166 0.54247 0.56853
0.54375 0.54991 0.63374
0.46914 0.57963 0.63741
0.55675 0.61421 0.70337
0.51972 0.61641 0.61758
0.49397 0.49084 0.70399
0.52047 0.60025 0.70507
0.47342 0.48260 0.67938
0.55386 0.60591 0.58412
0.48754 0.52801 0.65371
0.57051 0.48968 0.63726
0.59237 0.47814 0.62771
0.61546 0.66443 0.59599
0.57408 0.38865 0.47463
0.52895 0.58947 0.64220
0.48105 0.56237 0.66223
0.55214 0.60557 0.65005
0.58868 0.56713 0.60640
0.50023 0.60060 0.60107
0.50906 0.48743 0.59331
0.49812 0.49355 0.57833
0.47332 0.65462 0.67135
0.62265 0.56974 0.62247
0.55188 0.60819 0.63139
0.49233 0.54927 0.60339
0.58190 0.55389 0.56745
0.44027 0.56339 0.57875
0.56986 0.53392 0.58168
0.54907 0.54968 0.59925
0.55696 0.53170 0.62430
0.58758 0.61253 0.62879
0.50385 0.58691 0.68217
0.47162 0.58185 0.66284
0.61335 0.55975 0.67503
0.43872 0.56255 0.60907
0.45994 0.57982 0.70811
0.58829 0.54602 0.62550
0.44589 0.55051 0.60102
0.65887 0.50554 0.61893
0.61114 0.55811 0.61646
0.54917 0.51321 0.69343
0.56583 0.50864 0.56875
0.59583 0.50286 0.67245
0.58057 0.48596 0.60053
0.62593 0.56865 0.51378
0.50649 0.46592 0.60846
0.50384 0.60135 0.73678
0.45767 0.52623 0.51506
0.57109 0.54930 0.57131
0.55148 0.57504 0.77367
0.60371 0.62119 0.59377
0.45715 0.62942 0.58924
0.49569 0.50394 0.62270
0.53364 0.55059 0.68010
0.65251 0.58652 0.63171
0.52457 0.51679 0.64443
0.50591 0.56321 0.65538
0.41187 0.65580 0.63034
0.57548 0.51311 0.44240
0.49756 0.64591 0.62683
0.52345 0.52047 0.53933
0.39969 0.46014 0.65079
0.58837 0.49175 0.53787
0.63104 0.56607 0.55525
0.64765 0.47560 0.54988
0.44963 0.60863 0.62839
0.46944 0.45463 0.61919
0.53840 0.47213 0.57055
0.41436 0.64259 0.63879
0.60119 0.58887 0.59944
0.48826 0.43993 0.61904
0.58478 0.52045 0.69353
0.54316 0.55603 0.57985
0.59299 0.48605 0.58255
0.50972 0.53428 0.57396
0.48852 0.46639 0.65901
0.54363 0.51837 0.66801
0.43015 0.49222 0.72736
0.47318 0.60733 0.56699
0.62278 0.55744 0.67489
0.51948 0.60470 0.62698
0.52827 0.49528 0.61317
0.45604 0.54561 0.63576
0.48541 0.55725 0.59969
0.50176 0.56954 0.71007
0.37169 0.65323 0.70210
0.49329 0.58806 0.61427
0.62695 0.60310 0.62190
0.47089 0.63296 0.59262
0.60001 0.54255 0.66396
0.52138 0.67573 0.72209
0.44281 0.57788 0.69376
0.60428 0.57105 0.69830
0.49721 0.49889 0.59735
0.50235 0.56440 0.61768
0.50676 0.55174 0.54282
0.59507 0.58423 0.59943
0.41181 0.53009 0.64547
0.50097 0.54686 0.56980
0.42630 0.61468 0.63116
0.53806 0.48058 0.60987
0.54751 0.51182 0.53488
0.45700 0.57923 0.65596
0.42085 0.62837 0.64652
0.60451 0.54407 0.55338
0.55831 0.53848 0.58626
0.59112 0.55484 0.62795
0.45917 0.54515 0.66548
0.61642 0.45709 0.59026
0.65894 0.55916 0.60000
0.56432 0.48437 0.66160
0.51532 0.60939 0.64249
0.58518 0.48115 0.60929
0.52024 0.55708 0.65326
0.60924 0.49297 0.56101
0.48651 0.55257 0.60701
0.60335 0.53940 0.54685
0.38252 0.57344 0.64985
0.59141 0.58820 0.54506
0.47508 0.69454 0.74165
0.66444 0.60085 0.70406
0.54895 0.53660 0.73261
0.51019 0.43434 0.64191
0.53940 0.53355 0.67618
0.53075 0.64057 0.61886
0.43694 0.59069 0.73100
0.53028 0.61600 0.59477
0.49864 0.57486 0.67319
0.41504 0.48200 0.64130
0.48830 0.55629 0.73648
0.61100 0.54782 0.65540
0.52296 0.48866 0.72779
0.53489 0.50927 0.68776
0.64064 0.59135 0.64722
0.54876 0.49890 0.67411
0.57493 0.59066 0.59850
0.44057 0.56816 0.69351
0.43796 0.49967 0.62684
0.50200 0.59507 0.62043
0.46016 0.47227 0.55494
0.41901 0.55877 0.70176
0.57349 0.59433 0.67651
0.40915 0.62723 0.67625
0.57972 0.57527 0.67758
0.56750 0.51546 0.60213
0.52825 0.61468 0.69796
0.60023 0.47719 0.57118
0.55984 0.56799 0.61151
0.63974 0.61402 0.56605
0.51411 0.46215 0.68656
0.56574 0.68600 0.77225
0.55313 0.53995 0.62505
0.57408 0.57529 0.57436
0.54221 0.53942 0.62085
0.51630 0.51343 0.60733
0.56496 0.56462 0.58699
0.65078 0.51385 0.54940
0.40764 0.45868 0.59438
0.43975 0.57656 0.57711
0.47954 0.51284 0.56262
0.47869 0.55157 0.64512
0.64373 0.55691 0.59760
0.45304 0.54954 0.56810
0.54583 0.54024 0.62756
0.46180 0.44706 0.71507
0.56762 0.55680 0.70222
0.57803 0.52673 0.61205
0.57280 0.53638 0.66984
0.58535 0.53993 0.66289
0.55646 0.50316 0.60283
0.37882 0.49574 0.72637
0.47919 0.44619 0.55506
0.60748 0.47695 0.63561
0.44822 0.47088 0.59316
0.55494 0.51623 0.60620
0.50543 0.65560 0.65593
0.40865 0.65703 0.59149
0.62624 0.63030 0.57411
0.47025 0.51369 0.60892
0.46523 0.57295 0.60829
0.47565 0.59358 0.64497
0.62768 0.46537 0.52592
0.53419 0.67532 0.61642
0.47275 0.64394 0.69120
0.55940 0.47818 0.59497
0.63060 0.48244 0.66910
0.43825 0.49143 0.63442
0.58502 0.57282 0.59244
0.47750 0.50278 0.60625
0.54096 0.65258 0.64441
0.39691 0.56368 0.70904
0.66784 0.51133 0.62655
0.49306 0.52947 0.67431
0.65518 0.55510 0.62748
0.60963 0.53194 0.63829
0.62792 0.59746 0.60410
0.57607 0.61213 0.60845
0.57989 0.53447 0.68325
0.56951 0.64689 0.67967
0.52509 0.49544 0.49900
0.57116 0.53763 0.66038
0.65148 0.62495 0.60248
0.45651 0.46238 0.62938
0.61454 0.57606 0.58429
0.45720 0.60832 0.67326
0.62483 0.48800 0.61289
0.42706 0.58480 0.67452
0.50606 0.55103 0.67153
0.63965 0.56918 0.68646
0.55493 0.61889 0.67066
0.56596 0.67090 0.62634
0.63993 0.53303 0.48709
0.58233 0.61029 0.60796
0.42954 0.54916 0.63205
0.51004 0.61049 0.64075
0.61035 0.52721 0.58694
0.55905 0.61004 0.63670
0.57590 0.55128 0.59937
0.52987 0.46872 0.62087
0.41883 0.64984 0.66756
0.58621 0.49355 0.61080
0.53017 0.52986 0.65701
0.48684 0.54767 0.66637
0.58588 0.54835 0.64588
0.50889 0.49848 0.64724
0.60090 0.57586 0.63938
0.46077 0.50774 0.66161
0.50022 0.57421 0.70267
0.59710 0.56906 0.57817
0.45610 0.63159 0.69900
0.50101 0.49624 0.54989
0.52940 0.46394 0.64913
0.45119 0.57440 0.70431
0.51503 0.51654 0.64041
0.46188 0.41545 0.72206
0.50237 0.57586 0.62087
0.49902 0.45164 0.59693
0.58939 0.58542 0.63567
0.45424 0.59230 0.72698
0.53543 0.54002 0.69605
0.47660 0.58229 0.70132
0.60214 0.56268 0.63658
0.47584 0.50539 0.67774
0.54144 0.55417 0.60805
0.41034 0.47410 0.68533
0.56169 0.52517 0.52241
0.44789 0.53633 0.59745
0.46223 0.48951 0.65818
0.49916 0.56525 0.67529
0.46160 0.59864 0.67273
0.54320 0.58990 0.64488
0.47723 0.53302 0.61462
0.47480 0.58798 0.68229
