20 4 1000 50741 1823
0.72407 0.14497 0.80824
0.94813 0.00078 0.22067
0.40679 0.00404 0.16435
0.35683 0.53887 0.19562
0.76369 0.13287 0.37002
0.54950 0.19142 0.24693
0.70772 0.14516 0.40921
0.54032 0.31509 0.29656
0.68972 0.20232 0.32397
0.64936 0.10433 0.32541
0.64888 0.17888 0.64414
0.63313 0.25163 0.45699
0.54041 0.02550 0.20762
0.58913 0.29360 0.47739
0.46122 0.07021 0.19524
0.67521 0.12353 0.21554
0.62839 0.16733 0.35784
0.46790 0.19342 0.19363
0.62692 0.27335 0.22091
0.58753 0.21715 0.51100
0.58266 0.15423 0.29869
0.60372 0.11098 0.21353
0.54798 0.29679 0.38504
0.51569 0.32860 0.24244
0.92459 0.02018 0.23954
0.70108 0.20008 0.28451
0.50403 0.09638 0.28606
0.68712 0.10840 0.41745
0.61060 0.20388 0.37137
0.59759 0.09794 0.30895
0.70160 0.18659 0.54275
0.50012 0.39542 0.29120
0.72025 0.10249 0.22091
0.82477 0.08675 0.34731
0.51379 0.27129 0.38311
0.47812 0.03440 0.23338
0.53674 0.14131 0.38528
0.72723 0.12047 0.51554
0.54745 0.15537 0.22829
0.66348 0.22438 0.49855
0.64374 0.16318 0.27492
0.73706 0.09357 0.28273
0.47530 0.27499 0.33256
0.44189 0.34603 0.25842
0.41255 0.30408 0.18853
0.44498 0.26533 0.28573
0.79090 0.05538 0.36037
0.43204 0.44328 0.27380
0.54521 0.29187 0.35775
0.45760 0.25485 0.30505
0.54854 0.07563 0.43571
0.67546 0.11169 0.55691
0.61417 0.23212 0.44999
0.71467 0.07461 0.22841
0.71958 0.14975 0.69904
0.46474 0.13108 0.18843
0.83580 0.04371 0.26755
0.55871 0.07064 0.22498
0.54942 0.07360 0.34301
0.84893 0.05546 0.24449
0.82104 0.06248 0.25550
0.54283 0.16230 0.44124
0.51667 0.28779 0.20616
0.69789 0.18516 0.29630
0.53702 0.34151 0.36920
0.64851 0.25089 0.37247
0.65653 0.20748 0.44137
0.47770 0.28409 0.22917
0.45803 0.24039 0.20285
0.71988 0.10682 0.61600
0.57848 0.23478 0.45327
0.50445 0.37388 0.29257
0.70048 0.11323 0.39686
0.75505 0.11735 0.67564
0.63126 0.21077 0.26541
0.56347 0.26482 0.51679
0.64648 0.12995 0.29859
0.50957 0.15398 0.39328
0.63397 0.24746 0.57565
0.54670 0.14097 0.35662
0.54014 0.24894 0.37603
0.39712 0.37805 0.21113
0.73655 0.10679 0.62516
0.77681 0.11613 0.36076
0.59192 0.12203 0.52987
0.51968 0.17508 0.23397
0.55766 0.30080 0.39065
0.51605 0.21368 0.33684
0.59137 0.27397 0.33945
0.54350 0.13038 0.25331
0.76950 0.10779 0.48503
0.46778 0.01914 0.21683
0.57530 0.25449 0.41933
0.68483 0.11087 0.59866
0.54925 0.29166 0.41814
0.58420 0.08316 0.26093
0.75986 0.12045 0.42638
0.71838 0.02368 0.27459
0.61987 0.23046 0.30684
0.54455 0.15197 0.26650
0.57744 0.27639 0.45107
0.64565 0.08944 0.26672
0.54523 0.20519 0.25780
0.77784 0.05748 0.31828
0.50757 0.38084 0.31129
0.50163 0.33660 0.37753
0.54686 0.04579 0.23459
0.59448 0.28579 0.47020
0.48183 0.31475 0.29564
0.43684 0.40783 0.20291
0.46430 0.31449 0.21007
0.89219 0.02960 0.31877
0.60361 0.17249 0.51630
0.58089 0.27706 0.47801
0.78869 0.11586 0.21194
0.55433 0.10001 0.29940
0.53276 0.30204 0.27456
0.71178 0.13928 0.54341
0.69014 0.16692 0.41080
0.48095 0.21287 0.31076
0.56967 0.26126 0.48401
0.43232 0.27390 0.22233
0.56419 0.17546 0.47458
0.61987 0.23863 0.39315
0.55440 0.17052 0.29957
0.46076 0.20709 0.19644
0.63349 0.22878 0.39106
0.75393 0.05681 0.30418
0.79280 0.04379 0.33916
0.46920 0.25531 0.29137
0.70495 0.14767 0.39937
0.67974 0.14238 0.72116
0.41667 0.23854 0.20464
0.61560 0.10115 0.35614
0.56420 0.22893 0.45144
0.56708 0.31534 0.40289
0.68642 0.12715 0.34876
0.57437 0.12866 0.43099
0.63380 0.20056 0.62984
0.70882 0.08904 0.36370
0.56042 0.18396 0.39034
0.60573 0.11343 0.40154
0.60764 0.07616 0.27170
0.60041 0.02665 0.20766
0.65090 0.17516 0.54638
0.67394 0.18514 0.24939
0.66976 0.23181 0.35887
0.68930 0.16837 0.67758
0.55167 0.22999 0.47903
0.72831 0.16428 0.38368
0.66987 0.15770 0.49388
0.60615 0.21835 0.41205
0.73263 0.17261 0.29542
0.66803 0.18316 0.30992
0.64038 0.10799 0.53077
0.69548 0.05994 0.21983
0.58159 0.21455 0.44704
0.68396 0.11918 0.32505
0.78508 0.09061 0.24219
0.63652 0.09996 0.22610
0.63519 0.10941 0.37443
0.68977 0.19863 0.29199
0.75744 0.05900 0.38091
0.65364 0.23498 0.43535
0.64795 0.11243 0.65153
0.46402 0.02308 0.22910
0.67403 0.05323 0.24074
0.71577 0.11059 0.33938
0.71522 0.05589 0.28329
0.58546 0.13130 0.31888
0.65170 0.05639 0.28574
0.57098 0.22291 0.44611
0.64883 0.12132 0.58607
0.56578 0.18913 0.37689
0.62953 0.08636 0.33874
0.75218 0.11599 0.43331
0.49452 0.35126 0.33219
0.55269 0.17733 0.21400
0.69744 0.16462 0.63243
0.62161 0.03017 0.27186
0.62269 0.09166 0.29246
0.45571 0.02961 0.22209
0.61729 0.14514 0.24645
0.58413 0.26417 0.44252
0.76484 0.01502 0.22369
0.81178 0.06705 0.34492
0.64120 0.11713 0.42704
0.43277 0.43038 0.26261
0.54415 0.07711 0.20430
0.43201 0.42235 0.22844
0.45752 0.22286 0.27779
0.70005 0.14007 0.47120
0.70535 0.19090 0.22186
0.57530 0.26064 0.49071
0.57033 0.06832 0.38274
0.85084 0.07488 0.35338
0.59809 0.11788 0.21633
0.77704 0.07225 0.21530
0.70010 0.17779 0.26938
0.56274 0.08952 0.39365
0.61395 0.21843 0.32615
0.66618 0.11492 0.66532
0.53293 0.21923 0.25308
0.52968 0.28645 0.24956
0.63202 0.26902 0.36635
0.65396 0.03844 0.21794
0.54590 0.13232 0.22062
0.57300 0.11147 0.38847
0.52233 0.25470 0.24616
0.58750 0.26719 0.49777
0.43824 0.40721 0.22531
0.60989 0.25572 0.53924
0.70347 0.19589 0.47483
0.71858 0.15908 0.67076
0.65242 0.05742 0.21559
0.59641 0.25672 0.46151
0.76963 0.07533 0.45475
0.60237 0.16997 0.41213
0.71751 0.12154 0.28140
0.69166 0.13964 0.69293
0.63350 0.03196 0.19070
0.54046 0.20529 0.22391
0.49740 0.10819 0.27964
0.70804 0.12693 0.63080
0.54013 0.24887 0.27329
0.70854 0.14718 0.72400
0.52337 0.17444 0.20921
0.52484 0.07824 0.18586
0.85224 0.08070 0.21769
0.65829 0.15251 0.24902
0.71768 0.14136 0.52663
0.57066 0.28149 0.40269
0.47034 0.23035 0.31357
0.41520 0.29292 0.19669
0.49728 0.34132 0.38877
0.79221 0.03920 0.30886
0.56147 0.09006 0.18823
0.63702 0.15849 0.21780
0.61962 0.05476 0.39078
0.59520 0.20684 0.43354
0.61028 0.21477 0.56045
0.75694 0.01944 0.25919
0.49904 0.05351 0.22844
0.77911 0.08776 0.52600
0.63772 0.22968 0.34057
0.62268 0.06488 0.26277
0.43157 0.33715 0.25100
0.56151 0.13758 0.35563
0.70820 0.13490 0.48329
0.76963 0.11016 0.45133
0.38746 0.35945 0.20373
0.47097 0.11246 0.28246
0.60426 0.23080 0.46551
0.63037 0.22196 0.27689
0.63517 0.02810 0.23720
0.45173 0.25101 0.30325
0.76439 0.11869 0.44943
0.48526 0.40349 0.20592
0.63613 0.07184 0.38928
0.69803 0.19684 0.25938
0.71344 0.18093 0.33435
0.65486 0.08122 0.45719
0.74527 0.01690 0.23567
0.55173 0.11565 0.26042
0.74311 0.13080 0.46797
0.50367 0.30178 0.38820
0.43414 0.03921 0.17682
0.41708 0.27529 0.20376
0.55369 0.03555 0.24195
0.49350 0.39389 0.27106
0.47553 0.17895 0.18639
0.51938 0.07096 0.38911
0.61013 0.15566 0.31327
0.47060 0.20929 0.23250
0.53924 0.29950 0.21326
0.48616 0.21559 0.28804
0.74993 0.14075 0.56139
0.64679 0.09433 0.24410
0.61548 0.03980 0.32056
0.50795 0.25983 0.26265
0.62551 0.16092 0.20742
0.59659 0.05274 0.26544
0.58634 0.21749 0.40663
0.79941 0.08849 0.26149
0.69075 0.05472 0.23338
0.48219 0.37288 0.25652
0.49480 0.01868 0.19458
0.50414 0.14964 0.33433
0.62066 0.27418 0.21134
0.47948 0.08230 0.23321
0.69255 0.12313 0.28093
0.63678 0.06493 0.22725
0.53371 0.22537 0.45387
0.91392 0.01983 0.23772
0.53868 0.23004 0.22651
0.70814 0.11888 0.38907
0.61125 0.11852 0.54343
0.60888 0.27348 0.33910
0.58766 0.09688 0.19405
0.57286 0.24174 0.24354
0.74081 0.14599 0.41710
0.64720 0.24486 0.42652
0.72907 0.18341 0.27146
0.58421 0.11274 0.24744
0.77935 0.05827 0.42587
0.65744 0.08313 0.29513
0.55558 0.17037 0.29300
0.48748 0.30134 0.34314
0.78097 0.04710 0.22678
0.41907 0.36546 0.21341
0.68627 0.15308 0.58299
0.50456 0.08847 0.35744
0.48912 0.32601 0.25287
0.63788 0.26309 0.39074
0.50028 0.06340 0.17990
0.56152 0.20289 0.46679
0.70074 0.12964 0.23648
0.51490 0.20257 0.29818
0.56024 0.10466 0.33939
0.61218 0.14264 0.43384
0.61422 0.07371 0.42850
0.56111 0.21252 0.49500
0.53519 0.11037 0.22718
0.72108 0.04670 0.38215
0.62232 0.09246 0.28080
0.49172 0.24724 0.29107
0.53481 0.26958 0.29011
0.56077 0.31240 0.33778
0.57508 0.27719 0.32781
0.57451 0.28079 0.41711
0.62176 0.09402 0.49834
0.69198 0.10770 0.38047
0.61662 0.16061 0.46269
0.60909 0.14282 0.36546
0.67361 0.09668 0.28709
0.65949 0.15249 0.51718
0.52987 0.21105 0.40296
0.65951 0.05018 0.34781
0.46999 0.32525 0.33903
0.65987 0.20817 0.66399
0.58608 0.18903 0.35802
0.45566 0.32845 0.29322
0.64886 0.16018 0.65927
0.41084 0.27980 0.22908
0.69062 0.06928 0.24617
0.62128 0.22879 0.62268
0.57339 0.30927 0.46670
0.53737 0.02523 0.25729
0.85710 0.04011 0.25710
0.64731 0.25495 0.24458
0.60346 0.14657 0.38942
0.46044 0.23637 0.26832
0.74003 0.09246 0.48419
0.57554 0.03524 0.21671
0.56951 0.22402 0.22817
0.53553 0.30069 0.39241
0.67472 0.23555 0.33130
0.42219 0.22765 0.19703
0.68781 0.16853 0.57253
0.70676 0.08413 0.47847
0.75181 0.11642 0.24964
0.54338 0.36033 0.21823
0.65234 0.09464 0.51970
0.62960 0.03295 0.28656
0.56915 0.30561 0.33482
0.48441 0.30037 0.19943
0.44763 0.06270 0.19436
0.64874 0.19154 0.23092
0.68913 0.14973 0.30917
0.57188 0.29667 0.26720
0.65500 0.01195 0.20278
0.59731 0.16322 0.25946
0.51701 0.36408 0.29682
0.51208 0.17688 0.28596
0.63206 0.17230 0.57961
0.68139 0.16655 0.66568
0.62052 0.04521 0.31085
0.47803 0.40538 0.22796
0.78685 0.09641 0.36917
0.62616 0.18467 0.60950
0.50508 0.29380 0.32371
0.65657 0.25788 0.25927
0.58078 0.26926 0.46122
0.63150 0.05057 0.20709
0.62868 0.19030 0.33969
0.66751 0.16404 0.63376
0.53808 0.16704 0.20834
0.74917 0.11421 0.33524
0.58991 0.18095 0.37329
0.53663 0.09869 0.37284
0.73515 0.07033 0.29511
0.44065 0.30973 0.28880
0.71175 0.19953 0.27505
0.73077 0.09926 0.29944
0.50923 0.27361 0.31559
0.69288 0.09423 0.29452
0.70476 0.10098 0.32520
0.74017 0.12153 0.63888
0.59327 0.26053 0.48382
0.51014 0.33866 0.36374
0.40013 0.38004 0.19808
0.76942 0.10256 0.59875
0.52699 0.30860 0.31351
0.59690 0.08004 0.39603
0.76434 0.12397 0.59695
0.78313 0.04922 0.29744
0.61012 0.14503 0.52525
0.68074 0.03326 0.24001
0.57825 0.13048 0.41975
0.75680 0.11971 0.54710
0.65178 0.06895 0.46969
0.51675 0.30563 0.23417
0.79449 0.12216 0.25798
0.58688 0.27248 0.38798
0.51819 0.37611 0.28529
0.48350 0.03253 0.18025
0.67421 0.17073 0.47139
0.60661 0.18629 0.46944
0.61296 0.25404 0.33245
0.55248 0.29837 0.23072
0.52390 0.22153 0.37293
0.58479 0.17836 0.48588
0.63956 0.13311 0.35663
0.59555 0.28844 0.36004
0.60209 0.19355 0.37225
0.62870 0.20047 0.61136
0.43811 0.39079 0.24295
0.51513 0.25718 0.33958
0.42512 0.41737 0.27075
0.57571 0.32141 0.33130
0.71626 0.11384 0.62435
0.55476 0.01039 0.19051
0.79073 0.10368 0.37214
0.74605 0.07679 0.43274
0.41009 0.32644 0.21530
0.62630 0.12435 0.41298
0.53512 0.15697 0.41638
0.89750 0.02309 0.30684
0.65395 0.12541 0.46662
0.65162 0.17510 0.41920
0.58233 0.19077 0.25519
0.47578 0.19293 0.19757
0.64457 0.21452 0.41126
0.67412 0.17535 0.31289
0.70582 0.13017 0.40744
0.56907 0.33017 0.23277
0.59483 0.20930 0.24323
0.81343 0.09118 0.45275
0.62747 0.21231 0.60829
0.56828 0.03274 0.28824
0.68247 0.16858 0.45777
0.56792 0.08323 0.31771
0.43710 0.11247 0.19388
0.49124 0.07723 0.22192
0.80058 0.11460 0.30110
0.61061 0.03307 0.19841
0.63991 0.11424 0.22945
0.70689 0.13988 0.49765
0.62563 0.24769 0.58695
0.74010 0.15784 0.21790
0.70612 0.12844 0.43011
0.64493 0.23651 0.27375
0.49095 0.05983 0.33404
0.56520 0.28367 0.30996
0.58385 0.07861 0.35576
0.79399 0.06009 0.28136
0.46344 0.04883 0.21445
0.57484 0.07691 0.37368
0.72927 0.05283 0.26863
0.52658 0.22659 0.27129
0.57876 0.11948 0.33445
0.84227 0.05731 0.25238
0.46586 0.13114 0.30458
0.78558 0.05417 0.40947
0.55320 0.10730 0.21643
0.65880 0.05015 0.39107
0.53599 0.14336 0.40743
0.78897 0.07870 0.29374
0.53129 0.18370 0.23929
0.51074 0.35282 0.27730
0.71303 0.08933 0.34200
0.60658 0.29928 0.29369
0.44968 0.25695 0.25931
0.76085 0.12881 0.62661
0.57782 0.28875 0.25428
0.76719 0.13774 0.32052
0.56428 0.20564 0.40141
0.46307 0.37190 0.35850
0.51798 0.05582 0.26530
0.75802 0.14360 0.30372
0.64778 0.24406 0.43727
0.62754 0.10611 0.21991
0.49799 0.15649 0.34836
0.61893 0.12106 0.48401
0.46660 0.15988 0.26326
0.64526 0.17086 0.61393
0.50934 0.08450 0.18600
0.47541 0.38087 0.27181
0.74597 0.09664 0.35196
0.68726 0.10159 0.31688
0.57335 0.11448 0.50163
0.48708 0.12042 0.23786
0.62949 0.15694 0.47321
0.59701 0.15073 0.35179
0.52114 0.18141 0.24354
0.57711 0.25209 0.20063
0.55519 0.23127 0.33938
0.66229 0.13693 0.29661
0.65076 0.22317 0.43580
0.57241 0.22586 0.48842
0.73855 0.14239 0.57609
0.44027 0.37904 0.23059
0.60668 0.25691 0.59938
0.79485 0.10634 0.37785
0.65456 0.13555 0.34101
0.65598 0.15616 0.43757
0.70306 0.11942 0.68480
0.79295 0.05780 0.28830
0.56048 0.30353 0.40421
0.63893 0.18960 0.26029
0.66890 0.20305 0.27951
0.55121 0.29045 0.32870
0.66929 0.08772 0.53512
0.56876 0.08829 0.34493
0.52837 0.23712 0.35469
0.45991 0.08475 0.25077
0.43264 0.22108 0.25266
0.45320 0.33444 0.21550
0.56280 0.30311 0.43497
0.47693 0.35940 0.37686
0.63091 0.10263 0.49191
0.58003 0.04734 0.34480
0.76300 0.01113 0.22206
0.54066 0.24011 0.46303
0.75793 0.03997 0.35592
0.70525 0.13378 0.23337
0.71150 0.11963 0.60370
0.46129 0.41465 0.21890
0.51309 0.22439 0.19344
0.75955 0.04169 0.36363
0.65501 0.15543 0.31308
0.62191 0.10055 0.30942
0.56812 0.19522 0.38675
0.70753 0.19000 0.27666
0.73433 0.14712 0.26560
0.68957 0.10559 0.22979
0.44099 0.14145 0.19139
0.76097 0.12324 0.39252
0.53414 0.15995 0.42332
0.75368 0.13003 0.50827
0.70193 0.10842 0.62502
0.51985 0.13259 0.21268
0.67987 0.18537 0.65287
0.58308 0.08540 0.33351
0.49420 0.28555 0.22907
0.51145 0.35665 0.32484
0.61085 0.25037 0.60535
0.69364 0.16894 0.42613
0.82980 0.06909 0.47932
0.57353 0.32468 0.22988
0.56945 0.11374 0.31624
0.74466 0.10618 0.29527
0.64504 0.12056 0.56784
0.78872 0.11084 0.40484
0.57519 0.20637 0.41684
0.55883 0.12410 0.21379
0.86745 0.04721 0.35386
0.67233 0.06939 0.42762
0.53384 0.07853 0.38919
0.59865 0.17667 0.42521
0.76638 0.04236 0.22610
0.47004 0.12848 0.23110
0.63296 0.03102 0.28154
0.69009 0.09818 0.24450
0.49128 0.35730 0.24673
0.57070 0.26076 0.31680
0.66501 0.20637 0.47942
0.78629 0.10599 0.33171
0.61884 0.10500 0.38233
0.55932 0.31267 0.42493
0.67364 0.04589 0.21868
0.62550 0.16052 0.24347
0.64874 0.11125 0.26335
0.68812 0.14065 0.25334
0.68536 0.21205 0.27720
0.57518 0.31810 0.41231
0.76892 0.14153 0.36436
0.54812 0.06278 0.20607
0.71558 0.17742 0.53586
0.51616 0.05946 0.33986
0.62294 0.21256 0.40300
0.61896 0.17071 0.26966
0.62973 0.21325 0.20464
0.53604 0.22574 0.41697
0.51327 0.25707 0.29457
0.40907 0.29248 0.18454
0.57523 0.07387 0.32560
0.60870 0.22188 0.50682
0.77052 0.13858 0.29983
0.75646 0.10463 0.29633
0.57931 0.02296 0.24176
0.70490 0.07819 0.31367
0.68782 0.07317 0.29894
0.42706 0.19159 0.22991
0.55810 0.13126 0.31320
0.61743 0.25105 0.44002
0.70334 0.16614 0.30896
0.73502 0.09118 0.41466
0.44906 0.38910 0.21297
0.50620 0.31278 0.21374
0.48628 0.33267 0.21632
0.63044 0.09653 0.20938
0.66195 0.09260 0.46730
0.64584 0.25299 0.39906
0.69197 0.08618 0.32087
0.60462 0.29843 0.31708
0.74317 0.12727 0.23339
0.44678 0.40072 0.23335
0.43096 0.35286 0.25290
0.75925 0.06118 0.44554
0.66704 0.22887 0.29413
0.66355 0.21149 0.35500
0.50781 0.38640 0.24427
0.56862 0.03145 0.30080
0.60498 0.08732 0.50602
0.71453 0.11409 0.62220
0.49203 0.26481 0.36649
0.53065 0.15840 0.43426
0.65670 0.10570 0.20891
0.45875 0.21083 0.30523
0.54183 0.21855 0.42702
0.61224 0.11664 0.23327
0.85091 0.05892 0.41450
0.54207 0.25452 0.40792
0.64274 0.24403 0.39571
0.60089 0.16459 0.19669
0.65092 0.08776 0.27715
0.56650 0.26480 0.35290
0.72182 0.20401 0.21427
0.75454 0.06521 0.22853
0.60282 0.26148 0.55826
0.68141 0.17599 0.54525
0.52935 0.25655 0.44471
0.66827 0.16713 0.37742
0.70554 0.06288 0.28481
0.81387 0.10830 0.28694
0.49133 0.23710 0.19201
0.63082 0.15087 0.41796
0.58394 0.12262 0.44216
0.67867 0.16873 0.57028
0.61276 0.14440 0.42800
0.66132 0.08678 0.53524
0.50717 0.08536 0.31793
0.45041 0.17431 0.26310
0.64746 0.20198 0.25799
0.72908 0.18197 0.29400
0.48547 0.33417 0.23666
0.74039 0.10462 0.28051
0.67726 0.09143 0.35475
0.51913 0.21096 0.30622
0.54828 0.33815 0.20789
0.63230 0.15694 0.58399
0.57009 0.12048 0.24842
0.48650 0.16354 0.25649
0.52330 0.35494 0.21610
0.52159 0.10063 0.19029
0.53095 0.25592 0.37065
0.68112 0.14460 0.46282
0.50919 0.34325 0.40302
0.89990 0.02172 0.25146
0.51431 0.08038 0.34331
0.60839 0.16861 0.53367
0.84945 0.01420 0.24047
0.52398 0.27336 0.44967
0.73029 0.13936 0.45749
0.55831 0.19487 0.37591
0.75191 0.06977 0.45567
0.69851 0.16024 0.23778
0.57810 0.12515 0.20342
0.41824 0.11796 0.17398
0.49998 0.26040 0.35856
0.64258 0.07811 0.44038
0.55840 0.08327 0.25860
0.69211 0.08447 0.40875
0.65413 0.13876 0.44920
0.63551 0.09252 0.46499
0.46455 0.33608 0.20259
0.41939 0.02575 0.17125
0.63653 0.06875 0.43114
0.42182 0.17022 0.21791
0.48335 0.27492 0.35364
0.61854 0.23341 0.46261
0.74742 0.10648 0.36398
0.60601 0.17079 0.49344
0.46803 0.05950 0.19858
0.78018 0.12347 0.46762
0.63639 0.20756 0.64963
0.50742 0.34915 0.38660
0.74182 0.03798 0.32711
0.78448 0.11201 0.57112
0.63201 0.13094 0.34337
0.87897 0.04992 0.27271
0.80211 0.07837 0.32899
0.73390 0.12723 0.61975
0.69983 0.13932 0.41491
0.63183 0.12114 0.37120
0.55956 0.13641 0.28008
0.67732 0.14302 0.53110
0.65104 0.16148 0.32391
0.80762 0.10417 0.22685
0.50546 0.37661 0.43613
0.54626 0.27447 0.23385
0.69110 0.19386 0.26824
0.68500 0.13353 0.23639
0.72454 0.05535 0.29219
0.58545 0.10368 0.44381
0.83195 0.04947 0.29274
0.71522 0.15610 0.56288
0.46304 0.32544 0.26781
0.51556 0.04448 0.24258
0.61553 0.23350 0.46745
0.43891 0.04581 0.22513
0.45672 0.24900 0.19187
0.70404 0.12520 0.50264
0.70641 0.15316 0.27631
0.55363 0.12618 0.46517
0.73621 0.01485 0.24436
0.57630 0.04783 0.22797
0.60805 0.30151 0.22403
0.61597 0.18317 0.36698
0.60226 0.16207 0.53193
0.61687 0.13709 0.31620
0.54960 0.28986 0.29609
0.69376 0.04539 0.32608
0.53744 0.07620 0.19937
0.82288 0.02727 0.25744
0.74121 0.07925 0.32156
0.69916 0.19940 0.39703
0.66584 0.17761 0.51885
0.77363 0.03725 0.31201
0.68378 0.17128 0.27713
0.58879 0.18878 0.24656
0.53133 0.24572 0.36216
0.47319 0.14500 0.19617
0.50448 0.38160 0.25233
0.51370 0.38114 0.34253
0.82461 0.08514 0.47882
0.58755 0.06869 0.41237
0.74413 0.17534 0.24679
0.58800 0.20388 0.40723
0.78618 0.04954 0.39505
0.76077 0.08849 0.44253
0.52785 0.05700 0.21725
0.45261 0.14065 0.22883
0.70490 0.11747 0.60726
0.46527 0.26635 0.25607
0.54514 0.18203 0.32143
0.59846 0.02572 0.27662
0.65868 0.03283 0.28389
0.46724 0.14916 0.22611
0.63488 0.15164 0.24437
0.69488 0.14750 0.22070
0.71008 0.10548 0.43671
0.57758 0.22072 0.28690
0.72232 0.08889 0.32644
0.76304 0.14225 0.41380
0.50134 0.34316 0.31714
0.49380 0.39124 0.31109
0.53162 0.21790 0.28116
0.54490 0.01485 0.22563
0.70200 0.14943 0.31395
0.85410 0.06076 0.23313
0.65262 0.22302 0.43637
0.52612 0.32787 0.36351
0.50505 0.34388 0.40315
0.69138 0.09779 0.38333
0.65106 0.22247 0.33283
0.62767 0.23751 0.21873
0.61291 0.22183 0.43667
0.75415 0.10628 0.35155
0.47514 0.22323 0.22441
0.44305 0.31395 0.24687
0.47961 0.08639 0.29723
0.66997 0.16165 0.53044
0.45659 0.28669 0.22865
0.53486 0.31790 0.24247
0.45788 0.09073 0.25532
0.55551 0.17615 0.25521
0.68703 0.15603 0.26717
0.62160 0.27263 0.45019
0.51281 0.16858 0.19318
0.74885 0.11558 0.34624
0.79659 0.03041 0.24097
0.44653 0.08396 0.21950
0.49931 0.20137 0.38532
0.74782 0.08242 0.34068
0.55713 0.13094 0.38230
0.57680 0.26259 0.21973
0.69595 0.09158 0.26433
0.53219 0.20751 0.25690
0.71368 0.10612 0.45402
0.49787 0.31493 0.35562
0.55566 0.31504 0.44372
0.54949 0.30248 0.34221
0.66986 0.17948 0.25108
0.53755 0.13883 0.41420
0.55038 0.25894 0.31505
0.51467 0.02553 0.19182
0.71277 0.15487 0.78622
0.59867 0.16698 0.24718
0.52576 0.06477 0.31814
0.62489 0.24001 0.60055
0.54490 0.04711 0.35143
0.59273 0.13834 0.51449
0.50199 0.11080 0.35164
0.58683 0.18867 0.24991
0.62314 0.11909 0.54678
0.42407 0.37599 0.24062
0.72464 0.13745 0.61976
0.60115 0.12197 0.23868
0.66073 0.03027 0.20001
0.66209 0.09648 0.30198
0.40433 0.22419 0.18058
0.60097 0.16092 0.30551
0.65581 0.13390 0.45147
0.45360 0.39822 0.27441
0.67009 0.20382 0.70476
0.58037 0.13660 0.38259
0.63457 0.14266 0.21563
0.58625 0.21978 0.23138
0.67314 0.19193 0.56442
0.61976 0.22016 0.27186
0.70539 0.04472 0.24733
0.65068 0.10419 0.29736
0.63086 0.04466 0.21730
0.54423 0.14695 0.33203
0.56452 0.14245 0.41297
0.62959 0.15881 0.51713
0.62514 0.22545 0.34419
0.65374 0.16594 0.55141
0.43883 0.41391 0.21339
0.49762 0.36000 0.27554
0.76450 0.14101 0.23485
0.53100 0.21519 0.29641
0.62898 0.07471 0.39937
0.51161 0.22926 0.29755
0.45929 0.17845 0.18667
0.51504 0.14139 0.35455
0.44505 0.15812 0.18855
0.70180 0.21181 0.21115
0.62376 0.17049 0.23097
0.49915 0.03468 0.20601
0.54205 0.34125 0.25759
0.58895 0.30236 0.28834
0.77508 0.13405 0.44191
0.59308 0.22434 0.45126
0.65104 0.14066 0.36666
0.66564 0.17595 0.51232
0.69044 0.11256 0.48172
0.67078 0.16945 0.31931
0.56786 0.25966 0.53264
0.65550 0.25603 0.22673
0.54075 0.09562 0.20993
0.62120 0.08937 0.51755
0.47581 0.27606 0.22814
0.49279 0.25743 0.28339
0.60744 0.26501 0.48507
0.47953 0.26168 0.30077
0.60085 0.04273 0.35375
0.40536 0.40500 0.20722
0.49775 0.29473 0.36103
0.42775 0.45758 0.29303
0.57832 0.11971 0.38440
0.51135 0.23649 0.32372
0.58465 0.13579 0.51084
0.67441 0.01925 0.20743
0.59796 0.13180 0.35802
0.47481 0.27338 0.29729
0.62362 0.09454 0.46895
0.55402 0.30672 0.37202
0.68121 0.19752 0.53510
0.73242 0.11016 0.52529
0.70324 0.11434 0.23946
0.72690 0.08857 0.39830
0.51069 0.14460 0.32426
0.48858 0.02136 0.17425
0.60138 0.27028 0.42486
0.85926 0.05545 0.41644
0.51221 0.30058 0.39141
0.65706 0.18858 0.30106
0.54631 0.26579 0.19916
0.53157 0.17161 0.32436
0.83015 0.03919 0.24911
0.66396 0.15711 0.42950
0.55504 0.28203 0.28691
0.55399 0.05361 0.21490
0.73778 0.16099 0.29987
0.58070 0.28642 0.30986
0.47375 0.07006 0.19020
0.48724 0.14503 0.25645
0.53343 0.34040 0.44303
0.57571 0.26872 0.49780
0.62859 0.18807 0.27787
0.45136 0.14248 0.20637
0.67525 0.19717 0.26328
0.57289 0.09407 0.32478
0.57306 0.25540 0.39652
0.44441 0.30555 0.25889
0.87169 0.03501 0.35023
0.63711 0.09985 0.52738
0.55882 0.13424 0.38649
0.64871 0.07413 0.45186
0.42281 0.40353 0.20848
0.56396 0.23286 0.47501
0.69292 0.19480 0.23887
0.66439 0.21904 0.56790
0.60918 0.10023 0.32202
0.59930 0.18513 0.57325
0.53412 0.30588 0.31165
0.54944 0.23839 0.27904
0.67228 0.11055 0.30988
0.47405 0.31240 0.21929
0.72675 0.18257 0.31741
0.87468 0.02587 0.26418
0.44989 0.34892 0.20246
0.70330 0.11621 0.22632
0.56134 0.25296 0.51076
0.40372 0.46423 0.26176
0.64458 0.24021 0.38920
0.43606 0.44201 0.24799
0.55772 0.25637 0.28027
0.60788 0.23049 0.20514
0.71876 0.06414 0.45476
0.74374 0.04851 0.38702
0.72978 0.12926 0.71327
0.61239 0.11717 0.46026
0.67484 0.17716 0.27424
0.77229 0.11084 0.51881
0.64284 0.19469 0.54689
0.51448 0.03108 0.27558
0.75580 0.11298 0.46435
0.61922 0.09562 0.37535
0.70863 0.17749 0.56939
0.64303 0.09754 0.29694
0.65604 0.14487 0.40833
0.66436 0.05169 0.29030
0.54399 0.26416 0.36205
0.78367 0.02575 0.21389
0.52793 0.09923 0.24232
0.61032 0.21142 0.21244
0.58048 0.22991 0.47414
0.60237 0.14609 0.45799
0.49738 0.37083 0.31444
0.77994 0.09422 0.36299
0.71117 0.13768 0.48525
0.49183 0.31214 0.29430
0.41182 0.37164 0.19458
0.75580 0.09641 0.57117
0.57467 0.28405 0.51813
0.68319 0.18946 0.56219
0.59752 0.23187 0.32154
0.45344 0.43254 0.28726
0.61121 0.19848 0.27574
0.64645 0.09593 0.38523
0.52537 0.06044 0.36941
0.47318 0.13597 0.31706
0.52148 0.25350 0.37647
0.50556 0.01633 0.21199
0.62495 0.06058 0.27838
0.53265 0.10356 0.29152
0.59169 0.31003 0.23452
0.68823 0.17449 0.64570
0.73100 0.14626 0.36352
0.89193 0.04389 0.28799
0.62184 0.13806 0.31374
0.62052 0.12736 0.41318
0.47321 0.37365 0.24914
0.57163 0.14459 0.35391
0.55743 0.21914 0.23296
0.55426 0.12441 0.20138
0.58337 0.11445 0.30409
0.72152 0.14104 0.74847
0.62034 0.08829 0.40896
0.60458 0.18846 0.39368
0.62332 0.10856 0.50115
0.65087 0.21524 0.59300
0.74818 0.11815 0.61481
0.44318 0.07313 0.20678
0.77634 0.05621 0.43144
0.55105 0.30788 0.38287
0.59530 0.24460 0.47100
0.49092 0.34443 0.35160
0.48776 0.23020 0.33746
0.77162 0.11654 0.47544
0.42427 0.13102 0.20313
0.66558 0.14800 0.32068
0.60593 0.18241 0.44452
0.75188 0.16775 0.27729
0.64105 0.25221 0.28641
0.44217 0.36174 0.22119
0.61042 0.12378 0.38773
0.75197 0.02380 0.24400
0.49004 0.26797 0.32089
0.58852 0.25417 0.36724
