20 19 1000 23574 1394
0.27744 0.48157 0.28638
0.21718 0.46609 0.33310
0.28123 0.26303 0.79431
0.67230 0.64003 0.47957
0.38715 0.15617 0.28678
0.21895 0.74438 0.15964
0.71453 0.24801 0.53614
0.84278 0.13293 0.13329
0.61349 0.83215 0.98067
0.87963 0.54886 0.00367
0.58365 0.01457 0.68661
0.65593 0.73661 0.32053
0.93765 0.11654 0.21096
0.69436 0.12576 0.75133
0.48600 0.11562 0.59119
0.41699 0.84110 0.79720
0.38594 0.68772 0.49950
0.38443 0.41668 0.57336
0.82861 0.39728 0.83974
0.47109 0.49421 0.49767
0.57044 0.47751 0.52198
0.55937 0.47375 0.48708
0.60505 0.55743 0.40673
0.58975 0.38713 0.60221
0.50365 0.49209 0.49420
0.46322 0.51521 0.40318
0.53658 0.42279 0.55180
0.50484 0.41385 0.56040
0.44695 0.49478 0.47660
0.56200 0.43674 0.61501
0.56340 0.40348 0.49691
0.49647 0.59024 0.52508
0.58127 0.52347 0.46801
0.53685 0.48131 0.43630
0.62676 0.46398 0.55532
0.44743 0.50252 0.53685
0.51323 0.34281 0.49386
0.48093 0.44593 0.62188
0.55520 0.44373 0.52507
0.54549 0.40830 0.45035
0.49689 0.44275 0.37673
0.51949 0.44045 0.45118
0.54639 0.42537 0.50301
0.54605 0.42390 0.46436
0.51303 0.36934 0.54668
0.62782 0.47494 0.52655
0.48403 0.37605 0.40336
0.48274 0.44652 0.55558
0.47157 0.39888 0.45671
0.55314 0.46641 0.38601
0.67010 0.29061 0.45228
0.54582 0.39323 0.47800
0.54227 0.33021 0.44188
0.48226 0.47375 0.39891
0.48363 0.43651 0.50302
0.57895 0.44045 0.57796
0.60080 0.40900 0.51730
0.58648 0.43076 0.54518
0.58485 0.34775 0.50428
0.55892 0.41556 0.43997
0.52754 0.34196 0.55769
0.55151 0.44874 0.41551
0.55576 0.36644 0.49572
0.54126 0.37938 0.42049
0.54987 0.50197 0.47824
0.52982 0.43877 0.42796
0.62785 0.30851 0.50105
0.47356 0.37129 0.46553
0.60720 0.43009 0.46571
0.55577 0.38980 0.51871
0.52362 0.46575 0.45395
0.52967 0.35442 0.49287
0.57493 0.34631 0.50463
0.57645 0.43160 0.44808
0.56883 0.38580 0.63409
0.44130 0.46635 0.46023
0.51599 0.48547 0.49330
0.45475 0.34369 0.52660
0.57868 0.52271 0.50928
0.53946 0.43221 0.46445
0.53907 0.38701 0.52295
0.56633 0.40702 0.46826
0.48933 0.57265 0.54589
0.51362 0.42034 0.51516
0.45894 0.43703 0.46327
0.44953 0.43234 0.49838
0.49214 0.37253 0.38437
0.51215 0.36270 0.46454
0.66093 0.37892 0.42104
0.51660 0.36197 0.45399
0.51745 0.48103 0.49144
0.55266 0.43180 0.47109
0.58261 0.33721 0.49933
0.59855 0.46035 0.54347
0.58742 0.46034 0.48403
0.62827 0.27885 0.52032
0.49472 0.42996 0.52495
0.61031 0.39529 0.51492
0.57671 0.32381 0.52709
0.59279 0.39393 0.41733
0.58340 0.36356 0.49095
0.58530 0.35882 0.46529
0.63312 0.46783 0.54016
0.52958 0.29937 0.50887
0.52407 0.57239 0.52622
0.52257 0.42698 0.52775
0.50388 0.40271 0.57274
0.52204 0.37687 0.48033
0.47418 0.42599 0.46716
0.59266 0.38572 0.52841
0.52256 0.48063 0.49814
0.48890 0.53761 0.54925
0.51963 0.46848 0.52427
0.53084 0.41719 0.41947
0.61938 0.42279 0.48337
0.54351 0.36557 0.46637
0.51886 0.40659 0.49403
0.51203 0.38935 0.52930
0.55040 0.38121 0.42211
0.53652 0.43377 0.49792
0.59424 0.45667 0.50333
0.55618 0.38899 0.46402
0.62148 0.32861 0.32210
0.52124 0.36200 0.50539
0.51261 0.36895 0.53117
0.53753 0.37812 0.50137
0.54049 0.48984 0.52334
0.62783 0.38651 0.59267
0.57929 0.34984 0.50552
0.61202 0.30314 0.56986
0.53320 0.29923 0.48725
0.59131 0.39268 0.49237
0.60462 0.43326 0.45957
0.54562 0.44577 0.42719
0.53902 0.42429 0.53010
0.51726 0.36203 0.51004
0.58013 0.43593 0.52401
0.56733 0.47103 0.51295
0.66987 0.35398 0.40583
0.62155 0.37652 0.36335
0.60401 0.39412 0.53279
0.52421 0.40793 0.42816
0.59557 0.35665 0.53645
0.54217 0.52041 0.65548
0.54698 0.41336 0.51834
0.57919 0.39067 0.46399
0.45081 0.32309 0.48891
0.55038 0.32000 0.55988
0.58134 0.41102 0.44645
0.48729 0.37959 0.52748
0.51901 0.55510 0.55888
0.56961 0.44964 0.39736
0.60070 0.37461 0.49542
0.59227 0.35301 0.60360
0.53830 0.41894 0.54650
0.49246 0.38793 0.57354
0.49486 0.51658 0.47583
0.48463 0.37096 0.52116
0.51196 0.38067 0.44725
0.55967 0.45559 0.55809
0.55070 0.35758 0.45444
0.55981 0.44974 0.50498
0.49794 0.44436 0.64446
0.70516 0.40849 0.39655
0.56712 0.40333 0.49654
0.46145 0.49873 0.46365
0.49917 0.41294 0.55637
0.52912 0.48938 0.53222
0.60668 0.36283 0.36328
0.49384 0.37607 0.45298
0.62157 0.37043 0.40839
0.63602 0.33719 0.41040
0.67418 0.30852 0.44892
0.59997 0.39238 0.47057
0.53995 0.47657 0.59911
0.54088 0.47070 0.52928
0.53313 0.37272 0.59593
0.57801 0.35609 0.43851
0.67618 0.36492 0.57151
0.50178 0.48920 0.40152
0.56984 0.40845 0.55399
0.47552 0.36366 0.44911
0.53378 0.46844 0.48798
0.53563 0.33020 0.47939
0.54845 0.46207 0.47516
0.51627 0.44915 0.48176
0.62750 0.36874 0.55077
0.52818 0.40275 0.50433
0.43075 0.42045 0.42668
0.63074 0.44487 0.51877
0.53049 0.41593 0.45097
0.57025 0.47698 0.57713
0.50162 0.47843 0.51624
0.54326 0.38766 0.48743
0.52206 0.36430 0.46060
0.57917 0.45305 0.52350
0.50730 0.30234 0.49202
0.47271 0.46909 0.43394
0.55407 0.50536 0.52119
0.63659 0.41323 0.48033
0.55366 0.48422 0.56979
0.56794 0.43749 0.50608
0.48812 0.46175 0.52856
0.56628 0.45657 0.51528
0.60327 0.47971 0.55667
0.48854 0.43311 0.56450
0.62159 0.34265 0.47791
0.58828 0.38834 0.54509
0.49699 0.36542 0.52452
0.53200 0.44444 0.47826
0.52426 0.45908 0.44135
0.57905 0.37632 0.47480
0.59467 0.38141 0.43099
0.64506 0.35611 0.50269
0.56263 0.45657 0.54364
0.54341 0.46625 0.54756
0.64637 0.50538 0.45375
0.52264 0.39162 0.49676
0.45968 0.34655 0.56949
0.55147 0.35699 0.44788
0.55167 0.45227 0.42370
0.56398 0.41381 0.45837
0.59628 0.46541 0.38052
0.54730 0.35210 0.44152
0.55523 0.45789 0.45890
0.53459 0.44051 0.41507
0.58545 0.41512 0.41342
0.54655 0.36735 0.54718
0.51426 0.38454 0.43627
0.50172 0.53698 0.46874
0.60429 0.42537 0.56501
0.59827 0.37812 0.48131
0.50385 0.43243 0.56508
0.56506 0.42372 0.41689
0.58615 0.34883 0.50541
0.58383 0.34223 0.46979
0.60487 0.40577 0.40026
0.59376 0.38557 0.56225
0.51354 0.41122 0.51894
0.52942 0.51023 0.55942
0.64713 0.32979 0.38520
0.55940 0.51488 0.41483
0.54141 0.46980 0.33369
0.50463 0.50566 0.54690
0.62240 0.36929 0.46727
0.57013 0.36022 0.53120
0.48167 0.49809 0.41423
0.64075 0.35198 0.51119
0.50394 0.51866 0.52668
0.51693 0.45690 0.55735
0.62358 0.38286 0.46448
0.64489 0.40214 0.44455
0.45199 0.40689 0.58258
0.57640 0.43315 0.54449
0.56515 0.51246 0.44137
0.49731 0.43766 0.42827
0.45523 0.49742 0.55355
0.44998 0.44509 0.51227
0.57450 0.42077 0.49058
0.52817 0.47918 0.51034
0.56201 0.47782 0.62994
0.60960 0.38810 0.44542
0.56492 0.49837 0.40994
0.63263 0.34330 0.55817
0.58803 0.52529 0.59014
0.59730 0.40439 0.40488
0.58532 0.38648 0.48531
0.47860 0.37510 0.50029
0.45793 0.65113 0.52419
0.60364 0.40821 0.48499
0.62573 0.38563 0.54052
0.55771 0.31470 0.47467
0.49759 0.44919 0.52469
0.47638 0.46926 0.45495
0.54561 0.43510 0.44000
0.57448 0.41013 0.47971
0.56652 0.43750 0.58314
0.56496 0.46631 0.52949
0.61374 0.45743 0.35271
0.55351 0.47968 0.56101
0.52114 0.46854 0.46740
0.58294 0.40309 0.38048
0.57060 0.48033 0.55689
0.65083 0.37863 0.46328
0.57016 0.41303 0.52197
0.57126 0.42500 0.41182
0.58068 0.43490 0.59572
0.58912 0.42155 0.41251
0.49950 0.32394 0.41199
0.61513 0.41718 0.61064
0.53422 0.41554 0.47190
0.56204 0.37947 0.42378
0.55900 0.43072 0.49190
0.55720 0.33785 0.54831
0.52484 0.50838 0.60306
0.53584 0.43150 0.46962
0.53632 0.38293 0.51551
0.58118 0.40877 0.43021
0.58644 0.32475 0.46746
0.48416 0.41079 0.45245
0.64149 0.31866 0.48423
0.56766 0.35372 0.55408
0.48801 0.47813 0.43181
0.63554 0.40217 0.32666
0.48618 0.34939 0.52773
0.57967 0.35598 0.45999
0.55618 0.41722 0.38891
0.58748 0.33632 0.50461
0.56746 0.55673 0.43057
0.46437 0.45667 0.45607
0.63739 0.45841 0.55285
0.53755 0.39270 0.45103
0.62918 0.38626 0.37969
0.55911 0.38863 0.41874
0.52037 0.31156 0.38825
0.58676 0.41916 0.55866
0.57482 0.48294 0.56798
0.58083 0.37077 0.34523
0.61182 0.36499 0.53836
0.61252 0.49059 0.39050
0.53410 0.47146 0.42944
0.54415 0.46137 0.48087
0.53507 0.40384 0.54686
0.54377 0.42144 0.46688
0.60037 0.40729 0.40279
0.53695 0.39237 0.54774
0.57088 0.44013 0.47287
0.57303 0.35893 0.45477
0.50266 0.37292 0.48810
0.51673 0.31449 0.55340
0.56674 0.42425 0.45524
0.54605 0.31317 0.48446
0.61389 0.40442 0.48828
0.58750 0.45528 0.42253
0.61573 0.37705 0.37005
0.55439 0.46560 0.54503
0.68727 0.35089 0.48152
0.53311 0.44239 0.48387
0.48211 0.46306 0.41488
0.64239 0.32052 0.40970
0.54456 0.50090 0.42507
0.58939 0.40579 0.45924
0.61437 0.37318 0.52588
0.53626 0.46345 0.48892
0.59064 0.47627 0.56130
0.59344 0.51435 0.55440
0.56882 0.44366 0.41740
0.54952 0.50631 0.47354
0.66374 0.33917 0.56389
0.47686 0.43391 0.60618
0.66419 0.35692 0.49320
0.51429 0.39843 0.49223
0.55997 0.43169 0.54158
0.52890 0.54472 0.62498
0.53637 0.46468 0.53394
0.51228 0.38643 0.44228
0.58777 0.44659 0.47665
0.49497 0.45681 0.60299
0.51857 0.43165 0.42449
0.60580 0.39237 0.57506
0.57371 0.45190 0.38856
0.48412 0.41500 0.40932
0.60278 0.36518 0.54714
0.49024 0.41614 0.51136
0.54057 0.47268 0.44821
0.62458 0.29931 0.47376
0.57507 0.37698 0.51650
0.50418 0.36865 0.49990
0.57903 0.40534 0.43605
0.55902 0.39463 0.50683
0.47633 0.36251 0.49954
0.53094 0.41600 0.55732
0.51338 0.41243 0.48949
0.55650 0.47727 0.50496
0.55268 0.39032 0.55675
0.56725 0.54997 0.47924
0.48854 0.45484 0.47602
0.60426 0.37349 0.53347
0.64138 0.35157 0.51541
0.53407 0.38721 0.59374
0.56668 0.37986 0.47650
0.50779 0.35141 0.51865
0.56961 0.41407 0.52794
0.54072 0.46112 0.43113
0.50255 0.35585 0.53139
0.47649 0.40977 0.41531
0.52171 0.39037 0.47160
0.49780 0.39657 0.47297
0.56488 0.39630 0.45291
0.53343 0.56540 0.45894
0.60550 0.38563 0.48043
0.50565 0.37982 0.51431
0.54774 0.34039 0.57482
0.50493 0.38119 0.50484
0.58826 0.41392 0.49022
0.62341 0.34513 0.44039
0.58486 0.36888 0.35556
0.49654 0.33439 0.59507
0.51322 0.45759 0.42884
0.56859 0.44481 0.55565
0.52293 0.47564 0.47276
0.59134 0.44281 0.34413
0.59059 0.35742 0.50017
0.53063 0.36443 0.45787
0.52648 0.42531 0.52941
0.51383 0.45694 0.41462
0.46886 0.38910 0.49912
0.53595 0.44859 0.52433
0.54995 0.42938 0.42288
0.46850 0.37450 0.50995
0.57170 0.41839 0.54838
0.62784 0.44108 0.47829
0.49388 0.44092 0.47248
0.48336 0.38631 0.52142
0.60671 0.46953 0.42058
0.48227 0.46537 0.49863
0.60547 0.38193 0.54587
0.53923 0.43484 0.47582
0.53034 0.39242 0.51562
0.52222 0.46756 0.44077
0.59617 0.46054 0.47242
0.65048 0.37868 0.57299
0.51258 0.52015 0.40336
0.50057 0.34608 0.41767
0.54944 0.37357 0.52338
0.57729 0.52375 0.57473
0.55333 0.39122 0.51329
0.53339 0.31293 0.54605
0.53475 0.47403 0.49900
0.57910 0.42141 0.40701
0.57255 0.39328 0.43672
0.50880 0.48573 0.46149
0.51454 0.47264 0.47023
0.59105 0.45462 0.38489
0.54407 0.38596 0.47697
0.57243 0.41172 0.43664
0.55335 0.41280 0.46728
0.59517 0.34651 0.52005
0.54809 0.41019 0.52299
0.57795 0.46179 0.66886
0.61828 0.36358 0.48483
0.59131 0.45093 0.43967
0.56410 0.51375 0.53815
0.60293 0.45364 0.39654
0.62727 0.43811 0.54952
0.53325 0.44066 0.55752
0.57719 0.37134 0.44702
0.48442 0.46671 0.46919
0.52164 0.40867 0.42468
0.52227 0.40039 0.48169
0.52041 0.42492 0.39090
0.57120 0.33939 0.43553
0.56493 0.47847 0.50780
0.58350 0.33591 0.49396
0.54070 0.34263 0.43659
0.56484 0.37559 0.49649
0.42240 0.46127 0.40605
0.55256 0.39117 0.54885
0.50179 0.46729 0.56680
0.58139 0.40508 0.56524
0.51472 0.45851 0.49067
0.51428 0.38456 0.40250
0.60542 0.40034 0.58668
0.54106 0.40547 0.45458
0.55725 0.34086 0.45535
0.54511 0.40577 0.56585
0.54790 0.48534 0.63106
0.62360 0.39662 0.48254
0.50894 0.47100 0.56529
0.51174 0.33484 0.47599
0.67260 0.46037 0.40705
0.55879 0.43720 0.40779
0.61923 0.44863 0.50103
0.53466 0.36102 0.52662
0.58770 0.34142 0.39540
0.55958 0.41183 0.51187
0.58745 0.48403 0.46898
0.54757 0.40721 0.50468
0.56749 0.32537 0.45671
0.40562 0.48091 0.45208
0.52700 0.40987 0.48041
0.64145 0.35987 0.56412
0.61926 0.32189 0.53984
0.51314 0.40792 0.43778
0.56550 0.52636 0.41934
0.56936 0.45269 0.49282
0.59182 0.38768 0.52055
0.58433 0.37927 0.54589
0.61427 0.41095 0.45784
0.49243 0.36260 0.53386
0.64759 0.51270 0.56875
0.55923 0.33223 0.61518
0.58767 0.47543 0.44084
0.50077 0.45801 0.49565
0.46979 0.47815 0.46505
0.56885 0.35933 0.44375
0.54301 0.52735 0.61525
0.54108 0.39524 0.49206
0.50620 0.43882 0.33954
0.50772 0.41905 0.55649
0.52327 0.44474 0.49905
0.50038 0.38308 0.47125
0.57863 0.35775 0.45190
0.55825 0.38681 0.59831
0.49326 0.32734 0.48801
0.55156 0.49608 0.61695
0.62054 0.47198 0.57147
0.55089 0.41162 0.44267
0.59890 0.37392 0.53532
0.53239 0.48992 0.48163
0.51967 0.49404 0.52521
0.55206 0.32190 0.50196
0.60806 0.40202 0.39877
0.49230 0.39665 0.50590
0.53905 0.56641 0.64137
0.55865 0.45683 0.38615
0.55417 0.38314 0.41756
0.59889 0.41347 0.52977
0.52693 0.48429 0.47266
0.55039 0.41729 0.49049
0.51680 0.40101 0.44263
0.48152 0.46510 0.55271
0.62111 0.46688 0.58196
0.55288 0.38201 0.37433
0.54144 0.35427 0.48025
0.49382 0.49658 0.39309
0.54790 0.47552 0.54164
0.46738 0.41663 0.52716
0.53006 0.48543 0.46566
0.48477 0.35740 0.51898
0.48381 0.37350 0.47493
0.52713 0.32597 0.42942
0.62704 0.53153 0.43517
0.54753 0.39751 0.52994
0.50214 0.45624 0.48338
0.49266 0.48724 0.43635
0.50769 0.44976 0.56755
0.64885 0.19639 0.54591
0.53544 0.37915 0.40218
0.53649 0.43703 0.56104
0.53042 0.32668 0.47048
0.56232 0.47396 0.45112
0.45323 0.40122 0.45417
0.63964 0.42468 0.42689
0.52248 0.39681 0.50056
0.56304 0.41404 0.42914
0.51464 0.39123 0.49338
0.43516 0.48600 0.42409
0.59209 0.37857 0.52919
0.55139 0.35252 0.43150
0.56275 0.36454 0.52128
0.57119 0.44157 0.48781
0.50274 0.34887 0.49862
0.48421 0.47172 0.40395
0.47602 0.42885 0.56020
0.56972 0.38886 0.47609
0.59492 0.42165 0.44970
0.58312 0.44235 0.41922
0.57371 0.41849 0.29732
0.54421 0.43975 0.50364
0.53785 0.44574 0.51857
0.55254 0.43356 0.47199
0.53137 0.43513 0.51260
0.62321 0.33607 0.47477
0.57999 0.42130 0.39160
0.60710 0.47190 0.45358
0.61297 0.41953 0.44251
0.58777 0.29636 0.59885
0.48496 0.39907 0.44063
0.43774 0.46500 0.41044
0.55855 0.37067 0.55350
0.53815 0.36449 0.47474
0.51254 0.40216 0.50644
0.62946 0.38297 0.57483
0.55656 0.27973 0.50681
0.53514 0.33237 0.54851
0.57376 0.40586 0.64054
0.65624 0.48013 0.51429
0.54079 0.42921 0.46938
0.53620 0.39977 0.53368
0.57506 0.51504 0.63422
0.45958 0.46562 0.50881
0.50420 0.40959 0.46591
0.55697 0.46016 0.53596
0.56682 0.40878 0.51014
0.53936 0.43351 0.48865
0.54705 0.36101 0.58613
0.50210 0.39488 0.47572
0.58265 0.43800 0.48775
0.61534 0.31015 0.44535
0.54233 0.52365 0.34155
0.45043 0.49200 0.54446
0.47745 0.41449 0.38249
0.59685 0.39278 0.45695
0.54978 0.41316 0.36703
0.56615 0.33071 0.46455
0.58876 0.44907 0.52948
0.61820 0.33922 0.43385
0.58136 0.35371 0.41980
0.64973 0.31373 0.51882
0.52357 0.38601 0.47488
0.52760 0.40584 0.65865
0.63609 0.40481 0.37046
0.51844 0.39403 0.44882
0.52332 0.45188 0.56750
0.53767 0.45087 0.58940
0.58353 0.48170 0.51006
0.54935 0.48572 0.46096
0.58347 0.39602 0.47034
0.52731 0.41817 0.58735
0.49064 0.38421 0.50889
0.54092 0.48625 0.42897
0.40571 0.50538 0.45652
0.50529 0.35685 0.59702
0.45127 0.44065 0.42247
0.47768 0.43302 0.47046
0.52731 0.42680 0.47005
0.54402 0.35449 0.52075
0.54225 0.39407 0.51770
0.62964 0.43311 0.39110
0.50836 0.46398 0.57320
0.49713 0.41000 0.44753
0.52173 0.40606 0.48066
0.48892 0.48779 0.51718
0.54448 0.49088 0.56723
0.59518 0.47916 0.42703
0.53138 0.44342 0.54831
0.61671 0.34953 0.49016
0.55912 0.43892 0.52450
0.54195 0.40284 0.42160
0.58090 0.37392 0.49076
0.58034 0.41090 0.56608
0.55522 0.49286 0.46116
0.51623 0.37095 0.38506
0.55930 0.46442 0.50992
0.55444 0.37841 0.48947
0.58366 0.29937 0.42467
0.55250 0.43901 0.58668
0.53258 0.50873 0.56739
0.52820 0.38483 0.45542
0.55703 0.45862 0.49084
0.53777 0.55254 0.51229
0.57623 0.46803 0.44002
0.61129 0.30412 0.35771
0.56526 0.45547 0.50436
0.65146 0.32091 0.42952
0.50788 0.42200 0.47528
0.55142 0.38512 0.46135
0.60561 0.42782 0.57122
0.56702 0.49525 0.50894
0.59236 0.37161 0.46518
0.54729 0.36705 0.50229
0.56881 0.40936 0.50234
0.64676 0.33509 0.44623
0.53284 0.43341 0.46999
0.63793 0.43862 0.39541
0.56228 0.39022 0.33863
0.57132 0.52443 0.47085
0.60475 0.37346 0.49159
0.56756 0.41995 0.43146
0.55084 0.42635 0.45803
0.43355 0.44815 0.36528
0.51121 0.41913 0.51828
0.56743 0.36397 0.42766
0.51610 0.43344 0.46845
0.59704 0.39147 0.51377
0.61829 0.43288 0.45954
0.51094 0.49201 0.44920
0.61254 0.40918 0.54184
0.62244 0.51978 0.51948
0.59442 0.43361 0.57137
0.53301 0.37593 0.45579
0.61368 0.35815 0.51451
0.58492 0.42153 0.48140
0.50763 0.44573 0.52932
0.52573 0.40975 0.54209
0.48929 0.47503 0.45626
0.50687 0.42275 0.56043
0.51502 0.44113 0.41031
0.52204 0.38089 0.47202
0.52189 0.40697 0.55195
0.62434 0.46933 0.48347
0.58353 0.37548 0.47672
0.56867 0.41403 0.55077
0.61033 0.42799 0.47317
0.69027 0.29294 0.41473
0.55613 0.39920 0.45089
0.51819 0.38642 0.60189
0.62085 0.39727 0.40958
0.51219 0.42682 0.48296
0.56977 0.44259 0.41723
0.48095 0.37581 0.55710
0.51792 0.44730 0.57715
0.49906 0.33387 0.51610
0.65986 0.50507 0.39514
0.57169 0.39237 0.50648
0.61237 0.37669 0.49014
0.54395 0.48702 0.44516
0.53972 0.46033 0.45854
0.55136 0.45620 0.33606
0.53048 0.42950 0.58922
0.55439 0.36084 0.46207
0.51252 0.38416 0.44438
0.52622 0.51938 0.52045
0.58219 0.31000 0.52662
0.54070 0.46325 0.57359
0.54236 0.40369 0.51484
0.58660 0.48441 0.40033
0.63759 0.43463 0.46671
0.57845 0.48847 0.49750
0.58784 0.29494 0.50939
0.59955 0.37055 0.49280
0.51015 0.44836 0.51309
0.57819 0.41547 0.53170
0.56055 0.49599 0.53694
0.47284 0.42128 0.45469
0.59170 0.36720 0.44667
0.49759 0.43684 0.54855
0.54103 0.53631 0.29282
0.53287 0.35130 0.47733
0.49447 0.51502 0.39929
0.58603 0.38331 0.42482
0.52341 0.35432 0.53075
0.60893 0.38378 0.46831
0.53305 0.41643 0.46501
0.46378 0.44029 0.40134
0.66445 0.40813 0.48275
0.60937 0.38762 0.45525
0.53235 0.37771 0.44465
0.58993 0.32456 0.47137
0.57857 0.45206 0.50270
0.59829 0.33725 0.52745
0.59066 0.49419 0.54683
0.59257 0.35094 0.42534
0.64361 0.42473 0.48014
0.48598 0.37772 0.44802
0.61522 0.33534 0.45199
0.51072 0.46234 0.52611
0.50822 0.43090 0.55749
0.51132 0.39538 0.52483
0.54959 0.44481 0.58389
0.50374 0.42568 0.48172
0.62157 0.41246 0.32953
0.49414 0.51013 0.55220
0.59366 0.34611 0.59467
0.46060 0.48068 0.45103
0.58094 0.36585 0.35797
0.62317 0.32221 0.39242
0.52522 0.34637 0.55075
0.54789 0.39472 0.50510
0.54890 0.42871 0.53935
0.61207 0.48955 0.38263
0.49074 0.45852 0.43705
0.49859 0.42524 0.45722
0.53003 0.36535 0.49143
0.51791 0.48320 0.46063
0.47365 0.35725 0.51855
0.49913 0.49480 0.46157
0.61243 0.43057 0.40227
0.48106 0.40834 0.45932
0.56199 0.37227 0.52392
0.56752 0.45313 0.42274
0.52966 0.34562 0.43667
0.54485 0.29999 0.47739
0.64044 0.38823 0.49813
0.56516 0.54647 0.62397
0.59212 0.34427 0.36039
0.56285 0.42026 0.43281
0.52492 0.47379 0.40916
0.52849 0.39745 0.42772
0.56484 0.46532 0.49555
0.56430 0.44498 0.44031
0.57692 0.40912 0.52982
0.61030 0.42611 0.36396
0.59279 0.50247 0.45620
0.53415 0.61442 0.47451
0.63145 0.46041 0.46213
0.44922 0.52816 0.54078
0.51991 0.41586 0.50143
0.54105 0.47986 0.44238
0.55981 0.42964 0.55984
0.54066 0.41926 0.48442
0.60812 0.38453 0.55498
0.51652 0.46660 0.61206
0.48148 0.56000 0.47933
0.57840 0.32601 0.50946
0.58538 0.31271 0.53308
0.50203 0.35003 0.48909
0.60748 0.55602 0.46895
0.58499 0.45551 0.53135
0.51746 0.45733 0.48655
0.48487 0.49664 0.44614
0.49883 0.40219 0.47186
0.56339 0.36357 0.51697
0.54465 0.52518 0.45749
0.58722 0.47867 0.50597
0.57633 0.42897 0.61520
0.55838 0.41710 0.48033
0.61289 0.45094 0.48079
0.60372 0.36368 0.48611
0.55430 0.43701 0.49782
0.50313 0.36513 0.47217
0.47713 0.38148 0.42031
0.63981 0.41522 0.59203
0.55195 0.38824 0.55559
0.59188 0.32605 0.41498
0.53732 0.40112 0.54200
0.52354 0.52980 0.49939
0.49058 0.53850 0.49714
0.50172 0.37695 0.47821
0.58001 0.40604 0.58231
0.54936 0.41466 0.48341
0.66445 0.42917 0.45239
0.63001 0.28499 0.42228
0.48109 0.47621 0.56324
0.58921 0.49401 0.51491
0.56734 0.35611 0.47045
0.57541 0.31328 0.57883
0.61137 0.43627 0.45017
0.63572 0.39459 0.34610
0.64144 0.36765 0.45203
0.58688 0.48397 0.52706
0.61130 0.45802 0.47684
0.51434 0.54943 0.34771
0.58467 0.39023 0.44641
0.60136 0.31858 0.51884
0.57831 0.38249 0.52094
0.58979 0.42772 0.47925
0.68672 0.37913 0.41714
0.59703 0.38865 0.45829
0.60565 0.35336 0.48051
0.53905 0.39901 0.44738
0.61481 0.47602 0.50464
0.54488 0.41697 0.50714
0.53652 0.41724 0.60732
0.43148 0.43541 0.45139
0.47951 0.42208 0.39321
0.56177 0.38860 0.43875
0.52266 0.31612 0.47226
0.63307 0.47232 0.66977
0.45044 0.35799 0.51004
0.52952 0.42403 0.50976
0.58914 0.40287 0.48333
0.51960 0.45644 0.56602
0.64356 0.47377 0.47563
0.48610 0.32635 0.47663
0.51869 0.42303 0.41495
0.56359 0.39898 0.37212
0.63554 0.39683 0.41050
0.52606 0.38182 0.47034
0.55147 0.46079 0.45517
0.54507 0.42881 0.47776
0.51397 0.43369 0.38838
0.49620 0.45839 0.42131
0.49309 0.40763 0.41850
0.50596 0.35784 0.46590
0.56019 0.42527 0.49933
0.56225 0.44645 0.49808
0.56830 0.42108 0.53553
0.55773 0.34556 0.51712
0.50307 0.43565 0.54229
0.58602 0.35198 0.44001
0.52355 0.41552 0.49358
0.51960 0.45374 0.49529
0.52605 0.42718 0.46949
0.58995 0.44085 0.43487
0.55147 0.37992 0.51086
0.44513 0.44301 0.50237
0.47028 0.39785 0.54573
0.60008 0.45566 0.45604
0.53467 0.33972 0.41636
0.64823 0.34706 0.44428
0.55406 0.31092 0.47551
0.51778 0.35949 0.51029
0.49700 0.46959 0.43592
0.54374 0.32548 0.53608
0.55221 0.45263 0.43827
0.51104 0.34824 0.41231
0.46749 0.45231 0.64757
0.55723 0.27667 0.45127
0.58516 0.45257 0.56228
0.64688 0.33555 0.49218
0.58960 0.37185 0.34740
0.58720 0.37296 0.43147
0.56403 0.36040 0.53848
0.49914 0.53197 0.37180
0.56227 0.43275 0.42215
0.54309 0.33864 0.56181
0.59908 0.36397 0.47206
0.59248 0.37348 0.50684
0.63318 0.35870 0.47594
0.61780 0.40789 0.45072
0.54083 0.32035 0.49724
0.58620 0.46625 0.57200
0.61124 0.29880 0.48148
0.59582 0.38398 0.48050
0.51533 0.40323 0.54142
0.48237 0.43751 0.41321
0.48745 0.40015 0.44912
0.57827 0.46088 0.48503
0.54636 0.36007 0.50825
0.60898 0.46001 0.38136
0.57366 0.37539 0.52468
0.51150 0.45610 0.51855
0.61712 0.42671 0.46666
0.57225 0.56553 0.52473
0.55295 0.36838 0.54513
0.62383 0.42754 0.41684
0.53996 0.40991 0.41467
0.57728 0.46834 0.59250
0.52258 0.44956 0.46555
0.52126 0.44380 0.49708
0.54971 0.46679 0.52867
0.57240 0.47512 0.50532
0.65691 0.32215 0.55130
0.57401 0.37130 0.45411
0.47400 0.42683 0.38533
0.65444 0.35804 0.44658
0.49675 0.25986 0.52691
0.46834 0.48272 0.45625
0.50875 0.40139 0.50884
0.50602 0.40791 0.58297
0.48629 0.42719 0.42197
0.60472 0.49523 0.60386
0.50233 0.42607 0.34754
0.60317 0.36223 0.38213
0.48668 0.50208 0.48740
0.58474 0.45240 0.56914
0.52058 0.49959 0.54003
0.52258 0.49476 0.60412
0.53940 0.46254 0.47408
0.57949 0.38245 0.55601
0.56058 0.43912 0.55570
0.51726 0.41101 0.45343
0.51753 0.36538 0.46522
0.53502 0.46102 0.53584
0.53573 0.56692 0.52268
0.53632 0.36810 0.50433
0.55588 0.37354 0.40797
0.63272 0.42886 0.47181
0.56042 0.41884 0.53578
0.61657 0.32162 0.44634
0.64564 0.45448 0.34832
0.59353 0.47276 0.45680
0.51145 0.35636 0.51896
0.52275 0.43878 0.47054
0.49703 0.45319 0.43593
0.53391 0.48063 0.48657
0.66694 0.29607 0.55533
0.56475 0.44379 0.44988
0.49537 0.35359 0.49805
0.47030 0.38177 0.42575
0.57577 0.26518 0.48664
0.60207 0.42610 0.42371
0.49945 0.42283 0.47261
0.55785 0.42512 0.54650
0.52568 0.51493 0.38762
0.65736 0.38467 0.41418
0.60802 0.40201 0.51534
0.53576 0.45584 0.48482
0.66804 0.34373 0.39945
0.57178 0.43090 0.43076
0.47076 0.52348 0.56703
0.46578 0.40045 0.49563
0.51839 0.42640 0.46607
0.59569 0.43550 0.39895
0.49011 0.37609 0.56044
0.66985 0.38601 0.31544
0.55679 0.41544 0.48987
0.57134 0.41018 0.58770
0.56531 0.41970 0.43456
0.56072 0.48045 0.50720
0.61027 0.53488 0.56009
0.39174 0.46121 0.39151
0.45018 0.49634 0.42946
0.50622 0.41000 0.50206
0.55930 0.41121 0.45119
0.46155 0.48488 0.30292
0.59770 0.44627 0.40556
0.59560 0.35842 0.48844
0.58161 0.41830 0.50037
0.55440 0.50262 0.62121
0.56393 0.43796 0.56870
0.58087 0.44335 0.43429
0.55413 0.41336 0.54526
0.56248 0.30882 0.46603
0.61047 0.36966 0.48216
0.53316 0.56382 0.41175
0.62671 0.43573 0.56157
0.54709 0.43505 0.45136
0.58305 0.37725 0.51082
0.57278 0.40019 0.56244
0.57266 0.37360 0.41712
0.54825 0.46235 0.51428
0.51872 0.38698 0.51495
0.56651 0.41016 0.48914
0.58141 0.47620 0.53736
0.61631 0.43442 0.43708
0.59518 0.47191 0.51461
0.52233 0.36941 0.48581
0.51852 0.46412 0.53704
0.52866 0.38509 0.50566
0.59087 0.42276 0.54014
0.50524 0.42772 0.54249
0.56638 0.40600 0.43970
0.53170 0.39801 0.55369
0.60512 0.33317 0.48260
0.44133 0.48744 0.49859
0.54347 0.37533 0.50160
0.67475 0.39392 0.43113
0.59104 0.38405 0.43751
0.52338 0.45680 0.60714
0.53091 0.38419 0.54591
0.49405 0.46295 0.54670
0.56321 0.51150 0.54633
0.52215 0.37099 0.49926
0.64730 0.29585 0.52753
0.59539 0.39007 0.35694
0.59428 0.50672 0.50866
