20 20 1000 23661 2505
0.85213 0.46779 0.28446
0.32500 0.07491 0.84224
0.80658 0.48050 0.66328
0.11757 0.89316 0.08246
0.30954 0.39569 0.93940
0.34115 0.07821 0.33504
0.97743 0.85548 0.30163
0.63889 0.89060 0.69469
0.22367 0.02170 0.60490
0.75351 0.89834 0.78223
0.29442 0.03690 0.61974
0.01121 0.63237 0.81723
0.65435 0.91318 0.95248
0.26687 0.47286 0.59850
0.11708 0.09060 0.70230
0.77299 0.85564 0.94121
0.64240 0.27312 0.63364
0.82164 0.13232 0.94801
0.60319 0.60174 0.22647
0.46190 0.21916 0.25418
0.60187 0.43826 0.54482
0.48632 0.54391 0.67429
0.49997 0.36882 0.57153
0.41276 0.33375 0.60365
0.56356 0.49532 0.58986
0.40250 0.38678 0.66769
0.50266 0.57426 0.55039
0.43146 0.47064 0.46801
0.40808 0.55740 0.54256
0.35473 0.51020 0.59212
0.47330 0.31551 0.53481
0.42959 0.47682 0.50957
0.51839 0.51960 0.60616
0.43789 0.40870 0.63544
0.62295 0.49877 0.60262
0.43157 0.47626 0.61377
0.41109 0.40842 0.64094
0.54764 0.42198 0.52370
0.42144 0.46112 0.62486
0.55662 0.47220 0.59872
0.56741 0.60048 0.58706
0.43050 0.47896 0.62266
0.65128 0.61437 0.62338
0.49149 0.43160 0.63070
0.42329 0.38450 0.67302
0.52047 0.37935 0.62258
0.44875 0.42102 0.60915
0.44056 0.51604 0.54393
0.44030 0.29959 0.59569
0.54931 0.46124 0.59068
0.48381 0.50096 0.61688
0.49500 0.32330 0.63774
0.55820 0.48156 0.58962
0.47810 0.36136 0.63136
0.51308 0.49579 0.54483
0.50891 0.49269 0.50846
0.50781 0.39424 0.63121
0.49861 0.42809 0.66208
0.52628 0.59833 0.44300
0.55056 0.42317 0.57554
0.50911 0.52629 0.57112
0.51444 0.62044 0.54843
0.57268 0.49307 0.63430
0.49996 0.54144 0.58616
0.58602 0.50470 0.62835
0.58428 0.51837 0.67160
0.49219 0.42244 0.62206
0.46395 0.49981 0.70083
0.41333 0.38524 0.57863
0.56666 0.55268 0.67507
0.53447 0.46317 0.49516
0.60082 0.46624 0.52345
0.56017 0.51530 0.59191
0.43419 0.43885 0.62283
0.49813 0.39214 0.59618
0.46723 0.47937 0.58409
0.59228 0.48216 0.57094
0.43502 0.53009 0.62815
0.50633 0.51481 0.57373
0.42164 0.45357 0.59737
0.49947 0.45225 0.62477
0.57313 0.52300 0.70853
0.44248 0.52039 0.45377
0.45600 0.56384 0.62450
0.35871 0.50613 0.55424
0.40780 0.33387 0.66402
0.51929 0.46863 0.51162
0.51429 0.42910 0.63097
0.57676 0.43696 0.65074
0.32057 0.44792 0.51786
0.39189 0.43613 0.54684
0.48957 0.61310 0.51608
0.53075 0.38169 0.59674
0.57167 0.56778 0.53252
0.41942 0.50861 0.64570
0.50783 0.44304 0.60014
0.45482 0.46302 0.53141
0.58236 0.61286 0.54912
0.60713 0.52173 0.59807
0.52341 0.52923 0.59165
0.49300 0.45309 0.74091
0.57036 0.53856 0.62847
0.35288 0.43402 0.60585
0.51323 0.57805 0.65604
0.49242 0.40198 0.67683
0.43962 0.38293 0.59266
0.52132 0.36817 0.67744
0.45216 0.31777 0.67227
0.40476 0.56410 0.53571
0.50046 0.56718 0.54873
0.53799 0.46717 0.54359
0.55230 0.54520 0.66624
0.54591 0.38469 0.59344
0.54060 0.46160 0.61870
0.47733 0.36183 0.61373
0.41248 0.38590 0.59740
0.43938 0.57350 0.63897
0.41725 0.44072 0.65278
0.61089 0.49703 0.64623
0.63156 0.45544 0.57899
0.55778 0.56451 0.63312
0.62170 0.57251 0.67734
0.48076 0.46221 0.66360
0.58410 0.55423 0.62666
0.55772 0.47705 0.59517
0.52978 0.40910 0.65050
0.53914 0.50846 0.62593
0.42949 0.58033 0.66442
0.59268 0.56219 0.57561
0.52633 0.47163 0.67966
0.48721 0.49692 0.58099
0.42361 0.50944 0.60257
0.48293 0.40071 0.56801
0.41658 0.44803 0.52800
0.50934 0.42262 0.61364
0.51175 0.52614 0.67676
0.60561 0.54406 0.56905
0.48971 0.53364 0.56172
0.45692 0.57659 0.64093
0.52329 0.51240 0.57732
0.47591 0.38312 0.62401
0.56812 0.53237 0.63266
0.49523 0.44429 0.56333
0.56634 0.52903 0.56241
0.53144 0.46464 0.69582
0.50384 0.39995 0.65590
0.55910 0.56712 0.61482
0.51320 0.59391 0.66971
0.52228 0.48959 0.71942
0.54308 0.53345 0.54711
0.49956 0.50766 0.64943
0.54646 0.54382 0.68722
0.43962 0.52776 0.64993
0.40319 0.51252 0.66784
0.63905 0.51860 0.63219
0.44183 0.42362 0.59850
0.48438 0.51645 0.49866
0.41657 0.51259 0.53057
0.50272 0.56549 0.57990
0.49898 0.51273 0.66002
0.57771 0.53798 0.70146
0.39505 0.52766 0.55091
0.57883 0.49803 0.51908
0.42769 0.36391 0.61955
0.44625 0.33178 0.59305
0.49423 0.50654 0.63789
0.50897 0.41727 0.59959
0.46412 0.32547 0.64812
0.59229 0.48761 0.65042
0.57624 0.49075 0.68873
0.46146 0.43074 0.63483
0.46883 0.51041 0.69701
0.53736 0.46046 0.59345
0.46446 0.40658 0.70116
0.45274 0.52548 0.65166
0.57683 0.48212 0.66908
0.44371 0.52488 0.68195
0.56222 0.40108 0.71222
0.43173 0.53435 0.54080
0.51114 0.57284 0.70526
0.56214 0.52015 0.63234
0.54249 0.46159 0.67012
0.53193 0.40952 0.67214
0.37751 0.44724 0.60140
0.57942 0.41398 0.51226
0.38498 0.43975 0.73583
0.47975 0.47424 0.69889
0.44228 0.44390 0.54305
0.58146 0.38319 0.52509
0.64038 0.44614 0.61127
0.52578 0.46434 0.61304
0.49136 0.43026 0.60517
0.58440 0.52503 0.64774
0.52035 0.30219 0.70815
0.50726 0.41395 0.62436
0.43338 0.37215 0.60106
0.43435 0.37006 0.52491
0.46386 0.48561 0.57284
0.53086 0.44511 0.65560
0.49519 0.47137 0.61325
0.64971 0.50959 0.59595
0.49964 0.40983 0.67515
0.51157 0.42062 0.60744
0.54893 0.39623 0.56792
0.42638 0.49304 0.67834
0.37742 0.43033 0.69559
0.50961 0.36778 0.67181
0.54552 0.42687 0.60975
0.49869 0.39210 0.60058
0.53178 0.51194 0.69284
0.52291 0.38705 0.57533
0.44923 0.36594 0.56889
0.52625 0.52883 0.66447
0.39586 0.55922 0.61519
0.48626 0.54481 0.63272
0.58727 0.37425 0.62647
0.51955 0.59842 0.58646
0.45200 0.47032 0.58050
0.60324 0.49667 0.62003
0.57078 0.52317 0.52938
0.50699 0.36333 0.60872
0.60058 0.51038 0.54467
0.42837 0.38663 0.61036
0.50890 0.48064 0.72801
0.54646 0.39854 0.57983
0.54799 0.40939 0.50370
0.49137 0.47850 0.61345
0.52524 0.48432 0.54830
0.53177 0.42382 0.60846
0.55262 0.52928 0.68416
0.44648 0.42219 0.67459
0.54465 0.42524 0.63761
0.46771 0.47218 0.57115
0.58903 0.50945 0.67561
0.60046 0.54249 0.67514
0.47253 0.45944 0.52732
0.46576 0.36788 0.66201
0.45453 0.39353 0.51187
0.48618 0.51387 0.51116
0.42422 0.41895 0.58279
0.40092 0.46430 0.53210
0.51276 0.55134 0.65981
0.46583 0.41654 0.62420
0.55720 0.49965 0.60002
0.35496 0.40386 0.59316
0.52333 0.48625 0.58872
0.58707 0.44454 0.62705
0.56884 0.49930 0.57897
0.51870 0.56427 0.62600
0.54168 0.39848 0.54113
0.51788 0.51039 0.58578
0.60918 0.60511 0.49547
0.65945 0.49840 0.62383
0.47000 0.47215 0.51411
0.57019 0.56782 0.58763
0.46271 0.39380 0.65277
0.45915 0.44778 0.69757
0.42715 0.53842 0.56948
0.45854 0.56069 0.60683
0.54219 0.41422 0.63926
0.55666 0.53439 0.54257
0.52735 0.55784 0.63435
0.45427 0.43446 0.67877
0.45114 0.37928 0.53634
0.50002 0.41940 0.52515
0.62703 0.52793 0.60214
0.52363 0.47361 0.58207
0.48039 0.39902 0.56806
0.51200 0.44529 0.58644
0.56304 0.44451 0.51457
0.40293 0.43826 0.63344
0.52994 0.53198 0.59098
0.34215 0.47978 0.63491
0.48909 0.38051 0.63106
0.52451 0.46470 0.57464
0.45693 0.46706 0.58729
0.45492 0.43111 0.62753
0.49369 0.40004 0.60270
0.55414 0.42075 0.59317
0.47458 0.28759 0.61584
0.50602 0.50313 0.50496
0.54628 0.37630 0.64639
0.49827 0.47778 0.57965
0.52415 0.49023 0.69851
0.44329 0.38646 0.57735
0.41337 0.39349 0.59574
0.48759 0.52607 0.68111
0.51864 0.49682 0.55860
0.58415 0.51157 0.59752
0.46315 0.41459 0.61410
0.52011 0.49097 0.70600
0.45020 0.34887 0.58678
0.51670 0.37939 0.59022
0.58234 0.52436 0.69105
0.48832 0.42966 0.59035
0.32804 0.59511 0.47187
0.39758 0.35083 0.62734
0.54141 0.44740 0.60783
0.52581 0.62256 0.65533
0.60251 0.60734 0.59419
0.44830 0.51129 0.65993
0.42403 0.41752 0.54391
0.46344 0.50149 0.43547
0.35679 0.34434 0.66023
0.54038 0.50882 0.53692
0.48714 0.45646 0.54467
0.52174 0.46569 0.65414
0.44044 0.46300 0.46985
0.54462 0.52832 0.62649
0.58741 0.48045 0.66189
0.37904 0.43146 0.59136
0.55905 0.53426 0.56870
0.51774 0.47230 0.67818
0.60828 0.55863 0.58537
0.53795 0.48764 0.56944
0.39217 0.40233 0.61379
0.45658 0.41498 0.58432
0.38649 0.49907 0.58935
0.54391 0.46300 0.66104
0.52635 0.48694 0.63062
0.58091 0.44464 0.53906
0.42910 0.50223 0.71303
0.65767 0.60710 0.55396
0.40473 0.44824 0.50912
0.46431 0.53992 0.59529
0.60994 0.53210 0.54779
0.43449 0.47181 0.55750
0.49073 0.53691 0.57786
0.50606 0.44599 0.68944
0.43357 0.37931 0.50697
0.45379 0.37569 0.66091
0.39695 0.35961 0.60919
0.50973 0.56646 0.72520
0.50207 0.42312 0.47940
0.50810 0.31679 0.59159
0.48132 0.35588 0.62196
0.51232 0.39582 0.55654
0.37063 0.30622 0.58706
0.63474 0.52157 0.57760
0.48909 0.39684 0.64894
0.50841 0.43531 0.62018
0.50451 0.49446 0.66933
0.45992 0.46364 0.59694
0.51920 0.47329 0.66993
0.53398 0.47255 0.62204
0.49294 0.46108 0.58984
0.58456 0.50320 0.60043
0.43485 0.42115 0.63519
0.48475 0.49080 0.69690
0.48594 0.40906 0.58118
0.42265 0.44542 0.57558
0.48872 0.43463 0.62946
0.50339 0.43880 0.62316
0.43293 0.58635 0.75222
0.50630 0.43148 0.64808
0.53823 0.48844 0.63364
0.52176 0.45816 0.53574
0.50306 0.50140 0.56673
0.53298 0.51660 0.64557
0.55212 0.41768 0.61599
0.47458 0.32834 0.52111
0.54166 0.44332 0.63643
0.41248 0.39060 0.66103
0.52032 0.38910 0.53800
0.39117 0.40883 0.59049
0.62350 0.63436 0.76160
0.54083 0.53522 0.64260
0.55810 0.54137 0.63359
0.51812 0.47499 0.60945
0.53453 0.51059 0.61004
0.43817 0.33894 0.59621
0.43369 0.53639 0.63369
0.47413 0.45546 0.63970
0.42653 0.41130 0.64099
0.43324 0.45409 0.63498
0.54262 0.48586 0.69005
0.52680 0.47097 0.61207
0.53907 0.56710 0.66924
0.54763 0.39528 0.59734
0.45147 0.35630 0.59608
0.50644 0.52037 0.60348
0.49512 0.39995 0.60042
0.43710 0.45149 0.63286
0.58637 0.52905 0.55023
0.48425 0.53687 0.51723
0.55403 0.51583 0.66330
0.50784 0.45074 0.61954
0.43150 0.44230 0.63561
0.45244 0.45103 0.63107
0.48095 0.42223 0.54963
0.48016 0.49013 0.58688
0.52140 0.57215 0.50977
0.43507 0.35902 0.60117
0.45538 0.39652 0.54400
0.48386 0.57643 0.66003
0.55338 0.45878 0.59187
0.61423 0.62402 0.64013
0.57621 0.48622 0.58213
0.47947 0.45340 0.59764
0.59262 0.45973 0.57391
0.48981 0.54699 0.61947
0.44953 0.40816 0.64999
0.56962 0.48718 0.63026
0.50655 0.48213 0.72117
0.50581 0.43662 0.63230
0.54913 0.41908 0.58693
0.47736 0.47318 0.54176
0.55339 0.44315 0.68073
0.53449 0.49588 0.59076
0.40896 0.46185 0.64173
0.44871 0.29373 0.57121
0.39444 0.43426 0.66018
0.55147 0.52268 0.64131
0.47374 0.65001 0.48601
0.54877 0.52833 0.54443
0.47265 0.48933 0.58483
0.44019 0.29342 0.57387
0.48767 0.54472 0.73000
0.54776 0.52010 0.63766
0.46915 0.48755 0.54532
0.46931 0.55246 0.69136
0.55525 0.40781 0.64671
0.53330 0.43331 0.60010
0.48554 0.41893 0.68735
0.43992 0.44481 0.56149
0.48362 0.47134 0.59629
0.48073 0.43759 0.68648
0.51898 0.44922 0.46702
0.49766 0.50494 0.58369
0.50491 0.60979 0.61013
0.43798 0.51162 0.67052
0.54974 0.49540 0.54157
0.52314 0.41750 0.53917
0.57854 0.54912 0.64580
0.45278 0.42395 0.63963
0.50861 0.46454 0.58092
0.52244 0.36386 0.69892
0.47651 0.44330 0.68587
0.41724 0.52850 0.64569
0.48519 0.52551 0.63729
0.52848 0.44972 0.66137
0.49205 0.49795 0.62649
0.54174 0.59415 0.63925
0.48200 0.49094 0.56797
0.46115 0.50281 0.65150
0.49145 0.40222 0.51430
0.45207 0.39454 0.69754
0.58065 0.44971 0.65695
0.53340 0.49587 0.61899
0.43024 0.39088 0.55863
0.51408 0.54499 0.59480
0.64039 0.53390 0.52605
0.44247 0.40616 0.61635
0.57931 0.57012 0.65563
0.57051 0.55113 0.58124
0.68839 0.46436 0.69724
0.40910 0.41790 0.56938
0.48243 0.34330 0.54009
0.50395 0.54983 0.76734
0.50601 0.31081 0.65864
0.50154 0.48194 0.70929
0.51975 0.39415 0.53678
0.50655 0.39506 0.61539
0.51047 0.48673 0.62126
0.50478 0.51462 0.67347
0.62573 0.49673 0.50009
0.50279 0.41943 0.63692
0.51047 0.44293 0.61451
0.47511 0.47163 0.59834
0.41912 0.35652 0.65491
0.44625 0.50346 0.53246
0.58302 0.52175 0.61773
0.52610 0.51310 0.69696
0.50261 0.48306 0.62050
0.65310 0.56147 0.51139
0.40542 0.38476 0.66871
0.57407 0.43513 0.65948
0.41469 0.35380 0.56908
0.49847 0.36430 0.63579
0.60731 0.47714 0.54518
0.56649 0.49383 0.66102
0.58023 0.60371 0.67922
0.40703 0.51661 0.56085
0.51531 0.39423 0.56763
0.55465 0.53935 0.57401
0.57067 0.51467 0.63865
0.52215 0.44334 0.64831
0.54930 0.58087 0.60852
0.50740 0.52183 0.62321
0.50005 0.44360 0.59511
0.64587 0.59482 0.65260
0.54599 0.43164 0.60719
0.49443 0.58223 0.67355
0.47744 0.34331 0.67008
0.47695 0.57789 0.60038
0.47277 0.55507 0.57323
0.57068 0.52517 0.69398
0.43606 0.47283 0.52915
0.54058 0.54977 0.67213
0.48657 0.45237 0.55955
0.49092 0.48955 0.65214
0.46631 0.34449 0.67720
0.46545 0.41654 0.57310
0.45810 0.51276 0.60820
0.48764 0.40922 0.66809
0.53894 0.48653 0.60730
0.55373 0.56287 0.72076
0.54505 0.49984 0.56067
0.49968 0.67562 0.58203
0.49209 0.54035 0.61754
0.40108 0.40203 0.63307
0.49669 0.52874 0.64766
0.48893 0.53532 0.57700
0.44932 0.35757 0.62186
0.45196 0.42324 0.61108
0.47001 0.49907 0.56531
0.45948 0.51158 0.56126
0.54231 0.57510 0.58832
0.46405 0.49906 0.64854
0.39757 0.35842 0.60003
0.44263 0.38015 0.65898
0.51154 0.58408 0.61546
0.40816 0.38419 0.66348
0.41933 0.32847 0.65267
0.41844 0.45503 0.57223
0.55193 0.44206 0.57059
0.53010 0.46753 0.66188
0.48053 0.42466 0.61153
0.44362 0.39905 0.53587
0.51757 0.40889 0.64171
0.52179 0.57756 0.67258
0.49861 0.44525 0.57582
0.54361 0.43218 0.63919
0.57078 0.53704 0.62566
0.56250 0.45649 0.57352
0.56309 0.54173 0.68211
0.55937 0.56885 0.69172
0.64846 0.59576 0.61455
0.45481 0.32860 0.62627
0.53048 0.51241 0.61984
0.57159 0.48954 0.59016
0.53574 0.55769 0.69809
0.55387 0.46571 0.60962
0.52204 0.33620 0.67714
0.49731 0.51859 0.60974
0.44015 0.32290 0.63935
0.51417 0.45941 0.57640
0.51450 0.42650 0.49997
0.54448 0.48284 0.56831
0.51919 0.50844 0.54096
0.53724 0.42191 0.59740
0.48631 0.54950 0.51370
0.51220 0.59234 0.61617
0.50974 0.55193 0.57399
0.45585 0.41825 0.50386
0.35455 0.24287 0.65509
0.63447 0.67232 0.64035
0.54065 0.49472 0.62366
0.52848 0.44413 0.62411
0.36877 0.40704 0.62384
0.48985 0.48090 0.71800
0.50159 0.38082 0.57299
0.53666 0.39851 0.61481
0.46342 0.51163 0.54100
0.49601 0.46144 0.76301
0.55353 0.49089 0.53444
0.54699 0.34624 0.60729
0.50013 0.39223 0.64230
0.46815 0.51329 0.57891
0.52092 0.44752 0.54939
0.54280 0.41937 0.46897
0.47160 0.54087 0.66107
0.49293 0.46434 0.70442
0.53729 0.54229 0.61815
0.45724 0.38626 0.58117
0.48971 0.53765 0.66082
0.54557 0.42058 0.64129
0.46388 0.46353 0.64613
0.53732 0.46263 0.50681
0.43434 0.58814 0.59178
0.54377 0.50393 0.69068
0.52116 0.53783 0.68871
0.49193 0.46514 0.65613
0.51886 0.45239 0.64119
0.50497 0.48395 0.59552
0.42148 0.31383 0.63925
0.45562 0.45940 0.55095
0.45329 0.32286 0.62029
0.44630 0.43386 0.68595
0.61512 0.48403 0.71326
0.56423 0.63989 0.59819
0.50343 0.43616 0.47140
0.51375 0.41735 0.54176
0.51872 0.40424 0.71009
0.46951 0.46368 0.64072
0.60833 0.54794 0.60343
0.45607 0.54826 0.55834
0.53652 0.42197 0.53714
0.56801 0.50653 0.70307
0.50755 0.65257 0.67552
0.49989 0.38318 0.59569
0.44965 0.38672 0.56438
0.41339 0.28533 0.65429
0.39269 0.42571 0.59068
0.55463 0.56379 0.58992
0.39428 0.41715 0.62435
0.51304 0.58307 0.48534
0.50399 0.40864 0.56772
0.52174 0.51449 0.64518
0.57312 0.50889 0.52583
0.57614 0.49513 0.67290
0.56472 0.50438 0.60551
0.49079 0.47320 0.60787
0.48805 0.29032 0.68130
0.55104 0.52172 0.45323
0.46761 0.54187 0.65802
0.55560 0.63399 0.65286
0.58733 0.49330 0.51998
0.52521 0.49500 0.62631
0.49905 0.57117 0.65063
0.56004 0.43294 0.71603
0.60419 0.61832 0.70203
0.47534 0.42511 0.60669
0.44252 0.39592 0.53462
0.57646 0.54441 0.62133
0.56127 0.58368 0.56614
0.40914 0.42470 0.58436
0.46278 0.64512 0.49627
0.48413 0.52827 0.65505
0.41595 0.44988 0.52112
0.46773 0.40942 0.59234
0.47665 0.43213 0.61136
0.55858 0.42247 0.65059
0.50187 0.37104 0.54158
0.52534 0.50476 0.68068
0.63767 0.55224 0.45172
0.49844 0.61516 0.67071
0.57027 0.50761 0.67158
0.53022 0.49501 0.57549
0.58256 0.42374 0.59764
0.54728 0.50281 0.61633
0.47654 0.39657 0.70795
0.42201 0.61109 0.59919
0.55512 0.46883 0.65512
0.54463 0.49682 0.61046
0.50410 0.55512 0.67680
0.62016 0.57213 0.52757
0.52665 0.43819 0.53209
0.40966 0.41029 0.51051
0.41322 0.45564 0.67627
0.43328 0.44506 0.67528
0.49457 0.46429 0.52135
0.46474 0.47747 0.68582
0.50751 0.53867 0.48617
0.39181 0.42123 0.52576
0.46516 0.51747 0.61927
0.64943 0.47841 0.54869
0.49001 0.37355 0.61661
0.49040 0.39261 0.64167
0.55302 0.39991 0.61447
0.48107 0.49006 0.59216
0.46249 0.38972 0.62624
0.44051 0.33837 0.63592
0.46648 0.41064 0.66278
0.48599 0.50398 0.68287
0.53011 0.42260 0.65420
0.56855 0.55948 0.61414
0.53567 0.61521 0.57148
0.45780 0.39851 0.54987
0.39920 0.39400 0.66323
0.49283 0.47242 0.71297
0.59723 0.45745 0.74021
0.53450 0.51382 0.60554
0.44779 0.41243 0.57281
0.46993 0.40333 0.69015
0.45458 0.42263 0.70249
0.46994 0.38325 0.74134
0.38724 0.46945 0.68042
0.56109 0.43454 0.68241
0.50149 0.48199 0.63598
0.43551 0.29786 0.55140
0.44926 0.51885 0.64156
0.51718 0.39941 0.66073
0.50047 0.40813 0.61115
0.45273 0.48652 0.56712
0.49055 0.53659 0.52280
0.46971 0.45221 0.48375
0.47382 0.46908 0.50400
0.46562 0.42149 0.66437
0.47105 0.33538 0.52230
0.51490 0.50099 0.62677
0.45568 0.43368 0.71416
0.52255 0.52605 0.66973
0.55742 0.49344 0.73811
0.64958 0.64906 0.65570
0.49739 0.48174 0.62566
0.51113 0.38548 0.65875
0.41188 0.43747 0.53277
0.50575 0.46582 0.58294
0.51627 0.51744 0.57415
0.55883 0.56531 0.63337
0.47892 0.43991 0.58507
0.57898 0.36794 0.74865
0.39484 0.47901 0.37690
0.43431 0.63357 0.52970
0.56595 0.54302 0.52951
0.52181 0.46689 0.58466
0.41813 0.37262 0.60152
0.51518 0.48656 0.45807
0.56157 0.57493 0.54097
0.49964 0.40304 0.60552
0.57504 0.55626 0.61970
0.52123 0.46650 0.69137
0.58631 0.49666 0.60453
0.44145 0.41043 0.54704
0.49061 0.42784 0.63838
0.50619 0.50847 0.60129
0.56934 0.49987 0.59409
0.53975 0.53363 0.59781
0.56099 0.59540 0.65460
0.50985 0.40430 0.62322
0.53731 0.42408 0.68406
0.45101 0.38123 0.59118
0.49383 0.46707 0.70639
0.46143 0.47802 0.59134
0.56563 0.49429 0.69375
0.55378 0.44618 0.68331
0.41733 0.46832 0.56703
0.65840 0.54775 0.56150
0.54913 0.46560 0.55094
0.44566 0.45874 0.59555
0.47755 0.52666 0.59005
0.50940 0.39243 0.51310
0.44845 0.46987 0.58305
0.50320 0.54851 0.56557
0.48467 0.47859 0.64949
0.47793 0.54136 0.62439
0.54961 0.54851 0.63187
0.60504 0.48403 0.52461
0.50780 0.63037 0.55815
0.51183 0.47780 0.62858
0.59920 0.54168 0.58797
0.41999 0.35355 0.66026
0.53244 0.49917 0.54587
0.50492 0.41309 0.61103
0.52052 0.49595 0.60097
0.63738 0.40493 0.69035
0.38561 0.38394 0.66462
0.59819 0.43046 0.56040
0.35149 0.46717 0.71738
0.63845 0.54820 0.64112
0.37557 0.40079 0.68832
0.50949 0.58475 0.62857
0.50909 0.41687 0.52077
0.57032 0.44257 0.68601
0.41521 0.52868 0.63100
0.56494 0.44872 0.61187
0.43721 0.41863 0.60501
0.59343 0.51718 0.49549
0.46602 0.51576 0.62158
0.43037 0.41044 0.57766
0.40656 0.36667 0.64983
0.49302 0.59922 0.54914
0.52137 0.48462 0.60224
0.57334 0.48994 0.66001
0.59689 0.43839 0.69868
0.47153 0.58806 0.72358
0.42274 0.40828 0.59071
0.52685 0.52662 0.68707
0.44061 0.44130 0.62205
0.54384 0.43137 0.60626
0.57975 0.37679 0.64826
0.45812 0.36707 0.57183
0.55708 0.40367 0.56392
0.49548 0.45255 0.62441
0.40892 0.43706 0.58857
0.40768 0.45145 0.61995
0.55095 0.54260 0.69358
0.39846 0.43338 0.65377
0.51095 0.44157 0.63709
0.44857 0.32935 0.59674
0.49972 0.53008 0.52699
0.52099 0.39428 0.62231
0.60555 0.44134 0.68807
0.55813 0.55129 0.63268
0.49991 0.42676 0.60884
0.58971 0.54300 0.49029
0.55830 0.49904 0.61397
0.45181 0.44674 0.59295
0.45106 0.56918 0.56198
0.51364 0.50770 0.59913
0.49388 0.40375 0.65750
0.58478 0.54390 0.62168
0.51081 0.42592 0.58051
0.48360 0.57393 0.53869
0.51921 0.56451 0.61853
0.41345 0.44063 0.63347
0.60946 0.55448 0.66611
0.55848 0.44787 0.55503
0.46033 0.65256 0.46350
0.44907 0.40816 0.59442
0.45823 0.32464 0.55348
0.49686 0.42831 0.62300
0.52195 0.45867 0.47252
0.44783 0.40472 0.65373
0.52543 0.45249 0.56326
0.46925 0.51292 0.52850
0.49176 0.52061 0.65202
0.59476 0.55294 0.58161
0.51864 0.44136 0.59592
0.41010 0.43443 0.61755
0.57027 0.59772 0.65635
0.46279 0.45713 0.66644
0.53199 0.34780 0.61111
0.59298 0.48998 0.57495
0.44904 0.41939 0.62710
0.47715 0.39121 0.54005
0.40576 0.41800 0.53500
0.47750 0.47011 0.56139
0.45458 0.41805 0.54696
0.50021 0.32609 0.66914
0.46960 0.44175 0.58321
0.53018 0.40840 0.55846
0.47673 0.40231 0.58582
0.50421 0.45953 0.62783
0.46827 0.45945 0.49073
0.56447 0.39132 0.69539
0.53400 0.49153 0.59496
0.44212 0.51263 0.57106
0.45933 0.38375 0.63570
0.38237 0.48662 0.68697
0.41043 0.53974 0.46479
0.46641 0.38590 0.59766
0.43983 0.42538 0.56284
0.43080 0.40189 0.55437
0.49188 0.47552 0.58652
0.46634 0.49168 0.68630
0.45574 0.37653 0.64706
0.48005 0.42082 0.59191
0.49128 0.41597 0.58393
0.49582 0.45830 0.62661
0.51059 0.40891 0.63154
0.50683 0.45861 0.61270
0.53150 0.47369 0.64898
0.44860 0.37662 0.61138
0.52916 0.54986 0.66708
0.48213 0.34015 0.61550
0.43506 0.36178 0.63933
0.54225 0.51155 0.57371
0.49757 0.47838 0.55835
0.49205 0.54378 0.61919
0.53290 0.40871 0.55058
0.53628 0.60120 0.64480
0.42515 0.49337 0.58355
0.57117 0.51578 0.52557
0.54088 0.49898 0.73475
0.59556 0.52059 0.76253
0.43728 0.39891 0.65490
0.42609 0.47921 0.51155
0.52947 0.48037 0.56761
0.49330 0.50169 0.65871
0.52622 0.53770 0.56345
0.43510 0.36625 0.69025
0.44939 0.54163 0.53885
0.43381 0.40302 0.65122
0.58333 0.59811 0.61025
0.56762 0.46975 0.59313
0.55947 0.48919 0.53761
0.53217 0.50479 0.57395
0.48801 0.62150 0.42350
0.47783 0.45258 0.63933
0.52219 0.43423 0.64811
0.50491 0.47588 0.59251
0.47120 0.40853 0.62361
0.55157 0.44497 0.67074
0.45829 0.42920 0.64404
0.50249 0.45925 0.65362
0.44828 0.52851 0.58617
0.47989 0.40376 0.57023
0.54318 0.46380 0.56073
0.42140 0.35675 0.62426
0.54590 0.46139 0.65219
0.48831 0.42558 0.61862
0.47264 0.43856 0.59138
0.62981 0.42148 0.64545
0.58053 0.37174 0.48836
0.46401 0.49970 0.60412
0.47129 0.53343 0.41559
0.55443 0.58707 0.58187
0.54337 0.44552 0.59763
0.45677 0.35657 0.63372
0.53785 0.49428 0.62614
0.59495 0.55731 0.59264
0.40287 0.47707 0.56446
0.54429 0.42987 0.56491
0.43627 0.41283 0.55084
0.37625 0.47840 0.62790
0.55626 0.46090 0.65505
0.57739 0.48699 0.58936
0.51266 0.53938 0.60646
0.60945 0.53277 0.58979
0.58929 0.46602 0.59126
0.47535 0.50049 0.61741
0.55972 0.54564 0.56518
0.47856 0.42867 0.61687
0.41854 0.42660 0.69576
0.58481 0.48885 0.62733
0.44476 0.44531 0.52479
0.50590 0.43434 0.59393
0.36247 0.34354 0.73254
0.36985 0.43657 0.62607
0.47821 0.49440 0.61271
0.54991 0.53859 0.66305
0.57050 0.41834 0.63658
0.49108 0.55580 0.69586
0.47480 0.48736 0.64617
0.52741 0.52644 0.48862
0.53525 0.51080 0.61307
0.51280 0.46807 0.63906
0.47339 0.47040 0.64970
0.58687 0.60813 0.57996
0.61591 0.45117 0.56817
0.51275 0.46412 0.59945
0.49534 0.47633 0.48218
0.38346 0.62155 0.44877
0.47749 0.37159 0.62864
0.53013 0.39936 0.61967
0.36544 0.46815 0.50365
0.42886 0.50293 0.50106
0.58398 0.46718 0.57214
0.64266 0.53004 0.63401
0.59214 0.41955 0.65841
0.42138 0.51557 0.52166
0.51214 0.50240 0.57713
0.57515 0.48552 0.44651
0.49862 0.54896 0.65514
0.58641 0.46738 0.57877
0.49568 0.45819 0.60529
0.50571 0.33466 0.55856
0.55001 0.45443 0.56398
0.40928 0.36534 0.59320
0.48827 0.37030 0.58478
0.43886 0.35975 0.63724
0.51947 0.47177 0.48042
0.59719 0.65750 0.63284
0.45526 0.39159 0.71009
0.50485 0.47934 0.52254
0.44379 0.33922 0.53781
0.39148 0.44866 0.60183
0.47960 0.50812 0.63151
0.57638 0.53266 0.65885
0.51889 0.43110 0.66058
0.60386 0.60164 0.60668
0.50451 0.56490 0.57055
0.48053 0.51887 0.65796
0.48900 0.40034 0.64367
0.52008 0.50617 0.50666
0.50164 0.59904 0.61101
0.50631 0.50432 0.62167
0.46930 0.55134 0.52072
0.44222 0.40466 0.55813
0.55090 0.57782 0.59310
0.49236 0.57416 0.60970
0.58953 0.60767 0.71422
0.46975 0.47439 0.53676
0.62777 0.58569 0.57544
0.60150 0.54668 0.58116
0.50173 0.49984 0.60603
0.35908 0.38372 0.65294
0.58771 0.50090 0.52047
0.48494 0.47011 0.62231
0.54651 0.50983 0.66356
0.45168 0.43648 0.64873
0.56408 0.61062 0.63442
0.45822 0.39810 0.57044
0.42414 0.49782 0.60228
0.45022 0.43387 0.56323
0.44310 0.36059 0.69025
0.50720 0.39608 0.67262
0.51095 0.39720 0.63684
0.47304 0.39739 0.64020
0.44952 0.39773 0.65746
0.44182 0.32278 0.64669
0.47489 0.44018 0.59289
0.50401 0.43296 0.69545
0.46646 0.46292 0.70996
0.41974 0.48097 0.54678
0.45417 0.35133 0.63962
0.51879 0.43761 0.57912
0.49427 0.33883 0.60219
0.68339 0.43128 0.67067
0.49577 0.41700 0.65194
0.53063 0.49848 0.57689
0.55420 0.47219 0.65399
0.53108 0.41328 0.56287
0.45010 0.57012 0.66179
0.55557 0.51456 0.66369
0.40376 0.39229 0.60771
0.45764 0.46953 0.67702
0.61451 0.58270 0.54053
0.40018 0.52855 0.56010
0.48583 0.38247 0.56322
0.43545 0.32038 0.61430
0.49606 0.50780 0.69448
0.67318 0.70618 0.58543
0.51469 0.51896 0.76805
0.54245 0.45544 0.46857
0.46212 0.42407 0.54553
0.48926 0.49570 0.62404
0.44641 0.48072 0.56501
0.53958 0.34636 0.67451
0.59170 0.60737 0.59744
0.43991 0.38289 0.67070
0.47683 0.41985 0.62344
0.56130 0.54899 0.66253
0.53035 0.62118 0.59736
0.48948 0.46707 0.64221
0.52384 0.47585 0.72282
0.49771 0.42613 0.54866
0.49136 0.50381 0.54456
