20 19 1000 7878 7560
0.47811 0.16538 0.96317
0.11803 0.07896 0.15725
0.01771 0.53619 0.87694
0.31144 0.79309 0.02145
0.69266 0.04218 0.55234
0.48100 0.84322 0.52379
0.40691 0.86934 0.97790
0.95597 0.92272 0.51467
0.79515 0.04288 0.88014
0.21967 0.13058 0.63406
0.97320 0.58882 0.20356
0.74758 0.76747 0.91576
0.27661 0.72010 0.66960
0.62057 0.93449 0.93186
0.28286 0.89191 0.16350
0.50115 0.74657 0.61777
0.70726 0.86655 0.22894
0.60133 0.38342 0.79231
0.18083 0.09064 0.72130
0.53160 0.68817 0.48656
0.41648 0.51890 0.62198
0.48057 0.52522 0.55999
0.40291 0.42351 0.54946
0.51106 0.61751 0.60480
0.52199 0.63090 0.67422
0.45656 0.57841 0.57680
0.57827 0.60232 0.51006
0.45445 0.52792 0.61294
0.46966 0.61056 0.54930
0.45869 0.46695 0.64364
0.50135 0.55482 0.54675
0.42976 0.45780 0.61759
0.60257 0.55652 0.52393
0.38815 0.48822 0.57598
0.39942 0.60114 0.53697
0.47178 0.64312 0.75970
0.63721 0.56680 0.53053
0.51967 0.61987 0.60776
0.55927 0.62674 0.62405
0.49193 0.70718 0.65919
0.46233 0.68175 0.50710
0.61798 0.73739 0.53818
0.42373 0.42177 0.52975
0.60091 0.54916 0.64222
0.35800 0.45479 0.55406
0.41415 0.54549 0.62801
0.52402 0.65323 0.55646
0.42805 0.42039 0.61163
0.40333 0.49418 0.51047
0.46784 0.65157 0.62339
0.48991 0.45105 0.62590
0.54959 0.57488 0.54218
0.45593 0.57747 0.65433
0.41155 0.48052 0.64718
0.46793 0.69295 0.70332
0.57093 0.58110 0.58307
0.47648 0.57696 0.61599
0.60071 0.55530 0.61623
0.35525 0.51710 0.60706
0.59460 0.58547 0.65312
0.50173 0.47642 0.64124
0.42851 0.58625 0.66063
0.41151 0.59852 0.64332
0.46892 0.59396 0.55371
0.54345 0.43197 0.69078
0.50771 0.52578 0.68571
0.51788 0.46898 0.62487
0.53721 0.51303 0.63277
0.57039 0.47409 0.66167
0.51720 0.55285 0.55683
0.53509 0.39711 0.68847
0.53429 0.60385 0.62913
0.44762 0.46269 0.67388
0.48558 0.57175 0.62743
0.43872 0.58596 0.68882
0.50406 0.65485 0.60487
0.57279 0.61576 0.65950
0.44968 0.46433 0.60405
0.45988 0.67939 0.65535
0.54035 0.59301 0.65586
0.46373 0.54693 0.65273
0.56000 0.46265 0.61163
0.60652 0.50328 0.51044
0.51542 0.51699 0.61146
0.51853 0.60882 0.53878
0.44150 0.48808 0.62966
0.48447 0.67041 0.68268
0.49397 0.67685 0.65619
0.50595 0.41588 0.57381
0.52628 0.56051 0.54359
0.41752 0.53671 0.61836
0.41592 0.63657 0.55333
0.34415 0.48745 0.65719
0.37265 0.48373 0.65158
0.53264 0.61434 0.71890
0.40786 0.61683 0.58482
0.39406 0.53899 0.58590
0.50283 0.47352 0.51808
0.47343 0.52853 0.51846
0.44907 0.49171 0.53746
0.41857 0.59692 0.51220
0.45517 0.65918 0.63476
0.51250 0.55985 0.53608
0.40925 0.62970 0.61402
0.43159 0.59620 0.44704
0.50798 0.59308 0.51163
0.47048 0.63756 0.54449
0.48616 0.56277 0.59702
0.45964 0.50223 0.71134
0.34756 0.57452 0.57585
0.44119 0.66058 0.54195
0.43438 0.49210 0.53729
0.43649 0.51420 0.67710
0.45411 0.57017 0.59896
0.55988 0.61515 0.57490
0.41348 0.57617 0.59723
0.52570 0.61323 0.38642
0.48610 0.47476 0.58778
0.52257 0.62703 0.53993
0.49113 0.58209 0.58665
0.47150 0.52043 0.76943
0.41673 0.51284 0.59039
0.55792 0.56375 0.63659
0.51289 0.61132 0.51389
0.48104 0.32802 0.58926
0.54049 0.48695 0.51485
0.47578 0.44527 0.52628
0.50751 0.54206 0.56054
0.59059 0.65770 0.60259
0.31431 0.40207 0.48882
0.43634 0.61487 0.52699
0.39569 0.55934 0.66977
0.57833 0.46288 0.58222
0.57410 0.55491 0.52642
0.60179 0.62334 0.53802
0.54610 0.66468 0.62145
0.51543 0.45544 0.52822
0.56208 0.63139 0.62282
0.47139 0.62356 0.72687
0.46804 0.51660 0.51658
0.43721 0.57393 0.49995
0.51579 0.55968 0.49811
0.50782 0.59131 0.58815
0.47182 0.61116 0.64970
0.44055 0.56989 0.44429
0.51393 0.53480 0.65087
0.51935 0.40944 0.61763
0.47286 0.61533 0.69727
0.48610 0.45643 0.61757
0.46080 0.52956 0.64944
0.47227 0.59839 0.54873
0.49775 0.70269 0.49898
0.44529 0.49577 0.56819
0.45438 0.58997 0.65622
0.41528 0.53704 0.56249
0.53152 0.61892 0.64569
0.46025 0.43602 0.58099
0.41193 0.32517 0.53142
0.47654 0.31446 0.72952
0.51843 0.55998 0.65651
0.50584 0.60589 0.57580
0.65331 0.62717 0.59089
0.39874 0.70036 0.42693
0.51172 0.50461 0.62075
0.51007 0.55041 0.46575
0.60476 0.67050 0.58736
0.53138 0.50374 0.62154
0.46779 0.67287 0.53107
0.50089 0.60486 0.55913
0.42153 0.52070 0.56181
0.32570 0.61909 0.59969
0.43228 0.52016 0.67788
0.53456 0.59231 0.66007
0.39014 0.48598 0.50977
0.55224 0.56349 0.59401
0.46463 0.50329 0.52342
0.47697 0.58047 0.63709
0.47796 0.62167 0.61972
0.54296 0.58297 0.53241
0.44014 0.46831 0.54938
0.46688 0.60881 0.69001
0.41289 0.57137 0.63848
0.39125 0.53509 0.64272
0.55221 0.59190 0.57508
0.43492 0.48820 0.49469
0.53500 0.45398 0.63505
0.53434 0.47984 0.61068
0.48062 0.55907 0.61221
0.55717 0.57345 0.55679
0.48589 0.50823 0.59996
0.51338 0.56145 0.49707
0.49491 0.42433 0.62953
0.43063 0.69368 0.48717
0.48194 0.52513 0.60541
0.33509 0.60091 0.59182
0.51183 0.39652 0.61119
0.57764 0.57667 0.76830
0.45693 0.65240 0.62194
0.46035 0.57022 0.61673
0.53599 0.51207 0.61395
0.44245 0.53732 0.57016
0.57291 0.63911 0.54886
0.45002 0.50577 0.56655
0.45224 0.61011 0.57978
0.48969 0.52732 0.62531
0.50244 0.61240 0.57051
0.40922 0.42328 0.54377
0.59314 0.59039 0.56493
0.56249 0.54826 0.59325
0.48174 0.56256 0.60369
0.52755 0.53095 0.55937
0.49637 0.72633 0.49360
0.50749 0.61148 0.53107
0.48345 0.50296 0.55301
0.46243 0.50989 0.59558
0.53351 0.61145 0.66668
0.52662 0.50133 0.59084
0.58344 0.52234 0.53539
0.38353 0.48323 0.53373
0.49761 0.51822 0.60199
0.46677 0.58389 0.71380
0.46496 0.60251 0.59616
0.53409 0.56340 0.73028
0.43890 0.59989 0.63908
0.51092 0.65113 0.60379
0.50918 0.51498 0.62117
0.42320 0.58643 0.61693
0.56338 0.66229 0.60223
0.30581 0.48047 0.62037
0.53863 0.55670 0.64485
0.56594 0.51049 0.58707
0.35636 0.65487 0.50372
0.56626 0.58845 0.59950
0.51947 0.68123 0.46963
0.51505 0.55416 0.56877
0.49086 0.65137 0.54874
0.48276 0.62727 0.58118
0.43807 0.59918 0.52728
0.53273 0.56439 0.59475
0.40723 0.43985 0.60037
0.48459 0.52645 0.61567
0.53778 0.52333 0.68307
0.40750 0.58307 0.54460
0.42918 0.55511 0.65367
0.55840 0.60473 0.48717
0.40839 0.52737 0.61326
0.40215 0.56514 0.45952
0.36282 0.52827 0.61227
0.57284 0.58557 0.63849
0.47424 0.46253 0.71430
0.39342 0.49676 0.64643
0.52122 0.57578 0.65515
0.55131 0.57374 0.59356
0.55835 0.62835 0.45128
0.45907 0.54852 0.51057
0.44909 0.51306 0.63580
0.50545 0.61388 0.58610
0.55453 0.56714 0.56337
0.45998 0.70441 0.41573
0.51063 0.60028 0.63558
0.56921 0.56447 0.61024
0.43116 0.53470 0.57374
0.44437 0.55969 0.41748
0.58626 0.48010 0.66362
0.51598 0.60244 0.62749
0.61445 0.58935 0.57571
0.36966 0.59099 0.70936
0.45494 0.49205 0.54482
0.58615 0.57708 0.59894
0.45922 0.67145 0.69604
0.46138 0.58841 0.53811
0.55504 0.48343 0.64241
0.51084 0.45174 0.55435
0.41834 0.51434 0.66408
0.46200 0.57522 0.51282
0.37386 0.47705 0.64271
0.51106 0.56760 0.60864
0.53289 0.71252 0.59131
0.45825 0.42716 0.69058
0.39160 0.58980 0.63323
0.55372 0.53897 0.55386
0.56507 0.52490 0.54244
0.50640 0.58804 0.71240
0.47349 0.54207 0.62223
0.68510 0.57043 0.49297
0.51291 0.48975 0.67939
0.48078 0.63468 0.61746
0.49680 0.43416 0.65154
0.49915 0.56540 0.65083
0.56633 0.49349 0.57238
0.52655 0.50590 0.69297
0.51438 0.51215 0.56862
0.46249 0.60173 0.52742
0.42398 0.60661 0.50752
0.56462 0.61482 0.59997
0.38898 0.62284 0.55518
0.61515 0.57140 0.59039
0.51318 0.47964 0.67361
0.57539 0.63121 0.51314
0.58863 0.53559 0.57992
0.58090 0.65167 0.65292
0.51391 0.66739 0.47927
0.53082 0.58846 0.62412
0.47563 0.27766 0.64528
0.43628 0.60755 0.56729
0.53366 0.47887 0.66141
0.46626 0.58596 0.47095
0.52806 0.58975 0.54867
0.54161 0.53598 0.46265
0.49602 0.49679 0.53914
0.48403 0.58078 0.59144
0.54745 0.64032 0.49851
0.48510 0.46731 0.61906
0.51253 0.56152 0.65597
0.51201 0.39586 0.68236
0.57668 0.67915 0.50603
0.54164 0.64382 0.73181
0.43116 0.54125 0.62679
0.57134 0.54300 0.67458
0.49059 0.58159 0.55127
0.53903 0.66192 0.47125
0.45364 0.59185 0.51535
0.46001 0.53777 0.56165
0.44804 0.62552 0.52466
0.44190 0.56470 0.68180
0.50356 0.43448 0.59258
0.51901 0.63357 0.51349
0.40914 0.57780 0.47360
0.55669 0.47861 0.72018
0.49205 0.54666 0.54776
0.59842 0.61293 0.56900
0.45500 0.53555 0.55609
0.57324 0.43206 0.64777
0.45369 0.52571 0.53731
0.43728 0.56367 0.58257
0.51798 0.61933 0.71706
0.44169 0.51834 0.47388
0.34771 0.56706 0.56209
0.55310 0.55142 0.74693
0.48838 0.62733 0.51220
0.55188 0.53780 0.60907
0.43127 0.52993 0.54130
0.47617 0.47357 0.74230
0.48998 0.52013 0.54229
0.41352 0.50343 0.56888
0.47879 0.63692 0.65432
0.54155 0.54994 0.69244
0.58151 0.60675 0.57587
0.35962 0.44529 0.59462
0.47260 0.56654 0.59866
0.49945 0.51074 0.57452
0.45333 0.51936 0.63585
0.47446 0.73600 0.45499
0.60131 0.42857 0.59723
0.54770 0.53366 0.52798
0.53492 0.60796 0.48577
0.48481 0.51969 0.64816
0.38566 0.43545 0.60660
0.49524 0.64126 0.52898
0.50112 0.58514 0.67004
0.62572 0.41028 0.63141
0.56458 0.59066 0.63896
0.46715 0.43985 0.57866
0.50890 0.44595 0.61295
0.50622 0.51807 0.63528
0.56086 0.41997 0.61595
0.53081 0.56896 0.61203
0.66996 0.48783 0.49411
0.51641 0.53691 0.65360
0.46287 0.54012 0.57828
0.46775 0.56720 0.57784
0.53095 0.56950 0.53900
0.52174 0.63614 0.60177
0.49481 0.51009 0.54925
0.47226 0.45421 0.63936
0.49701 0.49793 0.67626
0.60183 0.57993 0.53328
0.48672 0.46401 0.47233
0.58152 0.55970 0.69350
0.48075 0.52552 0.65125
0.49232 0.55624 0.67223
0.46207 0.60290 0.76339
0.46036 0.59349 0.62819
0.47641 0.55263 0.63745
0.46369 0.68227 0.69998
0.48620 0.57516 0.65066
0.41841 0.48478 0.61520
0.46924 0.55505 0.57861
0.58442 0.65929 0.47768
0.43310 0.47368 0.48464
0.45699 0.52900 0.67855
0.47673 0.68070 0.69520
0.50240 0.57304 0.51478
0.56376 0.52037 0.58074
0.44006 0.50727 0.68273
0.44219 0.52404 0.45462
0.55522 0.52444 0.56126
0.39597 0.55249 0.56372
0.52355 0.58011 0.66542
0.54491 0.42173 0.52347
0.52906 0.53933 0.74232
0.42101 0.49727 0.53931
0.51553 0.54354 0.58632
0.51809 0.38819 0.67443
0.58426 0.62848 0.57696
0.49376 0.47731 0.69716
0.46504 0.47338 0.64719
0.53097 0.50877 0.66301
0.36101 0.52519 0.63841
0.48492 0.52735 0.54376
0.48183 0.52784 0.68379
0.52121 0.59406 0.62706
0.60591 0.37825 0.76287
0.53700 0.54015 0.64330
0.42674 0.49511 0.66518
0.49732 0.68918 0.56871
0.47269 0.37560 0.60586
0.42309 0.50000 0.55035
0.45278 0.50964 0.65513
0.45725 0.57209 0.62819
0.54994 0.50288 0.53926
0.56501 0.52444 0.56327
0.48549 0.61187 0.55862
0.52970 0.63649 0.57666
0.53053 0.58279 0.54945
0.45658 0.52878 0.51071
0.46664 0.50544 0.72104
0.44159 0.44980 0.66232
0.54129 0.51062 0.53175
0.36509 0.51223 0.56762
0.39406 0.50577 0.64571
0.46478 0.54823 0.71668
0.51475 0.57422 0.55326
0.48321 0.57303 0.61081
0.56117 0.59858 0.55503
0.42173 0.55279 0.52060
0.51909 0.56622 0.65248
0.52568 0.66721 0.68441
0.47228 0.64228 0.51523
0.52837 0.66864 0.57598
0.47607 0.58417 0.63150
0.48805 0.59195 0.76766
0.43649 0.52173 0.53696
0.39177 0.59390 0.57005
0.48738 0.64613 0.78165
0.44794 0.54545 0.62559
0.48020 0.62943 0.60635
0.51532 0.60903 0.55874
0.46959 0.56869 0.57128
0.38882 0.47240 0.59933
0.50149 0.52591 0.64129
0.44022 0.54590 0.55286
0.37501 0.43077 0.52242
0.48807 0.55479 0.59950
0.47807 0.61260 0.62387
0.47607 0.54996 0.72170
0.44956 0.43926 0.59628
0.47575 0.53936 0.51756
0.47124 0.58874 0.51874
0.58034 0.53775 0.65723
0.47045 0.46723 0.65946
0.54744 0.52911 0.61228
0.54108 0.64114 0.67228
0.46981 0.60427 0.60944
0.48110 0.69541 0.61347
0.41697 0.63315 0.46460
0.64480 0.39655 0.58363
0.49209 0.50250 0.68774
0.49747 0.44235 0.64328
0.47507 0.64735 0.55320
0.51231 0.59387 0.61215
0.39243 0.55473 0.48444
0.48627 0.61304 0.46800
0.56246 0.59405 0.60899
0.53625 0.48615 0.70670
0.46857 0.52773 0.65359
0.48719 0.53722 0.50632
0.46853 0.56037 0.48427
0.34856 0.52264 0.56338
0.42810 0.42996 0.54869
0.48942 0.60411 0.67009
0.52241 0.55128 0.55239
0.41514 0.59134 0.64480
0.46298 0.50650 0.58137
0.55568 0.62972 0.59539
0.49263 0.53566 0.65158
0.58372 0.42614 0.66938
0.44350 0.52815 0.59966
0.46099 0.48407 0.42527
0.44507 0.51454 0.66057
0.46553 0.59730 0.55640
0.38816 0.47941 0.52520
0.41344 0.58981 0.56848
0.46379 0.49126 0.54944
0.49983 0.57928 0.61480
0.52560 0.64445 0.53733
0.53044 0.48143 0.63079
0.41877 0.53618 0.64500
0.50800 0.57149 0.63333
0.49042 0.55657 0.61087
0.43386 0.50976 0.54365
0.54477 0.51618 0.78052
0.47965 0.54232 0.53884
0.45182 0.55648 0.56941
0.46364 0.48813 0.57484
0.47961 0.54637 0.61914
0.52679 0.52155 0.60461
0.54283 0.60656 0.55696
0.43362 0.52853 0.55501
0.43970 0.55336 0.47988
0.54138 0.56636 0.60037
0.45922 0.38069 0.60196
0.41129 0.63297 0.68035
0.53420 0.59694 0.54226
0.49980 0.48333 0.57303
0.56799 0.65531 0.53673
0.48909 0.70433 0.48931
0.49013 0.50585 0.43183
0.44505 0.59154 0.65065
0.51984 0.54709 0.57013
0.50615 0.65684 0.58826
0.47825 0.51818 0.62064
0.55028 0.64298 0.52417
0.51480 0.45840 0.61333
0.47413 0.55766 0.57239
0.44565 0.58684 0.56648
0.56394 0.47672 0.64955
0.47197 0.53774 0.75916
0.49184 0.65592 0.63248
0.52784 0.56117 0.62214
0.50265 0.63373 0.55008
0.47740 0.60486 0.51181
0.53746 0.47731 0.56622
0.55064 0.48232 0.66911
0.53065 0.55056 0.58361
0.54350 0.62465 0.63094
0.54049 0.60391 0.66169
0.51017 0.66271 0.39332
0.56493 0.63062 0.61629
0.44025 0.40605 0.38754
0.49426 0.57045 0.57013
0.58901 0.56976 0.55230
0.63104 0.59360 0.61577
0.46181 0.57847 0.51664
0.59733 0.56830 0.67736
0.39939 0.45316 0.65270
0.51774 0.49101 0.58873
0.41358 0.46760 0.47529
0.50002 0.52403 0.68758
0.50269 0.56485 0.66468
0.41674 0.48848 0.55522
0.47362 0.56893 0.71106
0.51987 0.51385 0.65741
0.43193 0.40416 0.67904
0.48799 0.57562 0.56121
0.48815 0.57118 0.55098
0.52776 0.52851 0.59156
0.41211 0.51234 0.54783
0.45855 0.64614 0.72353
0.49004 0.56478 0.37612
0.58855 0.64444 0.50458
0.47326 0.59482 0.61932
0.50814 0.51601 0.55637
0.65541 0.64110 0.55212
0.47438 0.59302 0.74477
0.53665 0.57592 0.68356
0.42257 0.57543 0.63726
0.45582 0.49498 0.50733
0.58220 0.59757 0.64904
0.57975 0.52597 0.61529
0.51972 0.64385 0.60540
0.54754 0.59341 0.56753
0.53787 0.64440 0.67640
0.49446 0.56696 0.63305
0.47889 0.58699 0.60159
0.46674 0.47842 0.51232
0.52883 0.54490 0.64829
0.52533 0.57808 0.66217
0.55600 0.59932 0.52533
0.60839 0.67115 0.49820
0.64240 0.60851 0.45017
0.55137 0.62642 0.71012
0.42385 0.45112 0.68810
0.47275 0.54661 0.65656
0.50947 0.57528 0.49698
0.38460 0.59590 0.53936
0.37478 0.54157 0.65744
0.50125 0.59901 0.58651
0.41764 0.54800 0.54782
0.52087 0.64131 0.45847
0.47929 0.56674 0.54403
0.46753 0.53143 0.54240
0.47182 0.63574 0.59605
0.40156 0.57172 0.55540
0.51355 0.53530 0.62917
0.39920 0.41143 0.66398
0.46784 0.62626 0.63286
0.49373 0.49514 0.55978
0.51069 0.46774 0.70104
0.45643 0.57394 0.58813
0.47636 0.49385 0.58605
0.56432 0.40782 0.58546
0.51648 0.58649 0.62230
0.47304 0.62095 0.56039
0.45871 0.60024 0.77036
0.54953 0.56686 0.58814
0.41444 0.44068 0.61736
0.50911 0.60621 0.56100
0.52012 0.60006 0.44110
0.52427 0.53395 0.59308
0.53501 0.60212 0.59221
0.54860 0.55724 0.63759
0.57431 0.55738 0.56150
0.51021 0.36426 0.61795
0.58705 0.56201 0.54234
0.43105 0.63861 0.52821
0.50477 0.58805 0.60694
0.50317 0.50043 0.73425
0.58136 0.67719 0.60870
0.51444 0.64121 0.71748
0.45501 0.58958 0.60358
0.55869 0.55285 0.53819
0.55556 0.51671 0.60618
0.39322 0.49389 0.61292
0.54831 0.35710 0.72240
0.50327 0.58335 0.53383
0.50462 0.52827 0.71233
0.54393 0.46286 0.69782
0.43683 0.43161 0.54000
0.42519 0.42902 0.58325
0.56102 0.74482 0.46435
0.49224 0.57466 0.63032
0.46125 0.36862 0.59971
0.56129 0.61659 0.74455
0.42872 0.53578 0.43654
0.45678 0.64177 0.51146
0.59435 0.57981 0.66632
0.44868 0.55909 0.63329
0.39881 0.48172 0.64405
0.48950 0.55701 0.64567
0.57526 0.60827 0.50621
0.58980 0.60038 0.59986
0.52719 0.45725 0.64103
0.54713 0.60772 0.56417
0.60373 0.54680 0.49244
0.39773 0.41333 0.62094
0.47817 0.59421 0.63955
0.58768 0.57524 0.60308
0.44268 0.62546 0.58295
0.50956 0.64210 0.68249
0.54461 0.58009 0.59171
0.44784 0.59848 0.64524
0.44098 0.52722 0.54122
0.58556 0.72870 0.67993
0.49092 0.47375 0.65079
0.48304 0.50886 0.59458
0.51010 0.43257 0.67638
0.52229 0.52346 0.60272
0.49548 0.53151 0.47103
0.59808 0.52818 0.64836
0.40123 0.59795 0.49171
0.53855 0.70368 0.55663
0.53470 0.59391 0.65539
0.48914 0.41764 0.74645
0.49856 0.45606 0.55351
0.39100 0.41736 0.52398
0.46616 0.56581 0.66084
0.48116 0.40930 0.65734
0.55639 0.37699 0.67042
0.42895 0.60924 0.41595
0.50208 0.57788 0.62883
0.42221 0.38734 0.74117
0.54522 0.61653 0.55486
0.51516 0.61734 0.59004
0.42245 0.69182 0.52170
0.41603 0.42382 0.68385
0.40615 0.59996 0.37911
0.46575 0.56760 0.58587
0.50104 0.53525 0.55228
0.48730 0.56603 0.64013
0.58817 0.53574 0.45731
0.47407 0.67540 0.58934
0.50667 0.57619 0.60554
0.47878 0.38105 0.58746
0.51114 0.45244 0.64156
0.44673 0.48570 0.62083
0.47739 0.52887 0.53583
0.61775 0.55217 0.53643
0.47112 0.65116 0.52912
0.46315 0.57082 0.56876
0.49736 0.58028 0.54728
0.49888 0.50544 0.53661
0.42916 0.55660 0.58169
0.51708 0.57717 0.55979
0.60803 0.54817 0.51317
0.45503 0.47062 0.58419
0.49076 0.43503 0.57121
0.53652 0.56895 0.56636
0.56086 0.42308 0.67707
0.40110 0.63992 0.50537
0.49061 0.63111 0.59973
0.58848 0.57674 0.68165
0.54873 0.51365 0.65084
0.57785 0.71878 0.61571
0.49310 0.49139 0.61958
0.50571 0.58860 0.52496
0.58547 0.73720 0.57904
0.43256 0.48797 0.51657
0.54775 0.59812 0.60340
0.49774 0.51893 0.52220
0.44678 0.53140 0.61168
0.47867 0.53109 0.61744
0.43993 0.50753 0.67862
0.51267 0.56849 0.61597
0.49848 0.64314 0.59723
0.51483 0.54666 0.64929
0.61106 0.65807 0.69709
0.41175 0.55901 0.62260
0.49035 0.63837 0.64753
0.42531 0.47771 0.57281
0.45129 0.47478 0.66423
0.55764 0.66342 0.62650
0.42949 0.43387 0.56573
0.36067 0.56830 0.58307
0.46219 0.67308 0.53969
0.52384 0.43973 0.64083
0.41483 0.44786 0.57640
0.51248 0.52482 0.55557
0.45427 0.63842 0.61133
0.49585 0.55203 0.56480
0.53841 0.56918 0.66345
0.47527 0.51897 0.71330
0.61452 0.54264 0.63682
0.37641 0.55097 0.38405
0.45044 0.54799 0.66203
0.47174 0.59723 0.61482
0.49226 0.46867 0.60126
0.32205 0.42261 0.55967
0.40896 0.58557 0.42422
0.46709 0.51896 0.69167
0.49735 0.55265 0.59761
0.54004 0.59291 0.47163
0.60410 0.64400 0.57039
0.53111 0.38519 0.70662
0.43340 0.56239 0.53123
0.43123 0.54203 0.66963
0.57539 0.58591 0.60486
0.51460 0.53461 0.55411
0.56966 0.54125 0.70877
0.43518 0.52813 0.54537
0.57872 0.53558 0.68889
0.45803 0.60475 0.61562
0.44763 0.55217 0.49368
0.45859 0.51950 0.56095
0.42383 0.49146 0.51787
0.42373 0.47596 0.60304
0.47733 0.57125 0.63326
0.52576 0.60624 0.53989
0.57435 0.41684 0.63218
0.47696 0.47106 0.57744
0.48508 0.57221 0.56609
0.52710 0.48004 0.53539
0.39220 0.40080 0.54899
0.53084 0.63827 0.61026
0.48915 0.57855 0.58209
0.50089 0.50192 0.62849
0.52990 0.52612 0.70580
0.46216 0.58081 0.58333
0.47434 0.59391 0.59791
0.51916 0.49981 0.53514
0.52358 0.51623 0.53507
0.45396 0.60333 0.69700
0.49468 0.56289 0.55439
0.49552 0.52049 0.67155
0.58568 0.57290 0.60108
0.39714 0.41163 0.63110
0.43612 0.56970 0.52410
0.57450 0.42241 0.63371
0.44594 0.46939 0.51288
0.44169 0.53836 0.53677
0.52615 0.56733 0.56045
0.52955 0.64017 0.66756
0.48462 0.53750 0.60415
0.40522 0.58144 0.51897
0.59815 0.58629 0.51749
0.53997 0.57432 0.54391
0.51387 0.49675 0.56065
0.50864 0.53558 0.59861
0.62546 0.62322 0.71474
0.42793 0.44204 0.69407
0.51638 0.46872 0.62509
0.45342 0.50727 0.56794
0.41872 0.62315 0.49635
0.44316 0.48264 0.68446
0.43584 0.61245 0.57270
0.53613 0.61640 0.55502
0.47779 0.52293 0.49938
0.49813 0.43987 0.64268
0.37448 0.49857 0.47974
0.46666 0.54748 0.61176
0.51403 0.50634 0.61406
0.38682 0.54901 0.58182
0.56825 0.54226 0.64866
0.47362 0.59192 0.62582
0.53494 0.59350 0.59897
0.45216 0.51272 0.65540
0.54042 0.63003 0.61720
0.46129 0.53239 0.62121
0.51111 0.55816 0.58774
0.49950 0.40928 0.65212
0.48753 0.47700 0.61853
0.38421 0.50610 0.62788
0.49268 0.62932 0.57576
0.51969 0.62001 0.65823
0.52765 0.64873 0.47960
0.51311 0.62911 0.57845
0.44977 0.54494 0.65456
0.50422 0.60214 0.65104
0.52600 0.70061 0.58102
0.54111 0.40525 0.66826
0.57895 0.66108 0.55402
0.48374 0.40090 0.69132
0.50908 0.46804 0.49643
0.41648 0.52933 0.60441
0.49506 0.65139 0.47678
0.50136 0.50370 0.53736
0.52063 0.56423 0.57259
0.55766 0.59523 0.53970
0.59943 0.44842 0.69103
0.43900 0.48558 0.67827
0.47322 0.57837 0.57380
0.51938 0.50302 0.66272
0.47814 0.60014 0.53657
0.53238 0.43381 0.60057
0.45200 0.59540 0.64007
0.50716 0.60772 0.51629
0.41945 0.45494 0.71158
0.56772 0.68362 0.62099
0.44026 0.60233 0.72925
0.48141 0.49933 0.59358
0.57724 0.66089 0.70566
0.58785 0.49288 0.58579
0.51102 0.50311 0.66805
0.45959 0.64690 0.50670
0.51513 0.63601 0.59730
0.44662 0.60411 0.46012
0.55344 0.38245 0.62092
0.52177 0.58871 0.53729
0.47404 0.49409 0.57853
0.57796 0.55794 0.61179
0.49649 0.44533 0.59941
0.46299 0.60905 0.57255
0.47933 0.53133 0.73592
0.43662 0.60399 0.58118
0.41324 0.50109 0.48114
0.51820 0.50636 0.56370
0.49202 0.53059 0.67592
0.59604 0.57763 0.64924
0.47155 0.59322 0.46232
0.45144 0.56327 0.66218
0.47470 0.63430 0.61774
0.44908 0.50015 0.58149
0.48333 0.44753 0.60280
0.50508 0.64798 0.64908
0.60076 0.57298 0.51768
0.63786 0.70313 0.70302
0.57376 0.62209 0.53921
0.47197 0.63217 0.62260
0.47654 0.63664 0.60020
0.45672 0.52571 0.62293
0.56292 0.47410 0.56521
0.52784 0.65117 0.55682
0.65134 0.47564 0.74151
0.42856 0.60740 0.54538
0.38214 0.44234 0.58842
0.50514 0.46794 0.52490
0.58618 0.69133 0.62290
0.48914 0.55518 0.57435
0.50541 0.41652 0.66858
0.49164 0.53014 0.68097
0.46699 0.63843 0.63431
0.50824 0.59194 0.62304
0.54334 0.55127 0.50996
0.61483 0.54203 0.55562
0.46990 0.58617 0.54093
0.46426 0.48920 0.58621
0.45104 0.58912 0.66420
0.48431 0.50785 0.54672
0.50395 0.54524 0.56068
0.40443 0.51910 0.59874
0.40502 0.61903 0.62125
0.55916 0.39945 0.58088
0.43383 0.49871 0.58945
0.56746 0.51192 0.49222
0.44861 0.60853 0.68331
0.41691 0.68455 0.55664
0.55737 0.53238 0.57396
0.37321 0.34222 0.58386
0.49453 0.61476 0.60631
0.48856 0.55930 0.74558
0.47624 0.61281 0.52600
0.53546 0.37487 0.74112
0.55001 0.59316 0.56730
0.46740 0.64370 0.61644
0.50500 0.61443 0.58078
0.47732 0.53253 0.54310
0.56828 0.63076 0.52780
0.44869 0.61098 0.59288
0.53373 0.61045 0.56071
0.52043 0.65691 0.65355
0.49370 0.63890 0.48650
0.53716 0.51359 0.65175
0.47180 0.47828 0.62286
0.62250 0.65482 0.62281
0.57759 0.60027 0.54776
0.40508 0.60484 0.59434
0.50903 0.47629 0.60854
0.54287 0.54669 0.70003
0.47218 0.48952 0.56609
0.62234 0.66305 0.65766
0.46754 0.55141 0.58730
0.46796 0.42044 0.64448
0.43409 0.45323 0.58787
0.51240 0.44856 0.59874
0.42200 0.45389 0.60259
0.47206 0.39373 0.61940
0.44824 0.58081 0.50955
0.41610 0.67410 0.54773
0.55252 0.66130 0.55602
0.60937 0.65650 0.59049
0.47928 0.61309 0.68635
0.40122 0.61638 0.57518
0.49837 0.55964 0.53453
0.48458 0.61346 0.59253
0.48416 0.50422 0.68929
0.54345 0.65654 0.63351
0.42843 0.58380 0.53749
0.43222 0.60065 0.63198
0.45915 0.57192 0.57457
0.34923 0.52709 0.61078
0.40001 0.55828 0.69097
0.48263 0.38811 0.60816
0.46014 0.59097 0.57971
0.44158 0.56593 0.48632
0.45378 0.48820 0.63053
0.43677 0.47569 0.66861
0.40143 0.43225 0.56816
0.45619 0.50177 0.65176
0.51293 0.60735 0.61205
0.52499 0.52192 0.59251
0.42398 0.50173 0.55808
0.53707 0.55013 0.64394
0.61537 0.55323 0.58002
0.54033 0.58223 0.47610
0.36309 0.53153 0.52086
0.59086 0.67883 0.67197
0.47450 0.55009 0.58247
0.59394 0.61064 0.56818
0.49345 0.62084 0.60777
0.46556 0.39607 0.66630
0.52832 0.43617 0.45082
0.45023 0.57047 0.58478
0.55881 0.45969 0.61942
0.28545 0.40200 0.57514
0.53130 0.45741 0.62762
0.48146 0.68857 0.62345
0.52964 0.53448 0.54702
0.45825 0.48072 0.68099
0.41333 0.48228 0.47542
0.47041 0.64871 0.47655
0.44081 0.49972 0.54859
0.46133 0.54386 0.58844
0.46243 0.55222 0.61273
0.37539 0.46904 0.57019
0.56186 0.56250 0.59747
0.59669 0.66688 0.65324
0.52449 0.54127 0.70716
0.41241 0.50846 0.64505
0.45658 0.46956 0.61689
0.45889 0.65592 0.50301
0.45791 0.47500 0.56957
0.63994 0.54540 0.58407
0.51100 0.76296 0.57696
0.53151 0.56707 0.56751
0.58631 0.56591 0.53319
0.44302 0.49696 0.58984
0.46191 0.55808 0.70634
0.50094 0.64191 0.63100
0.43055 0.68575 0.39219
0.52641 0.52877 0.64748
0.45873 0.52595 0.64470
0.53880 0.64753 0.61766
0.49299 0.49504 0.64138
0.37081 0.54105 0.66047
0.48063 0.54875 0.66195
0.47029 0.42076 0.64976
0.36847 0.59016 0.58992
0.54306 0.58236 0.64599
0.48330 0.51315 0.59856
0.52364 0.52639 0.64203
0.54288 0.53400 0.63407
0.41776 0.62119 0.53810
0.46271 0.55189 0.61484
0.51638 0.51305 0.51936
0.39200 0.53136 0.53713
0.44248 0.56673 0.59061
0.46239 0.53020 0.61769
0.53224 0.51439 0.68370
0.42444 0.58934 0.55141
0.49705 0.63295 0.55153
0.47047 0.54917 0.63490
0.49902 0.49537 0.51572
0.47181 0.58371 0.53937
0.50660 0.58939 0.55749
0.38982 0.47414 0.66382
0.40367 0.53384 0.49112
0.55053 0.50279 0.52941
0.33040 0.41547 0.54079
0.46515 0.55781 0.71284
