20 18 1000 22039 150
0.61731 0.82908 0.94898
0.03599 0.52387 0.52518
0.06135 0.96312 0.25145
0.45314 0.66645 0.38428
0.99089 0.41280 0.37501
0.29902 0.05666 0.74666
0.18734 0.50723 0.42149
0.21775 0.54733 0.65751
0.63653 0.15853 0.55696
0.37317 0.74535 0.65671
0.19432 0.49599 0.05219
0.48228 0.66842 0.42133
0.02510 0.55961 0.69944
0.18554 0.39478 0.40093
0.90988 0.09691 0.61991
0.70067 0.43636 0.50675
0.37365 0.71817 0.74539
0.54360 0.78016 0.28907
0.42089 0.46000 0.52375
0.45684 0.53742 0.64051
0.41158 0.50586 0.54617
0.37474 0.58514 0.53086
0.39369 0.56703 0.47069
0.46073 0.50420 0.52787
0.37074 0.53832 0.45735
0.36232 0.57959 0.49331
0.27558 0.49160 0.50155
0.36420 0.49803 0.55170
0.32917 0.54683 0.52978
0.45460 0.57093 0.49284
0.52234 0.40698 0.56240
0.45954 0.45847 0.50620
0.23303 0.62137 0.49821
0.26979 0.63288 0.47922
0.37533 0.58866 0.54704
0.45714 0.58807 0.57039
0.37065 0.63175 0.60035
0.39023 0.42898 0.53995
0.42038 0.51229 0.56044
0.30576 0.47023 0.49074
0.43861 0.45358 0.50583
0.43759 0.60446 0.53424
0.33801 0.43622 0.60342
0.54995 0.38706 0.56550
0.36980 0.53270 0.51656
0.34121 0.48611 0.46443
0.41110 0.47967 0.55824
0.37416 0.61425 0.52531
0.46273 0.56884 0.49109
0.34902 0.58092 0.44670
0.32075 0.57744 0.50375
0.31613 0.53653 0.37225
0.42938 0.58250 0.51096
0.38565 0.59731 0.50124
0.36077 0.56227 0.57436
0.47007 0.52712 0.50602
0.31702 0.58766 0.51248
0.35992 0.56914 0.50767
0.40871 0.54651 0.46826
0.36868 0.60007 0.51349
0.41617 0.59273 0.55930
0.47777 0.55827 0.48408
0.31040 0.57562 0.52273
0.41173 0.49909 0.50200
0.29894 0.56380 0.44559
0.41051 0.56238 0.45185
0.54492 0.44856 0.61683
0.34351 0.57551 0.51404
0.38885 0.53556 0.50341
0.33550 0.52613 0.50760
0.41434 0.51770 0.50137
0.35634 0.51465 0.53268
0.35319 0.51593 0.50270
0.32645 0.54219 0.53204
0.40449 0.59501 0.51852
0.49663 0.43334 0.50178
0.43174 0.53539 0.49447
0.33286 0.60534 0.48104
0.37419 0.45932 0.50259
0.42388 0.40663 0.41876
0.39924 0.42397 0.61380
0.27841 0.57861 0.48265
0.44368 0.43102 0.53636
0.38865 0.46918 0.51639
0.35808 0.52880 0.51542
0.55203 0.47572 0.52724
0.39012 0.47230 0.50865
0.49828 0.50997 0.60035
0.38509 0.57936 0.51923
0.45021 0.53676 0.60221
0.26610 0.58371 0.58426
0.47740 0.41170 0.59072
0.39827 0.55645 0.50636
0.45228 0.62979 0.55341
0.38387 0.56286 0.51429
0.41376 0.60058 0.53362
0.34096 0.52669 0.52169
0.38887 0.55488 0.51600
0.40786 0.48024 0.51402
0.42693 0.52943 0.56697
0.28374 0.59339 0.45576
0.31742 0.62448 0.51159
0.38585 0.58896 0.50510
0.37975 0.53576 0.51363
0.47187 0.62947 0.52182
0.41655 0.51452 0.45134
0.39473 0.53640 0.51781
0.44649 0.59899 0.53082
0.38570 0.61197 0.46003
0.35433 0.59581 0.45507
0.33394 0.55181 0.53708
0.49727 0.56313 0.43775
0.34260 0.45283 0.49622
0.40573 0.52079 0.48578
0.37869 0.56253 0.51006
0.41167 0.37345 0.55691
0.47914 0.40373 0.57302
0.53459 0.50993 0.57651
0.36848 0.59591 0.50776
0.44283 0.51454 0.53669
0.33443 0.58421 0.53103
0.40520 0.48396 0.51813
0.43245 0.52533 0.50524
0.47785 0.51968 0.47844
0.44374 0.50934 0.55333
0.40887 0.55017 0.47525
0.29005 0.60023 0.55731
0.30716 0.51112 0.50729
0.46333 0.47761 0.57077
0.33397 0.65197 0.48939
0.40032 0.56332 0.46472
0.42676 0.54856 0.58405
0.46782 0.55740 0.51581
0.41819 0.54724 0.49432
0.35553 0.54680 0.45408
0.42601 0.43758 0.57007
0.40253 0.49831 0.53231
0.40649 0.49781 0.41409
0.38696 0.56959 0.49946
0.42823 0.55516 0.54564
0.51549 0.48868 0.55121
0.31987 0.59871 0.54857
0.31276 0.49250 0.58848
0.36260 0.59286 0.50893
0.52085 0.45202 0.55778
0.47152 0.49581 0.54951
0.44003 0.49342 0.52959
0.41078 0.61940 0.58218
0.47543 0.44695 0.51302
0.46692 0.52431 0.56008
0.45177 0.42594 0.54373
0.41792 0.62159 0.60647
0.37514 0.56404 0.58848
0.26444 0.53441 0.57206
0.41965 0.54953 0.55546
0.32399 0.63255 0.56592
0.28925 0.65461 0.43750
0.30303 0.54171 0.55428
0.46339 0.54288 0.48519
0.39309 0.53029 0.54470
0.43022 0.48656 0.47331
0.45369 0.44425 0.57047
0.34836 0.51352 0.56963
0.43333 0.59448 0.59340
0.38191 0.59038 0.45658
0.41486 0.54521 0.49527
0.37824 0.45187 0.59719
0.38030 0.49176 0.51558
0.25404 0.58992 0.46623
0.41149 0.58039 0.53227
0.46813 0.35176 0.56216
0.36750 0.50620 0.49041
0.33393 0.57765 0.50047
0.34502 0.54383 0.53740
0.43270 0.47392 0.43976
0.35635 0.44473 0.57578
0.39862 0.47290 0.45420
0.39842 0.53859 0.49244
0.34517 0.55951 0.56209
0.39544 0.51253 0.42144
0.44720 0.49588 0.41076
0.39466 0.55205 0.53405
0.45003 0.54541 0.55976
0.41781 0.51454 0.53134
0.37036 0.50752 0.53685
0.45473 0.48083 0.46506
0.47819 0.55413 0.56113
0.40855 0.51375 0.54574
0.38542 0.57334 0.52245
0.52778 0.48703 0.46599
0.43397 0.50826 0.43375
0.41072 0.46193 0.52568
0.38048 0.56352 0.53402
0.30275 0.55560 0.43038
0.46535 0.56167 0.56655
0.40823 0.48227 0.56746
0.39428 0.45317 0.58931
0.37433 0.59160 0.46975
0.48177 0.55360 0.51887
0.40858 0.53340 0.58065
0.37711 0.56888 0.44449
0.41655 0.57567 0.46157
0.38074 0.56488 0.59462
0.39984 0.47510 0.46303
0.46316 0.55426 0.48569
0.43477 0.54704 0.50497
0.25979 0.57049 0.54508
0.37728 0.58990 0.48624
0.43100 0.55651 0.49765
0.58887 0.38024 0.55771
0.36870 0.50012 0.56524
0.45518 0.57201 0.51372
0.48744 0.58736 0.50149
0.38163 0.57376 0.52317
0.46390 0.50966 0.50013
0.44358 0.48177 0.55580
0.40849 0.42188 0.52252
0.52321 0.49824 0.46658
0.36576 0.60237 0.51118
0.48267 0.51867 0.48466
0.41863 0.63679 0.54653
0.36650 0.63782 0.46541
0.43710 0.53680 0.52749
0.39631 0.56312 0.57062
0.44141 0.55286 0.48240
0.47388 0.36905 0.50355
0.51413 0.40187 0.53900
0.31578 0.63305 0.44793
0.29880 0.53893 0.49529
0.37013 0.56461 0.48911
0.50360 0.55740 0.58783
0.40246 0.47894 0.56491
0.40526 0.55872 0.50264
0.39155 0.48810 0.58163
0.40137 0.55870 0.44256
0.32319 0.59335 0.55557
0.42830 0.52036 0.52516
0.37154 0.59156 0.46941
0.30898 0.58516 0.45596
0.27994 0.62039 0.48815
0.42322 0.53075 0.42025
0.28835 0.53891 0.44998
0.43612 0.50782 0.46636
0.35707 0.62603 0.42913
0.35352 0.59299 0.52466
0.42574 0.47769 0.53306
0.36369 0.49240 0.52937
0.32477 0.59771 0.59843
0.33681 0.50544 0.52151
0.45419 0.58117 0.55710
0.38198 0.59503 0.49271
0.35015 0.50521 0.49374
0.37379 0.59482 0.57105
0.41077 0.60172 0.53558
0.34571 0.60276 0.46329
0.49046 0.42676 0.56418
0.44316 0.41918 0.49149
0.48961 0.54872 0.61917
0.43634 0.59981 0.54770
0.45199 0.62922 0.62810
0.39635 0.53549 0.43971
0.26654 0.52387 0.60183
0.37804 0.60273 0.51142
0.41772 0.55118 0.43800
0.47213 0.51307 0.59499
0.44598 0.60571 0.53893
0.37002 0.59601 0.52953
0.51381 0.45382 0.44918
0.33247 0.62596 0.52559
0.30735 0.58238 0.41033
0.39475 0.57169 0.51496
0.42727 0.45126 0.50101
0.35489 0.55090 0.60382
0.44679 0.57079 0.48278
0.41561 0.56125 0.47454
0.37543 0.55558 0.56500
0.41862 0.50899 0.51623
0.45447 0.53921 0.49830
0.31633 0.54181 0.53980
0.32127 0.55150 0.54513
0.40305 0.53791 0.46304
0.50265 0.57260 0.47700
0.35911 0.47243 0.55171
0.48229 0.47222 0.56952
0.36653 0.56302 0.51422
0.45275 0.55782 0.49081
0.38363 0.48569 0.49847
0.54393 0.51676 0.53522
0.28117 0.68963 0.49017
0.37366 0.49498 0.48410
0.35703 0.49886 0.55337
0.37539 0.44840 0.47475
0.39559 0.52896 0.55704
0.36361 0.59820 0.48497
0.31568 0.51999 0.49787
0.44844 0.59146 0.47544
0.32218 0.53422 0.52489
0.36644 0.53145 0.54203
0.39231 0.57006 0.53158
0.49925 0.44728 0.50485
0.34599 0.57204 0.52204
0.37003 0.53461 0.46524
0.32207 0.59714 0.50902
0.37717 0.44334 0.54730
0.46715 0.51418 0.55567
0.43354 0.57440 0.55530
0.41332 0.58356 0.58775
0.32723 0.57779 0.51482
0.43166 0.56304 0.60310
0.37991 0.51725 0.51748
0.42822 0.50913 0.54818
0.43345 0.60274 0.58528
0.38151 0.61045 0.42983
0.46591 0.45783 0.52895
0.37822 0.47477 0.53040
0.40460 0.43615 0.53380
0.35815 0.51172 0.54057
0.41138 0.60789 0.49426
0.48725 0.49255 0.47693
0.33077 0.40913 0.58430
0.42499 0.54564 0.51926
0.43939 0.56898 0.57236
0.44068 0.49492 0.52443
0.41524 0.55151 0.58615
0.55700 0.44573 0.50790
0.49276 0.45974 0.49234
0.54763 0.44906 0.54606
0.29064 0.51068 0.55137
0.40193 0.50210 0.52103
0.35496 0.58098 0.55660
0.42959 0.65729 0.48411
0.24799 0.60431 0.37679
0.43729 0.60337 0.63692
0.29582 0.59119 0.52387
0.53948 0.46182 0.51140
0.39770 0.50197 0.57580
0.33645 0.50721 0.51364
0.47978 0.48133 0.51528
0.42086 0.49736 0.53285
0.45298 0.40150 0.59222
0.33534 0.58652 0.54364
0.39783 0.51572 0.51414
0.51636 0.47733 0.54191
0.42715 0.65758 0.56273
0.36725 0.50585 0.53011
0.37574 0.64820 0.48607
0.42480 0.48811 0.53119
0.34250 0.55475 0.55003
0.50509 0.52721 0.53230
0.42283 0.48437 0.45000
0.44479 0.55204 0.60309
0.36613 0.55255 0.52376
0.48510 0.56731 0.47168
0.40503 0.66038 0.40717
0.41183 0.49052 0.52041
0.30026 0.69757 0.45410
0.44783 0.48445 0.49812
0.43295 0.53650 0.50867
0.33393 0.64052 0.63330
0.49928 0.50110 0.53844
0.30611 0.59020 0.47799
0.33609 0.58641 0.47028
0.41776 0.50609 0.48822
0.41767 0.52147 0.53513
0.39197 0.52530 0.60425
0.31421 0.54860 0.51944
0.49384 0.44953 0.53807
0.38946 0.54298 0.57466
0.44570 0.46146 0.53347
0.42172 0.58253 0.52391
0.44511 0.55062 0.47054
0.44053 0.53284 0.59285
0.37767 0.50380 0.49046
0.34133 0.47024 0.54097
0.34770 0.50826 0.57574
0.42637 0.50533 0.54456
0.41058 0.62486 0.53899
0.30895 0.60811 0.52023
0.44904 0.48086 0.48301
0.26131 0.66824 0.45015
0.43216 0.51888 0.55699
0.39034 0.56788 0.52774
0.39018 0.53542 0.52313
0.39824 0.59455 0.49355
0.46563 0.60747 0.52898
0.45187 0.48540 0.54981
0.45657 0.55570 0.48404
0.36150 0.55145 0.48079
0.36992 0.60623 0.50957
0.38905 0.59440 0.59390
0.35508 0.57084 0.55780
0.45616 0.56529 0.46304
0.36473 0.45726 0.59206
0.29200 0.62311 0.45139
0.32834 0.56534 0.46596
0.40969 0.55973 0.42287
0.36022 0.60149 0.59475
0.38418 0.51091 0.53272
0.42472 0.48286 0.47329
0.42910 0.59059 0.41336
0.33324 0.47656 0.51878
0.45965 0.55162 0.54104
0.35516 0.59553 0.40680
0.37060 0.60432 0.46270
0.39820 0.52186 0.61149
0.43144 0.48242 0.52952
0.51008 0.56598 0.55251
0.44351 0.53486 0.48730
0.38247 0.56451 0.46126
0.35520 0.54920 0.44104
0.39996 0.49445 0.49810
0.47751 0.51667 0.48968
0.37648 0.52776 0.45122
0.30576 0.63014 0.47778
0.41508 0.54632 0.55292
0.53114 0.44381 0.52573
0.38115 0.48276 0.55879
0.51266 0.47764 0.47659
0.39340 0.55154 0.58120
0.50425 0.57597 0.56462
0.32769 0.59109 0.45656
0.52673 0.42947 0.48280
0.35676 0.58342 0.50238
0.32311 0.45022 0.45046
0.39491 0.55960 0.55603
0.41369 0.66770 0.47571
0.35277 0.43501 0.47169
0.36573 0.46431 0.49130
0.46517 0.55673 0.43908
0.31578 0.63322 0.60835
0.33994 0.69241 0.39824
0.35766 0.65120 0.51457
0.40416 0.58509 0.50115
0.43131 0.50993 0.49550
0.37549 0.56984 0.49032
0.46131 0.50516 0.54967
0.39175 0.51234 0.52017
0.52321 0.46026 0.52890
0.37981 0.57763 0.48706
0.37225 0.57047 0.52551
0.34481 0.62607 0.52145
0.36987 0.57500 0.50501
0.44277 0.53817 0.47383
0.38956 0.58747 0.42128
0.45588 0.58226 0.50332
0.42099 0.61293 0.52113
0.37156 0.59107 0.58971
0.55400 0.43962 0.54941
0.29244 0.53229 0.42575
0.29761 0.56621 0.46829
0.39589 0.65852 0.51272
0.29040 0.55250 0.49407
0.39155 0.48294 0.55109
0.49566 0.50797 0.42679
0.35089 0.59792 0.57025
0.40065 0.55423 0.57610
0.42033 0.56593 0.44999
0.45602 0.61752 0.51970
0.42285 0.54886 0.53731
0.44814 0.44616 0.51677
0.51765 0.56944 0.49093
0.35960 0.50969 0.46210
0.34309 0.52153 0.36576
0.38336 0.45907 0.49470
0.39696 0.41420 0.54662
0.49826 0.47544 0.52984
0.41379 0.52620 0.50054
0.40465 0.52100 0.48959
0.31933 0.53289 0.58523
0.37573 0.55202 0.52334
0.45047 0.51897 0.46731
0.43992 0.53984 0.51011
0.42550 0.47074 0.47844
0.47018 0.50230 0.59278
0.44848 0.51605 0.39176
0.43547 0.57069 0.47131
0.51867 0.46560 0.47054
0.48433 0.50799 0.48933
0.43172 0.58217 0.55002
0.52062 0.56760 0.44374
0.36867 0.57127 0.59006
0.31387 0.51778 0.48102
0.51848 0.40679 0.50639
0.36120 0.57207 0.44157
0.43584 0.47294 0.44062
0.32846 0.50953 0.50212
0.33493 0.52662 0.51438
0.34880 0.55021 0.55719
0.52659 0.50403 0.48741
0.41991 0.54419 0.54552
0.30955 0.56224 0.44774
0.47882 0.54243 0.56019
0.37611 0.52916 0.47309
0.38135 0.58031 0.47028
0.46127 0.52932 0.53697
0.30412 0.54062 0.52307
0.32134 0.56046 0.43273
0.56372 0.47647 0.51654
0.46075 0.54693 0.43948
0.47077 0.52644 0.48583
0.44481 0.52099 0.48619
0.53405 0.50164 0.52773
0.44607 0.40565 0.56116
0.43361 0.58880 0.45565
0.35709 0.56070 0.52351
0.42168 0.49230 0.49082
0.49599 0.43693 0.52169
0.43205 0.62122 0.42668
0.40931 0.58681 0.47881
0.44785 0.51008 0.53755
0.40045 0.51802 0.47482
0.47041 0.44685 0.52534
0.36337 0.45228 0.53316
0.45439 0.53783 0.51405
0.41042 0.55207 0.53253
0.47415 0.43067 0.51017
0.26392 0.59152 0.43799
0.38515 0.54625 0.51802
0.47361 0.48937 0.52450
0.41738 0.51491 0.51317
0.35379 0.61722 0.51781
0.44958 0.57155 0.46776
0.42821 0.54656 0.48264
0.36552 0.54865 0.52639
0.39974 0.49791 0.49439
0.45904 0.55426 0.55068
0.42093 0.51601 0.44168
0.31625 0.59381 0.50621
0.44873 0.46595 0.49735
0.37166 0.55544 0.49925
0.27832 0.54987 0.53659
0.36042 0.50299 0.57505
0.47731 0.63915 0.47489
0.36339 0.59593 0.54339
0.39531 0.59865 0.53329
0.24683 0.58491 0.50289
0.38517 0.55311 0.61154
0.40282 0.48002 0.44282
0.37681 0.63907 0.43905
0.40445 0.51446 0.45628
0.40185 0.47012 0.50624
0.48885 0.52662 0.48756
0.46134 0.36734 0.60715
0.36102 0.54683 0.53872
0.46365 0.51121 0.49384
0.32484 0.52381 0.50242
0.36980 0.53493 0.51190
0.34583 0.52793 0.44425
0.43248 0.50477 0.50384
0.38332 0.56699 0.41847
0.38373 0.60486 0.49659
0.34930 0.51389 0.50254
0.40933 0.56706 0.53514
0.40659 0.53704 0.47675
0.50699 0.50577 0.51402
0.41671 0.45130 0.45721
0.46277 0.55979 0.49766
0.38750 0.62377 0.49194
0.31037 0.61406 0.44336
0.38549 0.57167 0.58646
0.33386 0.56086 0.53014
0.48378 0.54648 0.50415
0.46961 0.50393 0.48317
0.43380 0.56367 0.53740
0.36251 0.55288 0.48490
0.41672 0.49277 0.51795
0.42759 0.52752 0.50864
0.50582 0.42381 0.52283
0.40999 0.56038 0.52234
0.39702 0.46930 0.47049
0.36280 0.59114 0.48977
0.36876 0.63707 0.55446
0.41660 0.51995 0.56604
0.35676 0.55582 0.53359
0.46250 0.49879 0.59868
0.37648 0.49786 0.60355
0.39907 0.57038 0.53828
0.39710 0.56571 0.51818
0.34604 0.55306 0.49928
0.38528 0.50064 0.53145
0.42755 0.52850 0.56249
0.33825 0.54990 0.58749
0.36935 0.49645 0.55357
0.37401 0.49027 0.49964
0.40632 0.55085 0.63104
0.38934 0.50045 0.44177
0.37888 0.41097 0.55337
0.43571 0.49210 0.52639
0.48186 0.49952 0.41197
0.36957 0.61059 0.41711
0.46699 0.41896 0.48749
0.40578 0.54895 0.54967
0.46210 0.52618 0.52744
0.34115 0.52381 0.54002
0.35753 0.58617 0.56963
0.53066 0.57006 0.53255
0.41591 0.49549 0.58387
0.40954 0.45369 0.46576
0.39499 0.48661 0.53273
0.41670 0.55688 0.52506
0.34136 0.60803 0.49700
0.37420 0.50665 0.48295
0.43906 0.57168 0.48127
0.50523 0.41741 0.52698
0.37598 0.53349 0.54484
0.37905 0.57749 0.49544
0.54346 0.54971 0.47237
0.40892 0.61126 0.52686
0.40039 0.52972 0.50342
0.41106 0.49914 0.46271
0.44027 0.52956 0.52709
0.40837 0.47262 0.54745
0.41793 0.29364 0.60039
0.43614 0.44725 0.57538
0.41413 0.56861 0.50201
0.43132 0.51060 0.50990
0.21155 0.55186 0.53922
0.35895 0.52224 0.44887
0.39798 0.54045 0.45437
0.41790 0.48293 0.57770
0.45551 0.55475 0.50492
0.47729 0.47977 0.50556
0.40648 0.52908 0.47329
0.37383 0.57400 0.46349
0.35937 0.57779 0.49688
0.43939 0.50656 0.47716
0.46432 0.55060 0.49522
0.47846 0.62989 0.48601
0.44115 0.57556 0.59133
0.45267 0.50761 0.62169
0.42971 0.54236 0.54786
0.37059 0.51271 0.51688
0.32317 0.55880 0.55669
0.36785 0.55036 0.57078
0.52254 0.36662 0.54470
0.44154 0.55132 0.55900
0.33643 0.61771 0.49228
0.34966 0.59089 0.49081
0.36227 0.55507 0.55520
0.55901 0.43640 0.48031
0.37110 0.51206 0.62902
0.37437 0.60172 0.54093
0.50029 0.50218 0.47020
0.46309 0.53064 0.41824
0.44358 0.47656 0.50482
0.42895 0.51427 0.47421
0.43172 0.59067 0.45457
0.35868 0.43384 0.50021
0.44646 0.50710 0.53761
0.35355 0.49082 0.48336
0.38931 0.59273 0.54234
0.39803 0.53440 0.44127
0.28607 0.55856 0.49518
0.49598 0.49875 0.50254
0.36737 0.48380 0.56481
0.34408 0.55015 0.47680
0.43948 0.47920 0.48167
0.29255 0.54087 0.60796
0.43400 0.53065 0.46322
0.43802 0.50933 0.60659
0.37692 0.54828 0.45390
0.44525 0.53211 0.51541
0.38868 0.57039 0.52337
0.41152 0.57229 0.48689
0.44798 0.47356 0.52763
0.53002 0.47647 0.50172
0.34965 0.48118 0.46671
0.39328 0.58553 0.54435
0.30020 0.57955 0.49575
0.32784 0.58941 0.46297
0.49581 0.47377 0.48816
0.48669 0.45457 0.55688
0.39754 0.52614 0.51190
0.42525 0.59989 0.51630
0.38974 0.51649 0.54214
0.44552 0.52608 0.54550
0.38473 0.52803 0.50014
0.39009 0.51852 0.48172
0.37071 0.52567 0.45423
0.39160 0.40777 0.54209
0.29572 0.58512 0.50907
0.48125 0.57355 0.58480
0.62603 0.49698 0.50366
0.37605 0.46256 0.48549
0.34378 0.44627 0.57634
0.33646 0.52715 0.59467
0.43319 0.56815 0.43634
0.42985 0.59642 0.41478
0.45880 0.48573 0.56237
0.33417 0.53515 0.54566
0.49870 0.46523 0.57240
0.40403 0.50774 0.50385
0.39187 0.56733 0.45911
0.42646 0.51569 0.49001
0.37777 0.54725 0.41567
0.31650 0.49276 0.49687
0.48188 0.55245 0.49219
0.38874 0.65977 0.54257
0.36542 0.50620 0.44449
0.44249 0.50998 0.50054
0.38642 0.48005 0.48902
0.36923 0.53588 0.45617
0.37059 0.57959 0.44343
0.52492 0.45003 0.49907
0.45735 0.54168 0.58740
0.41347 0.54662 0.50007
0.50812 0.57800 0.50187
0.36433 0.52154 0.49801
0.37176 0.53349 0.51633
0.38058 0.57706 0.50571
0.43963 0.49201 0.54425
0.44162 0.51298 0.52506
0.31686 0.57003 0.46978
0.28712 0.49311 0.51689
0.26880 0.54600 0.56809
0.29003 0.58321 0.48121
0.44536 0.55506 0.45063
0.42439 0.41851 0.55716
0.38603 0.38461 0.51809
0.52816 0.48659 0.51256
0.37900 0.58315 0.55440
0.45317 0.55173 0.52630
0.38409 0.52754 0.55744
0.30177 0.53594 0.50950
0.38298 0.42626 0.58343
0.37611 0.60732 0.60892
0.38261 0.47450 0.53225
0.41409 0.61768 0.40584
0.36350 0.52584 0.53316
0.42459 0.54644 0.47231
0.45116 0.53579 0.52274
0.35048 0.59996 0.48145
0.37236 0.49073 0.47895
0.38032 0.57594 0.46285
0.25033 0.58616 0.46825
0.46558 0.52982 0.50923
0.40222 0.46915 0.53437
0.29540 0.63252 0.49129
0.47196 0.50694 0.49513
0.45258 0.48643 0.52349
0.39938 0.56414 0.47099
0.43040 0.51599 0.46834
0.41242 0.45271 0.50917
0.35808 0.51026 0.49671
0.45341 0.48137 0.50040
0.32364 0.54761 0.50972
0.32874 0.53377 0.50753
0.40741 0.48305 0.54025
0.35173 0.60031 0.46855
0.39380 0.53857 0.43660
0.43889 0.62947 0.67930
0.42490 0.60739 0.47403
0.21385 0.47970 0.50306
0.47201 0.53821 0.49516
0.44731 0.42680 0.54446
0.41233 0.48872 0.47405
0.38047 0.55492 0.40183
0.43682 0.54514 0.47791
0.32671 0.56678 0.45702
0.41672 0.52286 0.52660
0.47563 0.43766 0.58222
0.35289 0.47031 0.44638
0.46725 0.53695 0.52305
0.40957 0.54034 0.43630
0.29933 0.59158 0.51167
0.27117 0.60231 0.35201
0.45309 0.46119 0.54116
0.45834 0.56219 0.43859
0.34908 0.61046 0.45779
0.48618 0.50460 0.47018
0.30788 0.58779 0.52514
0.40570 0.59044 0.53309
0.35609 0.46002 0.49812
0.42587 0.47992 0.45432
0.38857 0.58622 0.46526
0.39699 0.59197 0.45522
0.34740 0.47236 0.46635
0.41956 0.47981 0.49121
0.41724 0.49471 0.55222
0.44753 0.54017 0.48466
0.37961 0.56384 0.50099
0.35495 0.51320 0.60258
0.26475 0.51303 0.44463
0.42648 0.55598 0.56619
0.38901 0.54499 0.53257
0.40799 0.51552 0.53246
0.39314 0.56836 0.54725
0.39481 0.44981 0.50867
0.41189 0.57213 0.56840
0.39469 0.53603 0.57199
0.43509 0.47765 0.45976
0.31618 0.52433 0.43367
0.27074 0.56631 0.56575
0.37012 0.55767 0.54111
0.49416 0.44550 0.50596
0.35879 0.46799 0.53404
0.50391 0.49978 0.51789
0.54196 0.51007 0.47462
0.37473 0.51483 0.51990
0.40547 0.55631 0.52179
0.37427 0.58353 0.53426
0.41812 0.47045 0.55757
0.45367 0.49582 0.47246
0.45078 0.47716 0.49268
0.49080 0.50026 0.51666
0.37630 0.50768 0.56903
0.37783 0.60368 0.50978
0.31187 0.60209 0.45944
0.33161 0.51037 0.46270
0.50865 0.44879 0.51846
0.37527 0.48158 0.51263
0.49681 0.48391 0.53829
0.47407 0.57480 0.50381
0.43046 0.49977 0.51513
0.42808 0.45354 0.57790
0.38531 0.53425 0.56919
0.42295 0.53718 0.47419
0.44785 0.53669 0.50157
0.59224 0.42847 0.50419
0.44611 0.57011 0.51805
0.32241 0.53095 0.49531
0.46814 0.56028 0.53926
0.38943 0.60260 0.54372
0.35197 0.54774 0.51101
0.44190 0.52202 0.59011
0.37999 0.45265 0.49127
0.47966 0.55473 0.57754
0.38999 0.54910 0.49520
0.40023 0.58165 0.46125
0.53448 0.57411 0.62200
0.42572 0.49081 0.52289
0.51871 0.66911 0.51212
0.42879 0.48981 0.57310
0.44214 0.51987 0.55879
0.35835 0.56581 0.54957
0.41974 0.53222 0.51487
0.40406 0.60263 0.54475
0.40444 0.53666 0.42620
0.37724 0.47123 0.54280
0.37568 0.51679 0.55425
0.42222 0.61273 0.54068
0.36613 0.54503 0.55415
0.35588 0.54357 0.50610
0.30154 0.47842 0.54633
0.35158 0.58784 0.48777
0.42831 0.54238 0.51919
0.39210 0.44180 0.56617
0.39170 0.56432 0.51062
0.36316 0.52214 0.46708
0.32940 0.63365 0.54717
0.38073 0.62660 0.44316
0.42975 0.54249 0.43298
0.39544 0.50609 0.51323
0.56525 0.52737 0.52027
0.37723 0.60321 0.45087
0.49846 0.49313 0.47398
0.53911 0.50668 0.54727
0.32675 0.50612 0.42379
0.34567 0.51184 0.55153
0.38763 0.51872 0.51580
0.22285 0.62918 0.49715
0.33304 0.53457 0.49830
0.34070 0.48557 0.50961
0.44557 0.54676 0.53413
0.25895 0.58787 0.47863
0.41626 0.56609 0.42884
0.31556 0.63985 0.47566
0.37898 0.50191 0.58144
0.52657 0.46158 0.52437
0.45515 0.53842 0.47170
0.36533 0.54089 0.51248
0.40640 0.63858 0.51152
0.35955 0.55687 0.57841
0.43877 0.48798 0.54842
0.36867 0.57506 0.60422
0.44840 0.56675 0.49434
0.40399 0.51457 0.49670
0.47203 0.50535 0.53153
0.34885 0.53453 0.57545
0.44665 0.47684 0.53858
0.39815 0.48496 0.58173
0.43528 0.55591 0.49559
0.41219 0.51668 0.54772
0.40863 0.49565 0.61621
0.46491 0.41461 0.53179
0.40435 0.55374 0.49411
0.33468 0.65052 0.46547
0.44750 0.54970 0.42480
0.53293 0.44475 0.49105
0.44316 0.54740 0.50838
0.37802 0.55651 0.53076
0.37578 0.51815 0.53495
0.29269 0.49715 0.53590
0.32112 0.59916 0.54329
0.54461 0.47294 0.55111
0.36128 0.58437 0.49446
0.48736 0.54214 0.47280
0.33877 0.60941 0.43367
0.45346 0.57170 0.54723
0.25613 0.61658 0.45094
0.37534 0.57393 0.56011
0.36884 0.54355 0.52477
0.43187 0.60654 0.54762
0.39556 0.45356 0.43317
0.36698 0.57922 0.47577
0.31840 0.55934 0.53409
0.36514 0.59201 0.45859
0.52815 0.58433 0.48817
0.40559 0.65423 0.44829
0.42430 0.59959 0.51971
0.37420 0.49644 0.50088
0.52164 0.45369 0.48961
0.30603 0.53451 0.52545
0.35558 0.57130 0.53023
0.49759 0.47547 0.55714
0.44300 0.55692 0.50686
0.37438 0.46052 0.58679
0.40375 0.56391 0.52350
0.40921 0.55673 0.46491
0.35056 0.53024 0.55632
0.49875 0.50987 0.52680
0.30963 0.52692 0.54394
0.43527 0.43074 0.53849
0.34305 0.53514 0.55352
0.51989 0.50658 0.52391
0.34595 0.59559 0.59633
0.30541 0.46740 0.48248
0.45005 0.48487 0.45678
0.43891 0.45253 0.57647
0.35579 0.49479 0.50948
0.48705 0.59278 0.54265
0.47233 0.46577 0.50993
0.41530 0.59081 0.47222
0.35389 0.55043 0.45148
0.45169 0.49820 0.46417
0.42031 0.46497 0.57096
0.42423 0.61030 0.49757
0.36430 0.54008 0.51458
0.34624 0.56229 0.60122
0.41080 0.50707 0.52641
0.48694 0.52381 0.59568
0.43092 0.56877 0.53920
0.39464 0.58410 0.50812
0.52272 0.53714 0.50852
0.38434 0.49671 0.57679
0.36933 0.53766 0.56900
0.33951 0.53205 0.59455
0.48056 0.46610 0.55078
0.46573 0.54405 0.48750
0.41738 0.59415 0.50121
0.58995 0.47294 0.48213
0.34672 0.58514 0.56757
0.46821 0.47705 0.48958
0.52667 0.42208 0.53767
0.31911 0.61605 0.39289
0.52612 0.53004 0.47137
0.44136 0.44087 0.48415
0.41406 0.57392 0.49168
0.35064 0.49416 0.45482
0.47966 0.49162 0.49729
0.46770 0.47519 0.49653
0.45051 0.51355 0.54818
0.39710 0.55487 0.46583
0.34886 0.56767 0.53204
0.41299 0.48694 0.49581
0.44362 0.47053 0.52271
0.42981 0.56222 0.39736
0.37236 0.56983 0.51499
0.49499 0.46106 0.54063
0.40894 0.51700 0.41567
0.35884 0.51894 0.48039
0.37350 0.54840 0.55779
0.43796 0.53664 0.56352
0.33015 0.53824 0.49585
0.30161 0.53161 0.54273
0.45020 0.57217 0.52834
0.39138 0.66928 0.46359
0.40693 0.47275 0.52099
0.36390 0.47665 0.55045
0.36987 0.55972 0.50816
0.48665 0.44073 0.50020
0.44919 0.59351 0.47745
0.40738 0.56156 0.51633
0.37539 0.42455 0.52491
0.56051 0.60055 0.51314
0.42020 0.56755 0.50734
0.41316 0.60839 0.63076
0.39469 0.48367 0.56522
0.39780 0.50909 0.49516
0.54210 0.52085 0.42080
0.40525 0.47062 0.55451
0.46678 0.45532 0.50237
0.38556 0.51158 0.53762
0.31038 0.48019 0.53180
0.33711 0.58876 0.53943
0.33981 0.58582 0.46168
0.42087 0.47676 0.51040
0.40980 0.50086 0.57125
0.41972 0.61535 0.44127
0.39952 0.46764 0.46931
0.34703 0.51308 0.52637
0.43397 0.51061 0.54716
0.44357 0.47934 0.54626
0.38501 0.52284 0.56794
0.38249 0.45278 0.60397
0.34012 0.49377 0.53008
0.50222 0.52840 0.52385
0.38240 0.59839 0.51148
0.35418 0.59466 0.58249
0.44981 0.53923 0.52195
0.35910 0.59707 0.57612
0.32741 0.52763 0.37062
0.36833 0.44558 0.67125
0.47825 0.48043 0.53112
0.45694 0.67682 0.65394
0.33773 0.55615 0.56711
0.36227 0.51897 0.42844
0.34468 0.50590 0.40998
