20 16 1000 30347 122
0.64734 0.06636 0.14157
0.28367 0.70504 0.18388
0.92337 0.16625 0.65728
0.69122 0.23519 0.18651
0.81410 0.54270 0.79682
0.43825 0.91464 0.18037
0.94891 0.04790 0.81364
0.49514 0.56795 0.19983
0.05633 0.09343 0.67018
0.08218 0.24733 0.93787
0.07808 0.09423 0.93981
0.78989 0.11934 0.25712
0.05783 0.75776 0.60930
0.71754 0.18113 0.13934
0.33483 0.52566 0.51681
0.16719 0.87661 0.36196
0.43694 0.32215 0.51808
0.53496 0.28328 0.35332
0.60281 0.24913 0.64326
0.55860 0.35357 0.39500
0.34138 0.38180 0.51187
0.49971 0.38068 0.53797
0.42149 0.47785 0.46330
0.45149 0.40421 0.45248
0.42955 0.53373 0.37906
0.40063 0.47805 0.40112
0.47434 0.41047 0.47965
0.35437 0.42458 0.44089
0.43846 0.28226 0.45371
0.63084 0.27843 0.51596
0.51636 0.44780 0.42640
0.38921 0.39100 0.49280
0.43585 0.42355 0.41066
0.41353 0.50043 0.42867
0.56567 0.32826 0.34777
0.44972 0.48171 0.41197
0.42502 0.36873 0.67704
0.51637 0.44891 0.33478
0.43548 0.32611 0.41000
0.41275 0.40068 0.55966
0.45322 0.30950 0.45792
0.54877 0.29611 0.44824
0.49477 0.46410 0.53816
0.42153 0.46627 0.46814
0.46762 0.37518 0.41194
0.41764 0.29894 0.61239
0.45973 0.51316 0.46644
0.44726 0.41077 0.40295
0.43165 0.50389 0.42664
0.55816 0.29685 0.44114
0.57165 0.32016 0.45338
0.52430 0.25459 0.55272
0.52247 0.34970 0.48857
0.44667 0.39558 0.45258
0.41992 0.34367 0.48053
0.43809 0.49214 0.45477
0.32314 0.42043 0.50156
0.40687 0.44635 0.42636
0.39031 0.31330 0.61514
0.57324 0.46015 0.41127
0.38810 0.46792 0.39582
0.41172 0.37985 0.50867
0.55769 0.27664 0.44590
0.35299 0.46365 0.51050
0.52675 0.39166 0.44535
0.51577 0.39858 0.44708
0.32085 0.55273 0.42266
0.51803 0.28600 0.45072
0.48518 0.49650 0.34835
0.42893 0.48965 0.41696
0.36793 0.40743 0.44773
0.48780 0.48796 0.47292
0.58363 0.39648 0.41504
0.43292 0.37556 0.49340
0.41114 0.42136 0.45652
0.43629 0.38478 0.42452
0.51648 0.32421 0.37959
0.49170 0.56350 0.48151
0.44744 0.44786 0.42784
0.42683 0.44420 0.42784
0.48941 0.33060 0.51682
0.57600 0.36424 0.50154
0.49001 0.45040 0.32495
0.51529 0.37706 0.48233
0.44533 0.35353 0.51629
0.46158 0.43741 0.53146
0.51811 0.40199 0.36300
0.52526 0.41824 0.44212
0.42333 0.33944 0.52765
0.53631 0.30412 0.43652
0.58562 0.40226 0.53478
0.54123 0.35199 0.43610
0.54848 0.28047 0.46938
0.50422 0.28954 0.47362
0.46591 0.31834 0.50302
0.51829 0.26548 0.46969
0.38175 0.46761 0.50966
0.49556 0.40627 0.57811
0.40222 0.37746 0.55523
0.45160 0.29241 0.42394
0.58160 0.47177 0.44494
0.49775 0.39346 0.45141
0.42988 0.42921 0.40446
0.39878 0.41180 0.48130
0.32414 0.31039 0.56406
0.50444 0.38447 0.53759
0.51886 0.49361 0.38844
0.39236 0.30212 0.49531
0.40313 0.40942 0.47787
0.49611 0.40453 0.44130
0.49300 0.46400 0.42610
0.47596 0.41523 0.30907
0.44665 0.43680 0.45061
0.34849 0.38779 0.54526
0.42237 0.41912 0.45107
0.36082 0.52223 0.36472
0.30980 0.45903 0.46882
0.53861 0.37387 0.42979
0.51853 0.56186 0.43547
0.54924 0.35407 0.40218
0.64717 0.35884 0.46666
0.26273 0.37061 0.60883
0.45590 0.49682 0.46971
0.55900 0.31981 0.56271
0.48833 0.43810 0.53355
0.37015 0.41155 0.49644
0.43896 0.34613 0.43620
0.56944 0.34390 0.36450
0.53631 0.28589 0.56998
0.53931 0.36391 0.39980
0.47608 0.40056 0.39897
0.42729 0.39057 0.48312
0.46810 0.41272 0.32505
0.40570 0.38986 0.53638
0.53065 0.41053 0.42653
0.40463 0.40992 0.55561
0.44004 0.51350 0.40371
0.47786 0.47320 0.38710
0.47800 0.51577 0.31554
0.42905 0.35617 0.53667
0.39069 0.47004 0.43111
0.55529 0.34378 0.49583
0.51631 0.45019 0.46967
0.55476 0.27045 0.32009
0.48668 0.41043 0.40916
0.51823 0.41735 0.42926
0.55643 0.42456 0.47845
0.39623 0.43253 0.60874
0.52703 0.30704 0.41671
0.45350 0.45411 0.48302
0.51634 0.42703 0.56176
0.53627 0.32285 0.47538
0.50053 0.40387 0.50688
0.54086 0.29553 0.52935
0.36832 0.35374 0.47282
0.44409 0.32450 0.49527
0.59364 0.32187 0.52658
0.48430 0.35266 0.39503
0.54853 0.38936 0.57290
0.56471 0.33957 0.53735
0.37982 0.39949 0.48217
0.36648 0.50617 0.41529
0.43169 0.37896 0.47503
0.55017 0.33159 0.37284
0.37317 0.44142 0.43189
0.42754 0.35137 0.46566
0.57812 0.20196 0.42589
0.39167 0.34049 0.59494
0.47138 0.29934 0.48910
0.64900 0.22596 0.58657
0.54868 0.38704 0.34246
0.51642 0.36833 0.45954
0.46122 0.40760 0.41811
0.49998 0.41323 0.32488
0.45256 0.51677 0.45570
0.45331 0.45666 0.51989
0.55185 0.32178 0.39481
0.56045 0.33730 0.41398
0.57447 0.26914 0.38775
0.53174 0.42459 0.46486
0.47871 0.41554 0.54947
0.57673 0.25716 0.53152
0.65190 0.36155 0.43175
0.58951 0.35936 0.41400
0.43973 0.46627 0.45487
0.51067 0.36537 0.44787
0.45486 0.34903 0.49117
0.54240 0.33218 0.44192
0.39693 0.45232 0.44251
0.43786 0.31206 0.50374
0.53287 0.40913 0.51247
0.60875 0.28449 0.48508
0.36042 0.37265 0.48188
0.36631 0.31849 0.55562
0.34809 0.31516 0.60200
0.38011 0.49838 0.44485
0.45447 0.41707 0.40813
0.71014 0.16575 0.66661
0.44492 0.29547 0.41386
0.62647 0.38253 0.38342
0.50161 0.42992 0.47228
0.51025 0.36684 0.39512
0.28635 0.44290 0.56283
0.53407 0.47498 0.46993
0.45533 0.40826 0.61608
0.45468 0.35990 0.49909
0.51317 0.39586 0.50123
0.42118 0.38907 0.41866
0.42976 0.48533 0.52270
0.51875 0.49295 0.32135
0.50386 0.45363 0.38274
0.57475 0.40892 0.43530
0.47443 0.26819 0.57894
0.45442 0.28529 0.61037
0.47731 0.50211 0.38361
0.44992 0.30957 0.43392
0.44515 0.26078 0.46725
0.49871 0.36371 0.53788
0.47343 0.34799 0.41821
0.41552 0.38404 0.60536
0.51068 0.29797 0.31327
0.46784 0.33625 0.44630
0.51588 0.46154 0.48706
0.35566 0.32734 0.48379
0.45258 0.39771 0.50016
0.56326 0.34466 0.35979
0.37658 0.53651 0.49684
0.54465 0.40758 0.41736
0.53696 0.30442 0.33540
0.38554 0.39607 0.59530
0.47618 0.34966 0.54266
0.50098 0.38365 0.54969
0.43964 0.48683 0.33614
0.32875 0.42462 0.52314
0.65441 0.29177 0.60236
0.40848 0.41536 0.47572
0.38794 0.47053 0.46726
0.60570 0.32901 0.44936
0.38313 0.48225 0.44818
0.45158 0.35182 0.43309
0.54690 0.37630 0.39598
0.54261 0.38274 0.50412
0.47372 0.30348 0.54085
0.48686 0.35821 0.40668
0.49427 0.37269 0.54436
0.57340 0.34342 0.36657
0.38703 0.42717 0.55792
0.47702 0.40664 0.42263
0.56700 0.25850 0.42665
0.43384 0.33194 0.43092
0.54958 0.30032 0.42065
0.39755 0.44632 0.47751
0.38372 0.33153 0.49538
0.47859 0.54110 0.37043
0.57670 0.38220 0.40025
0.56792 0.34868 0.42590
0.41287 0.36767 0.56882
0.51909 0.30803 0.53632
0.59899 0.41411 0.53538
0.52580 0.29060 0.39772
0.49397 0.33578 0.49575
0.36040 0.29109 0.66907
0.36987 0.40341 0.53106
0.34780 0.45417 0.47537
0.54655 0.31357 0.44552
0.35955 0.27977 0.53394
0.49029 0.34533 0.37684
0.41051 0.31244 0.50489
0.56610 0.34255 0.55292
0.44587 0.31392 0.56009
0.44795 0.40825 0.54484
0.42362 0.37753 0.52327
0.57591 0.30970 0.36950
0.47767 0.32119 0.35676
0.75335 0.29310 0.59600
0.54923 0.34423 0.46724
0.42851 0.33585 0.45238
0.34426 0.43789 0.52300
0.43233 0.41495 0.42204
0.45120 0.38567 0.44555
0.44057 0.24317 0.57636
0.53068 0.41968 0.43127
0.55747 0.31278 0.45392
0.53017 0.37790 0.45913
0.45086 0.32531 0.48742
0.42236 0.48368 0.49227
0.72063 0.22718 0.62472
0.37107 0.35569 0.55055
0.37909 0.54381 0.39247
0.51035 0.43014 0.38433
0.44678 0.44276 0.43298
0.46967 0.35598 0.46628
0.47609 0.36715 0.52473
0.47596 0.36165 0.45999
0.40752 0.43471 0.48746
0.56115 0.29854 0.39666
0.51955 0.46188 0.48449
0.53207 0.30531 0.44681
0.45662 0.45937 0.50126
0.39064 0.39754 0.47694
0.41048 0.32992 0.63094
0.57070 0.31410 0.42408
0.46344 0.48227 0.48937
0.41727 0.43822 0.40470
0.45361 0.44563 0.47428
0.50115 0.53086 0.44071
0.50366 0.30188 0.42118
0.53456 0.47762 0.35056
0.57180 0.38980 0.37236
0.39794 0.40924 0.52048
0.43539 0.46167 0.39678
0.38833 0.40624 0.48847
0.57556 0.29878 0.56141
0.58950 0.22343 0.52927
0.60100 0.29622 0.56612
0.49833 0.38160 0.46779
0.50139 0.44603 0.42217
0.46544 0.38055 0.42525
0.51490 0.39945 0.40756
0.56610 0.38043 0.59766
0.51955 0.41007 0.34612
0.45934 0.42332 0.40701
0.43570 0.42930 0.47118
0.50628 0.34013 0.41008
0.50273 0.34750 0.35001
0.42345 0.52816 0.41444
0.48077 0.32883 0.40431
0.49295 0.39341 0.35320
0.40548 0.40999 0.51311
0.59335 0.31605 0.28704
0.44822 0.48423 0.40554
0.54777 0.42907 0.60443
0.50545 0.40783 0.43084
0.55340 0.36470 0.51654
0.48379 0.39635 0.53897
0.61651 0.41560 0.55158
0.41568 0.56249 0.48527
0.40723 0.43700 0.44658
0.41068 0.52810 0.43115
0.30305 0.47138 0.42898
0.44488 0.40625 0.42120
0.43195 0.32760 0.54440
0.60699 0.30425 0.49569
0.46499 0.38603 0.41994
0.37607 0.22693 0.69177
0.38334 0.34112 0.57297
0.47233 0.35457 0.59088
0.39673 0.33400 0.52895
0.48752 0.41103 0.37825
0.34349 0.41506 0.52812
0.46122 0.33724 0.39403
0.60478 0.38051 0.40431
0.44863 0.52272 0.41359
0.31299 0.40569 0.59006
0.46831 0.42453 0.36132
0.56746 0.31673 0.40551
0.36528 0.43665 0.48861
0.34289 0.38747 0.52447
0.36681 0.36596 0.51357
0.36687 0.40249 0.46087
0.50818 0.42506 0.41820
0.40471 0.29962 0.50015
0.38891 0.35728 0.50656
0.46262 0.32386 0.43872
0.50073 0.51269 0.49677
0.48898 0.35269 0.45124
0.42023 0.42566 0.52068
0.40950 0.36555 0.45131
0.46431 0.25967 0.54826
0.42269 0.36077 0.56917
0.42553 0.38502 0.59456
0.39438 0.44244 0.37947
0.49564 0.31628 0.42665
0.28787 0.50353 0.55112
0.36859 0.60124 0.41118
0.51863 0.34090 0.51275
0.36143 0.29950 0.54652
0.56744 0.48424 0.54006
0.52684 0.26753 0.36973
0.50401 0.34083 0.48465
0.43955 0.39987 0.45118
0.54168 0.34866 0.46535
0.51455 0.37992 0.44157
0.33923 0.43264 0.49929
0.54070 0.44819 0.49544
0.49225 0.31979 0.50253
0.47394 0.40360 0.43546
0.53768 0.46660 0.51005
0.51833 0.29427 0.49047
0.51980 0.35947 0.34558
0.63588 0.23784 0.34754
0.54968 0.34978 0.47175
0.54343 0.35256 0.48642
0.58818 0.35948 0.37605
0.34400 0.41969 0.52280
0.45464 0.33981 0.50242
0.44787 0.48069 0.49117
0.51251 0.37759 0.38370
0.50580 0.32127 0.45763
0.54396 0.35534 0.55927
0.51619 0.25308 0.53941
0.63254 0.28628 0.49198
0.38060 0.40365 0.43917
0.49052 0.38604 0.44349
0.33740 0.38743 0.60400
0.41858 0.34995 0.54784
0.48660 0.34498 0.44190
0.33646 0.47699 0.53720
0.45202 0.33435 0.46966
0.36183 0.51828 0.46661
0.28072 0.40769 0.63280
0.45647 0.45110 0.42877
0.45515 0.32510 0.54832
0.56171 0.35082 0.42706
0.45482 0.43126 0.48870
0.41071 0.42375 0.52505
0.51130 0.40817 0.37308
0.47343 0.37845 0.51426
0.42302 0.36669 0.46840
0.52383 0.37155 0.48456
0.46795 0.44824 0.37320
0.52186 0.47317 0.43201
0.41688 0.35540 0.47576
0.46809 0.17018 0.54665
0.47060 0.37810 0.53896
0.48749 0.35403 0.53960
0.46099 0.41620 0.52931
0.40862 0.33642 0.38998
0.38484 0.41124 0.45320
0.65874 0.31786 0.51469
0.49781 0.44126 0.43471
0.39517 0.46385 0.37347
0.50994 0.36305 0.44579
0.34782 0.44420 0.54735
0.52381 0.36046 0.37635
0.46615 0.34853 0.44658
0.58168 0.33875 0.40872
0.56649 0.28244 0.51602
0.50258 0.47741 0.42610
0.42571 0.40934 0.53603
0.43936 0.44836 0.40085
0.39595 0.29433 0.64294
0.39696 0.48129 0.44067
0.38255 0.41688 0.45659
0.57635 0.30853 0.51553
0.51302 0.41190 0.38148
0.48812 0.31408 0.49380
0.59589 0.33817 0.46282
0.53545 0.35587 0.51306
0.52029 0.38062 0.44638
0.47629 0.32209 0.49176
0.54327 0.45114 0.53976
0.40851 0.37764 0.56113
0.39779 0.47300 0.40446
0.45454 0.47050 0.45571
0.42554 0.40191 0.43682
0.47777 0.36471 0.44445
0.31161 0.31755 0.54888
0.40374 0.53186 0.40335
0.40782 0.39313 0.40771
0.47710 0.48104 0.43170
0.54498 0.29740 0.52527
0.41136 0.36902 0.54390
0.44053 0.33499 0.52261
0.59575 0.31121 0.47135
0.54096 0.31696 0.54400
0.48926 0.40667 0.47291
0.53488 0.42445 0.52444
0.36531 0.31733 0.48391
0.43355 0.40132 0.50797
0.54410 0.45647 0.44180
0.58961 0.36097 0.42018
0.38130 0.54158 0.41770
0.48690 0.43981 0.47577
0.50520 0.29684 0.39273
0.37389 0.43753 0.50143
0.42301 0.44236 0.58034
0.57501 0.37942 0.53136
0.52965 0.41306 0.44483
0.29525 0.23324 0.54443
0.49603 0.25329 0.53967
0.56857 0.35179 0.54522
0.35294 0.38462 0.55329
0.47370 0.38808 0.37225
0.42904 0.39820 0.55530
0.39108 0.45951 0.43903
0.41578 0.41911 0.40830
0.57785 0.39320 0.52336
0.42565 0.41421 0.55165
0.41511 0.35804 0.40031
0.53154 0.32583 0.35576
0.42282 0.44703 0.44247
0.38365 0.26290 0.57645
0.40096 0.37483 0.51591
0.47706 0.33994 0.44471
0.48785 0.34111 0.49331
0.35859 0.38004 0.55024
0.53209 0.37977 0.33744
0.51084 0.30184 0.66525
0.56880 0.32268 0.44970
0.47543 0.38800 0.51800
0.58547 0.38267 0.38631
0.54646 0.26816 0.58429
0.53071 0.35170 0.54516
0.50409 0.31992 0.45679
0.42945 0.38828 0.58750
0.41313 0.32766 0.48432
0.45581 0.39875 0.51770
0.46856 0.45377 0.46969
0.43059 0.37593 0.53837
0.46292 0.44435 0.41114
0.47456 0.46611 0.41681
0.52343 0.33724 0.42849
0.47244 0.37722 0.41214
0.41658 0.39618 0.34893
0.52800 0.52480 0.55083
0.47485 0.35520 0.53521
0.49784 0.26092 0.44767
0.38967 0.35564 0.54812
0.35316 0.34949 0.53717
0.40989 0.52924 0.45296
0.45298 0.42514 0.40124
0.48227 0.39419 0.48753
0.60404 0.29531 0.36517
0.38197 0.44653 0.50858
0.46329 0.41778 0.50236
0.38400 0.34531 0.54968
0.46174 0.34466 0.42270
0.42847 0.42118 0.47744
0.50616 0.43039 0.43208
0.58045 0.31245 0.42210
0.42781 0.35809 0.48065
0.35026 0.22725 0.52988
0.47009 0.34373 0.55057
0.45454 0.38540 0.52404
0.54465 0.45385 0.56056
0.38214 0.37463 0.46515
0.40599 0.36213 0.53704
0.40084 0.36564 0.53123
0.39784 0.21720 0.49964
0.60488 0.38020 0.47398
0.71188 0.20285 0.58379
0.52394 0.32084 0.51337
0.48577 0.44440 0.49115
0.43836 0.39570 0.57974
0.56989 0.43264 0.51401
0.47551 0.40196 0.43351
0.32388 0.52487 0.44992
0.53684 0.28557 0.55748
0.46290 0.42735 0.46680
0.36609 0.37037 0.55892
0.29531 0.47954 0.54858
0.49099 0.36441 0.45851
0.47776 0.36310 0.35078
0.45880 0.38506 0.44662
0.46320 0.45092 0.43016
0.50150 0.47093 0.32385
0.52034 0.37270 0.44879
0.64176 0.27596 0.41778
0.59058 0.23793 0.60374
0.40099 0.42131 0.45542
0.57197 0.35315 0.57447
0.51854 0.32166 0.48365
0.43680 0.38000 0.53402
0.51421 0.28480 0.49250
0.53287 0.43920 0.49240
0.39640 0.56655 0.48940
0.47535 0.39106 0.55949
0.48347 0.42970 0.40299
0.42314 0.37929 0.49121
0.48047 0.50936 0.43595
0.54211 0.32405 0.47671
0.54651 0.26631 0.46099
0.56548 0.38741 0.48964
0.55389 0.39388 0.51603
0.52685 0.40624 0.66085
0.60727 0.30164 0.38026
0.53861 0.34888 0.49482
0.62359 0.38769 0.47813
0.48744 0.41396 0.53500
0.51710 0.33182 0.42842
0.54643 0.35474 0.48201
0.35294 0.33452 0.61443
0.31055 0.60517 0.43011
0.66983 0.26573 0.51946
0.47025 0.42934 0.33402
0.53831 0.33501 0.51007
0.56924 0.24593 0.53661
0.54749 0.31068 0.47320
0.42624 0.38023 0.51009
0.48331 0.43019 0.43949
0.50149 0.45989 0.36609
0.39887 0.43235 0.45837
0.60065 0.25970 0.38037
0.53598 0.44991 0.40848
0.43714 0.43052 0.34996
0.52576 0.37571 0.42566
0.49959 0.36797 0.53462
0.53230 0.48625 0.36688
0.48389 0.41722 0.40723
0.51496 0.46181 0.49268
0.53978 0.45150 0.43439
0.38657 0.55336 0.48949
0.55319 0.47617 0.45861
0.60818 0.29317 0.45517
0.37349 0.44152 0.52037
0.49753 0.34592 0.42558
0.44581 0.34585 0.48124
0.45764 0.41804 0.42642
0.46261 0.27483 0.58813
0.61544 0.37808 0.52989
0.50010 0.38205 0.56755
0.48172 0.41374 0.32554
0.42273 0.48984 0.40198
0.44355 0.45442 0.43827
0.32600 0.40704 0.52259
0.48668 0.39622 0.37828
0.54248 0.40006 0.39612
0.37479 0.36555 0.52649
0.47621 0.37842 0.48609
0.56904 0.34880 0.44164
0.43390 0.27010 0.52267
0.38664 0.37834 0.49751
0.46337 0.28273 0.39272
0.47833 0.42999 0.53028
0.50538 0.42279 0.33379
0.34514 0.46780 0.44367
0.42594 0.30963 0.57660
0.42695 0.39027 0.46471
0.57293 0.34387 0.39674
0.62126 0.32155 0.46498
0.55013 0.38439 0.48400
0.47255 0.38497 0.43997
0.50284 0.46006 0.36658
0.51572 0.35864 0.43371
0.43805 0.34950 0.46918
0.38716 0.36870 0.47400
0.57323 0.39831 0.38110
0.48203 0.39549 0.42679
0.57456 0.31100 0.47766
0.47216 0.28837 0.60492
0.38314 0.36752 0.56321
0.48270 0.32637 0.51390
0.36286 0.57586 0.40878
0.56929 0.43858 0.53586
0.40453 0.49645 0.40953
0.45165 0.45305 0.35284
0.52761 0.38968 0.45200
0.44838 0.34348 0.44378
0.48051 0.25284 0.66413
0.40449 0.36764 0.50922
0.43792 0.46780 0.46325
0.58951 0.42233 0.48439
0.46372 0.27012 0.49512
0.43216 0.36828 0.53749
0.55975 0.33501 0.45567
0.48857 0.38468 0.44989
0.40510 0.38489 0.45018
0.39480 0.31479 0.56068
0.44362 0.52764 0.50709
0.44861 0.40479 0.37816
0.40598 0.26941 0.52746
0.47968 0.42347 0.52664
0.31563 0.44745 0.52835
0.48688 0.41542 0.36143
0.43515 0.34931 0.46114
0.52297 0.34167 0.44367
0.42856 0.37874 0.49536
0.58329 0.41749 0.63301
0.55005 0.46821 0.36763
0.45300 0.39153 0.42399
0.49054 0.37037 0.39572
0.62735 0.39797 0.39325
0.47024 0.31293 0.42005
0.54960 0.39676 0.39366
0.44306 0.54056 0.39373
0.49993 0.28206 0.63305
0.56328 0.35460 0.36240
0.58463 0.28633 0.39628
0.44353 0.37478 0.60956
0.69677 0.21357 0.37274
0.51397 0.42541 0.46793
0.62957 0.37046 0.37649
0.61885 0.30565 0.51605
0.57866 0.33188 0.42340
0.35393 0.46847 0.50939
0.46444 0.27636 0.44171
0.46121 0.38201 0.39860
0.59606 0.29228 0.34115
0.43635 0.32675 0.47301
0.57480 0.31642 0.46384
0.46147 0.46440 0.44848
0.46272 0.39058 0.41121
0.43049 0.56266 0.44895
0.46803 0.45732 0.49991
0.63352 0.26421 0.63081
0.42857 0.40524 0.50053
0.44034 0.45870 0.46953
0.49711 0.41605 0.51377
0.53680 0.32800 0.53228
0.46348 0.46165 0.50082
0.49498 0.35636 0.49537
0.46602 0.36381 0.50436
0.51235 0.34079 0.57104
0.40617 0.32938 0.55909
0.41254 0.22676 0.42824
0.53473 0.44061 0.30202
0.54923 0.29866 0.51919
0.54508 0.28275 0.49572
0.41409 0.38575 0.54421
0.40810 0.35471 0.47020
0.63002 0.34733 0.48450
0.41393 0.44330 0.45284
0.53037 0.45729 0.36257
0.48897 0.33461 0.49701
0.45255 0.42616 0.45538
0.44875 0.42627 0.46064
0.59458 0.22518 0.49364
0.49975 0.39898 0.38959
0.46384 0.36973 0.54225
0.41660 0.50753 0.51781
0.41517 0.58547 0.38360
0.50302 0.32476 0.47950
0.49766 0.36588 0.44524
0.37704 0.42682 0.48070
0.59901 0.28218 0.45079
0.52103 0.40967 0.34980
0.41216 0.40839 0.52093
0.38377 0.48892 0.47233
0.51438 0.30168 0.47940
0.43710 0.58169 0.38711
0.44247 0.41159 0.41086
0.58808 0.39316 0.46675
0.36254 0.39585 0.50449
0.59306 0.27116 0.53123
0.46004 0.41887 0.44480
0.51786 0.33008 0.45942
0.41721 0.52709 0.42849
0.43522 0.45568 0.49373
0.60598 0.34962 0.36259
0.66327 0.24201 0.48229
0.50996 0.38645 0.42145
0.58635 0.27187 0.40412
0.39645 0.46822 0.38433
0.38537 0.29130 0.52286
0.34133 0.44905 0.52288
0.46083 0.34115 0.49495
0.47196 0.34544 0.47521
0.42854 0.22590 0.50527
0.53182 0.44143 0.36184
0.48110 0.38379 0.36728
0.40414 0.54835 0.39203
0.31688 0.33837 0.66368
0.41961 0.47203 0.42844
0.57262 0.40155 0.46650
0.39642 0.39660 0.53880
0.47611 0.55086 0.36937
0.46769 0.31804 0.53049
0.58949 0.26640 0.52078
0.43076 0.33194 0.66183
0.51820 0.25420 0.48466
0.49200 0.40242 0.38805
0.51787 0.34620 0.64108
0.45919 0.33507 0.59508
0.56699 0.33188 0.38356
0.49774 0.40391 0.39575
0.45953 0.48790 0.38222
0.42576 0.41218 0.35881
0.46023 0.40186 0.49947
0.37568 0.41979 0.51855
0.51806 0.40868 0.35896
0.42756 0.44156 0.38869
0.58390 0.33355 0.35953
0.52486 0.34968 0.35791
0.58651 0.35896 0.50338
0.50246 0.32088 0.42943
0.46288 0.34837 0.45663
0.49830 0.39334 0.49363
0.47574 0.45513 0.45970
0.49274 0.30588 0.42054
0.44542 0.39805 0.40967
0.45141 0.39652 0.42897
0.48944 0.52093 0.39978
0.58959 0.27486 0.58342
0.42423 0.47847 0.42041
0.57206 0.40292 0.46743
0.47570 0.43439 0.53196
0.45569 0.39569 0.42262
0.44161 0.55400 0.42607
0.47097 0.47945 0.37986
0.49333 0.33495 0.56710
0.61387 0.35639 0.44599
0.52794 0.40334 0.58592
0.49290 0.41266 0.41919
0.43030 0.43686 0.44609
0.51858 0.32625 0.51263
0.43174 0.41844 0.45311
0.44575 0.35015 0.47447
0.48194 0.44595 0.38631
0.37456 0.46765 0.48213
0.38973 0.55152 0.38199
0.48139 0.46406 0.41007
0.39635 0.50872 0.44660
0.34307 0.31073 0.50221
0.50729 0.45007 0.54342
0.49972 0.39837 0.44541
0.45407 0.42535 0.48714
0.52784 0.48415 0.52330
0.47730 0.45158 0.48679
0.50638 0.39228 0.43122
0.56891 0.32669 0.54434
0.50191 0.32606 0.46236
0.38426 0.44441 0.53046
0.41958 0.40347 0.40893
0.61249 0.32031 0.42053
0.56822 0.27250 0.56950
0.48467 0.41312 0.34929
0.40349 0.44520 0.46094
0.72799 0.29588 0.64545
0.44682 0.45884 0.46259
0.40339 0.44047 0.40757
0.34557 0.38161 0.52896
0.35112 0.31906 0.53309
0.31321 0.36259 0.63633
0.38876 0.50427 0.45624
0.36856 0.50126 0.42364
0.52778 0.44951 0.50938
0.41723 0.28938 0.47145
0.42622 0.44648 0.32383
0.62731 0.32562 0.51418
0.44861 0.43942 0.48975
0.44809 0.26478 0.44179
0.43911 0.42920 0.41552
0.47154 0.41332 0.44851
0.43851 0.38302 0.50185
0.38540 0.50865 0.42846
0.57479 0.24533 0.55481
0.60771 0.32555 0.50095
0.45602 0.42615 0.48478
0.43374 0.33186 0.43273
0.33968 0.47081 0.50325
0.60020 0.38413 0.42296
0.34915 0.38429 0.58876
0.43705 0.30701 0.53844
0.38075 0.40900 0.42680
0.51465 0.42570 0.38246
0.50573 0.41917 0.45450
0.50880 0.44842 0.50096
0.40293 0.36042 0.46440
0.52022 0.30597 0.37895
0.55209 0.39562 0.43550
0.52381 0.35806 0.44992
0.44914 0.44709 0.33742
0.53543 0.33053 0.39817
0.41239 0.29696 0.45679
0.34701 0.55128 0.42529
0.28807 0.42729 0.62283
0.54713 0.31861 0.51996
0.45196 0.37216 0.50516
0.40138 0.33351 0.57157
0.54776 0.25747 0.44141
0.40509 0.37895 0.55520
0.40013 0.38545 0.58704
0.29179 0.37800 0.62094
0.48439 0.38172 0.34065
0.40269 0.33603 0.60540
0.44284 0.56358 0.35739
0.50338 0.46468 0.52004
0.41768 0.43325 0.50916
0.50704 0.32525 0.40582
0.68030 0.23789 0.45750
0.60225 0.29442 0.46703
0.33825 0.25905 0.56831
0.39811 0.26094 0.52591
0.55735 0.40376 0.52201
0.39732 0.36710 0.51927
0.52263 0.41087 0.41195
0.39684 0.38837 0.52162
0.60431 0.37392 0.39434
0.41078 0.40882 0.53889
0.49161 0.43354 0.47705
0.28808 0.34571 0.62957
0.46625 0.28276 0.52802
0.35309 0.44277 0.52818
0.49405 0.50022 0.41850
0.40535 0.34686 0.51713
0.40609 0.29370 0.60142
0.41023 0.37268 0.55021
0.38976 0.49633 0.38892
0.50185 0.43312 0.34949
0.34073 0.25322 0.61046
0.50140 0.43174 0.40009
0.40064 0.49301 0.43054
0.46424 0.27574 0.62604
0.39580 0.33446 0.49353
0.35886 0.37333 0.56114
0.57728 0.38205 0.43614
0.40848 0.29061 0.47755
0.49972 0.33741 0.45270
0.47454 0.51046 0.35235
0.44725 0.32690 0.46189
0.36806 0.37180 0.50228
0.43872 0.37542 0.50666
0.44572 0.37550 0.47268
0.42619 0.42123 0.46672
0.54723 0.27743 0.34957
0.50573 0.42784 0.58728
0.44048 0.37166 0.59693
0.40365 0.51027 0.43561
0.51259 0.44279 0.42494
0.58920 0.33254 0.52374
0.53205 0.30788 0.49852
0.55322 0.35860 0.32693
0.54473 0.41368 0.59162
0.40548 0.40103 0.47736
0.48988 0.39721 0.50533
0.42247 0.43123 0.47107
0.51718 0.44615 0.48232
0.43920 0.35281 0.41176
0.48929 0.35965 0.37079
0.56687 0.34359 0.42917
0.43719 0.41975 0.40382
0.45763 0.47936 0.47766
0.38285 0.41988 0.48898
0.38074 0.40881 0.45288
0.43109 0.44753 0.41084
0.62483 0.34324 0.51759
0.45672 0.38453 0.43414
0.37359 0.40262 0.45909
0.42944 0.43989 0.51182
0.49337 0.49825 0.48110
0.52254 0.38673 0.32607
0.48370 0.47018 0.41863
0.45783 0.52964 0.35862
0.56872 0.28771 0.46838
0.36456 0.37363 0.52755
0.57154 0.25887 0.39369
0.42835 0.45703 0.42155
0.47775 0.36368 0.48506
0.49196 0.33665 0.49640
0.50297 0.39144 0.38059
0.47679 0.45126 0.42754
0.41973 0.33972 0.46797
0.40733 0.32757 0.54628
0.48356 0.36043 0.44679
0.46998 0.32906 0.43699
0.46936 0.24690 0.62054
0.41780 0.50575 0.44091
0.31069 0.25009 0.54084
0.29838 0.40928 0.60669
0.31582 0.46014 0.49148
0.39242 0.41839 0.48684
0.44886 0.47592 0.46849
0.40423 0.56883 0.36670
0.40223 0.37012 0.53777
0.31229 0.48704 0.50677
0.47830 0.35658 0.55950
0.52314 0.25975 0.47125
0.34819 0.34712 0.52866
0.31013 0.51372 0.45326
0.45623 0.28088 0.50591
0.46194 0.43515 0.39007
0.33566 0.52432 0.54839
0.49112 0.38516 0.43018
0.47334 0.39690 0.43359
0.61958 0.25173 0.47994
0.53359 0.43705 0.38907
0.52133 0.32163 0.50226
0.45985 0.35831 0.48087
0.34913 0.39646 0.49616
0.35146 0.44999 0.50809
0.38659 0.33340 0.48804
0.45711 0.41702 0.37489
0.47176 0.32944 0.39875
0.46282 0.48018 0.55162
0.48839 0.41066 0.43607
0.41850 0.25368 0.70709
0.46605 0.41227 0.46406
0.47785 0.38485 0.56413
0.48671 0.34851 0.41874
0.56243 0.29099 0.53539
0.39148 0.40715 0.50304
0.44724 0.49089 0.39770
0.38756 0.48590 0.39726
0.54690 0.41888 0.48294
0.35788 0.43439 0.50640
0.42979 0.42068 0.51055
0.56285 0.29223 0.50505
0.52898 0.36908 0.44130
0.43234 0.32673 0.40176
0.46181 0.39962 0.39842
0.43666 0.37278 0.53347
0.45063 0.44016 0.48297
0.56420 0.30765 0.46931
0.54327 0.48007 0.48261
0.57223 0.30116 0.44645
0.51144 0.44953 0.39701
0.43038 0.45298 0.45759
0.48536 0.42532 0.45283
0.55166 0.44450 0.48426
0.48931 0.38863 0.43424
0.50598 0.38521 0.37901
0.40618 0.39455 0.49159
0.29786 0.45551 0.51051
0.46601 0.38745 0.49988
0.46795 0.32813 0.46602
0.31773 0.38196 0.59482
0.50127 0.34448 0.43878
0.55733 0.29132 0.50940
0.35233 0.38270 0.54377
0.53502 0.30621 0.46832
0.47339 0.41611 0.42936
0.44788 0.35955 0.53784
0.35242 0.43213 0.44621
0.47196 0.41606 0.43592
0.45797 0.33369 0.63097
