20 5 1000 34997 8988
0.73778 0.84492 0.38108
0.01705 0.25637 0.28760
0.55586 0.95147 0.96663
0.86895 0.72901 0.34166
0.02184 0.38883 0.71547
0.51151 0.64983 0.50041
0.55630 0.63236 0.45453
0.71978 0.74458 0.46763
0.35561 0.53518 0.52289
0.49210 0.73719 0.64092
0.28824 0.57583 0.63029
0.47140 0.59540 0.49183
0.65974 0.67901 0.41888
0.67812 0.75081 0.55641
0.38177 0.64977 0.60937
0.58311 0.70904 0.39369
0.27713 0.64039 0.79823
0.43145 0.61915 0.44436
0.28687 0.52988 0.57561
0.37103 0.64359 0.62204
0.44091 0.64077 0.47529
0.72241 0.74602 0.41802
0.42205 0.57221 0.41194
0.55382 0.90542 0.87677
0.60805 0.64964 0.40432
0.52325 0.81945 0.73826
0.24141 0.51054 0.54921
0.52411 0.73723 0.65404
0.56955 0.72999 0.59208
0.18443 0.50675 0.67571
0.15455 0.42817 0.51939
0.51146 0.73017 0.60540
0.38109 0.56698 0.46008
0.62482 0.78581 0.59044
0.42357 0.60000 0.54789
0.53863 0.73835 0.53732
0.75822 0.72673 0.41712
0.52111 0.60679 0.41582
0.63757 0.78865 0.60464
0.15423 0.45422 0.59411
0.55563 0.73210 0.56741
0.38625 0.66209 0.61329
0.52665 0.78097 0.73637
0.62812 0.80927 0.63942
0.55302 0.74539 0.50462
0.70399 0.81817 0.38739
0.32980 0.53478 0.42236
0.45906 0.76065 0.75477
0.58004 0.67163 0.46967
0.41779 0.62086 0.51938
0.48094 0.71722 0.67154
0.19791 0.41114 0.36335
0.14249 0.43328 0.59861
0.36633 0.52735 0.42614
0.59144 0.68934 0.44880
0.25639 0.48429 0.44368
0.51197 0.80438 0.74321
0.45951 0.63924 0.56926
0.43747 0.57635 0.44971
0.28521 0.50967 0.61046
0.36441 0.66335 0.64741
0.54965 0.77306 0.68918
0.37550 0.62077 0.57721
0.50441 0.67985 0.49918
0.32050 0.48626 0.42002
0.25549 0.45206 0.43838
0.45971 0.79526 0.81096
0.51465 0.76532 0.66005
0.30208 0.46380 0.38817
0.53983 0.80052 0.67812
0.54131 0.66516 0.47952
0.60711 0.79132 0.57319
0.70765 0.76772 0.40507
0.60703 0.74081 0.56255
0.28175 0.53390 0.51050
0.54447 0.70468 0.43430
0.72412 0.75731 0.44541
0.26327 0.54405 0.68680
0.34565 0.62552 0.67539
0.44699 0.65477 0.65033
0.63806 0.74820 0.50655
0.52523 0.68364 0.52030
0.38169 0.57186 0.53756
0.60311 0.72421 0.53572
0.54905 0.71009 0.45800
0.41528 0.63242 0.52101
0.22031 0.48657 0.60080
0.55706 0.67212 0.52098
0.46940 0.68514 0.50444
0.37235 0.62864 0.58049
0.38845 0.66244 0.66670
0.41959 0.62358 0.46271
0.53638 0.75340 0.60160
0.24532 0.46202 0.52677
0.55804 0.74362 0.63842
0.36915 0.69786 0.73478
0.46503 0.64958 0.54823
0.60566 0.74484 0.55424
0.69851 0.68010 0.40982
0.54219 0.68712 0.43215
0.66394 0.69088 0.48562
0.48513 0.67649 0.58598
0.44752 0.76318 0.79541
0.53506 0.74455 0.62166
0.48701 0.69234 0.59498
0.63138 0.75213 0.40596
0.34309 0.53073 0.40456
0.14738 0.38035 0.38138
0.21145 0.52954 0.68175
0.49932 0.60628 0.37498
0.55491 0.66908 0.47656
0.47052 0.58761 0.44792
0.35123 0.49294 0.41338
0.76942 0.74097 0.38185
0.31546 0.59209 0.60615
0.19443 0.48690 0.53842
0.34556 0.50793 0.45207
0.67023 0.74105 0.54065
0.43123 0.65808 0.57997
0.34482 0.54066 0.47438
0.59179 0.81018 0.65135
0.56931 0.63650 0.40298
0.54870 0.63253 0.40562
0.42236 0.56675 0.39734
0.47321 0.71596 0.68865
0.73652 0.81641 0.52273
0.48661 0.60407 0.49189
0.64119 0.75250 0.54220
0.24419 0.53411 0.62771
0.58754 0.86335 0.71551
0.65153 0.74798 0.43524
0.50879 0.66325 0.46027
0.47446 0.62813 0.45730
0.68167 0.77942 0.50668
0.67401 0.75735 0.47065
0.64366 0.67423 0.45750
0.44742 0.67305 0.64390
0.27529 0.54979 0.58101
0.47987 0.59784 0.44041
0.35240 0.64134 0.68617
0.29436 0.48257 0.43712
0.60678 0.79096 0.68567
0.14935 0.44483 0.61217
0.39650 0.60383 0.47895
0.58267 0.73688 0.45221
0.62316 0.75803 0.39910
0.58129 0.69370 0.43508
0.26666 0.58251 0.71045
0.52324 0.61706 0.37186
0.49940 0.75909 0.66992
0.12328 0.38009 0.46090
0.41033 0.55262 0.40330
0.47717 0.56878 0.44128
0.34133 0.51604 0.50229
0.31060 0.52244 0.42059
0.58181 0.80953 0.71593
0.23917 0.48509 0.47387
0.16691 0.38500 0.38587
0.58032 0.65505 0.46024
0.46106 0.62512 0.40367
0.62320 0.74753 0.58384
0.50874 0.72004 0.56001
0.46766 0.63807 0.51222
0.35858 0.59455 0.57186
0.64315 0.77738 0.48828
0.44353 0.55264 0.37582
0.53989 0.76545 0.61038
0.44087 0.62238 0.44586
0.51085 0.70083 0.48299
0.28923 0.55045 0.57426
0.58162 0.66320 0.41951
0.10631 0.39076 0.55027
0.40005 0.55539 0.48284
0.35248 0.62624 0.62836
0.21965 0.42564 0.45800
0.32982 0.47597 0.35507
0.50194 0.70623 0.51453
0.47619 0.64975 0.51918
0.50946 0.66923 0.43379
0.70418 0.67761 0.39078
0.27582 0.44067 0.39194
0.57093 0.71849 0.52820
0.19570 0.42308 0.40992
0.35664 0.58033 0.54443
0.61620 0.81894 0.58619
0.42478 0.74608 0.76652
0.54262 0.67894 0.47710
0.58636 0.75373 0.50625
0.40858 0.58401 0.50804
0.34375 0.60663 0.64326
0.37408 0.65318 0.60299
0.36937 0.68227 0.69507
0.61446 0.74737 0.39051
0.49606 0.66078 0.50590
0.35478 0.65828 0.64122
0.41438 0.60090 0.54482
0.17677 0.41492 0.40900
0.43187 0.61161 0.48838
0.07639 0.34189 0.44487
0.41313 0.61188 0.53515
0.62347 0.75344 0.58090
0.50708 0.70327 0.49054
0.62633 0.69355 0.45832
0.54311 0.67242 0.45210
0.43273 0.59485 0.48509
0.33561 0.49998 0.39012
0.46219 0.82557 0.86326
0.37756 0.60526 0.51789
0.19102 0.49520 0.59241
0.43186 0.65820 0.60255
0.27979 0.57037 0.62199
0.45939 0.63838 0.56758
0.59456 0.76251 0.61398
0.37450 0.56097 0.45865
0.58790 0.72770 0.40934
0.25853 0.47576 0.51063
0.44667 0.80362 0.83157
0.18947 0.52142 0.71777
0.30687 0.55601 0.48266
0.47762 0.58987 0.42751
0.41346 0.54745 0.49550
0.51312 0.79012 0.74751
0.62302 0.64569 0.43135
0.58227 0.76100 0.52180
0.37649 0.70290 0.76388
0.13156 0.37076 0.41772
0.28455 0.53601 0.50716
0.61676 0.77924 0.52431
0.65401 0.80749 0.56644
0.34500 0.53514 0.57192
0.43202 0.64916 0.58159
0.52380 0.64317 0.48947
0.43041 0.56474 0.43081
0.63871 0.79285 0.53884
0.22414 0.41262 0.36986
0.16234 0.40601 0.40160
0.36969 0.61562 0.56392
0.37514 0.61706 0.58322
0.43958 0.69713 0.66023
0.47357 0.77362 0.71935
0.53177 0.67464 0.47824
0.45615 0.63996 0.54291
0.32815 0.54137 0.41771
0.65659 0.70115 0.37593
0.47888 0.68854 0.57621
0.28999 0.52193 0.51615
0.33780 0.63062 0.67890
0.30868 0.45197 0.33359
0.36439 0.51004 0.42988
0.65116 0.85326 0.63856
0.70320 0.67139 0.42121
0.29022 0.54118 0.51298
0.77398 0.79553 0.47532
0.48343 0.69046 0.60971
0.44581 0.65858 0.60399
0.50158 0.73154 0.60048
0.32911 0.54897 0.49393
0.41348 0.63743 0.51497
0.62520 0.73750 0.46596
0.46036 0.71546 0.66400
0.32825 0.64317 0.69637
0.64382 0.77742 0.53495
0.34837 0.54444 0.46717
0.42917 0.66732 0.57824
0.37888 0.67592 0.69390
0.18627 0.37421 0.34007
0.37081 0.61184 0.50709
0.50300 0.58642 0.33651
0.62559 0.72455 0.57359
0.65737 0.73937 0.52102
0.46867 0.77343 0.76659
0.46620 0.66898 0.56831
0.70622 0.70363 0.42128
0.53232 0.75066 0.69244
0.56747 0.71341 0.43757
0.53276 0.87939 0.84785
0.23391 0.51038 0.57688
0.33500 0.61558 0.60519
0.66989 0.72693 0.51262
0.42557 0.57170 0.38403
0.60468 0.76399 0.44861
0.48310 0.77056 0.74594
0.43279 0.63777 0.54640
0.49853 0.69642 0.59333
0.65778 0.66766 0.42808
0.50626 0.64075 0.47671
0.08107 0.32180 0.34313
0.61583 0.84568 0.69942
0.38330 0.60269 0.52241
0.36351 0.57074 0.52484
0.48844 0.65841 0.50757
0.27297 0.52863 0.60804
0.66112 0.74467 0.42190
0.60882 0.68200 0.44085
0.72975 0.75635 0.40693
0.44380 0.56370 0.40935
0.49882 0.65711 0.46663
0.63625 0.66907 0.39563
0.27887 0.49490 0.50348
0.31646 0.51353 0.47280
0.35356 0.62229 0.61046
0.53803 0.72783 0.52320
0.27290 0.56641 0.61147
0.51711 0.71765 0.50990
0.21544 0.41936 0.43821
0.38089 0.61439 0.58441
0.57407 0.74455 0.57863
0.58077 0.64066 0.44859
0.22733 0.50582 0.60373
0.41921 0.72905 0.77890
0.35404 0.55454 0.52655
0.32930 0.51302 0.45216
0.47833 0.67063 0.48316
0.56994 0.77573 0.62825
0.52148 0.70230 0.58275
0.34246 0.50548 0.44025
0.54312 0.72644 0.50297
0.53023 0.70169 0.56157
0.66756 0.73155 0.44129
0.66616 0.74187 0.44319
0.43136 0.65856 0.63761
0.24742 0.54721 0.58333
0.47509 0.75867 0.68227
0.42738 0.59390 0.42117
0.66228 0.81443 0.64659
0.38783 0.57310 0.42779
0.33744 0.55894 0.50018
0.32160 0.55771 0.62872
0.44727 0.62501 0.52351
0.24465 0.50877 0.57871
0.54390 0.72151 0.53541
0.48257 0.66739 0.52468
0.32309 0.53953 0.53413
0.26699 0.50289 0.60128
0.22935 0.43432 0.34669
0.23059 0.52566 0.64098
0.10553 0.45630 0.69302
0.63461 0.78460 0.57552
0.52729 0.66347 0.47008
0.57759 0.78499 0.54054
0.65767 0.63752 0.37595
0.28407 0.55532 0.67772
0.56528 0.73852 0.56426
0.34948 0.50566 0.40903
0.23069 0.49337 0.62378
0.33035 0.57850 0.55267
0.62534 0.71327 0.49772
0.29205 0.54315 0.61965
0.37148 0.51376 0.44993
0.34843 0.65737 0.73653
0.29784 0.56733 0.65344
0.42597 0.68295 0.59676
0.20444 0.53202 0.68534
0.43610 0.72403 0.71656
0.55867 0.84137 0.73613
0.52198 0.71338 0.62695
0.66698 0.80479 0.43310
0.36936 0.52993 0.38587
0.58664 0.72117 0.51889
0.75170 0.76812 0.38854
0.55607 0.64990 0.45244
0.46602 0.63789 0.53644
0.38961 0.52103 0.40864
0.67863 0.74377 0.50923
0.43062 0.57871 0.44374
0.47762 0.73563 0.70150
0.60618 0.82125 0.68905
0.34879 0.56134 0.44097
0.49667 0.60388 0.39361
0.10536 0.35673 0.38557
0.62308 0.81287 0.56398
0.55227 0.71060 0.52825
0.21912 0.49352 0.61981
0.30816 0.53064 0.59349
0.54121 0.73604 0.52558
0.28204 0.48565 0.55211
0.22027 0.51671 0.63030
0.41261 0.52629 0.45411
0.44234 0.57768 0.51534
0.37448 0.55795 0.37454
0.36848 0.51818 0.44129
0.35441 0.50276 0.37744
0.17117 0.39948 0.43360
0.11480 0.37888 0.41100
0.47845 0.68029 0.53497
0.27352 0.50874 0.50345
0.55281 0.65673 0.51801
0.39646 0.64642 0.69066
0.61050 0.67489 0.46986
0.49584 0.73944 0.68395
0.71963 0.78692 0.53719
0.45988 0.72435 0.66738
0.44923 0.61046 0.46664
0.40650 0.57112 0.57133
0.19272 0.40239 0.38033
0.59374 0.72311 0.45226
0.35699 0.58904 0.51729
0.29679 0.57844 0.67588
0.51681 0.65911 0.44777
0.48568 0.59025 0.42621
0.42730 0.60748 0.42025
0.67355 0.71915 0.49533
0.44191 0.67803 0.57959
0.14741 0.47305 0.63559
0.68238 0.68473 0.44297
0.61117 0.80273 0.52908
0.28595 0.64319 0.77380
0.52464 0.69072 0.59929
0.59460 0.79584 0.59588
0.45319 0.78083 0.76225
0.56943 0.78262 0.61282
0.59995 0.69466 0.49201
0.32256 0.55015 0.49616
0.26571 0.55420 0.67532
0.53000 0.73899 0.59259
0.45307 0.56877 0.45985
0.45663 0.71980 0.69181
0.35970 0.59619 0.56327
0.41300 0.76852 0.81133
0.51779 0.77507 0.65018
0.66224 0.73447 0.51667
0.52886 0.87264 0.86054
0.57307 0.73618 0.60819
0.14369 0.39791 0.41801
0.20496 0.45973 0.44669
0.26273 0.48327 0.42661
0.43200 0.67714 0.56119
0.72057 0.80054 0.46389
0.24222 0.47942 0.47202
0.40311 0.50114 0.37446
0.47255 0.60234 0.49327
0.64635 0.83984 0.63070
0.49357 0.75038 0.66372
0.48826 0.67262 0.49202
0.31468 0.47666 0.37659
0.49690 0.61580 0.46008
0.11491 0.40789 0.60197
0.31647 0.58458 0.57870
0.34548 0.58684 0.52888
0.59535 0.73113 0.55165
0.26276 0.56091 0.60860
0.22270 0.49151 0.52144
0.35472 0.53636 0.41393
0.27446 0.53977 0.61822
0.41064 0.62310 0.48294
0.35820 0.52857 0.51000
0.24511 0.55385 0.60243
0.42863 0.74968 0.77542
0.51489 0.66220 0.47432
0.60869 0.67516 0.45777
0.50761 0.61768 0.42326
0.29751 0.53514 0.50278
0.30458 0.55184 0.48638
0.54197 0.64775 0.51533
0.54410 0.84875 0.82293
0.53950 0.81283 0.72923
0.68969 0.77053 0.45978
0.41127 0.77503 0.86198
0.29368 0.51693 0.50760
0.63010 0.77361 0.52294
0.65237 0.71113 0.37893
0.40307 0.61679 0.46963
0.45664 0.55691 0.40122
0.32980 0.57064 0.64651
0.35795 0.54030 0.54361
0.44868 0.53579 0.39898
0.44629 0.66303 0.53169
0.45955 0.69644 0.57590
0.76842 0.72491 0.40610
0.43679 0.60739 0.47706
0.57733 0.77237 0.60070
0.49243 0.58146 0.45703
0.43731 0.55391 0.41197
0.53736 0.66517 0.44147
0.57066 0.73568 0.60734
0.65381 0.79474 0.48327
0.29298 0.50367 0.47397
0.44312 0.63636 0.47423
0.49926 0.70419 0.61692
0.36151 0.52722 0.45092
0.64463 0.79656 0.45250
0.22562 0.50735 0.60740
0.22300 0.50842 0.55619
0.47156 0.54882 0.39170
0.26127 0.60272 0.73843
0.46846 0.68657 0.66399
0.21183 0.46004 0.42988
0.47254 0.63405 0.47030
0.32978 0.56692 0.63260
0.34073 0.57898 0.56730
0.55977 0.74024 0.53443
0.36065 0.67699 0.68838
0.49111 0.65586 0.49194
0.70332 0.73707 0.39514
0.44984 0.59149 0.44619
0.26468 0.58997 0.72467
0.50285 0.69094 0.48264
0.51078 0.62084 0.47584
0.48048 0.76938 0.70169
0.32848 0.56400 0.58407
0.28998 0.50870 0.55641
0.34472 0.54457 0.49695
0.28300 0.46895 0.41804
0.59599 0.74203 0.42772
0.42433 0.65674 0.62126
0.59698 0.74429 0.54646
0.56940 0.76050 0.55135
0.31270 0.49948 0.38582
0.57339 0.69112 0.53718
0.45341 0.67723 0.67318
0.29035 0.46288 0.39507
0.31957 0.59643 0.61961
0.58370 0.69956 0.50099
0.27444 0.52834 0.58969
0.60660 0.70610 0.42767
0.60857 0.75314 0.52565
0.65425 0.85039 0.62785
0.61197 0.76330 0.58185
0.47111 0.66644 0.53361
0.41322 0.76584 0.82987
0.59451 0.65302 0.36966
0.38179 0.65355 0.64587
0.41258 0.57504 0.55379
0.38573 0.67717 0.72120
0.55073 0.69763 0.53978
0.61764 0.81292 0.62198
0.49037 0.60365 0.43703
0.46934 0.68627 0.53170
0.43071 0.61020 0.45504
0.11050 0.37784 0.42991
0.61856 0.69665 0.47014
0.17706 0.40468 0.45529
0.31594 0.55302 0.50391
0.51776 0.80351 0.71629
0.38841 0.50221 0.33514
0.40642 0.60753 0.52359
0.42008 0.69198 0.67069
0.60874 0.65196 0.47338
0.54985 0.61973 0.45953
0.23800 0.43082 0.36575
0.27196 0.51016 0.46556
0.62643 0.79832 0.48456
0.39180 0.61437 0.49608
0.39304 0.58086 0.55423
0.68128 0.72965 0.42985
0.74671 0.73686 0.38335
0.40227 0.64615 0.56791
0.31531 0.57116 0.54453
0.48519 0.66746 0.53930
0.46977 0.58018 0.52053
0.56323 0.75193 0.57994
0.36439 0.62097 0.57518
0.29063 0.53155 0.47480
0.60892 0.71963 0.52225
0.32470 0.51912 0.52115
0.38493 0.61175 0.61623
0.44677 0.63355 0.51233
0.38667 0.67864 0.68123
0.49641 0.72941 0.62047
0.26449 0.48168 0.52139
0.57137 0.62362 0.44334
0.35702 0.56339 0.51703
0.63844 0.87490 0.70100
0.55775 0.72563 0.47648
0.16741 0.44679 0.49237
0.32203 0.53269 0.53523
0.48900 0.65992 0.58092
0.59560 0.71415 0.44338
0.26390 0.55284 0.65046
0.41147 0.64743 0.63036
0.41505 0.59619 0.45195
0.53980 0.72377 0.57616
0.28902 0.57624 0.63566
0.31514 0.53955 0.52131
0.60141 0.70681 0.41431
0.68409 0.69995 0.45650
0.65308 0.72222 0.39666
0.44688 0.66050 0.52701
0.24368 0.49202 0.49613
0.32124 0.52461 0.48810
0.34907 0.66059 0.73377
0.53701 0.64625 0.46707
0.42978 0.60949 0.57516
0.58098 0.76690 0.59453
0.45722 0.56678 0.45507
0.45649 0.72576 0.65084
0.43441 0.59619 0.48586
0.43765 0.77487 0.78555
0.50556 0.66236 0.59156
0.41914 0.68045 0.62303
0.66914 0.66608 0.39254
0.43132 0.59954 0.49612
0.56069 0.65285 0.49666
0.49536 0.68723 0.51927
0.24877 0.50395 0.50530
0.52925 0.67807 0.45494
0.39628 0.58869 0.47780
0.28695 0.54588 0.63080
0.29051 0.45402 0.35550
0.28772 0.64625 0.78950
0.25244 0.48270 0.54627
0.25437 0.59024 0.72575
0.31370 0.57117 0.55175
0.42681 0.60184 0.52185
0.66221 0.70310 0.40971
0.46230 0.58101 0.48082
0.37049 0.59211 0.54017
0.43886 0.61159 0.46460
0.48833 0.57176 0.46114
0.56634 0.84568 0.72567
0.72858 0.73058 0.39860
0.62868 0.78960 0.45760
0.33255 0.60496 0.62587
0.56783 0.74424 0.58377
0.44791 0.66896 0.53756
0.37438 0.56981 0.56274
0.49035 0.62907 0.46377
0.48800 0.71756 0.56363
0.62727 0.86466 0.71446
0.61332 0.78202 0.60759
0.48482 0.65195 0.56975
0.50811 0.67476 0.44672
0.47516 0.57824 0.42260
0.63828 0.69072 0.42738
0.30123 0.51184 0.41213
0.27717 0.63891 0.78485
0.51356 0.78768 0.75009
0.25333 0.47676 0.54584
0.52446 0.64397 0.44668
0.26464 0.56476 0.61058
0.50958 0.65141 0.51674
0.50146 0.76362 0.63462
0.66758 0.70600 0.39871
0.35356 0.57804 0.52321
0.26267 0.48936 0.42990
0.61735 0.75730 0.58392
0.46077 0.66965 0.63412
0.56633 0.77854 0.61068
0.65345 0.70634 0.47184
0.50221 0.61963 0.45299
0.44210 0.72740 0.71334
0.38285 0.56309 0.47959
0.62600 0.71495 0.45230
0.25287 0.54050 0.61378
0.33302 0.49370 0.37803
0.72637 0.70644 0.41715
0.57474 0.70647 0.38970
0.19588 0.43643 0.44683
0.58528 0.67583 0.38935
0.59537 0.66993 0.48373
0.46209 0.66490 0.65280
0.31350 0.51999 0.50034
0.41927 0.69461 0.65731
0.29211 0.57617 0.63545
0.63812 0.77068 0.57714
0.49924 0.58016 0.44946
0.53728 0.71623 0.58868
0.54320 0.77931 0.59957
0.55732 0.67209 0.52857
0.24036 0.54722 0.64449
0.69635 0.83023 0.52560
0.18017 0.48854 0.64826
0.55444 0.74927 0.60868
0.33209 0.54922 0.45543
0.47115 0.66852 0.60399
0.38149 0.63279 0.58851
0.24664 0.51687 0.61948
0.59742 0.65544 0.40010
0.18527 0.47212 0.53914
0.59265 0.78452 0.57585
0.49177 0.59649 0.47725
0.22222 0.45106 0.40936
0.56928 0.81079 0.65388
0.38612 0.49505 0.38351
0.51473 0.82814 0.80490
0.49094 0.71181 0.65035
0.31763 0.64328 0.71589
0.23851 0.46450 0.43885
0.67563 0.76423 0.45180
0.57892 0.78285 0.64293
0.38090 0.62538 0.54894
0.10860 0.36802 0.48725
0.39846 0.61911 0.56569
0.41864 0.55791 0.37985
0.54470 0.64641 0.38182
0.23235 0.49772 0.59821
0.37966 0.60614 0.56086
0.51804 0.64134 0.41706
0.33489 0.49698 0.42656
0.57248 0.77970 0.62255
0.53617 0.84264 0.77120
0.34867 0.50627 0.46226
0.57001 0.71666 0.48335
0.36669 0.53609 0.56519
0.40836 0.67693 0.64395
0.22001 0.47662 0.55885
0.31135 0.53894 0.50516
0.19177 0.49890 0.62951
0.41323 0.55597 0.54453
0.55651 0.71001 0.54183
0.61101 0.64948 0.41067
0.24230 0.46893 0.40963
0.26788 0.43727 0.32905
0.49886 0.64909 0.55031
0.34257 0.67823 0.73813
0.30821 0.55242 0.53989
0.50666 0.65776 0.47535
0.49134 0.67156 0.52490
0.40587 0.66499 0.57852
0.30565 0.50241 0.40734
0.54358 0.58717 0.36983
0.64912 0.65377 0.42383
0.51390 0.64845 0.42234
0.56109 0.62818 0.39497
0.60462 0.73907 0.53877
0.48571 0.64833 0.56404
0.36922 0.63978 0.60258
0.41449 0.55666 0.52506
0.41651 0.62508 0.59267
0.37765 0.63953 0.61505
0.46768 0.59101 0.41220
0.63521 0.74308 0.57047
0.45601 0.65924 0.54246
0.66676 0.78572 0.43679
0.52387 0.68051 0.51679
0.45299 0.75733 0.72976
0.35769 0.53484 0.47703
0.50395 0.64224 0.48659
0.53296 0.87913 0.84921
0.32809 0.61747 0.63608
0.40051 0.59440 0.50460
0.36478 0.63988 0.67185
0.24095 0.52247 0.63341
0.50485 0.64290 0.42337
0.21082 0.40302 0.38271
0.65621 0.76019 0.41441
0.30236 0.54582 0.60697
0.68435 0.65594 0.38981
0.49794 0.64286 0.49326
0.59604 0.73155 0.59125
0.35725 0.53352 0.54021
0.57351 0.76486 0.52453
0.30361 0.62075 0.67738
0.46605 0.62205 0.50652
0.54760 0.71045 0.61724
0.42995 0.58059 0.46709
0.29059 0.54388 0.56877
0.38133 0.61761 0.58347
0.56073 0.77757 0.57022
0.60810 0.67886 0.42887
0.22500 0.50559 0.62407
0.58233 0.64561 0.48884
0.64827 0.72159 0.45679
0.08813 0.31693 0.32647
0.67146 0.82631 0.49996
0.34732 0.50207 0.43835
0.18116 0.42555 0.50197
0.58161 0.71381 0.54169
0.23399 0.46889 0.55162
0.21073 0.41631 0.42945
0.30126 0.52000 0.46691
0.34879 0.55098 0.41264
0.33596 0.58146 0.62638
0.57490 0.85423 0.72929
0.63101 0.74514 0.54686
0.53802 0.64168 0.53890
0.50853 0.66591 0.42505
0.44787 0.61940 0.55580
0.61873 0.77571 0.45995
0.34382 0.61590 0.60641
0.30155 0.48428 0.49525
0.27334 0.52477 0.59238
0.63956 0.65234 0.37061
0.38149 0.58292 0.53139
0.69739 0.79784 0.57463
0.49882 0.69520 0.50862
0.25686 0.44795 0.37430
0.15004 0.43974 0.56274
0.38429 0.64421 0.66353
0.46216 0.66868 0.57399
0.55080 0.76359 0.54593
0.55150 0.72346 0.56611
0.52266 0.65835 0.55877
0.20898 0.48799 0.55199
0.52652 0.69148 0.59602
0.48102 0.67525 0.49378
0.44071 0.63980 0.55145
0.50456 0.62346 0.42420
0.41344 0.58920 0.41616
0.17324 0.47103 0.61303
0.60426 0.76038 0.55860
0.30795 0.59303 0.67757
0.53583 0.70428 0.58329
0.34931 0.54786 0.47770
0.46900 0.70985 0.61010
0.52476 0.78041 0.67882
0.63635 0.83566 0.58452
0.36086 0.53424 0.52073
0.30479 0.55356 0.57284
0.38331 0.72800 0.78510
0.22729 0.48493 0.46249
0.47028 0.57506 0.42557
0.67108 0.79635 0.42608
0.57165 0.79249 0.67624
0.22390 0.51196 0.61994
0.56097 0.73276 0.48499
0.24358 0.53786 0.60596
0.51725 0.68797 0.57696
0.62723 0.75391 0.56211
0.58391 0.71348 0.52082
0.57666 0.68704 0.43633
0.17218 0.39132 0.33848
0.45649 0.72608 0.65488
0.56141 0.68279 0.46559
0.47786 0.66481 0.58126
0.44169 0.62882 0.58278
0.39583 0.59354 0.47536
0.53100 0.64962 0.48137
0.63933 0.66282 0.43385
0.40431 0.72844 0.79170
0.72635 0.82989 0.46512
0.76429 0.76048 0.40090
0.65008 0.69014 0.44044
0.41731 0.65179 0.60588
0.69061 0.68337 0.40680
0.43919 0.61966 0.57060
0.50960 0.65733 0.48563
0.43905 0.62942 0.52171
0.14902 0.39148 0.43761
0.66099 0.73302 0.45710
0.71563 0.69725 0.39954
0.41507 0.59223 0.42538
0.55017 0.62872 0.43924
0.39556 0.66342 0.69452
0.34620 0.61946 0.57828
0.47307 0.61619 0.45562
0.20434 0.41917 0.44581
0.50157 0.78042 0.68959
0.15640 0.46505 0.64237
0.34177 0.54244 0.46014
0.57581 0.82584 0.65327
0.16384 0.42683 0.53237
0.47583 0.65165 0.57436
0.43470 0.77218 0.76519
0.38021 0.60556 0.59566
0.48026 0.61866 0.43719
0.38790 0.58133 0.41154
0.51925 0.76695 0.65714
0.68636 0.79484 0.49999
0.56745 0.68391 0.45109
0.46712 0.64287 0.56478
0.41733 0.58995 0.44289
0.40480 0.68154 0.69289
0.37190 0.55607 0.37465
0.39070 0.67893 0.64777
0.61644 0.73049 0.52711
0.34400 0.64287 0.63266
0.52711 0.71458 0.56515
0.34154 0.65645 0.73688
0.56866 0.73163 0.49348
0.24174 0.50416 0.53350
0.32369 0.56584 0.63042
0.56560 0.72079 0.47662
0.14695 0.41384 0.48288
0.15061 0.42366 0.56655
0.36763 0.52854 0.47423
0.58952 0.76053 0.64332
0.29602 0.50990 0.42100
0.37063 0.62563 0.62901
0.44322 0.61732 0.54187
0.44409 0.65632 0.49303
0.63390 0.63955 0.41078
0.44672 0.61453 0.50727
0.59949 0.84693 0.68375
0.56864 0.73039 0.61672
0.23304 0.51825 0.64050
0.34236 0.51473 0.45095
0.09606 0.42964 0.62985
0.19520 0.46847 0.57565
0.52874 0.70566 0.49427
0.52801 0.60318 0.48391
0.43048 0.75612 0.78924
0.42193 0.69383 0.63517
0.51251 0.80171 0.74559
0.27305 0.49336 0.47693
0.38074 0.58404 0.48510
0.53063 0.74739 0.66195
0.23976 0.47817 0.44070
0.16544 0.44491 0.60769
0.56013 0.66241 0.43511
0.35286 0.47985 0.37725
0.59629 0.80058 0.58362
0.33614 0.60833 0.58521
0.49574 0.77582 0.74865
0.29565 0.50658 0.51292
0.39856 0.59221 0.51823
0.54754 0.77542 0.57948
0.30450 0.55064 0.60226
0.62761 0.75426 0.54070
0.57463 0.80695 0.64823
0.27629 0.51118 0.50021
0.68861 0.80039 0.39077
0.45142 0.61162 0.48641
0.42153 0.68795 0.66102
0.50199 0.75108 0.73313
0.57839 0.64055 0.39035
0.41811 0.64797 0.55564
0.47091 0.64892 0.51781
0.28105 0.58756 0.70864
0.47808 0.72540 0.68632
0.46708 0.60497 0.51655
0.54438 0.84349 0.74398
0.57358 0.75467 0.52523
0.19897 0.49896 0.65898
0.51265 0.68483 0.49615
0.56473 0.72729 0.48683
0.29501 0.53332 0.53234
0.20221 0.42433 0.47261
0.68294 0.80620 0.43527
0.19407 0.43301 0.44039
0.40362 0.61921 0.52570
0.22730 0.49805 0.49665
0.68563 0.70723 0.39357
0.55277 0.63667 0.44098
0.24357 0.49052 0.47928
0.47138 0.66276 0.44025
0.25583 0.50084 0.49985
0.37831 0.52958 0.36460
0.19388 0.49922 0.65727
0.48706 0.60335 0.52731
0.50658 0.70210 0.53217
0.37413 0.54994 0.42068
0.22547 0.44843 0.44956
0.55519 0.73923 0.60320
0.72638 0.69824 0.37951
0.41809 0.57369 0.45201
0.50767 0.66677 0.58451
0.49554 0.81088 0.75890
0.30609 0.50534 0.42657
0.18351 0.49270 0.66159
0.70717 0.72227 0.43825
0.44132 0.53340 0.37174
0.53585 0.75799 0.67635
0.63268 0.70500 0.46910
0.37396 0.51072 0.41584
0.54220 0.79982 0.72858
0.65174 0.66540 0.42793
0.52159 0.63081 0.48751
0.44573 0.73347 0.70132
0.55526 0.67130 0.47699
0.56304 0.81003 0.66385
0.27080 0.56338 0.60417
0.35766 0.68283 0.72724
0.36761 0.48849 0.37533
0.46089 0.65664 0.48351
0.23800 0.53960 0.61796
0.56342 0.61368 0.36647
0.56758 0.78855 0.59309
0.64521 0.67187 0.40041
0.38969 0.61009 0.63834
0.34820 0.55164 0.51628
0.71004 0.76543 0.38873
0.54454 0.81597 0.67490
0.35800 0.49920 0.36607
0.50772 0.64756 0.48923
0.56085 0.74348 0.57542
0.57475 0.62360 0.45785
0.64167 0.71192 0.45702
0.58181 0.75697 0.47384
0.61271 0.75393 0.50178
0.29795 0.56006 0.52986
0.42325 0.70961 0.66821
0.57763 0.67297 0.48244
0.52102 0.64645 0.44548
0.08025 0.36432 0.49395
0.20516 0.43832 0.43376
0.57156 0.74472 0.59949
0.29333 0.63093 0.76293
0.33937 0.56529 0.53663
0.67850 0.71116 0.44804
0.30336 0.53267 0.60357
0.50496 0.69958 0.48166
0.70839 0.71895 0.42802
0.22511 0.48278 0.52760
0.26652 0.60324 0.74348
0.64702 0.77249 0.61037
0.57309 0.74567 0.60572
0.50781 0.63317 0.45439
0.48145 0.60404 0.43100
0.25422 0.49456 0.47449
0.62596 0.65315 0.42588
0.58528 0.62121 0.38570
0.69887 0.85437 0.56829
0.61390 0.75229 0.42294
0.52637 0.85396 0.83270
0.47743 0.70120 0.55163
0.40491 0.72976 0.76817
0.38651 0.59290 0.53496
0.47889 0.64581 0.47112
0.58439 0.72575 0.52832
0.42829 0.62962 0.50900
0.28313 0.55155 0.65247
0.50674 0.78464 0.73323
0.29842 0.47677 0.42029
0.21646 0.41488 0.42672
