20 8 1000 29662 116
0.85115 0.30154 0.89239
0.23098 0.96090 0.84969
0.46161 0.25995 0.69492
0.08230 0.18886 0.66008
0.04258 0.09300 0.48987
0.69616 0.94358 0.79000
0.40576 0.17613 0.21626
0.17709 0.04795 0.22035
0.34493 0.26868 0.46047
0.17339 0.19007 0.60164
0.28142 0.31012 0.59785
0.32772 0.36210 0.54652
0.51847 0.37493 0.70778
0.32248 0.56706 0.63066
0.42144 0.46833 0.69069
0.32931 0.26760 0.52558
0.39422 0.27512 0.51891
0.61087 0.29139 0.69910
0.36460 0.27912 0.59682
0.35629 0.43073 0.68644
0.32259 0.44121 0.64821
0.35347 0.29885 0.67253
0.30715 0.36261 0.59836
0.37722 0.28280 0.65903
0.32332 0.40682 0.56944
0.46224 0.25956 0.57415
0.35664 0.37161 0.50268
0.32514 0.24122 0.59516
0.41424 0.25214 0.63823
0.46504 0.38203 0.66932
0.37766 0.47923 0.58232
0.38936 0.28177 0.48544
0.33493 0.38568 0.58953
0.40470 0.53475 0.71176
0.37407 0.52920 0.64274
0.39753 0.28284 0.62870
0.44114 0.30159 0.46191
0.31593 0.44425 0.54924
0.28716 0.20502 0.47594
0.33611 0.32431 0.64578
0.44454 0.41059 0.63511
0.34629 0.60523 0.75217
0.48405 0.54283 0.63326
0.29870 0.24217 0.51866
0.39261 0.45949 0.71029
0.28095 0.42792 0.64493
0.39045 0.34838 0.46757
0.35493 0.45464 0.66005
0.29461 0.19056 0.45341
0.41208 0.39492 0.64742
0.44852 0.33701 0.61149
0.30054 0.42650 0.56930
0.45205 0.44166 0.66040
0.40270 0.34294 0.61321
0.46485 0.34618 0.70171
0.47597 0.25877 0.66551
0.26429 0.27020 0.50414
0.25875 0.46246 0.62124
0.42058 0.22533 0.58458
0.43936 0.31155 0.57666
0.29401 0.30787 0.46976
0.32436 0.19265 0.46945
0.49064 0.50379 0.66965
0.26123 0.48513 0.67149
0.57650 0.26381 0.70043
0.27032 0.23731 0.51082
0.38127 0.60593 0.69520
0.36235 0.48233 0.64713
0.28770 0.27996 0.55482
0.35781 0.26475 0.59331
0.26872 0.22892 0.40595
0.26661 0.18368 0.44490
0.32844 0.38472 0.64305
0.43941 0.37244 0.69704
0.30363 0.28668 0.48196
0.55943 0.52433 0.66647
0.43822 0.58371 0.71077
0.36491 0.37606 0.63674
0.60739 0.40550 0.81426
0.35878 0.29956 0.49201
0.57943 0.42809 0.76197
0.26860 0.25994 0.58999
0.24459 0.40709 0.58865
0.21118 0.21995 0.51464
0.34566 0.23147 0.58895
0.34286 0.26366 0.57355
0.31779 0.22331 0.39034
0.53170 0.44162 0.71627
0.44695 0.41536 0.57571
0.42048 0.35037 0.67025
0.33256 0.41872 0.62579
0.31347 0.27824 0.62775
0.35858 0.56349 0.63409
0.28141 0.20821 0.45858
0.59362 0.46554 0.75654
0.50228 0.55529 0.71972
0.41183 0.29628 0.67749
0.53126 0.43776 0.70881
0.31151 0.58499 0.73832
0.35352 0.45383 0.63767
0.44755 0.38793 0.57201
0.31355 0.38732 0.54534
0.41796 0.37401 0.65818
0.37158 0.23964 0.47784
0.37568 0.45647 0.68270
0.34094 0.43548 0.65869
0.41139 0.23723 0.54651
0.47551 0.33833 0.63070
0.24780 0.48718 0.63312
0.56407 0.42374 0.65185
0.35457 0.36270 0.50140
0.41501 0.61997 0.61704
0.53606 0.40981 0.71792
0.33854 0.28538 0.51395
0.21458 0.26851 0.54323
0.36581 0.46610 0.63390
0.32436 0.42105 0.53302
0.48419 0.28674 0.50659
0.26490 0.30106 0.51750
0.47187 0.45044 0.76206
0.40911 0.44317 0.63109
0.50811 0.65926 0.68996
0.23091 0.32415 0.49272
0.43753 0.57216 0.75938
0.41188 0.47711 0.72218
0.46265 0.55834 0.68889
0.36240 0.37600 0.69817
0.40542 0.36199 0.65189
0.32989 0.54010 0.68969
0.41402 0.28520 0.54839
0.26890 0.20013 0.47815
0.26163 0.28054 0.54780
0.44256 0.57769 0.77962
0.36517 0.35688 0.50241
0.33887 0.38751 0.63046
0.51279 0.45231 0.72835
0.40973 0.55314 0.70355
0.28901 0.49330 0.55788
0.43259 0.52888 0.60800
0.23127 0.25879 0.51754
0.19887 0.19100 0.49231
0.18166 0.15521 0.43878
0.31870 0.37171 0.63674
0.30709 0.27437 0.56487
0.30853 0.52234 0.67539
0.51559 0.71018 0.72198
0.37247 0.23257 0.47849
0.37843 0.38036 0.48405
0.37217 0.59739 0.66682
0.27882 0.22473 0.49027
0.21034 0.20563 0.54187
0.30280 0.20614 0.51950
0.44957 0.39582 0.65126
0.40781 0.35817 0.53976
0.33625 0.23370 0.55019
0.59006 0.57567 0.78981
0.42413 0.37743 0.67647
0.37530 0.48839 0.73264
0.32329 0.32968 0.59723
0.29821 0.30261 0.57625
0.39163 0.22688 0.57751
0.28179 0.47451 0.66259
0.26371 0.26931 0.65639
0.45968 0.32652 0.58898
0.35471 0.35403 0.62479
0.26049 0.42151 0.66819
0.20566 0.29038 0.54210
0.30625 0.44829 0.71006
0.30130 0.29727 0.56257
0.38462 0.22689 0.47571
0.25285 0.50376 0.61879
0.39941 0.24682 0.50724
0.37225 0.31783 0.59122
0.46621 0.29989 0.58046
0.21852 0.22372 0.48239
0.47475 0.37847 0.66908
0.35423 0.43026 0.64959
0.27356 0.31761 0.46245
0.31323 0.23561 0.62622
0.58538 0.42799 0.72544
0.34730 0.38801 0.51557
0.27579 0.26214 0.49739
0.32463 0.29627 0.62360
0.36113 0.42449 0.61392
0.42860 0.34777 0.58101
0.29431 0.33236 0.53522
0.55354 0.38120 0.78306
0.45556 0.32538 0.63575
0.39516 0.52130 0.67247
0.31092 0.62376 0.69167
0.31684 0.31604 0.54512
0.35899 0.25992 0.59229
0.42433 0.42897 0.53319
0.39272 0.50507 0.67792
0.43877 0.46794 0.60084
0.61340 0.33534 0.74288
0.38883 0.50147 0.58158
0.51711 0.30789 0.68493
0.21264 0.14718 0.37052
0.27338 0.30477 0.53586
0.65026 0.48126 0.79920
0.28626 0.39902 0.53442
0.27703 0.21523 0.57624
0.40169 0.64018 0.73559
0.34086 0.21272 0.54716
0.33362 0.42500 0.63774
0.34875 0.34245 0.55535
0.42441 0.30800 0.59002
0.33530 0.29664 0.59519
0.22173 0.31752 0.58202
0.60877 0.30689 0.76668
0.31598 0.29791 0.55320
0.30805 0.39949 0.49635
0.26531 0.19854 0.50572
0.28901 0.34914 0.59421
0.43657 0.28623 0.68306
0.22582 0.27248 0.48607
0.24363 0.33788 0.57100
0.25287 0.51314 0.63042
0.52744 0.28218 0.62855
0.27678 0.59107 0.70483
0.32795 0.19268 0.32083
0.56148 0.43660 0.68753
0.38867 0.33082 0.63812
0.43978 0.49224 0.61344
0.53783 0.29652 0.66287
0.25385 0.26477 0.45779
0.40028 0.41163 0.55650
0.33896 0.54458 0.66952
0.45616 0.59519 0.66425
0.42382 0.35598 0.64752
0.51112 0.59628 0.71748
0.42102 0.49026 0.60302
0.37486 0.25967 0.54885
0.38704 0.57072 0.71541
0.32414 0.30018 0.61206
0.21206 0.26310 0.56772
0.27970 0.33816 0.55627
0.43807 0.45375 0.68456
0.31444 0.52740 0.59017
0.39992 0.31337 0.50324
0.28475 0.27736 0.62361
0.28799 0.58986 0.67685
0.60534 0.37892 0.79950
0.43350 0.45361 0.71659
0.37355 0.22445 0.51854
0.33789 0.43401 0.60470
0.35114 0.30686 0.60252
0.26287 0.27466 0.55652
0.27826 0.25978 0.60081
0.41566 0.62587 0.66987
0.40076 0.55162 0.66922
0.36140 0.39006 0.51234
0.39234 0.25843 0.63768
0.42224 0.19299 0.57975
0.18879 0.17572 0.54457
0.32506 0.45577 0.60158
0.36702 0.39284 0.64490
0.36552 0.40395 0.62958
0.67296 0.27385 0.74385
0.39049 0.54962 0.62561
0.34392 0.64698 0.70775
0.15705 0.21739 0.53803
0.27128 0.40330 0.61886
0.58915 0.41413 0.72855
0.45126 0.33936 0.71328
0.36386 0.41500 0.65119
0.43718 0.30209 0.51552
0.29743 0.31839 0.56484
0.52471 0.69863 0.72891
0.23609 0.27948 0.55658
0.28064 0.42705 0.66303
0.28735 0.49542 0.58030
0.37952 0.43872 0.60689
0.18802 0.17936 0.49193
0.38382 0.32115 0.64603
0.24578 0.57543 0.70343
0.40841 0.26820 0.55668
0.32615 0.28817 0.49036
0.30301 0.26000 0.55918
0.31812 0.40451 0.66655
0.43003 0.32330 0.59772
0.45511 0.44918 0.67444
0.28167 0.44916 0.54876
0.42073 0.57556 0.64878
0.12940 0.20613 0.59065
0.43690 0.22410 0.53213
0.51138 0.51379 0.72001
0.31471 0.28616 0.57365
0.39502 0.37259 0.60660
0.46233 0.37948 0.63268
0.17110 0.28613 0.54633
0.35618 0.37428 0.51968
0.37727 0.47705 0.63544
0.22507 0.38135 0.58739
0.23921 0.28883 0.58593
0.32372 0.56624 0.65553
0.31868 0.66287 0.66455
0.35162 0.55783 0.70310
0.48733 0.36349 0.64603
0.33808 0.36274 0.62603
0.27780 0.21430 0.63326
0.40900 0.22307 0.45661
0.39539 0.52739 0.69969
0.40289 0.38620 0.54394
0.41363 0.47879 0.58020
0.32583 0.40538 0.59325
0.42917 0.37523 0.60725
0.51011 0.71054 0.73477
0.46088 0.39508 0.58952
0.39855 0.19553 0.50175
0.48926 0.27715 0.58736
0.43628 0.43660 0.61770
0.34020 0.29059 0.69788
0.38790 0.46191 0.60494
0.34307 0.39887 0.54267
0.32135 0.40729 0.68234
0.60805 0.46918 0.73116
0.41049 0.42970 0.53221
0.31635 0.36965 0.65224
0.48690 0.53053 0.70662
0.35435 0.59879 0.66818
0.49211 0.28257 0.69783
0.34147 0.64101 0.75036
0.27998 0.28429 0.49504
0.48868 0.38819 0.52619
0.43907 0.33714 0.64664
0.23402 0.26292 0.50595
0.30296 0.19998 0.43365
0.32770 0.32322 0.50853
0.41488 0.28304 0.62627
0.45702 0.22705 0.61537
0.30863 0.24670 0.52048
0.28720 0.45579 0.56298
0.32589 0.25164 0.61246
0.35305 0.54132 0.69977
0.46357 0.39205 0.73181
0.40382 0.49679 0.65746
0.25914 0.29673 0.54911
0.42496 0.34139 0.67057
0.38866 0.48617 0.64512
0.45371 0.44690 0.55909
0.34696 0.35336 0.66284
0.48992 0.31615 0.65145
0.36318 0.27232 0.64197
0.35972 0.23433 0.48657
0.32775 0.34528 0.61835
0.41263 0.41565 0.63505
0.26314 0.20235 0.46901
0.24974 0.27565 0.50239
0.38058 0.35114 0.56281
0.28659 0.28128 0.60940
0.20055 0.24272 0.52683
0.36817 0.48176 0.59945
0.55890 0.44616 0.75608
0.37510 0.58906 0.67846
0.41760 0.44511 0.57139
0.43095 0.50431 0.67281
0.46054 0.41052 0.68681
0.25966 0.44658 0.60586
0.25000 0.18608 0.45633
0.43105 0.26766 0.69193
0.36879 0.57679 0.78894
0.27285 0.22440 0.57886
0.32657 0.39966 0.58417
0.32722 0.27167 0.61114
0.41609 0.39684 0.44081
0.48969 0.54216 0.76219
0.33678 0.28024 0.51033
0.39999 0.35744 0.56518
0.43317 0.30651 0.53593
0.36764 0.38376 0.60900
0.41745 0.45459 0.52228
0.26984 0.20075 0.49892
0.53733 0.36631 0.68657
0.37810 0.52399 0.68959
0.32781 0.37409 0.60216
0.54372 0.50074 0.66759
0.30824 0.36784 0.57566
0.34308 0.28823 0.56328
0.36348 0.59769 0.70779
0.48024 0.49196 0.66590
0.22753 0.21519 0.53816
0.44834 0.31642 0.54170
0.29964 0.48494 0.65043
0.21204 0.41893 0.66336
0.37483 0.22030 0.66054
0.50558 0.30033 0.61523
0.30104 0.30996 0.47545
0.45565 0.31595 0.60008
0.20558 0.32271 0.58728
0.37824 0.33545 0.55205
0.38835 0.25953 0.50456
0.21349 0.16505 0.43972
0.48655 0.26922 0.66796
0.35743 0.29940 0.63460
0.31729 0.30559 0.59127
0.27776 0.42791 0.60236
0.36993 0.58906 0.62260
0.47090 0.44657 0.61222
0.35680 0.62543 0.72880
0.28669 0.36731 0.53134
0.23375 0.52717 0.63491
0.44486 0.37370 0.67298
0.50896 0.41751 0.72066
0.43411 0.48922 0.69889
0.25432 0.36225 0.53887
0.31354 0.22944 0.49181
0.26142 0.21126 0.59337
0.48630 0.54321 0.62028
0.29454 0.21610 0.54785
0.51631 0.40751 0.73143
0.38140 0.39351 0.57639
0.45360 0.44679 0.55440
0.23232 0.33239 0.55672
0.22581 0.34414 0.68597
0.28105 0.35217 0.55081
0.24778 0.21250 0.51613
0.32126 0.42678 0.55945
0.33633 0.22629 0.55581
0.43039 0.43392 0.56967
0.53106 0.38423 0.72283
0.22039 0.24168 0.54818
0.31424 0.48200 0.59468
0.35590 0.34457 0.46095
0.40709 0.36890 0.67048
0.55482 0.63330 0.70059
0.43690 0.51448 0.69783
0.33699 0.31489 0.48497
0.34266 0.18374 0.50177
0.26251 0.27655 0.56731
0.34580 0.19107 0.56691
0.42398 0.36253 0.62298
0.32009 0.18042 0.51875
0.38010 0.33592 0.47015
0.32352 0.19723 0.50396
0.28987 0.30932 0.55247
0.52269 0.58436 0.71247
0.45453 0.36296 0.58198
0.39478 0.25216 0.65428
0.43809 0.33837 0.55588
0.40757 0.41141 0.66621
0.33614 0.61101 0.75553
0.35162 0.60859 0.65799
0.23366 0.27278 0.57310
0.46204 0.36981 0.62435
0.42254 0.26783 0.55150
0.50572 0.35780 0.60123
0.38992 0.38808 0.65150
0.34628 0.35759 0.59637
0.34222 0.29007 0.60101
0.35806 0.39163 0.63866
0.32822 0.26464 0.49677
0.40048 0.26674 0.49212
0.34082 0.41156 0.66657
0.28199 0.52673 0.62611
0.42169 0.37922 0.61285
0.51609 0.28812 0.70453
0.35705 0.30833 0.57552
0.45700 0.39742 0.67743
0.34406 0.26518 0.60702
0.36776 0.45805 0.64074
0.35267 0.34854 0.58833
0.30273 0.34747 0.56118
0.40691 0.39251 0.50949
0.32305 0.30118 0.53881
0.36688 0.53076 0.65295
0.37495 0.35403 0.50206
0.31239 0.24679 0.55050
0.43101 0.44391 0.58844
0.30680 0.45487 0.54818
0.49931 0.50441 0.55725
0.47930 0.61650 0.70024
0.45381 0.48827 0.52318
0.33133 0.43622 0.67311
0.29202 0.30271 0.54983
0.33292 0.34260 0.51960
0.52892 0.41371 0.68662
0.29415 0.37192 0.63811
0.29194 0.31751 0.65698
0.34098 0.42201 0.69556
0.38259 0.39161 0.56581
0.26300 0.37863 0.59403
0.37810 0.32571 0.64070
0.32106 0.26171 0.42670
0.32546 0.25191 0.58767
0.53164 0.23032 0.66939
0.19154 0.22713 0.48227
0.25227 0.22502 0.54359
0.36800 0.34063 0.58982
0.57162 0.48950 0.73860
0.25112 0.44347 0.57761
0.38622 0.46295 0.65912
0.44414 0.64478 0.72007
0.44419 0.30864 0.66374
0.30604 0.26903 0.58663
0.40057 0.47524 0.57878
0.47730 0.42757 0.65342
0.24554 0.16261 0.44404
0.41841 0.26888 0.57642
0.32029 0.43177 0.56139
0.47125 0.28389 0.57650
0.34216 0.23459 0.59712
0.32870 0.34121 0.58503
0.57202 0.62357 0.74491
0.30288 0.29350 0.49096
0.39703 0.50776 0.65738
0.29668 0.23553 0.52743
0.41463 0.30017 0.69826
0.36910 0.26563 0.58619
0.25473 0.35195 0.65713
0.46579 0.39831 0.67452
0.41907 0.29385 0.67713
0.25881 0.35267 0.57723
0.41513 0.43310 0.59982
0.26992 0.34918 0.53779
0.41937 0.36947 0.54367
0.31552 0.46218 0.68645
0.33863 0.54512 0.68673
0.34318 0.77275 0.77926
0.45852 0.39217 0.72875
0.39308 0.48441 0.66041
0.50049 0.62580 0.80298
0.24229 0.18432 0.48184
0.28875 0.44802 0.60113
0.28243 0.30735 0.52413
0.44574 0.29170 0.64082
0.43356 0.48506 0.61860
0.36050 0.34076 0.54677
0.40120 0.45051 0.64012
0.34745 0.35908 0.52977
0.48099 0.37636 0.67011
0.37551 0.39297 0.57121
0.32623 0.26081 0.60616
0.29983 0.20192 0.59457
0.23644 0.20161 0.40541
0.52212 0.55215 0.76675
0.37286 0.39744 0.60203
0.38428 0.23679 0.65398
0.20620 0.28307 0.54211
0.32467 0.30749 0.52745
0.42271 0.55759 0.74963
0.43467 0.45657 0.62914
0.39808 0.43538 0.58275
0.38321 0.39732 0.61956
0.49940 0.46567 0.61991
0.37551 0.47161 0.63056
0.28788 0.34151 0.59739
0.54397 0.30816 0.69674
0.21346 0.22631 0.47166
0.25100 0.22295 0.50153
0.32892 0.39739 0.67245
0.47546 0.29964 0.60810
0.34734 0.39449 0.59988
0.43541 0.46915 0.62629
0.47393 0.27421 0.54426
0.34885 0.44994 0.58226
0.33770 0.50460 0.63701
0.46783 0.29810 0.57040
0.21848 0.45871 0.59584
0.25765 0.42839 0.64294
0.50433 0.47384 0.66972
0.22413 0.24037 0.59906
0.35719 0.44494 0.66101
0.30249 0.37297 0.55050
0.25726 0.29437 0.54238
0.47358 0.34496 0.71593
0.37875 0.47821 0.69593
0.31804 0.18838 0.42461
0.29730 0.33554 0.64456
0.44390 0.57527 0.61366
0.43551 0.35912 0.64419
0.40164 0.38945 0.65871
0.24311 0.38758 0.63075
0.49995 0.24743 0.68767
0.21910 0.43394 0.70762
0.31582 0.31086 0.46390
0.37132 0.23970 0.61902
0.39778 0.37566 0.56673
0.29778 0.27730 0.57188
0.42274 0.52823 0.66293
0.32107 0.22519 0.59644
0.44029 0.49783 0.66007
0.31847 0.41700 0.58941
0.33975 0.40607 0.53537
0.34315 0.43643 0.52879
0.46205 0.28108 0.64155
0.48883 0.39000 0.56885
0.43224 0.37019 0.62465
0.35154 0.34575 0.44916
0.48573 0.43736 0.59182
0.32018 0.36609 0.45815
0.22381 0.30160 0.52967
0.41036 0.35158 0.60430
0.60697 0.32087 0.74481
0.31396 0.53148 0.73237
0.34042 0.49829 0.66747
0.16267 0.24388 0.55785
0.41289 0.47519 0.68323
0.32914 0.38380 0.60681
0.40451 0.40240 0.64298
0.48645 0.30395 0.66035
0.11043 0.18780 0.54414
0.38355 0.23930 0.36016
0.31949 0.28676 0.57178
0.38593 0.30722 0.63435
0.50613 0.33698 0.63432
0.31620 0.35395 0.51720
0.43513 0.45758 0.48103
0.32168 0.35020 0.50803
0.52034 0.57986 0.70895
0.53707 0.46298 0.66759
0.69343 0.55628 0.78637
0.53341 0.65829 0.77895
0.56375 0.28612 0.67719
0.37049 0.44558 0.54263
0.48950 0.36733 0.55696
0.44538 0.64237 0.79294
0.20461 0.26402 0.53426
0.32530 0.33310 0.47518
0.31723 0.53431 0.62048
0.43117 0.36126 0.61873
0.48831 0.42382 0.61435
0.45374 0.43554 0.67616
0.39162 0.49096 0.62600
0.41152 0.38327 0.67271
0.39551 0.28374 0.58829
0.36148 0.64625 0.65165
0.22738 0.21426 0.59529
0.48550 0.37138 0.67026
0.37513 0.21870 0.52123
0.35883 0.51860 0.72867
0.49868 0.38004 0.69495
0.34044 0.37259 0.63976
0.54482 0.43462 0.63289
0.30104 0.31704 0.55577
0.35199 0.36639 0.58161
0.40308 0.46508 0.63829
0.35936 0.30946 0.45054
0.43012 0.38822 0.71285
0.39221 0.34623 0.58700
0.48141 0.50388 0.70122
0.40897 0.38308 0.59466
0.47645 0.33707 0.70686
0.35667 0.20312 0.45327
0.29242 0.23351 0.42396
0.32739 0.25319 0.38812
0.44226 0.44605 0.60505
0.52517 0.49564 0.68163
0.43878 0.54211 0.64198
0.39882 0.29543 0.61888
0.44540 0.60945 0.75673
0.26860 0.27066 0.56242
0.38600 0.48585 0.69608
0.38510 0.45045 0.67891
0.36336 0.40758 0.62070
0.22784 0.26950 0.61786
0.29937 0.24489 0.45881
0.38939 0.54193 0.65828
0.34247 0.40293 0.73162
0.45342 0.40669 0.70804
0.48912 0.33657 0.68726
0.39105 0.34980 0.62143
0.24128 0.27073 0.57885
0.43234 0.25486 0.42652
0.43453 0.31977 0.66054
0.22714 0.22201 0.56654
0.32850 0.20131 0.54009
0.21948 0.34606 0.48046
0.26846 0.45302 0.63591
0.23380 0.25534 0.52408
0.21116 0.41241 0.65160
0.22757 0.45873 0.63247
0.27352 0.22959 0.54332
0.36046 0.25020 0.50033
0.38677 0.32319 0.64264
0.36982 0.23532 0.53133
0.23716 0.51613 0.62610
0.28413 0.26866 0.58864
0.34353 0.26818 0.40566
0.26623 0.19559 0.60159
0.43683 0.31823 0.53304
0.45596 0.51273 0.69023
0.30046 0.31713 0.63233
0.39705 0.48032 0.59270
0.39162 0.41695 0.63901
0.33331 0.28858 0.58045
0.34842 0.34312 0.47879
0.40627 0.42818 0.56645
0.24575 0.29745 0.55661
0.39389 0.47916 0.73375
0.44717 0.31875 0.66614
0.42999 0.31601 0.69903
0.67775 0.32082 0.76422
0.28375 0.32312 0.62578
0.28501 0.40449 0.47056
0.38541 0.30864 0.64776
0.26237 0.25376 0.50187
0.39696 0.30125 0.50499
0.34268 0.34066 0.57129
0.53829 0.47407 0.75444
0.40114 0.32816 0.64353
0.42256 0.45374 0.63497
0.36940 0.44684 0.56937
0.50696 0.42517 0.63920
0.42175 0.26928 0.50331
0.38401 0.20924 0.55845
0.37876 0.24056 0.47162
0.24190 0.29055 0.54145
0.32381 0.52941 0.63395
0.39295 0.37101 0.46594
0.27616 0.60695 0.67481
0.29070 0.22307 0.60417
0.34334 0.33441 0.56347
0.29846 0.45641 0.60094
0.50014 0.40528 0.62638
0.33974 0.54972 0.63784
0.32766 0.29587 0.50888
0.27240 0.30775 0.51207
0.22571 0.23276 0.54700
0.40478 0.54626 0.66554
0.31776 0.32999 0.47597
0.22574 0.24339 0.58749
0.32286 0.43080 0.57208
0.18543 0.26050 0.62164
0.46898 0.53607 0.60216
0.36746 0.30743 0.55437
0.29870 0.30938 0.49279
0.33822 0.33449 0.54521
0.35555 0.43375 0.52518
0.34556 0.72766 0.75421
0.52629 0.29302 0.69966
0.37596 0.41172 0.68876
0.27287 0.27568 0.58816
0.38816 0.26502 0.56114
0.55331 0.73543 0.78008
0.26402 0.34076 0.50953
0.48641 0.39492 0.68247
0.36223 0.61219 0.66753
0.49397 0.50715 0.66468
0.29327 0.46665 0.64235
0.23272 0.20470 0.36076
0.29956 0.20507 0.37195
0.22800 0.34789 0.58387
0.57100 0.31711 0.70470
0.26340 0.28996 0.46067
0.58751 0.29825 0.74938
0.38575 0.29568 0.59237
0.30073 0.22762 0.53594
0.48037 0.35076 0.65866
0.37746 0.46623 0.65974
0.25066 0.35872 0.60972
0.34704 0.19532 0.44570
0.30697 0.41430 0.63378
0.55527 0.54591 0.66667
0.36705 0.34153 0.49137
0.28568 0.48511 0.69748
0.31636 0.44731 0.58704
0.47260 0.50785 0.70387
0.36817 0.49895 0.74196
0.49696 0.36505 0.63527
0.31136 0.45501 0.71098
0.32822 0.34532 0.51598
0.38259 0.27129 0.54273
0.36910 0.23230 0.36758
0.35204 0.52062 0.63157
0.29725 0.22919 0.58162
0.36926 0.51251 0.65612
0.29921 0.32019 0.54365
0.41679 0.26826 0.46496
0.20695 0.30689 0.50920
0.43672 0.36074 0.55463
0.29147 0.37458 0.62795
0.37585 0.50145 0.52578
0.26255 0.45150 0.65419
0.45924 0.31804 0.61233
0.39782 0.30387 0.50600
0.46018 0.27857 0.42686
0.12323 0.20738 0.52535
0.43403 0.24675 0.57493
0.36125 0.22550 0.45822
0.54644 0.57676 0.74647
0.21528 0.41867 0.59374
0.39811 0.42107 0.50508
0.38988 0.44318 0.54890
0.25441 0.23283 0.48843
0.32558 0.23673 0.57415
0.32291 0.33227 0.58077
0.39120 0.38815 0.63863
0.28225 0.32618 0.46619
0.26341 0.26721 0.60325
0.33929 0.24437 0.50303
0.39359 0.37569 0.57837
0.38479 0.33936 0.67926
0.29121 0.32012 0.55522
0.33057 0.37433 0.51549
0.49156 0.45210 0.69624
0.48777 0.38016 0.65913
0.32755 0.27196 0.47091
0.36894 0.31858 0.52053
0.30112 0.39412 0.50473
0.26048 0.31672 0.54808
0.30004 0.34979 0.55047
0.38744 0.43064 0.69227
0.42757 0.51228 0.63944
0.35373 0.48228 0.69552
0.40699 0.30446 0.63763
0.37483 0.38939 0.66325
0.38498 0.23730 0.60003
0.30356 0.46202 0.57330
0.43643 0.45725 0.63300
0.26835 0.40755 0.61241
0.29014 0.30609 0.62017
0.21813 0.27792 0.49593
0.30033 0.54280 0.65690
0.30237 0.56878 0.63826
0.19611 0.35499 0.62106
0.34209 0.41729 0.61316
0.45694 0.31430 0.65781
0.39232 0.23317 0.54011
0.26789 0.21522 0.52067
0.41413 0.51298 0.64603
0.35666 0.53616 0.70208
0.34056 0.55389 0.67008
0.35080 0.25873 0.62672
0.41727 0.37375 0.69365
0.48709 0.40723 0.66503
0.44646 0.51627 0.72895
0.54507 0.51782 0.72091
0.43818 0.57028 0.79212
0.41406 0.25060 0.49147
0.43265 0.25891 0.52903
0.51727 0.43670 0.65266
0.36047 0.52488 0.70139
0.33828 0.38992 0.53317
0.25075 0.31269 0.56675
0.36288 0.56376 0.74260
0.45693 0.41840 0.60727
0.51523 0.30812 0.63879
0.39298 0.33283 0.59205
0.59077 0.74403 0.71646
0.32025 0.38163 0.67018
0.31539 0.34903 0.58384
0.49889 0.51175 0.67669
0.28393 0.59343 0.69492
0.36965 0.27406 0.56039
0.47179 0.36382 0.55447
0.41829 0.51715 0.67636
0.34195 0.24116 0.60318
0.36035 0.37585 0.64258
0.36056 0.29842 0.53178
0.25537 0.42899 0.59138
0.42768 0.33708 0.52237
0.32460 0.29540 0.53383
0.39625 0.20215 0.51378
0.51328 0.40749 0.65942
0.26240 0.30509 0.53991
0.53472 0.56935 0.68802
0.40993 0.59436 0.67673
0.37851 0.48824 0.69152
0.32756 0.40029 0.65947
0.42472 0.32040 0.67205
0.44928 0.45663 0.47876
0.26570 0.44836 0.61288
0.35558 0.40526 0.56568
0.42365 0.33143 0.52612
0.43220 0.46670 0.52649
0.26150 0.15006 0.43759
0.55074 0.37096 0.59424
0.49732 0.51306 0.79106
0.38329 0.31821 0.58239
0.38454 0.31108 0.49136
0.31107 0.31560 0.67967
0.34623 0.22723 0.60543
0.22486 0.15586 0.35151
0.40022 0.48302 0.74334
0.31347 0.26182 0.60910
0.48442 0.42726 0.72638
0.38975 0.29644 0.61881
0.46752 0.40620 0.57860
0.18701 0.24467 0.64590
0.29017 0.46638 0.55107
0.29935 0.42899 0.69385
0.25934 0.21951 0.51882
0.21725 0.31357 0.60248
0.47267 0.30911 0.65094
0.26917 0.32862 0.58050
0.25324 0.29730 0.61983
0.33389 0.45096 0.52418
0.39200 0.37316 0.64785
0.54932 0.37149 0.73064
0.40578 0.40251 0.65560
0.35327 0.33032 0.60863
0.31281 0.22836 0.51397
0.36898 0.38241 0.61159
0.36958 0.64336 0.71757
0.29286 0.22128 0.45145
0.49130 0.32471 0.52520
0.28107 0.30189 0.48938
0.25326 0.46177 0.63129
0.29600 0.58202 0.65289
0.43636 0.42747 0.62352
0.32293 0.35848 0.46420
0.44408 0.35347 0.48677
0.43511 0.41312 0.69320
0.29584 0.52746 0.66737
0.33366 0.23345 0.41053
0.21532 0.13394 0.45533
0.31084 0.41442 0.64655
0.29709 0.46355 0.63007
0.26948 0.46211 0.56825
0.41248 0.36201 0.51621
0.43945 0.50238 0.65514
0.26182 0.51358 0.62794
0.22059 0.26418 0.63877
0.41505 0.50647 0.67547
0.31118 0.32401 0.57588
0.39458 0.26955 0.57225
0.51666 0.25092 0.63730
0.40512 0.38135 0.60439
0.26646 0.31352 0.54828
0.29478 0.34514 0.56588
0.33229 0.44813 0.56672
0.41631 0.40991 0.54799
0.50692 0.40693 0.64827
0.32218 0.22394 0.58989
0.50251 0.58336 0.71792
0.32663 0.26172 0.56697
0.31086 0.29893 0.50958
0.49142 0.31775 0.64048
0.43170 0.31822 0.69698
0.48362 0.37969 0.71251
0.25262 0.26032 0.51362
0.57874 0.29133 0.68260
0.28878 0.55832 0.62169
0.29195 0.25944 0.46859
0.26562 0.21080 0.49529
0.37758 0.58033 0.73406
0.39335 0.48298 0.65636
0.23144 0.27802 0.62532
0.23085 0.18241 0.44499
0.48457 0.27208 0.72628
0.22021 0.28886 0.50298
0.37967 0.48610 0.69784
0.33974 0.54098 0.70371
0.32427 0.58873 0.68357
0.38998 0.34667 0.57620
0.45380 0.46085 0.58623
0.28805 0.60255 0.69144
0.24478 0.18754 0.50348
0.34763 0.24925 0.43060
0.36356 0.57424 0.66725
0.25847 0.22469 0.47867
0.33467 0.50755 0.61638
0.25341 0.27031 0.61869
0.40366 0.44561 0.66228
0.38764 0.41140 0.64112
0.44211 0.22514 0.64945
0.43188 0.40718 0.67794
0.28602 0.23546 0.57300
0.67277 0.32966 0.77764
0.28511 0.38086 0.59171
0.41325 0.25667 0.62675
0.44969 0.45676 0.63662
0.32298 0.37147 0.63588
0.44569 0.29616 0.58593
0.35806 0.26981 0.44844
0.46297 0.51489 0.68771
0.33236 0.42689 0.63755
0.49992 0.55729 0.75233
0.31266 0.28273 0.50914
0.34025 0.40848 0.67958
0.29590 0.39443 0.56310
0.32124 0.22470 0.51976
0.41533 0.30138 0.52837
0.24268 0.18399 0.53080
0.29328 0.36051 0.54680
0.49480 0.65092 0.70429
0.34520 0.49833 0.65388
0.35547 0.34512 0.56203
0.15133 0.20554 0.56239
0.28171 0.35392 0.49511
0.34182 0.33603 0.52158
0.51476 0.47342 0.75206
0.52498 0.36644 0.74942
0.42657 0.32650 0.55160
0.37552 0.20741 0.51314
0.40926 0.33838 0.55709
0.54466 0.67859 0.69380
0.25797 0.21552 0.54466
0.37409 0.43601 0.68107
0.32595 0.23345 0.55054
0.23103 0.16015 0.40210
0.52071 0.31470 0.73305
0.27076 0.45977 0.60858
0.44719 0.28805 0.64359
0.40399 0.48926 0.68718
0.22852 0.20121 0.51346
0.43720 0.61499 0.69506
0.27489 0.30177 0.61709
0.58899 0.32965 0.72845
0.41091 0.44445 0.65649
0.31623 0.51555 0.57635
0.44914 0.40383 0.64942
0.55725 0.44815 0.71316
0.39740 0.29031 0.61961
0.29173 0.47070 0.57943
0.54438 0.51418 0.69609
