20 20 1000 38401 316
0.00088 0.33241 0.91142
0.54136 0.68659 0.08989
0.32650 0.53781 0.23726
0.67357 0.91099 0.17639
0.35291 0.97928 0.85212
0.37593 0.83374 0.26175
0.16443 0.26460 0.84216
0.61026 0.47270 0.95750
0.81113 0.31517 0.40996
0.67148 0.07287 0.02538
0.25394 0.58414 0.14109
0.94824 0.02987 0.90688
0.65695 0.07278 0.47575
0.66920 0.60962 0.53641
0.55820 0.91097 0.12104
0.01192 0.05869 0.66881
0.69098 0.76013 0.17701
0.73948 0.82254 0.62323
0.11851 0.80786 0.46678
0.28098 0.05527 0.95218
0.45460 0.51693 0.53998
0.50708 0.58730 0.37294
0.60700 0.53134 0.40546
0.48930 0.45395 0.57597
0.53583 0.36206 0.55697
0.41135 0.47296 0.50606
0.53728 0.45326 0.50632
0.47901 0.59034 0.44375
0.44771 0.56256 0.63410
0.48488 0.66211 0.45885
0.36082 0.44561 0.52803
0.57015 0.51486 0.52323
0.38681 0.46182 0.55106
0.46104 0.49495 0.45628
0.49072 0.49582 0.49473
0.33127 0.52432 0.57036
0.46961 0.62865 0.46991
0.57283 0.53658 0.46573
0.32229 0.35244 0.58736
0.50894 0.57229 0.49925
0.52086 0.48764 0.47195
0.48932 0.47779 0.58610
0.48327 0.48898 0.44166
0.52183 0.45815 0.50405
0.49088 0.66182 0.34094
0.49737 0.48284 0.58319
0.43858 0.50095 0.48266
0.55494 0.53030 0.56906
0.46363 0.61771 0.40002
0.47345 0.43997 0.54337
0.51114 0.54164 0.40119
0.38938 0.55124 0.44880
0.50169 0.39134 0.55240
0.44647 0.44706 0.47691
0.45471 0.48255 0.46432
0.49123 0.50093 0.39256
0.50208 0.66050 0.43827
0.54385 0.45926 0.51109
0.44470 0.48106 0.52905
0.44663 0.51017 0.39416
0.51224 0.45702 0.42046
0.51659 0.52081 0.46224
0.57860 0.45115 0.57035
0.39886 0.49986 0.56902
0.44668 0.48684 0.51579
0.44285 0.47286 0.60056
0.49897 0.58766 0.49505
0.37497 0.70213 0.37108
0.41636 0.56088 0.46664
0.49901 0.35085 0.51135
0.44971 0.37901 0.54890
0.42151 0.61240 0.54503
0.48586 0.47719 0.46026
0.33004 0.39209 0.46597
0.41907 0.61218 0.50332
0.41051 0.52113 0.55731
0.48073 0.53616 0.50501
0.52137 0.43666 0.49923
0.44933 0.45410 0.58161
0.44965 0.55005 0.40916
0.49381 0.41532 0.48864
0.54915 0.44598 0.44913
0.49066 0.45101 0.48555
0.43372 0.50979 0.48588
0.38867 0.44635 0.61855
0.53776 0.51476 0.43325
0.40975 0.56258 0.38100
0.42131 0.54395 0.52221
0.56597 0.46312 0.61238
0.49439 0.52860 0.58076
0.39081 0.57843 0.48902
0.47222 0.55491 0.42553
0.39972 0.45253 0.43404
0.36394 0.46643 0.51176
0.41203 0.42678 0.57749
0.41859 0.57048 0.49999
0.53660 0.40310 0.54475
0.51341 0.51352 0.48579
0.46380 0.40731 0.59190
0.37653 0.61074 0.50203
0.39985 0.53759 0.46719
0.46259 0.46875 0.52843
0.56000 0.41951 0.43848
0.50716 0.40458 0.55868
0.51590 0.59405 0.60802
0.46450 0.54706 0.54130
0.41132 0.43945 0.47515
0.37909 0.41526 0.59309
0.49249 0.52565 0.44830
0.46061 0.63978 0.47562
0.47157 0.48700 0.49106
0.42682 0.51067 0.52807
0.58154 0.42636 0.54270
0.48287 0.49244 0.56768
0.45691 0.63099 0.58914
0.58210 0.46791 0.38446
0.37832 0.53296 0.51924
0.46100 0.56289 0.50516
0.47767 0.51675 0.55928
0.49737 0.56746 0.37847
0.56634 0.51503 0.44805
0.45927 0.51964 0.44562
0.47186 0.55961 0.50350
0.51357 0.49282 0.69210
0.47119 0.54341 0.45118
0.56508 0.48682 0.52773
0.41364 0.57837 0.48153
0.51608 0.44221 0.62715
0.44088 0.52625 0.39961
0.49133 0.47996 0.45608
0.50983 0.46538 0.39734
0.34862 0.44726 0.57454
0.37670 0.40001 0.57110
0.54745 0.54923 0.40455
0.46004 0.55322 0.52257
0.53609 0.64446 0.47243
0.47069 0.46041 0.54702
0.53852 0.47694 0.41004
0.50522 0.56635 0.52053
0.51552 0.54778 0.53323
0.42516 0.48158 0.41642
0.53718 0.59790 0.49945
0.43007 0.55089 0.55095
0.50037 0.62643 0.48119
0.48541 0.59908 0.46672
0.49366 0.50769 0.58798
0.49260 0.40353 0.59874
0.51898 0.49988 0.48054
0.41467 0.52857 0.47008
0.49936 0.42555 0.50722
0.53233 0.47924 0.54593
0.43764 0.41662 0.54651
0.43522 0.58120 0.62458
0.50216 0.47302 0.49266
0.44860 0.43352 0.49649
0.41182 0.39255 0.52765
0.42813 0.56095 0.47427
0.45286 0.48318 0.60002
0.41021 0.41480 0.58053
0.42219 0.59870 0.41802
0.45945 0.53837 0.48969
0.52028 0.60545 0.33209
0.53098 0.39347 0.43530
0.47630 0.36454 0.55940
0.50811 0.51302 0.53873
0.44601 0.47631 0.59824
0.39776 0.47578 0.49230
0.55414 0.48429 0.56164
0.51693 0.50248 0.40223
0.57961 0.45844 0.45792
0.49001 0.66694 0.53099
0.42537 0.50825 0.55140
0.42173 0.40678 0.42878
0.40646 0.51254 0.52156
0.52561 0.67419 0.42695
0.48239 0.60996 0.39940
0.50984 0.49692 0.46792
0.44339 0.42235 0.49041
0.50000 0.46142 0.57322
0.55820 0.51480 0.45792
0.34347 0.42059 0.53771
0.49818 0.40973 0.53917
0.44962 0.44363 0.60317
0.46517 0.43509 0.46463
0.55938 0.47668 0.42477
0.48998 0.46036 0.56147
0.38997 0.51568 0.50865
0.44978 0.48198 0.46352
0.47662 0.60548 0.30901
0.31563 0.40433 0.59432
0.47174 0.50006 0.49166
0.39578 0.47565 0.40176
0.41901 0.41390 0.58633
0.53268 0.41144 0.56854
0.47832 0.58606 0.44099
0.50653 0.51862 0.40055
0.54608 0.54854 0.35694
0.42300 0.50228 0.54556
0.47019 0.45695 0.43546
0.50488 0.55278 0.47649
0.41048 0.51537 0.61320
0.40358 0.58617 0.67805
0.37175 0.46730 0.56053
0.39193 0.43050 0.50781
0.44447 0.51977 0.48104
0.42273 0.40239 0.63946
0.49542 0.55288 0.47860
0.35291 0.42461 0.50794
0.46301 0.53985 0.41823
0.46302 0.55553 0.38607
0.52134 0.57828 0.47217
0.41521 0.51465 0.56290
0.45345 0.55081 0.54365
0.46006 0.47438 0.52991
0.35076 0.45601 0.44036
0.37535 0.56527 0.45497
0.48549 0.33069 0.49132
0.39201 0.51518 0.44663
0.51652 0.47591 0.45568
0.44437 0.49952 0.41723
0.43358 0.44104 0.53018
0.56571 0.49880 0.52950
0.50375 0.58416 0.44083
0.42888 0.63182 0.54707
0.54002 0.50579 0.38346
0.37502 0.56572 0.40092
0.29477 0.43112 0.58567
0.37100 0.47798 0.65355
0.60926 0.36518 0.58131
0.51589 0.46356 0.53668
0.56469 0.42444 0.48829
0.37067 0.51438 0.52692
0.43006 0.60810 0.48305
0.41751 0.50895 0.51778
0.38746 0.50223 0.52250
0.53676 0.57544 0.41600
0.50161 0.52747 0.41346
0.46073 0.57776 0.51184
0.55211 0.56907 0.39844
0.47258 0.49444 0.54439
0.41702 0.47997 0.56122
0.41972 0.48563 0.44424
0.55090 0.54311 0.43786
0.52943 0.56745 0.48987
0.51102 0.57150 0.47479
0.39281 0.33181 0.48654
0.42653 0.45716 0.49000
0.39876 0.54196 0.54059
0.43910 0.56663 0.39249
0.43253 0.45986 0.53394
0.39803 0.44021 0.49122
0.61013 0.46076 0.51131
0.43720 0.37777 0.55297
0.49359 0.57835 0.46120
0.49293 0.51648 0.39591
0.53218 0.54907 0.44088
0.47905 0.56075 0.52267
0.48041 0.51867 0.49918
0.41074 0.55808 0.41167
0.53982 0.42741 0.54761
0.47416 0.59612 0.42813
0.46811 0.47772 0.44169
0.57432 0.62713 0.45033
0.52685 0.56079 0.47817
0.44039 0.47707 0.52184
0.46293 0.52200 0.55348
0.45225 0.48199 0.48850
0.41716 0.59146 0.47805
0.47988 0.47125 0.39764
0.41749 0.56461 0.42922
0.44194 0.50418 0.54999
0.44383 0.57214 0.53361
0.50037 0.51184 0.50051
0.46696 0.48628 0.47988
0.42853 0.46117 0.48163
0.47290 0.56477 0.50696
0.58164 0.42728 0.47155
0.50517 0.48670 0.52694
0.45114 0.43059 0.49566
0.52924 0.46411 0.56626
0.48525 0.62900 0.49277
0.43590 0.38815 0.49396
0.48009 0.51116 0.51144
0.52428 0.57128 0.47811
0.48809 0.52965 0.45048
0.48387 0.38820 0.50480
0.34630 0.51685 0.52226
0.35637 0.44960 0.52560
0.60268 0.51116 0.42421
0.49051 0.49067 0.44775
0.49917 0.60742 0.47443
0.40668 0.50999 0.41434
0.51830 0.45986 0.49039
0.55072 0.58073 0.43181
0.47576 0.47415 0.55645
0.48908 0.58163 0.52068
0.44008 0.51825 0.49309
0.50748 0.45192 0.39731
0.45270 0.56076 0.47580
0.35794 0.49850 0.57134
0.48076 0.53972 0.49568
0.47548 0.47435 0.46018
0.49349 0.56678 0.43195
0.44025 0.45364 0.56422
0.49409 0.63237 0.45450
0.61227 0.45816 0.56667
0.43755 0.53836 0.45045
0.44042 0.58011 0.41490
0.51607 0.43629 0.49457
0.46250 0.51995 0.61595
0.43969 0.56168 0.45673
0.52918 0.60787 0.51834
0.50562 0.47473 0.51423
0.51713 0.47691 0.52868
0.32610 0.37483 0.55751
0.49494 0.56454 0.53094
0.41957 0.52579 0.52678
0.42094 0.48879 0.50179
0.48943 0.48772 0.55067
0.51299 0.56119 0.53455
0.46744 0.47965 0.39444
0.40321 0.58279 0.59112
0.50569 0.52596 0.38599
0.40303 0.50771 0.47956
0.49157 0.54169 0.43371
0.40920 0.56839 0.55573
0.47206 0.50030 0.49496
0.57878 0.50316 0.45798
0.47600 0.53275 0.45103
0.37695 0.52252 0.51741
0.46696 0.46675 0.59202
0.47379 0.54727 0.49632
0.41065 0.48442 0.45499
0.56178 0.56847 0.39149
0.40161 0.54185 0.42592
0.39922 0.43610 0.55079
0.41798 0.51842 0.49216
0.41919 0.54317 0.49908
0.54468 0.40595 0.51279
0.49957 0.49331 0.50367
0.45901 0.47533 0.49699
0.58974 0.50011 0.49947
0.49673 0.54850 0.46567
0.44552 0.64402 0.45028
0.46815 0.50487 0.47376
0.49023 0.53378 0.47928
0.37228 0.57536 0.46763
0.39940 0.57008 0.51897
0.51706 0.51288 0.38127
0.45884 0.51852 0.53400
0.46295 0.61203 0.49591
0.43116 0.44445 0.44859
0.41356 0.38165 0.53468
0.55159 0.48318 0.52772
0.53642 0.56095 0.51035
0.59209 0.48555 0.50490
0.46783 0.62676 0.41144
0.36570 0.46067 0.56926
0.49266 0.48484 0.42802
0.50098 0.46078 0.55021
0.54265 0.41701 0.60563
0.46493 0.46782 0.42756
0.49383 0.54565 0.53952
0.46413 0.55917 0.52650
0.35173 0.46719 0.60430
0.57121 0.37185 0.49139
0.50282 0.48368 0.56023
0.52965 0.51840 0.48790
0.49922 0.58680 0.40190
0.43294 0.54929 0.54656
0.48253 0.50343 0.35792
0.55030 0.59297 0.46914
0.53342 0.42496 0.40916
0.55510 0.53480 0.40648
0.50253 0.49379 0.46941
0.41307 0.48048 0.50487
0.40230 0.62265 0.62583
0.45757 0.49283 0.53420
0.48958 0.50456 0.50054
0.45597 0.58334 0.46042
0.41847 0.42826 0.48776
0.44489 0.60588 0.48161
0.42785 0.39825 0.52271
0.58568 0.58149 0.43748
0.36995 0.55326 0.49576
0.42196 0.49172 0.53428
0.59592 0.51611 0.47172
0.55699 0.46424 0.47780
0.49985 0.55749 0.42892
0.49832 0.56490 0.52379
0.52013 0.32437 0.28129
0.48877 0.53402 0.47880
0.41318 0.47955 0.56242
0.46358 0.52984 0.47365
0.48044 0.51703 0.45810
0.50340 0.50800 0.54247
0.48931 0.45760 0.56740
0.51314 0.52159 0.53881
0.49604 0.50921 0.46910
0.44040 0.55825 0.51598
0.44248 0.57637 0.45462
0.39780 0.41505 0.63820
0.36982 0.41404 0.64283
0.42562 0.55050 0.70043
0.43329 0.55526 0.55280
0.50837 0.58349 0.39640
0.51917 0.47395 0.54292
0.36970 0.53158 0.52528
0.48976 0.37792 0.52591
0.47141 0.58260 0.50250
0.45859 0.46198 0.55109
0.46983 0.53322 0.35845
0.46467 0.53240 0.46994
0.42622 0.39850 0.59125
0.40669 0.46559 0.51469
0.50978 0.49980 0.57023
0.55000 0.66722 0.46528
0.52331 0.54027 0.46641
0.42317 0.53971 0.45382
0.46327 0.53322 0.46374
0.38395 0.52477 0.52930
0.52767 0.59456 0.48724
0.45123 0.47990 0.56126
0.45071 0.53405 0.41078
0.43206 0.53055 0.55125
0.48120 0.47644 0.58798
0.57305 0.46913 0.39276
0.43025 0.45031 0.56275
0.51958 0.39457 0.43554
0.53661 0.53187 0.49810
0.48251 0.50355 0.54990
0.47265 0.58565 0.48886
0.52411 0.41451 0.51677
0.37518 0.37592 0.71931
0.40353 0.48506 0.53811
0.44683 0.45017 0.44831
0.54284 0.45926 0.57283
0.38421 0.56581 0.52709
0.51363 0.43096 0.50352
0.37335 0.48429 0.43860
0.54899 0.48718 0.43970
0.39873 0.54648 0.51812
0.39156 0.56293 0.56494
0.46249 0.52823 0.44707
0.47575 0.54994 0.34031
0.44174 0.59900 0.50331
0.30501 0.55105 0.47060
0.47052 0.45475 0.55790
0.39238 0.46778 0.56262
0.53928 0.44895 0.52505
0.33164 0.37179 0.55445
0.49948 0.60784 0.38023
0.42401 0.49253 0.42705
0.41731 0.52530 0.50931
0.40957 0.39757 0.45872
0.53776 0.46706 0.47666
0.47325 0.41741 0.53303
0.47490 0.49748 0.45440
0.50895 0.49487 0.36804
0.47190 0.47191 0.42607
0.35290 0.51182 0.47207
0.44910 0.56331 0.41927
0.54126 0.49531 0.39583
0.36826 0.47493 0.59621
0.44557 0.44517 0.49520
0.40185 0.59243 0.43244
0.51048 0.50169 0.44159
0.49318 0.56386 0.42290
0.46031 0.60237 0.37871
0.47565 0.48094 0.54455
0.50536 0.62189 0.38002
0.38549 0.48421 0.45526
0.54607 0.41627 0.50383
0.38372 0.36698 0.48874
0.54841 0.44375 0.43586
0.47560 0.57099 0.40818
0.47423 0.56110 0.50911
0.31831 0.49266 0.59855
0.51138 0.58748 0.39879
0.45356 0.54225 0.52423
0.48809 0.55862 0.47073
0.45836 0.61199 0.41947
0.35842 0.41999 0.52219
0.43301 0.58598 0.45361
0.52866 0.47743 0.46143
0.52856 0.59970 0.34589
0.43472 0.54700 0.48660
0.41078 0.42218 0.54491
0.51639 0.50599 0.48545
0.34161 0.48734 0.59486
0.45458 0.48485 0.51127
0.47975 0.45445 0.50360
0.41228 0.48747 0.51266
0.53031 0.50975 0.43691
0.59272 0.47505 0.41124
0.51260 0.52366 0.54121
0.46712 0.55877 0.50929
0.45273 0.61895 0.55778
0.59991 0.52140 0.46005
0.56947 0.51656 0.52064
0.51446 0.59901 0.45619
0.54203 0.46680 0.49536
0.54346 0.47998 0.60241
0.47368 0.40279 0.44859
0.40963 0.52601 0.52067
0.55927 0.38935 0.57397
0.47550 0.50160 0.51084
0.43855 0.56440 0.44105
0.40040 0.48462 0.61377
0.38084 0.41004 0.56815
0.50494 0.49181 0.45762
0.47313 0.53077 0.40994
0.47371 0.54514 0.49494
0.43935 0.35202 0.56282
0.45504 0.45193 0.41367
0.42873 0.50678 0.40696
0.50532 0.43172 0.55491
0.52605 0.62197 0.51232
0.56724 0.42028 0.52404
0.29459 0.45800 0.64995
0.26904 0.56819 0.53943
0.45143 0.52303 0.37726
0.49040 0.45789 0.55609
0.54967 0.46432 0.38324
0.43038 0.60479 0.45322
0.44616 0.39473 0.58689
0.39522 0.49124 0.51182
0.41450 0.50041 0.46101
0.45651 0.53310 0.44345
0.45164 0.49455 0.41675
0.49511 0.35776 0.42197
0.47369 0.63355 0.37026
0.47541 0.54379 0.41883
0.48959 0.45574 0.47282
0.51596 0.49339 0.43055
0.40165 0.44248 0.38642
0.51563 0.45602 0.57175
0.50798 0.58547 0.35444
0.38094 0.32530 0.54258
0.49919 0.40718 0.51332
0.43621 0.51319 0.47504
0.46835 0.47589 0.47211
0.45824 0.44989 0.49758
0.51942 0.45501 0.48129
0.55058 0.50372 0.50108
0.51530 0.46179 0.71163
0.47557 0.60842 0.35481
0.35900 0.47955 0.57576
0.41898 0.46508 0.51772
0.49959 0.54645 0.38406
0.63311 0.28201 0.72054
0.36990 0.54345 0.50295
0.55968 0.49711 0.45658
0.37445 0.51640 0.39413
0.48048 0.51623 0.40065
0.39684 0.50838 0.51675
0.42516 0.40434 0.49168
0.53665 0.39379 0.44554
0.40397 0.60156 0.44202
0.45444 0.50121 0.52412
0.49410 0.58533 0.35516
0.47159 0.58254 0.47224
0.38896 0.50096 0.67496
0.37728 0.42029 0.55049
0.58478 0.44884 0.47587
0.52891 0.58415 0.51322
0.45169 0.54346 0.47428
0.42397 0.48243 0.53827
0.50117 0.39975 0.46929
0.44070 0.53900 0.45474
0.40838 0.46390 0.50293
0.48786 0.41794 0.55157
0.51390 0.43787 0.54774
0.53871 0.46996 0.48461
0.36671 0.46846 0.54534
0.43408 0.45148 0.42547
0.47662 0.34088 0.41447
0.50411 0.49865 0.52141
0.45404 0.58623 0.47313
0.46309 0.55222 0.40551
0.49083 0.50607 0.44557
0.49143 0.43087 0.60429
0.44646 0.61423 0.42996
0.59951 0.50673 0.44035
0.43701 0.50684 0.48811
0.52009 0.53514 0.42895
0.46348 0.54860 0.49090
0.35278 0.56406 0.48460
0.38925 0.46932 0.47226
0.50190 0.48772 0.54489
0.45481 0.46586 0.53853
0.39011 0.51554 0.50411
0.47491 0.51665 0.36835
0.41921 0.49241 0.54305
0.54347 0.48338 0.55005
0.38482 0.54683 0.56542
0.44469 0.55614 0.48854
0.54479 0.63093 0.38617
0.52965 0.44384 0.54460
0.59599 0.49409 0.40462
0.38537 0.36791 0.52595
0.37689 0.49621 0.48659
0.39586 0.43935 0.60707
0.44356 0.58628 0.52409
0.55326 0.59311 0.56104
0.43214 0.50026 0.57365
0.57443 0.47915 0.39903
0.45828 0.57769 0.47643
0.52962 0.50280 0.41063
0.42746 0.52906 0.54081
0.44466 0.57168 0.38112
0.47526 0.54530 0.49132
0.40340 0.53469 0.55842
0.49078 0.47578 0.55152
0.48276 0.52570 0.45777
0.42897 0.62685 0.46712
0.55700 0.51059 0.39120
0.41287 0.61435 0.47788
0.46062 0.47814 0.54561
0.38188 0.58780 0.42892
0.47836 0.52510 0.54635
0.47210 0.57466 0.55592
0.43849 0.48810 0.52397
0.47999 0.60548 0.47588
0.49550 0.48148 0.55218
0.42435 0.49786 0.46112
0.50888 0.45467 0.47688
0.40191 0.56747 0.50073
0.52249 0.51880 0.29840
0.52664 0.58813 0.43923
0.46762 0.43667 0.62035
0.51291 0.48218 0.47406
0.55629 0.51355 0.41422
0.49730 0.46016 0.56750
0.43006 0.53941 0.44656
0.43056 0.52817 0.54929
0.46842 0.54742 0.51489
0.46207 0.54161 0.50721
0.58518 0.44325 0.45066
0.50991 0.46508 0.47466
0.46720 0.47652 0.48263
0.48750 0.49606 0.44041
0.38163 0.56766 0.56185
0.40056 0.50723 0.50888
0.50239 0.50847 0.52867
0.51687 0.57645 0.51593
0.38707 0.52509 0.41583
0.52622 0.53909 0.51549
0.54493 0.43287 0.47051
0.44220 0.56385 0.45397
0.38459 0.49881 0.56780
0.47791 0.46336 0.61901
0.51810 0.53172 0.59324
0.43563 0.49473 0.55097
0.46196 0.42417 0.51690
0.39659 0.62291 0.61629
0.49567 0.49172 0.40945
0.60545 0.52684 0.41765
0.51639 0.50724 0.59355
0.51562 0.51823 0.49400
0.36207 0.44439 0.71924
0.46243 0.45381 0.51116
0.40247 0.50064 0.56857
0.54087 0.42815 0.40186
0.37842 0.53939 0.60231
0.56217 0.56972 0.53118
0.50805 0.53845 0.48369
0.46042 0.47268 0.50264
0.48306 0.48178 0.47751
0.39181 0.57165 0.53798
0.56081 0.40821 0.51437
0.49417 0.46726 0.66894
0.47242 0.57839 0.39205
0.44723 0.42891 0.55624
0.55706 0.51464 0.51489
0.48914 0.41327 0.50180
0.43001 0.48746 0.43565
0.54002 0.59140 0.41186
0.40222 0.42993 0.55510
0.39895 0.41183 0.57986
0.51153 0.57275 0.35255
0.56280 0.53436 0.56317
0.45750 0.53409 0.53299
0.55518 0.38380 0.54827
0.45185 0.51944 0.45589
0.42442 0.42640 0.51050
0.46084 0.43287 0.50837
0.38611 0.41819 0.54090
0.44758 0.55836 0.53032
0.48590 0.46828 0.65964
0.41897 0.63393 0.41163
0.51410 0.59937 0.60457
0.51759 0.63691 0.46660
0.45972 0.48711 0.52536
0.52114 0.44730 0.40986
0.31219 0.29280 0.67760
0.50233 0.51771 0.54590
0.37387 0.44843 0.53155
0.36845 0.63028 0.46826
0.52740 0.46858 0.52166
0.28293 0.47171 0.60261
0.48942 0.51294 0.53407
0.50254 0.61730 0.46782
0.34869 0.43076 0.51264
0.47096 0.54024 0.37808
0.37896 0.45961 0.55076
0.47066 0.49306 0.49633
0.53982 0.44520 0.50012
0.50643 0.61993 0.39077
0.41780 0.56577 0.46761
0.51675 0.48985 0.59090
0.53066 0.61352 0.47363
0.38527 0.51461 0.63845
0.54271 0.50006 0.42443
0.49462 0.64755 0.47655
0.56172 0.56647 0.41567
0.51543 0.50431 0.55363
0.41796 0.44590 0.48119
0.44839 0.56042 0.47245
0.44087 0.50949 0.58548
0.45798 0.43759 0.39887
0.53201 0.50294 0.50440
0.57037 0.58086 0.37881
0.43466 0.47627 0.54704
0.55821 0.54758 0.43789
0.42832 0.48124 0.58708
0.50291 0.54419 0.45368
0.46195 0.55954 0.52886
0.41490 0.39068 0.53950
0.38948 0.44977 0.45712
0.45180 0.57038 0.44301
0.41900 0.53142 0.56006
0.53881 0.47439 0.57216
0.47234 0.45250 0.49884
0.49599 0.59163 0.42402
0.48133 0.53823 0.41655
0.38232 0.55668 0.58031
0.54088 0.51530 0.45830
0.42922 0.33807 0.55517
0.35603 0.44812 0.51847
0.50535 0.47230 0.56699
0.53171 0.56531 0.52853
0.47339 0.58492 0.54893
0.57434 0.57234 0.42975
0.44026 0.68299 0.51022
0.45785 0.42678 0.64822
0.45638 0.51441 0.53172
0.43835 0.53999 0.53477
0.52215 0.45618 0.52385
0.46771 0.63276 0.46567
0.44990 0.47010 0.49777
0.43311 0.44658 0.51386
0.41209 0.40117 0.45628
0.50429 0.42895 0.51664
0.50699 0.31233 0.58880
0.39525 0.48907 0.51804
0.46919 0.47882 0.50633
0.49947 0.30843 0.47136
0.58444 0.55221 0.62736
0.43871 0.54285 0.50181
0.35130 0.40812 0.50631
0.53276 0.50580 0.52245
0.49076 0.38828 0.67845
0.52034 0.39795 0.50537
0.41578 0.51489 0.46522
0.50310 0.57053 0.39540
0.39633 0.58005 0.45360
0.59125 0.45737 0.51279
0.44881 0.57267 0.55410
0.53027 0.56374 0.55991
0.52381 0.49631 0.44523
0.45024 0.45169 0.56843
0.42524 0.50282 0.41848
0.47492 0.62085 0.49987
0.46583 0.58310 0.41789
0.43922 0.54975 0.44202
0.54026 0.52277 0.45613
0.49080 0.52353 0.51204
0.40638 0.58335 0.42040
0.42941 0.47143 0.48318
0.46380 0.41448 0.45922
0.58044 0.57141 0.51717
0.48218 0.56786 0.42576
0.46865 0.43265 0.44003
0.55827 0.48240 0.60498
0.34821 0.44667 0.54737
0.55812 0.58112 0.39484
0.40114 0.58473 0.56402
0.42496 0.47225 0.57382
0.53461 0.58923 0.40837
0.47971 0.57148 0.42245
0.54720 0.43530 0.44395
0.56350 0.43702 0.51377
0.47031 0.60437 0.48563
0.57807 0.43425 0.59179
0.40508 0.29977 0.48887
0.49259 0.65566 0.41551
0.44190 0.46176 0.53035
0.45335 0.57827 0.34021
0.39609 0.42345 0.56363
0.61581 0.59492 0.49095
0.45797 0.44017 0.48692
0.54906 0.53899 0.53282
0.42066 0.51166 0.36112
0.54045 0.58103 0.40928
0.35287 0.46946 0.50363
0.48486 0.59626 0.43516
0.48759 0.51612 0.55655
0.45595 0.55751 0.49793
0.53940 0.62188 0.47081
0.47909 0.54008 0.40898
0.44458 0.43773 0.33585
0.48318 0.50364 0.47501
0.50832 0.44692 0.50567
0.43837 0.50467 0.43052
0.34793 0.47059 0.55838
0.46421 0.56198 0.49096
0.43411 0.47845 0.59385
0.49048 0.47235 0.45108
0.37694 0.47854 0.56375
0.52968 0.51860 0.36492
0.47704 0.46836 0.55750
0.50177 0.48457 0.58373
0.42419 0.47415 0.45499
0.39099 0.45451 0.48702
0.52841 0.58073 0.44775
0.53964 0.42316 0.62607
0.49169 0.41105 0.53684
0.58512 0.51576 0.40525
0.56369 0.51978 0.46930
0.39232 0.60486 0.37734
0.36978 0.35997 0.58926
0.45069 0.53782 0.50003
0.38244 0.50990 0.52785
0.48135 0.56883 0.43667
0.47732 0.54965 0.42917
0.44907 0.39998 0.51163
0.43247 0.46743 0.50465
0.54919 0.40708 0.64377
0.49920 0.52887 0.47653
0.42291 0.39512 0.40890
0.47638 0.50320 0.40699
0.48850 0.39335 0.59212
0.55824 0.45409 0.51408
0.41292 0.47813 0.47777
0.51301 0.43463 0.47397
0.50287 0.56057 0.43616
0.45189 0.60135 0.49414
0.51194 0.52321 0.39198
0.49931 0.51088 0.43377
0.49516 0.57432 0.38492
0.47004 0.47763 0.43888
0.59096 0.60601 0.50354
0.41657 0.45806 0.54287
0.54601 0.57117 0.36689
0.54122 0.51263 0.26641
0.47048 0.44181 0.47842
0.49439 0.56136 0.47081
0.46666 0.54158 0.50209
0.46266 0.55245 0.52722
0.48650 0.39620 0.40430
0.43857 0.47815 0.53565
0.46510 0.54218 0.53586
0.46297 0.46869 0.46372
0.48274 0.55963 0.44415
0.51497 0.59831 0.37656
0.46086 0.50000 0.57918
0.53305 0.47202 0.54239
0.48345 0.48640 0.63661
0.49756 0.57211 0.52760
0.37787 0.43370 0.55746
0.54275 0.47312 0.45172
0.43365 0.49323 0.48325
0.30321 0.46824 0.45832
0.40834 0.41829 0.55578
0.40541 0.40743 0.51151
0.55410 0.43553 0.52729
0.47262 0.49525 0.55603
0.51121 0.58676 0.49096
0.42539 0.40515 0.49675
0.49944 0.51411 0.36608
0.55021 0.40444 0.54694
0.56281 0.37279 0.50344
0.50216 0.49356 0.53659
0.47537 0.55706 0.55388
0.53905 0.43788 0.56381
0.49358 0.46879 0.54061
0.52396 0.47875 0.55935
0.45146 0.45235 0.59924
0.41247 0.47726 0.50015
0.51632 0.39869 0.51911
0.52079 0.54545 0.53670
0.41736 0.53570 0.42722
0.38263 0.44951 0.44228
0.41973 0.49586 0.47118
0.40326 0.45722 0.63555
0.45545 0.46927 0.45468
0.51989 0.52654 0.41368
0.44406 0.58269 0.44932
0.52855 0.49690 0.54270
0.51392 0.54440 0.38542
0.42444 0.56882 0.44797
0.47787 0.45911 0.54298
0.43013 0.57605 0.41149
0.53047 0.50981 0.38966
0.47658 0.49670 0.55192
0.38758 0.44217 0.51062
0.46630 0.51194 0.46880
0.48021 0.45698 0.36150
0.55804 0.43523 0.49920
0.53089 0.60371 0.50524
0.43151 0.51011 0.49537
0.48178 0.57106 0.35585
0.54013 0.44003 0.58758
0.52920 0.51522 0.54230
0.32292 0.38074 0.53793
0.46363 0.58861 0.54286
0.57629 0.52323 0.54825
0.43617 0.46256 0.54776
0.39614 0.37224 0.65359
0.52398 0.54616 0.47179
0.61259 0.39413 0.60934
0.50036 0.58700 0.53204
0.51370 0.56632 0.33247
0.41805 0.53953 0.39087
0.48668 0.55945 0.35667
0.50430 0.53296 0.44878
0.46890 0.53754 0.48984
0.49259 0.49363 0.35302
0.44167 0.48241 0.55032
0.46898 0.58466 0.43782
0.37037 0.55272 0.55519
0.41138 0.56861 0.48579
0.52374 0.43221 0.55110
0.43616 0.46301 0.49088
0.44212 0.60158 0.49799
0.39968 0.58164 0.52216
0.48942 0.46147 0.58753
0.56066 0.51279 0.39937
0.50217 0.45891 0.53541
0.51005 0.49053 0.41356
0.38043 0.44474 0.54575
0.50223 0.60146 0.46201
0.57947 0.55863 0.42662
0.52610 0.47408 0.51532
0.51259 0.54695 0.57115
0.55905 0.51022 0.45076
0.47818 0.45729 0.58835
0.50126 0.38764 0.55476
0.44772 0.57484 0.44585
0.47364 0.58881 0.39506
0.41415 0.43163 0.54548
0.50790 0.47405 0.56372
0.55151 0.60742 0.50280
0.45561 0.44245 0.47235
0.49417 0.53588 0.48705
0.47146 0.53488 0.40598
0.48024 0.61817 0.35415
0.41153 0.58858 0.47772
0.45952 0.47983 0.56802
0.50598 0.41860 0.48716
0.50870 0.49405 0.50902
0.49625 0.55361 0.49897
0.48789 0.46584 0.63726
0.39105 0.51105 0.56873
0.48733 0.60535 0.41077
0.48683 0.48188 0.64405
0.55776 0.47728 0.48486
0.44651 0.51323 0.57420
0.43477 0.53435 0.51485
0.43706 0.46365 0.53183
0.45372 0.48023 0.40781
0.43670 0.55203 0.39193
0.42050 0.36862 0.41044
0.51387 0.59781 0.44331
0.52093 0.46257 0.56240
0.47532 0.57360 0.47184
0.47372 0.51006 0.49800
0.47122 0.55151 0.51540
0.39014 0.57877 0.50378
0.48077 0.50087 0.55313
0.36193 0.46471 0.49310
0.44282 0.43224 0.56116
0.47576 0.49287 0.55509
0.44442 0.45147 0.53886
0.53612 0.51697 0.45719
0.47010 0.43869 0.37793
0.45717 0.61619 0.47216
0.45724 0.51753 0.49469
0.38315 0.44121 0.50717
0.41986 0.47901 0.47993
0.40517 0.50358 0.58687
0.50193 0.46077 0.45222
0.56435 0.61346 0.33308
0.47109 0.60514 0.58349
0.54019 0.50923 0.47025
0.48104 0.39448 0.28243
0.44047 0.52476 0.49790
0.60891 0.42511 0.54234
0.43675 0.45124 0.49013
0.34460 0.45163 0.58017
0.38722 0.44835 0.56700
0.51631 0.54339 0.48644
0.43352 0.55434 0.48711
0.46442 0.46336 0.59429
0.44770 0.49138 0.44897
0.47899 0.55285 0.44446
0.49932 0.51195 0.53208
0.43256 0.49607 0.44301
0.36908 0.45772 0.53230
0.30323 0.38083 0.54796
0.54346 0.53480 0.37549
0.41550 0.43664 0.62819
0.46984 0.39423 0.53548
0.48578 0.40943 0.50378
0.42275 0.44386 0.52905
0.47256 0.46650 0.62836
0.49220 0.65317 0.52730
0.57797 0.50342 0.44841
0.44964 0.53744 0.47994
