20 18 1000 12033 6225
0.24513 0.86480 0.28321
0.22474 0.13968 0.41217
0.38404 0.13856 0.69953
0.64725 0.42837 0.96032
0.84615 0.54116 0.60989
0.34975 0.89153 0.71567
0.04644 0.15833 0.37370
0.18862 0.46197 0.17780
0.95726 0.79985 0.99018
0.55911 0.27222 0.83460
0.13652 0.29569 0.30546
0.53993 0.50883 0.45938
0.17187 0.38994 0.95988
0.63422 0.84897 0.69542
0.60869 0.06217 0.51790
0.19633 0.04838 0.56109
0.66115 0.66458 0.68926
0.05083 0.82093 0.29499
0.39995 0.46478 0.54511
0.42186 0.48213 0.63883
0.38148 0.47342 0.61314
0.34590 0.58272 0.61291
0.43452 0.37466 0.55155
0.31295 0.49535 0.51292
0.40237 0.37390 0.62285
0.33873 0.49252 0.48667
0.47351 0.52206 0.57628
0.41958 0.52737 0.58184
0.31856 0.44111 0.52147
0.42066 0.50168 0.57175
0.49855 0.42875 0.68160
0.52464 0.52366 0.65581
0.45717 0.38486 0.61258
0.47158 0.47775 0.55296
0.43203 0.53487 0.58402
0.36845 0.56656 0.49755
0.30291 0.40558 0.48988
0.44685 0.47718 0.63944
0.35070 0.43898 0.49246
0.44092 0.44879 0.58551
0.35885 0.44559 0.59854
0.37881 0.54044 0.57245
0.34989 0.39352 0.58575
0.41369 0.56742 0.63469
0.51253 0.43714 0.63491
0.42924 0.44604 0.61288
0.47730 0.51908 0.56975
0.42649 0.50166 0.55527
0.41632 0.46968 0.61527
0.34051 0.46017 0.51608
0.28458 0.51053 0.44401
0.35757 0.41971 0.61267
0.36965 0.36854 0.58940
0.29049 0.40708 0.55867
0.45726 0.39772 0.60761
0.31013 0.49074 0.60495
0.34078 0.45556 0.57354
0.39430 0.53571 0.54777
0.45539 0.52657 0.64782
0.32898 0.53442 0.53942
0.49113 0.41684 0.60712
0.40303 0.52004 0.60610
0.36160 0.50324 0.56559
0.32792 0.43947 0.56561
0.45987 0.40385 0.67964
0.40996 0.43931 0.64608
0.39213 0.35553 0.58071
0.32930 0.40739 0.52237
0.48652 0.48459 0.59527
0.48417 0.43889 0.67000
0.55708 0.46886 0.67315
0.42192 0.40738 0.54708
0.43167 0.49004 0.57759
0.44178 0.56164 0.59962
0.39203 0.42727 0.60107
0.49098 0.52398 0.62867
0.43075 0.37090 0.54722
0.50190 0.41985 0.65404
0.47343 0.41626 0.60839
0.39496 0.46266 0.59930
0.35502 0.51389 0.49680
0.38624 0.43777 0.56150
0.29937 0.38841 0.53996
0.37219 0.51789 0.50867
0.34458 0.37546 0.52916
0.49379 0.52279 0.69161
0.37305 0.42446 0.53442
0.46771 0.39088 0.54496
0.44513 0.47278 0.62301
0.44537 0.55579 0.62449
0.46000 0.42157 0.60494
0.40133 0.54692 0.67224
0.33654 0.40621 0.53701
0.45004 0.51266 0.55063
0.43139 0.48253 0.62935
0.37129 0.45447 0.60626
0.41407 0.42896 0.62020
0.47797 0.51535 0.63864
0.45935 0.47451 0.61664
0.40384 0.62019 0.49594
0.45105 0.35214 0.61377
0.38837 0.51110 0.53637
0.45274 0.60676 0.54912
0.48393 0.51424 0.66713
0.36611 0.64112 0.58023
0.29492 0.49853 0.49283
0.38977 0.37539 0.61510
0.46157 0.53470 0.66144
0.40288 0.51171 0.53380
0.38461 0.48309 0.52746
0.45249 0.47933 0.68532
0.29234 0.48575 0.50746
0.30005 0.40963 0.45501
0.37318 0.52457 0.52888
0.34937 0.44990 0.56642
0.49287 0.50019 0.66567
0.29660 0.47003 0.72488
0.41318 0.50379 0.56955
0.33806 0.46277 0.57012
0.53663 0.51961 0.59596
0.33151 0.33025 0.50429
0.51797 0.45743 0.67991
0.49969 0.51581 0.57121
0.36658 0.40176 0.55960
0.47096 0.42411 0.58085
0.38593 0.44228 0.56895
0.45926 0.46156 0.65075
0.46421 0.41181 0.61980
0.35583 0.42606 0.51623
0.42975 0.51292 0.65742
0.39432 0.46160 0.64575
0.42946 0.52991 0.62649
0.44522 0.51277 0.59517
0.54073 0.40206 0.63085
0.37630 0.42044 0.67309
0.38148 0.49671 0.52470
0.47975 0.53134 0.65113
0.33376 0.35766 0.54403
0.42516 0.42416 0.55093
0.35865 0.32924 0.60957
0.32677 0.35909 0.53856
0.35591 0.35711 0.56834
0.45098 0.51443 0.63668
0.37230 0.40077 0.58127
0.35224 0.35975 0.50588
0.31989 0.54102 0.52943
0.38736 0.40392 0.61821
0.38405 0.45338 0.53182
0.45775 0.43199 0.49801
0.34143 0.46481 0.62714
0.48260 0.49874 0.67811
0.34401 0.47284 0.53905
0.40403 0.44964 0.63792
0.48310 0.47709 0.58776
0.37684 0.53635 0.52342
0.39159 0.45102 0.52461
0.33231 0.49426 0.59231
0.42377 0.40957 0.58491
0.48985 0.52721 0.67401
0.48428 0.41900 0.55528
0.40128 0.43886 0.64531
0.35307 0.51239 0.52245
0.35739 0.51192 0.59102
0.40218 0.52508 0.55484
0.44054 0.46367 0.57736
0.56184 0.57735 0.60465
0.43296 0.50279 0.58739
0.41942 0.36746 0.60844
0.27718 0.42159 0.48169
0.32246 0.45716 0.47869
0.36362 0.44357 0.59571
0.43318 0.46070 0.62244
0.46752 0.41935 0.65016
0.38526 0.36240 0.60065
0.49848 0.42817 0.69820
0.45968 0.42547 0.64090
0.45137 0.45996 0.61479
0.47737 0.48073 0.58507
0.37574 0.44958 0.51025
0.46062 0.47998 0.56237
0.34331 0.43479 0.62934
0.48075 0.42253 0.63364
0.42529 0.53766 0.60578
0.40619 0.41006 0.53962
0.35190 0.43276 0.54563
0.44026 0.47221 0.61269
0.34508 0.38127 0.56122
0.39783 0.37169 0.53152
0.35525 0.36834 0.48172
0.48823 0.56779 0.59596
0.31523 0.45811 0.49892
0.39538 0.57471 0.52541
0.48871 0.58312 0.62074
0.40517 0.45677 0.62311
0.40388 0.50028 0.57628
0.27832 0.41830 0.46670
0.42428 0.50181 0.56988
0.40425 0.49888 0.66307
0.34897 0.58351 0.56685
0.40551 0.49824 0.51148
0.44991 0.44594 0.60696
0.42015 0.53101 0.59147
0.36707 0.55371 0.52096
0.46503 0.47048 0.53566
0.43613 0.49279 0.57653
0.30092 0.45654 0.62214
0.51949 0.45345 0.62232
0.34901 0.45297 0.52760
0.41492 0.53625 0.57389
0.39063 0.38884 0.58901
0.39341 0.50782 0.58730
0.42354 0.46278 0.62999
0.48009 0.49788 0.62822
0.43155 0.56217 0.58165
0.40471 0.42420 0.60057
0.32799 0.42019 0.61599
0.38255 0.47633 0.61715
0.47383 0.51891 0.65147
0.38023 0.44053 0.62063
0.25537 0.47161 0.57839
0.38898 0.48997 0.56468
0.42626 0.40882 0.54998
0.45379 0.54173 0.66390
0.42050 0.44654 0.64656
0.44452 0.45651 0.58779
0.37724 0.35281 0.65834
0.43555 0.43244 0.63269
0.43501 0.51319 0.61871
0.47114 0.52709 0.69355
0.44295 0.54620 0.53023
0.50519 0.45264 0.57941
0.47446 0.44326 0.57888
0.42498 0.38494 0.60771
0.43435 0.52112 0.60927
0.35537 0.44725 0.56159
0.38119 0.41088 0.61732
0.45135 0.35032 0.66250
0.41081 0.56854 0.59377
0.38865 0.53120 0.48608
0.37681 0.49233 0.55529
0.28920 0.36320 0.50177
0.47126 0.49368 0.64240
0.36382 0.45480 0.59089
0.43905 0.47307 0.58132
0.38243 0.41030 0.54677
0.35214 0.42672 0.50302
0.32500 0.43491 0.54580
0.34660 0.48363 0.51744
0.38286 0.40421 0.61300
0.48480 0.49988 0.61930
0.46957 0.47663 0.58547
0.47181 0.45742 0.63766
0.34811 0.48708 0.52370
0.36931 0.56676 0.48762
0.48535 0.52978 0.60067
0.29287 0.36927 0.50365
0.45978 0.40188 0.59596
0.42655 0.48284 0.58955
0.54419 0.52317 0.68991
0.38418 0.41002 0.54735
0.37824 0.46614 0.57798
0.38929 0.44825 0.58276
0.42405 0.53732 0.54102
0.36542 0.51218 0.58098
0.35398 0.47190 0.58432
0.30003 0.37554 0.52719
0.34640 0.47382 0.53045
0.37663 0.50986 0.57505
0.37484 0.40543 0.57523
0.36428 0.39226 0.60823
0.46791 0.50444 0.62739
0.49885 0.47487 0.66343
0.47335 0.46828 0.56715
0.30945 0.44224 0.52501
0.43804 0.51047 0.55921
0.44307 0.45060 0.64437
0.46866 0.44904 0.72635
0.35298 0.40169 0.54322
0.56107 0.44571 0.58554
0.45327 0.46905 0.62815
0.29840 0.47749 0.48147
0.45166 0.45013 0.59429
0.46399 0.41297 0.56918
0.33131 0.51840 0.52722
0.31865 0.41669 0.43552
0.31591 0.53840 0.45060
0.43797 0.50770 0.59999
0.33411 0.36696 0.47383
0.47582 0.47396 0.67657
0.45777 0.54242 0.58973
0.44704 0.40108 0.68439
0.34558 0.39437 0.48490
0.43330 0.47958 0.59047
0.51873 0.50668 0.67708
0.36767 0.45661 0.52546
0.32733 0.45723 0.45614
0.40960 0.44912 0.60574
0.42428 0.49557 0.57737
0.40072 0.43462 0.55151
0.32450 0.43470 0.51039
0.39036 0.49061 0.62763
0.50304 0.44479 0.60054
0.50341 0.54360 0.62468
0.48096 0.39322 0.61458
0.35558 0.45235 0.60630
0.36777 0.40981 0.57631
0.39832 0.35176 0.61522
0.49994 0.45855 0.59492
0.39377 0.52691 0.52160
0.28112 0.46478 0.46120
0.46440 0.46982 0.58707
0.35790 0.44789 0.52599
0.46969 0.53026 0.61492
0.40947 0.42799 0.60597
0.47695 0.48207 0.58987
0.37830 0.39657 0.61385
0.42851 0.39557 0.58750
0.35209 0.42598 0.58862
0.44020 0.55554 0.54308
0.49733 0.47308 0.65960
0.51173 0.52443 0.64810
0.38748 0.58369 0.57876
0.44392 0.51536 0.63930
0.38821 0.51823 0.47404
0.47494 0.41926 0.61713
0.51513 0.49589 0.63632
0.36247 0.47056 0.59272
0.52560 0.53475 0.68731
0.37717 0.43318 0.57964
0.48706 0.53167 0.65382
0.36795 0.36631 0.62086
0.40020 0.35889 0.60213
0.46548 0.43354 0.61929
0.56111 0.52810 0.64436
0.40292 0.42821 0.50821
0.34705 0.44847 0.52953
0.44632 0.65922 0.64490
0.44470 0.48917 0.58981
0.43977 0.45961 0.65958
0.35207 0.39830 0.52505
0.35096 0.30036 0.62986
0.44800 0.50747 0.59720
0.47292 0.54578 0.65058
0.36914 0.54658 0.56390
0.44453 0.42710 0.65459
0.42475 0.52219 0.60957
0.45460 0.39340 0.56639
0.46493 0.57294 0.62866
0.30706 0.45074 0.50352
0.38229 0.52237 0.58899
0.38508 0.39007 0.63110
0.37484 0.36227 0.57946
0.32663 0.38191 0.48566
0.47557 0.51749 0.63243
0.30331 0.38632 0.46975
0.47874 0.41346 0.70774
0.37020 0.54951 0.57695
0.42495 0.58042 0.65044
0.44366 0.43139 0.63689
0.36940 0.32026 0.58850
0.49518 0.56436 0.60329
0.45163 0.33490 0.59358
0.41108 0.55996 0.64595
0.43220 0.51096 0.57726
0.37604 0.46863 0.56279
0.29274 0.34691 0.54539
0.29855 0.42568 0.57597
0.31971 0.58724 0.54311
0.37905 0.45300 0.63416
0.45878 0.41120 0.63135
0.41065 0.37417 0.61474
0.35900 0.33707 0.54709
0.43478 0.55109 0.62407
0.35127 0.35469 0.60887
0.36553 0.26488 0.55112
0.45144 0.46911 0.65660
0.37784 0.44872 0.64449
0.34369 0.31754 0.52539
0.46043 0.41731 0.63372
0.37499 0.52434 0.61829
0.50314 0.53774 0.63720
0.52391 0.54964 0.61703
0.49387 0.52960 0.58143
0.37695 0.46252 0.56946
0.43712 0.52844 0.56394
0.46994 0.45532 0.64273
0.52989 0.46631 0.71303
0.32434 0.58997 0.50183
0.33310 0.45058 0.57574
0.51501 0.39262 0.66653
0.45221 0.46567 0.60984
0.49853 0.52364 0.63672
0.46678 0.43393 0.58515
0.50253 0.50496 0.63539
0.47376 0.47751 0.65091
0.40859 0.41088 0.57919
0.33908 0.36735 0.51584
0.40360 0.49303 0.60188
0.52973 0.54706 0.58195
0.37006 0.47599 0.56080
0.35784 0.42684 0.58266
0.38379 0.37949 0.67396
0.42662 0.54571 0.59247
0.42035 0.41804 0.57629
0.42083 0.46234 0.60902
0.50684 0.64090 0.71087
0.43467 0.50673 0.58686
0.37526 0.46043 0.59767
0.36134 0.56794 0.45511
0.41891 0.35974 0.59854
0.48101 0.44309 0.63545
0.30243 0.38188 0.52969
0.33277 0.35868 0.55136
0.41900 0.49388 0.57077
0.43599 0.38028 0.58370
0.35605 0.53864 0.49262
0.44770 0.42262 0.66823
0.33985 0.46762 0.54197
0.40544 0.52476 0.62780
0.45434 0.41427 0.58287
0.34631 0.46876 0.55461
0.39463 0.42425 0.54648
0.31339 0.36692 0.51486
0.44468 0.48262 0.55381
0.45221 0.49015 0.65000
0.43822 0.46387 0.62892
0.47581 0.42815 0.60721
0.45826 0.42345 0.56244
0.44178 0.45701 0.60064
0.34817 0.52056 0.51918
0.36397 0.46112 0.58765
0.44848 0.54086 0.66737
0.47384 0.50255 0.62689
0.42024 0.40280 0.57017
0.30821 0.59355 0.51401
0.40128 0.47828 0.51458
0.40903 0.58956 0.52174
0.39780 0.31566 0.62415
0.24823 0.54712 0.47982
0.37533 0.41359 0.51999
0.38238 0.42556 0.65815
0.32685 0.43994 0.62907
0.30416 0.47424 0.49669
0.51626 0.56647 0.59915
0.55279 0.55176 0.61623
0.34496 0.44132 0.52357
0.49908 0.54075 0.67011
0.49637 0.44135 0.63723
0.38423 0.49031 0.60537
0.34369 0.56059 0.50749
0.39122 0.46977 0.53585
0.37895 0.44601 0.65796
0.59739 0.48352 0.74070
0.43818 0.49016 0.61663
0.34087 0.51441 0.49119
0.44465 0.45313 0.54326
0.48680 0.42862 0.68638
0.41227 0.50202 0.56412
0.33746 0.34302 0.55248
0.51588 0.45743 0.73245
0.45011 0.43718 0.63236
0.28359 0.44937 0.53106
0.41118 0.31730 0.62401
0.45011 0.43661 0.66147
0.36584 0.41871 0.50466
0.39846 0.46916 0.62402
0.42619 0.47132 0.51140
0.36691 0.39298 0.60551
0.39049 0.53311 0.62527
0.45315 0.40418 0.64861
0.41147 0.44990 0.58567
0.35640 0.41252 0.57845
0.39694 0.38731 0.51118
0.35375 0.41117 0.55230
0.37095 0.33478 0.60269
0.45338 0.50975 0.61292
0.33176 0.45251 0.50984
0.35653 0.52568 0.52643
0.40055 0.43828 0.58196
0.41248 0.49261 0.56255
0.37371 0.53137 0.55276
0.39180 0.35976 0.53549
0.37328 0.49955 0.56224
0.33159 0.38374 0.49272
0.49393 0.54520 0.61066
0.41625 0.44334 0.54453
0.42348 0.49425 0.57831
0.44123 0.48230 0.60103
0.46316 0.41526 0.68387
0.53518 0.54929 0.63050
0.54852 0.43359 0.68562
0.48484 0.52377 0.60118
0.50498 0.44429 0.57195
0.37832 0.38610 0.57403
0.45412 0.41451 0.60113
0.43118 0.48061 0.60040
0.30857 0.25607 0.59073
0.35319 0.50225 0.50091
0.33614 0.55003 0.56574
0.49145 0.35785 0.65215
0.52309 0.58456 0.63966
0.42567 0.48910 0.58659
0.41397 0.48270 0.56995
0.37890 0.58389 0.58427
0.50041 0.55382 0.59517
0.38177 0.53283 0.56875
0.46988 0.70769 0.72089
0.40105 0.38974 0.61428
0.38195 0.55223 0.66117
0.46875 0.46322 0.62118
0.46732 0.56374 0.59294
0.46516 0.58962 0.55116
0.45736 0.52566 0.61604
0.45839 0.54705 0.65947
0.41011 0.46394 0.62188
0.49198 0.46727 0.59401
0.40766 0.42148 0.57066
0.45328 0.43934 0.57748
0.42497 0.54668 0.60898
0.47753 0.46315 0.57070
0.46909 0.35520 0.63995
0.32162 0.46801 0.57067
0.44605 0.46388 0.58952
0.39206 0.37603 0.57456
0.44065 0.41955 0.56863
0.50224 0.40232 0.62150
0.52135 0.50215 0.64597
0.38937 0.65601 0.64966
0.30156 0.46051 0.46240
0.35480 0.54748 0.50384
0.31889 0.39247 0.50360
0.43483 0.41415 0.57421
0.46935 0.61491 0.60763
0.51057 0.41899 0.69901
0.41480 0.46126 0.53002
0.28785 0.44488 0.56200
0.31207 0.50609 0.48508
0.44634 0.48475 0.59086
0.37345 0.50669 0.58363
0.45036 0.41697 0.59907
0.33645 0.41727 0.47815
0.40610 0.50199 0.61032
0.49370 0.52914 0.68382
0.39476 0.56620 0.54579
0.38521 0.51385 0.60618
0.38089 0.45718 0.58612
0.38814 0.35942 0.54481
0.40942 0.40747 0.55856
0.39488 0.44546 0.50394
0.46627 0.45563 0.63028
0.35217 0.56419 0.48806
0.36106 0.62689 0.54424
0.42633 0.39475 0.58699
0.54709 0.50404 0.66178
0.39418 0.46606 0.55317
0.48686 0.49236 0.63808
0.47224 0.44952 0.64398
0.41251 0.45543 0.53411
0.45080 0.47649 0.59161
0.36996 0.38291 0.50029
0.42514 0.40285 0.58304
0.35828 0.48812 0.54570
0.49760 0.53892 0.70274
0.52098 0.54056 0.76207
0.43314 0.52001 0.64913
0.41947 0.48834 0.60654
0.37566 0.42666 0.57449
0.38899 0.57217 0.59078
0.38416 0.46324 0.64841
0.40635 0.59679 0.55576
0.49545 0.62638 0.59506
0.38869 0.30716 0.66989
0.37295 0.45788 0.58707
0.33220 0.54651 0.57145
0.47785 0.53862 0.69987
0.39959 0.40332 0.66981
0.43287 0.43177 0.65966
0.40246 0.62336 0.61753
0.38270 0.44919 0.53666
0.45159 0.53703 0.59654
0.44369 0.46664 0.66603
0.32188 0.50665 0.53845
0.49153 0.46227 0.67424
0.63518 0.45380 0.63956
0.49551 0.44762 0.64910
0.37738 0.47760 0.51347
0.35330 0.48235 0.54189
0.41132 0.35431 0.60079
0.52526 0.51464 0.65753
0.39699 0.43879 0.57782
0.37668 0.55446 0.53449
0.36039 0.40776 0.52057
0.37625 0.36761 0.58800
0.38254 0.38990 0.54067
0.40461 0.44390 0.65654
0.47153 0.53334 0.66192
0.31298 0.51048 0.53242
0.32345 0.40786 0.51753
0.49535 0.49343 0.57482
0.43510 0.40851 0.71030
0.35299 0.45800 0.51622
0.50629 0.49392 0.66381
0.33921 0.33053 0.57779
0.57067 0.60373 0.73523
0.40062 0.43436 0.60673
0.39862 0.40883 0.58519
0.29606 0.34677 0.53833
0.44478 0.48762 0.71164
0.35767 0.30698 0.58768
0.37033 0.49908 0.66190
0.48272 0.43010 0.64019
0.31923 0.29524 0.61864
0.46617 0.55025 0.61204
0.43264 0.44581 0.58944
0.36945 0.39627 0.64442
0.29929 0.56866 0.59299
0.57513 0.51897 0.73060
0.50387 0.46949 0.63358
0.37253 0.44145 0.55658
0.34257 0.47515 0.64435
0.46419 0.59599 0.57582
0.42663 0.46239 0.59554
0.43879 0.44694 0.57199
0.28890 0.34813 0.54061
0.41259 0.57365 0.64194
0.33883 0.48911 0.53076
0.42657 0.38970 0.60829
0.34635 0.55506 0.56776
0.46249 0.51936 0.54778
0.37307 0.42757 0.58137
0.46207 0.52348 0.63095
0.50040 0.42719 0.71182
0.47143 0.43361 0.60771
0.47038 0.53223 0.58222
0.40157 0.57161 0.64988
0.33685 0.44392 0.53979
0.32600 0.34259 0.55520
0.45173 0.42907 0.58736
0.48776 0.45179 0.68604
0.43227 0.53766 0.54447
0.38904 0.49481 0.50084
0.37840 0.38479 0.58660
0.32986 0.46905 0.53548
0.45382 0.38320 0.63795
0.38395 0.46744 0.61695
0.38478 0.40998 0.58672
0.40869 0.42489 0.56482
0.36346 0.37361 0.47702
0.33307 0.51276 0.49419
0.43080 0.46169 0.61455
0.39983 0.43659 0.59009
0.41778 0.52179 0.55217
0.35128 0.43685 0.59440
0.47372 0.39713 0.69503
0.36717 0.43586 0.58557
0.45995 0.48700 0.57285
0.42420 0.44960 0.59161
0.51748 0.55404 0.59999
0.46550 0.48527 0.63437
0.36331 0.48995 0.54510
0.36445 0.46439 0.59364
0.37868 0.52090 0.53651
0.36232 0.45588 0.64460
0.41717 0.41812 0.62491
0.39365 0.49841 0.54261
0.40882 0.49753 0.60665
0.50843 0.50292 0.66405
0.49671 0.47117 0.57463
0.46801 0.46495 0.61724
0.40418 0.44821 0.60604
0.47459 0.40662 0.65000
0.47780 0.51629 0.66827
0.36952 0.42542 0.61239
0.40244 0.43190 0.59624
0.52035 0.56906 0.61687
0.37064 0.41351 0.70026
0.31413 0.47805 0.58601
0.37777 0.54618 0.57767
0.30088 0.40880 0.53979
0.42385 0.44810 0.59880
0.36322 0.40549 0.48268
0.34187 0.50850 0.45878
0.34224 0.45221 0.56351
0.45317 0.42786 0.66593
0.41216 0.44135 0.56205
0.36875 0.38553 0.53013
0.34172 0.35711 0.59510
0.42438 0.32650 0.57231
0.40798 0.62599 0.64914
0.42457 0.51503 0.54857
0.41480 0.50822 0.55962
0.39138 0.54368 0.66189
0.39893 0.45145 0.61638
0.45365 0.51001 0.60071
0.43915 0.52828 0.57260
0.46539 0.50854 0.60571
0.43801 0.47848 0.57876
0.38045 0.51697 0.63367
0.43145 0.46829 0.63984
0.35267 0.45152 0.51284
0.43689 0.47851 0.67610
0.47141 0.54420 0.62906
0.40831 0.41137 0.57599
0.46573 0.39930 0.61681
0.50470 0.42012 0.61102
0.42934 0.43997 0.60741
0.42170 0.58969 0.67561
0.46694 0.44699 0.61420
0.31713 0.46387 0.53962
0.37620 0.42741 0.52152
0.46498 0.38599 0.57936
0.40448 0.45798 0.55237
0.35535 0.51310 0.54959
0.39689 0.33750 0.60555
0.44413 0.42068 0.58671
0.38182 0.48902 0.63404
0.29878 0.41351 0.61911
0.49915 0.55705 0.58851
0.41206 0.50683 0.63020
0.37519 0.49690 0.53176
0.44253 0.46983 0.61082
0.25536 0.40987 0.47301
0.39349 0.42673 0.55312
0.46505 0.50868 0.58341
0.37108 0.54048 0.52185
0.40923 0.44669 0.69168
0.44057 0.49935 0.54920
0.51351 0.59642 0.58213
0.34100 0.50194 0.64539
0.43768 0.44474 0.58742
0.30798 0.43480 0.53478
0.35566 0.53180 0.53172
0.40221 0.41102 0.55566
0.32192 0.37782 0.61305
0.40495 0.39690 0.57666
0.31614 0.32240 0.63992
0.31046 0.51838 0.50101
0.31208 0.41907 0.47409
0.39875 0.52644 0.51773
0.37922 0.45985 0.50563
0.44496 0.44273 0.58119
0.40970 0.40314 0.60618
0.29473 0.46666 0.54400
0.38915 0.41562 0.58671
0.44833 0.57655 0.63608
0.49468 0.48661 0.66237
0.45955 0.44793 0.62760
0.43173 0.58484 0.62175
0.44082 0.40143 0.56749
0.35103 0.48137 0.52968
0.41533 0.51985 0.51044
0.45845 0.42604 0.59837
0.38290 0.40519 0.68140
0.32794 0.46562 0.51623
0.35576 0.36778 0.49260
0.44610 0.51587 0.61977
0.44142 0.59263 0.63872
0.33984 0.40657 0.54334
0.40931 0.48015 0.57618
0.37529 0.46152 0.53297
0.46998 0.42233 0.64502
0.32769 0.54715 0.46615
0.33473 0.47551 0.56283
0.41057 0.46854 0.58684
0.34990 0.40797 0.50058
0.39161 0.37656 0.56351
0.41499 0.55307 0.60426
0.44233 0.47697 0.64828
0.43311 0.46653 0.60064
0.50238 0.53792 0.61082
0.33361 0.37171 0.53439
0.35338 0.39604 0.64211
0.40854 0.47812 0.60183
0.29463 0.38632 0.47093
0.38342 0.41929 0.49077
0.32837 0.41374 0.55938
0.48464 0.43818 0.58459
0.45100 0.41716 0.64027
0.44883 0.44255 0.67374
0.52447 0.36915 0.67965
0.44631 0.46091 0.57125
0.43608 0.49475 0.54873
0.54054 0.49387 0.67083
0.48295 0.54635 0.66063
0.48517 0.57374 0.62494
0.41342 0.52731 0.62323
0.36669 0.31906 0.51625
0.37106 0.45948 0.57721
0.49684 0.51938 0.59523
0.36900 0.58039 0.59615
0.49243 0.51255 0.62627
0.39111 0.40144 0.65222
0.42878 0.37786 0.57447
0.39720 0.38496 0.55815
0.49557 0.41664 0.63437
0.39774 0.47213 0.64263
0.33877 0.41720 0.50520
0.43639 0.60702 0.52300
0.44620 0.50653 0.52271
0.46135 0.48959 0.51809
0.47493 0.33248 0.58917
0.37558 0.35869 0.58455
0.38773 0.49744 0.58764
0.38553 0.53667 0.57052
0.40858 0.53596 0.61700
0.38299 0.42573 0.58077
0.35208 0.44507 0.60272
0.43816 0.33619 0.55161
0.55994 0.51628 0.62994
0.42860 0.47264 0.49875
0.40300 0.34181 0.52863
0.37703 0.40149 0.61687
0.37893 0.41142 0.55744
0.47897 0.48091 0.61052
0.44315 0.42041 0.61826
0.41671 0.48482 0.52463
0.46085 0.43416 0.61623
0.42763 0.52607 0.65755
0.46037 0.50278 0.61450
0.35654 0.39565 0.51852
0.34492 0.49838 0.53756
0.34022 0.38805 0.50335
0.49064 0.51210 0.60417
0.41847 0.46976 0.58011
0.46055 0.46884 0.64893
0.39563 0.48983 0.52525
0.40985 0.35956 0.51517
0.34719 0.44323 0.51769
0.44538 0.49022 0.69157
0.49800 0.42212 0.61654
0.36602 0.49284 0.59478
0.36464 0.52001 0.56495
0.41225 0.34983 0.61424
0.38552 0.46381 0.57340
0.52436 0.52437 0.70706
0.51900 0.57131 0.65280
0.33790 0.38235 0.62837
0.38969 0.49204 0.58431
0.44740 0.48893 0.56630
0.35505 0.44076 0.56804
0.36205 0.34831 0.56535
0.47099 0.53484 0.61440
0.38291 0.40569 0.54596
0.35061 0.39392 0.54434
0.46116 0.43891 0.57966
0.43148 0.47561 0.63043
0.47110 0.37850 0.65654
0.46786 0.54619 0.66051
0.37849 0.45111 0.65434
0.40844 0.56048 0.55439
0.42422 0.42575 0.61712
0.48020 0.44417 0.63401
0.42462 0.37633 0.67862
0.37232 0.47306 0.54158
0.38331 0.52941 0.55194
0.47350 0.44226 0.65708
0.35242 0.35432 0.57671
0.50575 0.41161 0.72753
0.46768 0.41677 0.59943
0.42219 0.40450 0.58464
0.39606 0.47648 0.53467
0.56471 0.45333 0.69588
0.42356 0.46767 0.54607
0.45999 0.48093 0.58618
0.42057 0.43060 0.54038
0.32856 0.44266 0.53248
0.33190 0.39679 0.56592
0.44432 0.61995 0.60445
0.40622 0.45627 0.59852
0.47531 0.58869 0.53457
0.37325 0.34187 0.63812
0.54909 0.51916 0.68854
0.37079 0.47743 0.63952
0.48854 0.44998 0.70965
0.54051 0.56679 0.69886
0.33396 0.51048 0.53232
0.46867 0.45145 0.66515
0.29007 0.49714 0.49473
0.50242 0.34835 0.59763
0.29212 0.49995 0.50664
0.38933 0.54456 0.53451
0.32730 0.36878 0.51815
0.42422 0.47611 0.58838
0.51793 0.48612 0.66549
0.48049 0.40558 0.63860
0.45007 0.42204 0.63233
0.45771 0.41917 0.59867
0.36863 0.40539 0.54549
0.29765 0.27636 0.51430
0.39036 0.49941 0.55674
0.35892 0.49958 0.53359
0.51954 0.48080 0.62298
0.43965 0.42782 0.63688
0.46348 0.52146 0.62754
0.41873 0.47960 0.62434
0.37790 0.44836 0.59257
0.50455 0.52995 0.65796
0.26912 0.41768 0.57483
0.35030 0.44871 0.58955
0.36922 0.37892 0.64992
0.41493 0.50316 0.56494
0.37432 0.48413 0.49007
0.46125 0.38936 0.54763
0.35592 0.39707 0.58629
0.37031 0.49483 0.50413
0.38413 0.48473 0.57911
0.40481 0.45505 0.61113
0.41045 0.48483 0.61188
0.37704 0.51459 0.65632
0.42655 0.45319 0.61205
0.42145 0.48620 0.59567
0.39718 0.36174 0.56354
0.36139 0.60748 0.57775
0.41509 0.47721 0.52228
0.45005 0.46855 0.61335
0.34128 0.35925 0.55610
0.56710 0.49342 0.71927
0.38283 0.46376 0.54872
0.39009 0.45045 0.54598
0.43681 0.47423 0.56595
0.43568 0.45138 0.56260
0.54883 0.51450 0.63363
0.48959 0.45146 0.59885
0.52422 0.45070 0.58584
0.48868 0.45656 0.63531
0.49034 0.47859 0.70305
0.45515 0.43905 0.60362
0.42655 0.53454 0.59175
0.39132 0.50147 0.60231
0.43767 0.38360 0.52351
0.36315 0.55048 0.53903
0.36976 0.60847 0.60914
0.36101 0.55552 0.63146
0.35862 0.51590 0.68721
0.49494 0.48316 0.54997
0.45229 0.42524 0.58265
0.30487 0.35857 0.45098
0.43399 0.44336 0.53858
0.29114 0.53283 0.51781
0.35337 0.56222 0.55128
0.43973 0.45182 0.58993
0.35895 0.45698 0.58229
0.42153 0.44606 0.58396
0.35138 0.47150 0.64351
0.43656 0.43753 0.57268
0.36325 0.38009 0.57258
0.34393 0.40071 0.63844
0.43884 0.49959 0.55795
0.37889 0.50858 0.51686
0.43219 0.40416 0.61304
0.42442 0.63425 0.59712
0.41879 0.35538 0.54832
0.31785 0.38242 0.54970
0.45114 0.41290 0.58984
0.38037 0.47622 0.54797
0.36138 0.37033 0.56593
0.48103 0.48066 0.63063
0.40080 0.54838 0.62080
0.40404 0.43618 0.62305
0.38624 0.37644 0.52575
0.45993 0.45809 0.62129
0.38852 0.35588 0.64180
0.46435 0.51981 0.60455
0.39551 0.40936 0.64498
0.47518 0.43799 0.66305
0.45039 0.63017 0.65478
0.49787 0.40403 0.59603
0.49730 0.42648 0.66822
0.32512 0.52003 0.51661
0.49886 0.43277 0.64748
0.43788 0.48227 0.56942
0.43529 0.59640 0.57699
0.29404 0.39965 0.44231
0.42132 0.56395 0.66429
0.30824 0.48088 0.54905
0.46213 0.46008 0.54277
0.48094 0.42331 0.69783
0.52390 0.48094 0.61187
0.35765 0.50360 0.64951
0.41994 0.44899 0.60229
0.45559 0.58266 0.51467
0.42694 0.40998 0.60367
0.51029 0.49841 0.61760
0.52989 0.33270 0.60209
0.45678 0.45576 0.59951
0.45946 0.52605 0.63472
0.50438 0.52883 0.65844
0.42606 0.55831 0.56040
0.39386 0.47270 0.57172
0.42601 0.50590 0.58421
0.41567 0.48996 0.50348
0.40266 0.51685 0.58543
0.42688 0.48059 0.54067
0.51832 0.50667 0.69575
0.39015 0.35265 0.57779
0.46460 0.55118 0.57421
0.40540 0.62544 0.61232
0.52160 0.49671 0.66610
0.49910 0.45205 0.71412
0.32565 0.41439 0.48843
0.40749 0.49016 0.55513
0.36772 0.51986 0.47303
0.45539 0.48510 0.58684
0.41270 0.39084 0.57550
0.39300 0.56626 0.56619
0.39847 0.58449 0.53490
0.48200 0.53845 0.56786
0.40513 0.42290 0.66673
0.34643 0.48505 0.53683
0.45608 0.46133 0.58304
0.40950 0.45290 0.54463
0.39195 0.58546 0.53165
0.36357 0.45563 0.60736
0.50721 0.50691 0.62842
0.51617 0.45996 0.57364
0.54600 0.52304 0.58406
0.48512 0.59126 0.61465
0.50773 0.40486 0.71516
