20 6 1000 29966 8669
0.83030 0.98170 0.01534
0.14533 0.97691 0.99995
0.35775 0.19211 0.21919
0.20971 0.35829 0.32503
0.12396 0.35901 0.48617
0.65073 0.71017 0.07343
0.48680 0.78702 0.35231
0.44488 0.45142 0.20220
0.41806 0.71288 0.38341
0.30855 0.42623 0.33752
0.40243 0.58946 0.33453
0.39308 0.59116 0.32636
0.41874 0.68395 0.37574
0.27518 0.52227 0.44220
0.38783 0.69777 0.40705
0.29336 0.42162 0.37454
0.46489 0.69486 0.32746
0.29801 0.40485 0.32938
0.41669 0.54572 0.30149
0.32203 0.38375 0.30473
0.30651 0.37631 0.33805
0.48748 0.55469 0.22190
0.43101 0.52341 0.27137
0.64120 0.82727 0.15597
0.39138 0.39865 0.24177
0.40897 0.59117 0.30932
0.50825 0.53534 0.18902
0.44593 0.62600 0.29047
0.49871 0.52414 0.20287
0.44001 0.54143 0.23255
0.42671 0.42466 0.23083
0.50335 0.59575 0.21148
0.27395 0.74178 0.65808
0.60645 0.77789 0.18415
0.33830 0.40496 0.27248
0.55522 0.77375 0.25468
0.41856 0.55774 0.27628
0.38944 0.49591 0.26894
0.52228 0.69509 0.22590
0.39723 0.48692 0.27138
0.46299 0.60900 0.20922
0.26747 0.46178 0.45709
0.22898 0.66610 0.61783
0.38029 0.65589 0.40578
0.44008 0.67495 0.34597
0.44361 0.59844 0.24836
0.43886 0.56800 0.25286
0.49496 0.67385 0.26235
0.31925 0.60100 0.45414
0.40694 0.63371 0.37561
0.50690 0.71172 0.24612
0.51670 0.71187 0.25177
0.53199 0.63692 0.20865
0.54038 0.84259 0.33576
0.28215 0.55305 0.49063
0.24282 0.41406 0.38498
0.20126 0.39818 0.45217
0.42459 0.67639 0.38184
0.27818 0.57258 0.47148
0.64060 0.81452 0.15335
0.38049 0.54340 0.32119
0.43715 0.76566 0.42267
0.53312 0.53021 0.13651
0.38370 0.58610 0.36730
0.26178 0.51104 0.42672
0.22464 0.45121 0.43446
0.40647 0.65967 0.35278
0.31792 0.70201 0.55222
0.46539 0.78727 0.37815
0.38037 0.33495 0.22646
0.24842 0.48097 0.41714
0.54481 0.70398 0.19117
0.35408 0.55745 0.34103
0.32767 0.63127 0.42178
0.50899 0.53278 0.18778
0.25951 0.51157 0.45942
0.33407 0.58675 0.43448
0.38672 0.69690 0.44583
0.39365 0.66978 0.39437
0.47304 0.62787 0.30309
0.36227 0.81512 0.56462
0.37756 0.47983 0.25654
0.49246 0.62508 0.22265
0.34822 0.55104 0.39473
0.45610 0.78058 0.40839
0.35725 0.51833 0.32447
0.34056 0.38477 0.31911
0.55696 0.68908 0.16296
0.39202 0.70818 0.44278
0.35981 0.63361 0.40709
0.45559 0.56154 0.23342
0.51218 0.67431 0.21965
0.23151 0.43179 0.40888
0.38832 0.60325 0.30810
0.28567 0.50889 0.41014
0.34451 0.55486 0.33611
0.38994 0.61866 0.38980
0.34452 0.36842 0.29116
0.31943 0.56861 0.42582
0.40731 0.53223 0.26036
0.27534 0.37758 0.34869
0.22599 0.39766 0.43148
0.37454 0.65457 0.43183
0.32078 0.44219 0.33060
0.47441 0.66812 0.26147
0.38374 0.52391 0.36316
0.39323 0.57706 0.30551
0.54002 0.66901 0.16434
0.55767 0.78821 0.27242
0.41054 0.48497 0.25195
0.64500 0.84252 0.18660
0.47379 0.57734 0.25697
0.29880 0.80739 0.64793
0.54009 0.72747 0.25242
0.36168 0.46461 0.29060
0.38251 0.39111 0.24300
0.52507 0.83880 0.32914
0.39176 0.68473 0.42150
0.33716 0.57821 0.39117
0.45459 0.70817 0.34425
0.42570 0.57921 0.27608
0.30925 0.45331 0.40308
0.45677 0.59013 0.22809
0.38739 0.59963 0.35485
0.62057 0.77735 0.16990
0.28148 0.47265 0.36095
0.46370 0.49919 0.22021
0.34849 0.35340 0.29422
0.31680 0.49094 0.34404
0.58863 0.71913 0.14641
0.39081 0.73924 0.46879
0.40716 0.55576 0.32133
0.25383 0.49068 0.45296
0.33128 0.63293 0.46921
0.58713 0.69056 0.17414
0.27801 0.67650 0.54455
0.31720 0.48279 0.33140
0.39654 0.54811 0.32032
0.32076 0.45549 0.36770
0.35342 0.56298 0.34135
0.47398 0.54791 0.22225
0.35352 0.60065 0.37408
0.36987 0.55810 0.33017
0.58083 0.72142 0.20632
0.35735 0.54668 0.31699
0.31619 0.42441 0.32893
0.54500 0.65343 0.17970
0.33423 0.53852 0.35216
0.40178 0.48317 0.26499
0.28251 0.44220 0.34667
0.44572 0.55780 0.20954
0.40636 0.57334 0.31518
0.29146 0.46353 0.37061
0.27275 0.61056 0.53819
0.44315 0.46154 0.21370
0.35512 0.69899 0.48347
0.36808 0.47292 0.28574
0.38580 0.73841 0.48533
0.49840 0.62083 0.20337
0.30665 0.42140 0.33694
0.43703 0.61686 0.27381
0.34281 0.55058 0.37492
0.43562 0.63067 0.31758
0.52733 0.59303 0.16501
0.37162 0.65712 0.40950
0.63776 0.81088 0.16120
0.28563 0.54459 0.48682
0.41257 0.48339 0.25185
0.38768 0.65713 0.41748
0.27920 0.67267 0.57872
0.39473 0.62462 0.34955
0.50976 0.70190 0.23910
0.27660 0.35654 0.36066
0.43000 0.76525 0.42551
0.37669 0.58637 0.32965
0.26755 0.55879 0.45974
0.33023 0.41581 0.29030
0.55563 0.67081 0.16070
0.40944 0.55548 0.29419
0.42597 0.77719 0.41875
0.45045 0.52253 0.23985
0.29370 0.34160 0.32235
0.30147 0.43116 0.33336
0.65282 0.84423 0.16933
0.33518 0.46464 0.33685
0.36212 0.56518 0.34347
0.27853 0.60800 0.51373
0.43427 0.64401 0.30665
0.30834 0.40680 0.38388
0.49828 0.75313 0.32955
0.46123 0.73418 0.34935
0.32673 0.40208 0.32208
0.40885 0.51003 0.30374
0.63088 0.82607 0.17551
0.42636 0.57552 0.24547
0.45725 0.56390 0.22530
0.27307 0.51502 0.44210
0.45129 0.66890 0.32201
0.56689 0.64990 0.16032
0.28881 0.60239 0.51633
0.36844 0.51273 0.29022
0.36111 0.68398 0.43559
0.40897 0.51070 0.22411
0.52342 0.77601 0.29742
0.51452 0.72980 0.28163
0.54008 0.66038 0.15993
0.37859 0.53331 0.27747
0.43150 0.70484 0.39674
0.41494 0.39292 0.21176
0.39119 0.48394 0.25212
0.28671 0.61982 0.48241
0.24371 0.49006 0.41980
0.43072 0.61346 0.26339
0.41252 0.69363 0.40591
0.31494 0.51172 0.33234
0.32322 0.68631 0.50408
0.43772 0.64225 0.32084
0.44222 0.58315 0.27879
0.39473 0.53588 0.29708
0.46939 0.64661 0.25041
0.30633 0.69745 0.55745
0.44012 0.53182 0.21801
0.32572 0.42387 0.37186
0.37960 0.56541 0.30228
0.31100 0.45853 0.29743
0.43497 0.58157 0.25857
0.36816 0.54981 0.33029
0.37767 0.48359 0.28923
0.42342 0.60031 0.27919
0.60932 0.78706 0.17046
0.33457 0.48994 0.29196
0.23050 0.38179 0.35504
0.29846 0.44126 0.34201
0.27624 0.63140 0.56859
0.30073 0.78052 0.61793
0.48021 0.69131 0.32233
0.40151 0.54469 0.24288
0.51071 0.64074 0.21603
0.30986 0.65482 0.54000
0.39902 0.52309 0.28142
0.45150 0.56009 0.23482
0.27849 0.54790 0.46811
0.39429 0.53479 0.30647
0.52857 0.74338 0.24580
0.32941 0.60583 0.41593
0.34237 0.61291 0.41857
0.34968 0.45177 0.30260
0.41875 0.80714 0.46917
0.32261 0.39282 0.35730
0.38868 0.46018 0.27438
0.49790 0.72040 0.29045
0.47965 0.66178 0.25884
0.37314 0.68585 0.42293
0.51843 0.65018 0.22121
0.50353 0.66683 0.22571
0.42484 0.62728 0.33390
0.49414 0.78310 0.36345
0.41780 0.79685 0.47095
0.36763 0.58314 0.35298
0.50189 0.79204 0.34269
0.34775 0.39702 0.33874
0.37803 0.67104 0.41001
0.30162 0.79558 0.62573
0.53820 0.82839 0.31244
0.37232 0.46421 0.32908
0.48616 0.59250 0.19470
0.50252 0.58933 0.23351
0.37468 0.54021 0.29972
0.56901 0.69823 0.18772
0.28779 0.57736 0.45242
0.31387 0.64137 0.51096
0.38830 0.75408 0.47874
0.25371 0.47940 0.42675
0.41875 0.60353 0.29969
0.43223 0.63914 0.35581
0.37252 0.50313 0.33142
0.33881 0.57025 0.41853
0.25210 0.44965 0.39275
0.53736 0.68663 0.20644
0.33675 0.43181 0.34836
0.36558 0.57064 0.33606
0.37749 0.51595 0.28368
0.39181 0.54376 0.28397
0.37375 0.84841 0.58262
0.24710 0.64515 0.56256
0.41871 0.69578 0.37301
0.27229 0.41271 0.39491
0.41557 0.59488 0.30346
0.31917 0.49133 0.32178
0.53013 0.60723 0.15350
0.32460 0.62703 0.43478
0.29813 0.47935 0.39861
0.41257 0.46783 0.26240
0.51651 0.73081 0.27644
0.38074 0.52881 0.28006
0.40983 0.56645 0.25822
0.23555 0.44880 0.40182
0.59506 0.74704 0.16157
0.49954 0.63490 0.21030
0.27925 0.45205 0.40599
0.22433 0.85747 0.78975
0.26455 0.71144 0.61521
0.34685 0.44090 0.32702
0.47188 0.58418 0.22260
0.36963 0.73679 0.50536
0.38630 0.67071 0.42229
0.50340 0.57188 0.18142
0.33024 0.50959 0.31447
0.48175 0.62421 0.24052
0.38141 0.50493 0.31539
0.28262 0.53865 0.48833
0.33907 0.60273 0.42951
0.59738 0.78387 0.20870
0.32169 0.65570 0.48468
0.37235 0.54055 0.27256
0.31982 0.57598 0.41760
0.57099 0.64300 0.13686
0.47717 0.65065 0.24069
0.36714 0.70952 0.47407
0.37861 0.44412 0.31180
0.25858 0.50076 0.43058
0.36942 0.50138 0.26444
0.47212 0.59667 0.26333
0.38132 0.42961 0.23709
0.46942 0.68977 0.28853
0.34430 0.50870 0.33999
0.38349 0.69133 0.44249
0.32062 0.62686 0.46119
0.34363 0.62087 0.48084
0.18819 0.61829 0.61095
0.47115 0.68184 0.30942
0.29371 0.70199 0.55530
0.28702 0.43591 0.33698
0.32130 0.44954 0.31733
0.42778 0.78292 0.45565
0.19875 0.72709 0.73537
0.32311 0.54161 0.45100
0.40885 0.51048 0.27379
0.47876 0.72262 0.34832
0.40017 0.70201 0.39826
0.24973 0.69536 0.64625
0.24692 0.71132 0.63547
0.34024 0.47975 0.33689
0.53189 0.67158 0.19553
0.54416 0.75589 0.24787
0.38158 0.70375 0.43308
0.34777 0.45692 0.32693
0.54517 0.65602 0.18885
0.33296 0.53743 0.34150
0.38414 0.64510 0.36444
0.48221 0.80198 0.38387
0.55436 0.67845 0.18749
0.38657 0.58593 0.39108
0.34311 0.55719 0.35323
0.38973 0.55376 0.32195
0.31842 0.60399 0.44446
0.29294 0.59708 0.47033
0.31753 0.37257 0.32373
0.29622 0.59684 0.50178
0.25647 0.71129 0.65021
0.36313 0.59156 0.38109
0.33444 0.56982 0.42047
0.55134 0.66605 0.19497
0.33802 0.64075 0.47724
0.30535 0.57214 0.47889
0.44835 0.45239 0.20939
0.49429 0.69059 0.26450
0.37059 0.52476 0.28622
0.59779 0.73749 0.15375
0.38705 0.53678 0.33622
0.44048 0.48233 0.22860
0.37770 0.52708 0.34355
0.26587 0.69495 0.60881
0.25026 0.45417 0.40730
0.49362 0.63147 0.20936
0.33254 0.73155 0.53270
0.32487 0.60670 0.44218
0.37424 0.53527 0.30036
0.34036 0.73171 0.51027
0.40498 0.52786 0.26856
0.26809 0.52713 0.45582
0.49039 0.68544 0.25328
0.27710 0.39999 0.38322
0.24700 0.70721 0.62401
0.33203 0.55748 0.41170
0.28259 0.56086 0.44137
0.21163 0.52034 0.49104
0.35530 0.63626 0.41931
0.33642 0.43314 0.29652
0.49345 0.72264 0.29968
0.35190 0.48840 0.38408
0.24649 0.60207 0.54019
0.44800 0.70123 0.32883
0.37788 0.52488 0.30479
0.20651 0.78761 0.74939
0.20408 0.51954 0.49487
0.25269 0.39384 0.37216
0.31694 0.48241 0.35265
0.34121 0.51461 0.34250
0.49247 0.62315 0.24120
0.40292 0.63887 0.35901
0.44746 0.57961 0.29225
0.32442 0.59110 0.46677
0.28789 0.60141 0.51461
0.30342 0.43136 0.34934
0.26692 0.53728 0.47522
0.24783 0.46660 0.39300
0.30230 0.74497 0.59352
0.43193 0.54325 0.25063
0.42964 0.81347 0.45205
0.43778 0.59070 0.26570
0.40362 0.49944 0.27141
0.50323 0.68012 0.23981
0.30242 0.60334 0.49202
0.36317 0.69652 0.46424
0.38958 0.59120 0.30781
0.43838 0.56473 0.28345
0.21690 0.76258 0.70151
0.31499 0.52365 0.36584
0.46221 0.65570 0.28559
0.36273 0.45709 0.25064
0.42482 0.79085 0.45410
0.35534 0.58722 0.37746
0.25282 0.46818 0.39195
0.41703 0.47537 0.22756
0.49844 0.65264 0.28155
0.51203 0.81990 0.36117
0.36184 0.51511 0.28069
0.42374 0.58968 0.25979
0.37036 0.54375 0.37048
0.52005 0.61700 0.19523
0.33844 0.61022 0.40634
0.39373 0.55417 0.28840
0.31199 0.41624 0.31841
0.24257 0.67262 0.60957
0.37223 0.50442 0.30713
0.28079 0.55274 0.48436
0.69286 0.87359 0.13201
0.34715 0.59736 0.40833
0.48891 0.66353 0.25952
0.21983 0.63776 0.60122
0.27553 0.49264 0.40409
0.36440 0.67928 0.48185
0.39250 0.39280 0.23747
0.29905 0.60626 0.44536
0.25327 0.54967 0.47172
0.41317 0.60679 0.30885
0.40638 0.57317 0.30286
0.43849 0.60558 0.26342
0.31566 0.65127 0.50915
0.29655 0.53290 0.39973
0.37113 0.55936 0.30617
0.30850 0.49624 0.35476
0.38753 0.55217 0.30209
0.35577 0.59122 0.38317
0.31054 0.48335 0.34918
0.37238 0.54383 0.31276
0.38735 0.54211 0.34813
0.31178 0.63529 0.48080
0.27028 0.79130 0.66369
0.32590 0.70747 0.52438
0.27222 0.55432 0.47053
0.22448 0.68128 0.62569
0.32421 0.44391 0.33955
0.40419 0.75692 0.44330
0.33819 0.45826 0.36120
0.30056 0.40346 0.32710
0.35585 0.68649 0.44775
0.40522 0.51684 0.27958
0.48845 0.57030 0.20766
0.23546 0.39483 0.40544
0.25205 0.75713 0.65332
0.51705 0.82654 0.34996
0.31889 0.57843 0.38810
0.42918 0.52876 0.27323
0.39314 0.73924 0.44705
0.23091 0.58667 0.53456
0.38188 0.40803 0.25175
0.49271 0.58614 0.21289
0.34183 0.52849 0.33368
0.51319 0.77913 0.32615
0.30169 0.60534 0.49226
0.34023 0.58959 0.38311
0.44602 0.60155 0.29130
0.30097 0.53613 0.44658
0.39535 0.64430 0.34173
0.39658 0.57734 0.28209
0.43248 0.60025 0.25414
0.56437 0.75749 0.23299
0.34241 0.69529 0.52927
0.37010 0.33124 0.22936
0.24692 0.46411 0.39813
0.47399 0.58062 0.21022
0.57500 0.69639 0.15668
0.35906 0.49494 0.31676
0.32537 0.45330 0.37594
0.35438 0.50833 0.29683
0.28588 0.51979 0.47674
0.28746 0.48997 0.38023
0.38988 0.44813 0.28172
0.63214 0.79056 0.15069
0.62704 0.80831 0.17823
0.25812 0.67473 0.58822
0.45505 0.61865 0.28495
0.42246 0.69460 0.39623
0.28299 0.49241 0.43359
0.40127 0.71072 0.40670
0.30431 0.56075 0.47399
0.55524 0.67547 0.17576
0.38611 0.48889 0.32673
0.41082 0.52440 0.31510
0.31234 0.64998 0.48394
0.39063 0.64963 0.42897
0.35411 0.49938 0.33038
0.31908 0.79054 0.58823
0.25308 0.48957 0.42389
0.45583 0.75135 0.37261
0.43598 0.54293 0.30148
0.24638 0.68261 0.58452
0.27727 0.42024 0.36705
0.30273 0.42631 0.33096
0.36351 0.56541 0.39213
0.48880 0.52152 0.16975
0.59616 0.78418 0.16967
0.57342 0.73089 0.17626
0.32970 0.45599 0.28293
0.49968 0.74840 0.30799
0.42201 0.50284 0.24094
0.37569 0.55245 0.34135
0.30174 0.35615 0.31585
0.43204 0.57394 0.27980
0.42008 0.35949 0.21935
0.32849 0.54888 0.39940
0.50899 0.63923 0.19364
0.37398 0.62789 0.37985
0.30016 0.52784 0.38746
0.40142 0.65439 0.37782
0.34176 0.74575 0.52413
0.32092 0.57703 0.41095
0.26711 0.45694 0.37592
0.26779 0.53164 0.41591
0.32419 0.53138 0.34506
0.36246 0.65572 0.40220
0.29323 0.64406 0.55145
0.48076 0.65790 0.28674
0.45404 0.54459 0.25596
0.20317 0.64497 0.64457
0.45542 0.58517 0.26594
0.48652 0.58575 0.19623
0.28893 0.54243 0.45388
0.60400 0.79400 0.19643
0.56766 0.71912 0.17859
0.28568 0.58229 0.51004
0.21391 0.69873 0.66574
0.25752 0.79245 0.72098
0.26719 0.77151 0.65422
0.33463 0.57325 0.40689
0.47165 0.61979 0.22766
0.65271 0.74337 0.09211
0.40905 0.52090 0.25176
0.37456 0.63775 0.40299
0.54470 0.66673 0.19044
0.33215 0.59500 0.42075
0.49550 0.61588 0.20638
0.38932 0.51622 0.29657
0.39036 0.63076 0.36635
0.39971 0.55009 0.28885
0.27986 0.47377 0.36072
0.43806 0.58121 0.22937
0.42411 0.81490 0.47826
0.21033 0.63035 0.63896
0.41511 0.71282 0.39275
0.46314 0.65925 0.33269
0.47159 0.60046 0.24811
0.22158 0.46166 0.43196
0.33065 0.47126 0.31715
0.43300 0.69850 0.36748
0.27701 0.41559 0.39807
0.31535 0.58555 0.40024
0.38805 0.52923 0.29938
0.35073 0.65968 0.41880
0.52044 0.62418 0.20888
0.44125 0.56608 0.27543
0.28731 0.72119 0.61740
0.39953 0.59817 0.33725
0.30269 0.62848 0.48237
0.28937 0.51260 0.49039
0.55779 0.77458 0.22650
0.31698 0.39416 0.34397
0.42673 0.48048 0.23558
0.34416 0.64722 0.43036
0.40003 0.64916 0.37614
0.25237 0.57043 0.50521
0.41913 0.46970 0.25596
0.44442 0.54890 0.23951
0.52996 0.67975 0.18226
0.29546 0.45968 0.38543
0.31608 0.50381 0.37851
0.36412 0.62314 0.40049
0.65519 0.78310 0.11505
0.37004 0.34197 0.23216
0.35706 0.44293 0.33240
0.50962 0.58791 0.20375
0.29802 0.84206 0.66149
0.46979 0.60655 0.24010
0.21157 0.38193 0.40954
0.64003 0.71934 0.11478
0.37763 0.65135 0.37915
0.49589 0.52726 0.18670
0.30578 0.56704 0.42992
0.27427 0.45438 0.38041
0.25653 0.64520 0.57710
0.53613 0.54503 0.15402
0.36979 0.68788 0.43318
0.40925 0.53654 0.25468
0.34815 0.70759 0.49597
0.33368 0.64192 0.48292
0.41410 0.51581 0.22440
0.45373 0.60643 0.24883
0.36610 0.60183 0.38695
0.43401 0.57987 0.26835
0.19716 0.51119 0.56385
0.50567 0.62108 0.20419
0.34301 0.57182 0.38898
0.47138 0.67256 0.26676
0.37691 0.41744 0.26362
0.48952 0.76701 0.34667
0.37603 0.54395 0.38867
0.53620 0.64350 0.19494
0.55175 0.68506 0.18456
0.21275 0.51041 0.51370
0.25957 0.63010 0.51624
0.49096 0.56724 0.17764
0.44314 0.60529 0.29700
0.42074 0.59440 0.29213
0.37094 0.41823 0.30709
0.21705 0.82289 0.77668
0.68287 0.82486 0.10352
0.40109 0.57425 0.27708
0.47160 0.69743 0.32328
0.30838 0.39166 0.32738
0.38634 0.65571 0.36272
0.41510 0.49709 0.24485
0.33117 0.43147 0.34337
0.47977 0.60355 0.21696
0.28557 0.55776 0.47728
0.33553 0.60008 0.38746
0.28944 0.76322 0.63331
0.47338 0.80103 0.36888
0.52655 0.63079 0.18670
0.53666 0.64046 0.15579
0.46510 0.64255 0.25895
0.49636 0.68765 0.25529
0.28413 0.52194 0.44809
0.39219 0.49999 0.26416
0.44764 0.65060 0.28343
0.34833 0.67132 0.46026
0.40938 0.44261 0.22167
0.29911 0.46309 0.35498
0.40974 0.61642 0.35417
0.33772 0.38583 0.31335
0.49262 0.72085 0.31196
0.31512 0.53926 0.36926
0.58338 0.87379 0.29945
0.56616 0.66305 0.16867
0.51835 0.66000 0.22199
0.34358 0.38346 0.29138
0.45701 0.51151 0.23033
0.36504 0.63039 0.38744
0.58133 0.67868 0.14396
0.36399 0.60395 0.35886
0.44176 0.61467 0.27575
0.34717 0.51356 0.33333
0.50518 0.57836 0.18784
0.30638 0.54218 0.39765
0.22313 0.57726 0.54785
0.37021 0.55468 0.31531
0.25907 0.57181 0.50275
0.36204 0.71553 0.47539
0.44515 0.56320 0.27317
0.42082 0.66219 0.32421
0.49579 0.69473 0.26735
0.26675 0.42615 0.38881
0.26013 0.46362 0.40979
0.50905 0.62528 0.21989
0.60901 0.74534 0.14664
0.42568 0.53464 0.25126
0.57631 0.70108 0.16094
0.31919 0.58113 0.45632
0.33778 0.48124 0.39946
0.25423 0.35492 0.36979
0.46427 0.59607 0.20357
0.35790 0.68843 0.50302
0.43457 0.63132 0.31432
0.43873 0.57086 0.21834
0.47639 0.65358 0.30208
0.29186 0.53299 0.39131
0.20976 0.80213 0.75768
0.18723 0.61711 0.62303
0.43282 0.61744 0.32239
0.29147 0.56393 0.42028
0.36971 0.46799 0.32277
0.24946 0.41403 0.42688
0.48870 0.59974 0.20466
0.52517 0.70869 0.22084
0.35573 0.87444 0.61336
0.39367 0.85843 0.54758
0.33912 0.41888 0.30862
0.58964 0.74449 0.15679
0.37029 0.66321 0.41289
0.38813 0.75110 0.47483
0.25929 0.73560 0.64916
0.26319 0.49330 0.42328
0.47861 0.81243 0.39167
0.32855 0.41543 0.29789
0.27641 0.38140 0.32116
0.55790 0.67349 0.16433
0.31800 0.47719 0.34711
0.37137 0.55822 0.39172
0.47787 0.60198 0.22757
0.35871 0.43252 0.26902
0.42899 0.60508 0.31141
0.22537 0.43153 0.40631
0.20554 0.50794 0.50932
0.31058 0.38683 0.29148
0.33002 0.50348 0.31433
0.38708 0.62062 0.36515
0.34156 0.52127 0.36281
0.23658 0.49904 0.43177
0.32090 0.51187 0.38836
0.52187 0.64259 0.19625
0.29525 0.64645 0.53839
0.38348 0.64521 0.39090
0.35001 0.40802 0.31231
0.30420 0.40251 0.34313
0.43846 0.57827 0.25941
0.20262 0.51934 0.52415
0.19428 0.55429 0.55691
0.36557 0.47648 0.30363
0.34369 0.59118 0.39449
0.35098 0.63391 0.39608
0.27616 0.60845 0.51068
0.37441 0.53976 0.31973
0.37023 0.58383 0.37112
0.64740 0.77984 0.13111
0.45080 0.62905 0.28864
0.46902 0.70284 0.30758
0.47847 0.64878 0.27434
0.41219 0.48579 0.28235
0.43822 0.66259 0.31136
0.43111 0.52638 0.27961
0.41272 0.67951 0.34446
0.40179 0.59494 0.31813
0.37030 0.65674 0.43180
0.38095 0.54458 0.28146
0.47707 0.57410 0.22541
0.58555 0.79760 0.22416
0.42821 0.57139 0.27968
0.34243 0.48862 0.33528
0.46781 0.65964 0.32044
0.17801 0.55772 0.59146
0.56620 0.73754 0.22132
0.41530 0.52891 0.30997
0.44393 0.51195 0.22635
0.61755 0.66173 0.11147
0.35235 0.63622 0.40813
0.29020 0.48387 0.35521
0.37909 0.40621 0.23950
0.36001 0.55078 0.31708
0.30037 0.72036 0.56141
0.34772 0.46842 0.37072
0.40617 0.51733 0.27771
0.38818 0.60492 0.31833
0.53861 0.65329 0.17802
0.47097 0.67807 0.28195
0.29682 0.71690 0.57979
0.44562 0.44165 0.20004
0.52198 0.65900 0.18926
0.51038 0.69832 0.22587
0.40652 0.55714 0.32623
0.42073 0.65688 0.36816
0.42951 0.75164 0.39952
0.29817 0.62148 0.50792
0.18058 0.77320 0.76588
0.31358 0.51631 0.39375
0.34170 0.46653 0.30796
0.23978 0.79794 0.70657
0.38892 0.46524 0.30738
0.45874 0.64659 0.25702
0.25389 0.43894 0.39427
0.47658 0.76236 0.37051
0.37129 0.75078 0.48818
0.36713 0.52922 0.31882
0.29138 0.44970 0.39167
0.43933 0.49446 0.21671
0.48619 0.70113 0.29885
0.23384 0.39288 0.40144
0.38700 0.62005 0.39823
0.37346 0.65078 0.42346
0.36582 0.71493 0.45397
0.37446 0.41539 0.28749
0.30265 0.76467 0.60995
0.32426 0.66613 0.53063
0.60881 0.73138 0.14642
0.39050 0.60534 0.35040
0.54342 0.60617 0.16087
0.45618 0.83072 0.43782
0.54105 0.75372 0.22636
0.34742 0.55908 0.33977
0.39597 0.76659 0.46837
0.44373 0.65329 0.31011
0.25160 0.43302 0.36378
0.42368 0.76670 0.44227
0.34363 0.80487 0.58490
0.35349 0.35865 0.25811
0.48289 0.70456 0.28992
0.48693 0.68836 0.25235
0.38694 0.64175 0.36049
0.46478 0.66204 0.28418
0.49587 0.71539 0.28263
0.23232 0.37270 0.31867
0.32520 0.59745 0.45590
0.49800 0.69194 0.26668
0.30233 0.48325 0.38672
0.35287 0.72990 0.50621
0.47724 0.70727 0.33349
0.34284 0.55024 0.34532
0.48425 0.70626 0.29837
0.24013 0.39981 0.38634
0.38327 0.56307 0.29097
0.34327 0.50108 0.29433
0.36807 0.61534 0.36101
0.44758 0.76219 0.38872
0.35633 0.59617 0.43098
0.38750 0.68938 0.41746
0.50483 0.58187 0.20194
0.51823 0.64035 0.19138
0.47178 0.66613 0.28514
0.34362 0.53554 0.35091
0.32664 0.49826 0.30402
0.37201 0.55565 0.32627
0.27047 0.38094 0.33040
0.32028 0.48779 0.38949
0.46157 0.82326 0.41180
0.51790 0.55075 0.18808
0.31224 0.50807 0.36039
0.27860 0.67281 0.55684
0.34713 0.55435 0.34529
0.39922 0.69368 0.41164
0.38399 0.52906 0.28083
0.51696 0.58216 0.18104
0.35980 0.60563 0.37258
0.41484 0.61350 0.36381
0.45303 0.60711 0.23947
0.27161 0.51555 0.42181
0.47169 0.67830 0.28923
0.41307 0.53155 0.23256
0.48095 0.54712 0.19897
0.32262 0.45278 0.31357
0.36493 0.33791 0.25179
0.39560 0.52937 0.27844
0.32840 0.69477 0.52261
0.36493 0.85462 0.59765
0.40771 0.41733 0.24388
0.33754 0.51689 0.32989
0.34315 0.61083 0.40732
0.32631 0.53487 0.39184
0.42581 0.78819 0.43311
0.42431 0.53935 0.30669
0.26072 0.59552 0.54720
0.45321 0.90466 0.49818
0.39755 0.66775 0.36626
0.24385 0.42376 0.42036
0.22781 0.79175 0.73829
0.55939 0.74126 0.22237
0.37251 0.31541 0.25127
0.71021 0.82822 0.07523
0.34888 0.47195 0.29948
0.40874 0.50251 0.24299
0.48092 0.67422 0.30638
0.36965 0.48497 0.27140
0.33277 0.58924 0.39045
0.30891 0.61923 0.47367
0.18846 0.59400 0.60192
0.33589 0.53639 0.34662
0.30587 0.53321 0.44886
0.39088 0.49371 0.25085
0.37162 0.68053 0.46071
0.35800 0.65797 0.42698
0.28551 0.71576 0.62527
0.35022 0.42027 0.31119
0.40383 0.56435 0.27336
0.34598 0.44415 0.32177
0.62243 0.72221 0.11933
0.27248 0.55711 0.49609
0.29209 0.65067 0.56610
0.27157 0.56915 0.47323
0.34924 0.46115 0.33873
0.25398 0.34543 0.32046
0.42758 0.62992 0.32692
0.27131 0.32165 0.33328
0.54826 0.60150 0.14612
0.33045 0.77582 0.57312
0.29659 0.68072 0.56003
0.47360 0.68008 0.31800
0.53908 0.84582 0.31963
0.24670 0.61107 0.53905
0.50380 0.64189 0.23893
0.24635 0.45399 0.42578
0.22072 0.51535 0.49025
0.35713 0.51556 0.28585
0.31737 0.81522 0.61947
0.30079 0.58913 0.43249
0.37273 0.65432 0.39487
0.42736 0.60649 0.33282
0.44646 0.60866 0.27100
0.32754 0.47584 0.33476
0.43253 0.64406 0.29636
0.43435 0.75751 0.40374
0.28369 0.71562 0.58266
0.41406 0.58814 0.33251
0.27986 0.46553 0.37498
0.39275 0.68866 0.40137
0.38831 0.44830 0.26177
0.47855 0.70170 0.28060
0.35800 0.42734 0.28413
0.33324 0.44892 0.35288
0.43233 0.58131 0.28074
0.26994 0.63705 0.56040
0.23896 0.69525 0.63911
0.54848 0.69130 0.18247
0.52869 0.72477 0.27015
0.22185 0.53358 0.48434
0.38334 0.49962 0.32690
0.32948 0.37103 0.32613
0.49648 0.82047 0.37583
0.47588 0.62048 0.21399
0.23456 0.52573 0.49057
0.42184 0.63372 0.34430
0.22097 0.46041 0.44609
0.24310 0.42062 0.39555
0.35459 0.71052 0.48829
0.46674 0.79967 0.39498
0.38065 0.41302 0.31303
0.42796 0.49005 0.23117
0.26836 0.55616 0.43691
0.39933 0.69000 0.40670
0.38727 0.44725 0.28746
0.48951 0.69145 0.26725
0.29629 0.49041 0.35202
0.44054 0.71601 0.37307
0.32283 0.44882 0.31956
0.49456 0.60638 0.24390
0.31866 0.51143 0.32464
0.55793 0.74983 0.23407
0.28006 0.49778 0.37541
0.33484 0.52690 0.40741
0.53061 0.63976 0.21542
0.39865 0.48697 0.27180
0.31953 0.41982 0.36512
0.30482 0.36428 0.29713
0.21696 0.53798 0.53169
0.41158 0.39077 0.24781
0.52816 0.66156 0.17245
0.47499 0.88006 0.45160
0.40327 0.75709 0.47028
0.42302 0.52874 0.24515
0.18730 0.63867 0.65004
0.51264 0.63795 0.25599
0.66114 0.76022 0.09484
0.50008 0.66781 0.23952
0.26059 0.51750 0.42875
0.51394 0.65969 0.19319
0.30526 0.42503 0.32691
0.31443 0.50847 0.34671
0.25145 0.48484 0.43172
0.38625 0.70794 0.42834
0.49931 0.75405 0.32184
0.43757 0.50273 0.26402
0.44127 0.58380 0.28462
0.29796 0.64232 0.49790
0.39712 0.59961 0.32080
0.35323 0.53740 0.33811
0.29480 0.49881 0.47116
0.32658 0.74249 0.53661
0.39771 0.65863 0.38119
0.41990 0.63738 0.33684
0.27624 0.34853 0.32609
0.27998 0.34347 0.35391
0.30100 0.47250 0.42543
0.30145 0.47789 0.38443
0.42857 0.49252 0.22766
0.40467 0.49568 0.26065
0.35980 0.52868 0.29584
0.27604 0.46803 0.35073
0.37585 0.55217 0.30643
0.41923 0.54112 0.27518
0.20969 0.43703 0.46215
0.41412 0.48663 0.24322
0.40956 0.64408 0.34262
0.35911 0.54075 0.30524
0.35656 0.62536 0.44943
0.28757 0.60235 0.46076
0.35754 0.46878 0.29058
0.39997 0.53518 0.27117
0.35575 0.50397 0.29532
