20 4 1000 9300 216
0.12052 0.46779 0.18799
0.65826 0.58298 0.20361
0.13762 0.78283 0.45346
0.01787 0.67729 0.88301
0.30786 0.66128 0.42919
0.11802 0.69573 0.50984
0.20223 0.73523 0.43997
0.18114 0.56744 0.39538
0.14478 0.66129 0.38082
0.12386 0.61515 0.54203
0.11656 0.73870 0.53399
0.14812 0.58083 0.36612
0.19187 0.60283 0.35061
0.19506 0.67259 0.50306
0.11504 0.66025 0.76537
0.17962 0.68191 0.48137
0.24639 0.57738 0.26402
0.09508 0.56015 0.44454
0.14166 0.72097 0.47494
0.15219 0.59067 0.42748
0.18798 0.68022 0.40642
0.39104 0.59775 0.36931
0.12010 0.67598 0.52107
0.20946 0.62762 0.50737
0.13657 0.52095 0.32743
0.15410 0.61031 0.30936
0.24444 0.65360 0.55515
0.09773 0.63292 0.49210
0.11377 0.63336 0.50609
0.11500 0.67750 0.54115
0.21779 0.63963 0.62587
0.27767 0.64940 0.34744
0.07596 0.65371 0.68717
0.14445 0.67950 0.50253
0.52153 0.58240 0.22459
0.10022 0.68199 0.53443
0.29182 0.52944 0.22185
0.42955 0.61303 0.41946
0.11443 0.65910 0.44639
0.18677 0.52577 0.28842
0.07246 0.61148 0.56322
0.26746 0.53051 0.26273
0.33380 0.62478 0.38059
0.28895 0.57456 0.27756
0.59400 0.59159 0.26109
0.37969 0.62964 0.39373
0.33713 0.69075 0.36206
0.14610 0.68063 0.53740
0.14946 0.59988 0.39651
0.35080 0.65203 0.35902
0.08782 0.61943 0.66411
0.21079 0.64995 0.57516
0.16519 0.61980 0.57694
0.13960 0.66546 0.72916
0.40966 0.60281 0.38545
0.23270 0.64814 0.32737
0.14712 0.67846 0.61800
0.08337 0.65170 0.67036
0.06539 0.67517 0.79908
0.17204 0.62442 0.43799
0.15012 0.65919 0.72090
0.12536 0.56881 0.41448
0.14165 0.54272 0.30529
0.37402 0.57451 0.25576
0.17147 0.53303 0.34201
0.20126 0.61773 0.55316
0.39417 0.54229 0.23621
0.09982 0.63118 0.61318
0.24975 0.64158 0.33273
0.11291 0.60655 0.57370
0.16873 0.65786 0.71285
0.23934 0.55447 0.25466
0.18006 0.74266 0.49127
0.13262 0.63433 0.62441
0.28380 0.69000 0.46819
0.09689 0.57299 0.51886
0.20792 0.66098 0.43515
0.34973 0.63096 0.31599
0.30415 0.62733 0.43437
0.21375 0.64098 0.32984
0.07771 0.57465 0.53148
0.21238 0.60618 0.38357
0.45684 0.57632 0.28938
0.11118 0.71942 0.51584
0.58349 0.59456 0.28011
0.15685 0.60268 0.30414
0.15443 0.67332 0.48959
0.50319 0.57896 0.24208
0.33751 0.53756 0.23312
0.18189 0.59435 0.41776
0.14536 0.65458 0.57126
0.14852 0.60125 0.43103
0.07701 0.64682 0.74026
0.18304 0.62965 0.50264
0.11553 0.58884 0.48655
0.36045 0.61395 0.47027
0.11994 0.55293 0.28487
0.35045 0.61600 0.45029
0.13006 0.66224 0.49494
0.15665 0.67639 0.52531
0.16095 0.58434 0.50107
0.12828 0.64348 0.46531
0.40561 0.60828 0.27920
0.18555 0.59555 0.28793
0.42579 0.59799 0.32755
0.18492 0.66332 0.44387
0.28545 0.66256 0.50718
0.22247 0.74262 0.41338
0.20687 0.68878 0.51733
0.25368 0.59937 0.36577
0.28097 0.67266 0.38169
0.11979 0.64835 0.40889
0.20237 0.59623 0.29663
0.38515 0.64144 0.42718
0.16987 0.67478 0.56659
0.16556 0.51619 0.26599
0.10509 0.59582 0.49729
0.13117 0.61659 0.39211
0.26302 0.50529 0.19954
0.10017 0.64028 0.64302
0.30797 0.64223 0.43840
0.13765 0.72184 0.44719
0.14309 0.64273 0.49078
0.16288 0.62947 0.54425
0.13282 0.65221 0.61070
0.13267 0.57131 0.40514
0.46542 0.57218 0.22773
0.35343 0.59597 0.36475
0.25745 0.54124 0.30036
0.51856 0.61773 0.28516
0.12982 0.64860 0.58817
0.15381 0.64379 0.60384
0.33054 0.60279 0.32016
0.46160 0.58058 0.28369
0.13638 0.63958 0.35134
0.08699 0.55723 0.45776
0.14506 0.58334 0.40672
0.22308 0.67761 0.55708
0.20139 0.61612 0.52041
0.31907 0.53605 0.22295
0.12894 0.66351 0.49586
0.25195 0.57667 0.28583
0.32602 0.56571 0.32572
0.43928 0.62853 0.36296
0.32405 0.66183 0.46851
0.23926 0.65104 0.42134
0.16686 0.70734 0.58325
0.29933 0.66724 0.35578
0.29158 0.64537 0.56090
0.33679 0.58341 0.37639
0.16562 0.71069 0.57092
0.20796 0.64694 0.53023
0.21041 0.70256 0.53710
0.13676 0.68087 0.54237
0.57458 0.59138 0.26782
0.21552 0.65278 0.41882
0.20377 0.63417 0.55147
0.19990 0.66345 0.42829
0.10926 0.55753 0.35638
0.26504 0.56331 0.25762
0.14160 0.58423 0.45502
0.36780 0.60709 0.34684
0.39409 0.54234 0.23945
0.14871 0.65550 0.65984
0.16481 0.63088 0.46950
0.26838 0.65540 0.36739
0.36314 0.63460 0.49652
0.10762 0.70970 0.53348
0.11447 0.60862 0.48456
0.23715 0.64479 0.62325
0.22879 0.64927 0.53607
0.15508 0.61760 0.57670
0.19116 0.72703 0.48191
0.20632 0.63484 0.41306
0.45034 0.59182 0.24530
0.20936 0.60022 0.42697
0.21153 0.62300 0.50398
0.50782 0.63083 0.27796
0.34992 0.60533 0.45208
0.39066 0.56537 0.27923
0.18301 0.59105 0.31696
0.23769 0.54935 0.27144
0.18902 0.69674 0.44612
0.37142 0.61031 0.34308
0.13872 0.66393 0.38733
0.44027 0.59157 0.35191
0.27663 0.59566 0.38378
0.26474 0.60948 0.42156
0.16534 0.62407 0.43469
0.41319 0.61858 0.39494
0.10052 0.57723 0.49976
0.24091 0.59335 0.32282
0.53670 0.61579 0.27645
0.19470 0.54569 0.34347
0.24450 0.62359 0.36421
0.32355 0.54825 0.30408
0.14136 0.57446 0.48704
0.16594 0.60108 0.49818
0.07548 0.71830 0.68941
0.08091 0.66641 0.79106
0.35116 0.65566 0.42959
0.12195 0.51565 0.28330
0.35951 0.65627 0.36388
0.04111 0.67381 0.77945
0.22616 0.59144 0.44876
0.11172 0.70352 0.59635
0.23072 0.55911 0.34694
0.33572 0.62823 0.45390
0.14513 0.67847 0.65191
0.13306 0.74590 0.53904
0.35631 0.52513 0.21279
0.11935 0.58107 0.32845
0.29157 0.70834 0.38386
0.27420 0.59035 0.29080
0.22523 0.66896 0.45642
0.35166 0.58456 0.35638
0.10373 0.62704 0.65651
0.22034 0.63292 0.53208
0.25471 0.67181 0.52020
0.36200 0.56771 0.33986
0.24451 0.60503 0.46838
0.31201 0.68759 0.41782
0.18400 0.56475 0.29716
0.22430 0.59114 0.47946
0.33317 0.66286 0.40608
0.24846 0.61810 0.38219
0.07740 0.65269 0.69548
0.06089 0.60252 0.62966
0.18319 0.66410 0.51208
0.30922 0.59198 0.30299
0.11679 0.69752 0.45988
0.49031 0.63019 0.28771
0.15608 0.54362 0.26234
0.28332 0.59854 0.41437
0.16364 0.60873 0.31572
0.15092 0.63868 0.52671
0.38971 0.60161 0.38325
0.11538 0.72952 0.61464
0.11847 0.72011 0.59724
0.12020 0.65285 0.44179
0.38593 0.56454 0.28093
0.25599 0.60045 0.49090
0.21038 0.65017 0.45338
0.14755 0.61620 0.41988
0.28745 0.62636 0.36988
0.14494 0.64457 0.43392
0.18287 0.59950 0.34366
0.23786 0.68484 0.44465
0.27914 0.60334 0.35815
0.34083 0.64163 0.40996
0.15408 0.60786 0.58580
0.10367 0.54400 0.38776
0.20790 0.74165 0.41980
0.22968 0.71579 0.40578
0.39787 0.58469 0.34668
0.11594 0.65667 0.62343
0.13158 0.66631 0.45477
0.21607 0.72035 0.46225
0.11818 0.61771 0.38284
0.16863 0.54970 0.35946
0.20298 0.62162 0.34132
0.18850 0.65767 0.64925
0.17466 0.58118 0.48294
0.23903 0.54654 0.34311
0.51565 0.58965 0.26050
0.17546 0.72491 0.49251
0.21439 0.73161 0.40555
0.18082 0.67047 0.41170
0.20666 0.69290 0.53890
0.10805 0.59253 0.54647
0.18106 0.67510 0.40497
0.16746 0.62346 0.43842
0.17495 0.68352 0.63020
0.13432 0.70171 0.63705
0.51045 0.60406 0.24893
0.26636 0.69089 0.41538
0.37332 0.67852 0.34592
0.10099 0.55325 0.37792
0.12404 0.68471 0.46601
0.16299 0.67706 0.67354
0.26207 0.64996 0.54605
0.18530 0.59448 0.46568
0.12064 0.50579 0.28498
0.26671 0.60076 0.43447
0.12312 0.67055 0.68848
0.15102 0.68332 0.61392
0.18591 0.63299 0.36179
0.31482 0.60841 0.35881
0.43114 0.58430 0.32183
0.20862 0.66912 0.62850
0.35513 0.57789 0.27930
0.34463 0.59973 0.29343
0.27342 0.66639 0.42637
0.09113 0.63280 0.66059
0.12932 0.64085 0.41823
0.15191 0.73575 0.46862
0.13024 0.70380 0.46537
0.09191 0.61127 0.61915
0.18926 0.54485 0.26248
0.21690 0.53646 0.33223
0.40589 0.58123 0.27628
0.23422 0.65703 0.47949
0.32281 0.61756 0.28957
0.09600 0.68294 0.55008
0.14625 0.67134 0.58023
0.10087 0.66308 0.50647
0.44607 0.61957 0.28016
0.42385 0.62535 0.39002
0.39174 0.64475 0.42933
0.25939 0.56129 0.31486
0.09317 0.67925 0.70471
0.15399 0.66922 0.45711
0.14167 0.64927 0.42272
0.19830 0.59890 0.35285
0.25802 0.62151 0.46748
0.18679 0.62249 0.50252
0.27990 0.67193 0.38314
0.09843 0.59577 0.49456
0.12163 0.65929 0.58317
0.15691 0.54627 0.36207
0.18398 0.67324 0.48922
0.21996 0.52287 0.29049
0.20603 0.66106 0.50874
0.30270 0.65075 0.47912
0.24871 0.62609 0.30738
0.14870 0.56553 0.43152
0.14968 0.66940 0.41305
0.11501 0.62534 0.63781
0.18053 0.59212 0.29667
0.29726 0.62036 0.35788
0.20828 0.63919 0.50287
0.12340 0.68235 0.51173
0.16477 0.75569 0.47109
0.36644 0.63403 0.39750
0.21646 0.59140 0.28559
0.36492 0.62179 0.41015
0.19351 0.62540 0.49368
0.21974 0.69931 0.51892
0.33444 0.65328 0.45736
0.14689 0.66896 0.48367
0.38245 0.56132 0.24180
0.15800 0.59185 0.45856
0.34306 0.62879 0.44388
0.07143 0.61082 0.62700
0.15883 0.64150 0.55889
0.06398 0.64817 0.67249
0.38483 0.61887 0.32155
0.23886 0.54762 0.29763
0.22743 0.62003 0.47078
0.15298 0.68410 0.57688
0.38344 0.65312 0.32994
0.11772 0.60583 0.40794
0.28950 0.59095 0.36871
0.42532 0.60784 0.31756
0.34060 0.60384 0.28961
0.14622 0.77002 0.44366
0.22095 0.70049 0.48678
0.25355 0.58601 0.28018
0.31937 0.54808 0.26029
0.18576 0.68632 0.38368
0.19967 0.55343 0.38345
0.47134 0.60596 0.36946
0.22703 0.70467 0.40532
0.17644 0.63959 0.52831
0.31912 0.58401 0.35318
0.60751 0.59854 0.22891
0.13941 0.53195 0.36652
0.17031 0.66129 0.44790
0.14100 0.67606 0.49612
0.07452 0.64322 0.66372
0.28060 0.58577 0.36122
0.20098 0.51476 0.21950
0.16473 0.50606 0.22147
0.27920 0.64448 0.41504
0.35706 0.62073 0.37152
0.08975 0.63077 0.52336
0.36167 0.65501 0.34508
0.43277 0.61952 0.42386
0.39695 0.58567 0.37025
0.27388 0.69749 0.46047
0.27833 0.56724 0.25706
0.11461 0.54763 0.40840
0.20780 0.56051 0.27633
0.28460 0.59808 0.30413
0.20123 0.64391 0.64892
0.22510 0.56081 0.26002
0.12769 0.64723 0.55619
0.17608 0.63136 0.56503
0.20260 0.56466 0.26717
0.07271 0.65382 0.70587
0.23697 0.60701 0.43120
0.12302 0.62602 0.59034
0.23466 0.73444 0.40591
0.22015 0.70569 0.47034
0.11665 0.68262 0.66380
0.20042 0.69926 0.42284
0.30206 0.59996 0.39290
0.38761 0.60608 0.42709
0.06601 0.67951 0.74219
0.15552 0.67072 0.64712
0.18895 0.51430 0.24437
0.23685 0.70128 0.43130
0.30357 0.61580 0.30800
0.14336 0.64088 0.61897
0.32258 0.62521 0.45371
0.12222 0.71567 0.48049
0.10190 0.65370 0.62279
0.12430 0.57653 0.48000
0.09864 0.70089 0.65158
0.26454 0.58778 0.28764
0.35484 0.67927 0.39549
0.22686 0.54467 0.27882
0.37516 0.62313 0.33997
0.21018 0.65026 0.52803
0.25826 0.60471 0.29351
0.33234 0.60914 0.28553
0.24876 0.55143 0.25475
0.16226 0.64221 0.35780
0.11964 0.73784 0.52137
0.29010 0.65695 0.33906
0.24058 0.72187 0.45548
0.05696 0.65391 0.71660
0.26678 0.66722 0.39543
0.20464 0.64835 0.48120
0.08712 0.61986 0.65217
0.12316 0.66658 0.48574
0.15309 0.68918 0.59931
0.32662 0.56408 0.31998
0.34283 0.55303 0.23141
0.07372 0.57525 0.51996
0.23335 0.70550 0.37604
0.15566 0.56660 0.39311
0.16103 0.64488 0.52166
0.35015 0.63097 0.30899
0.08050 0.63136 0.61640
0.22232 0.72514 0.45782
0.29308 0.62265 0.39979
0.15241 0.57868 0.40047
0.27197 0.57624 0.35934
0.45408 0.59565 0.34017
0.20236 0.71399 0.51210
0.26691 0.61443 0.35940
0.23281 0.62206 0.37792
0.19349 0.60819 0.49437
0.42586 0.59631 0.35680
0.13650 0.62178 0.33771
0.14141 0.69105 0.46392
0.20328 0.57931 0.37409
0.22326 0.65620 0.52447
0.18064 0.57407 0.37072
0.28585 0.56378 0.27157
0.15376 0.56083 0.26899
0.07922 0.68119 0.61319
0.39458 0.64229 0.38523
0.52959 0.58472 0.22985
0.40333 0.65634 0.35080
0.27451 0.59232 0.37250
0.24798 0.56119 0.30562
0.11267 0.69538 0.65135
0.12081 0.67838 0.54237
0.20302 0.65377 0.43285
0.11638 0.55419 0.37596
0.30593 0.61630 0.35347
0.33960 0.55669 0.29983
0.35826 0.60072 0.37018
0.26313 0.69451 0.41575
0.34009 0.62044 0.44519
0.16847 0.54980 0.35831
0.13333 0.66610 0.63376
0.47724 0.61704 0.37203
0.12242 0.50961 0.29709
0.24111 0.65083 0.45987
0.06242 0.61397 0.62540
0.13453 0.57676 0.42875
0.15393 0.56295 0.30295
0.27349 0.53880 0.24956
0.18121 0.56172 0.39506
0.23919 0.65977 0.60094
0.23358 0.67621 0.44342
0.09551 0.66673 0.53666
0.22689 0.52427 0.27462
0.23701 0.63269 0.58197
0.13292 0.58791 0.43226
0.07597 0.62617 0.68826
0.14274 0.60576 0.54162
0.44434 0.61282 0.41801
0.13084 0.65843 0.69297
0.28731 0.60621 0.36294
0.39879 0.58316 0.30097
0.10319 0.57432 0.46863
0.36530 0.59369 0.28876
0.28604 0.59471 0.45923
0.13989 0.53134 0.32080
0.15112 0.62230 0.32491
0.19293 0.62584 0.61074
0.33110 0.60954 0.45238
0.06887 0.69428 0.69874
0.20434 0.65281 0.55805
0.44535 0.62068 0.38292
0.17972 0.72679 0.52587
0.13037 0.62774 0.34329
0.50008 0.61486 0.27499
0.18693 0.51644 0.22766
0.21155 0.62831 0.34024
0.12242 0.67859 0.56927
0.21699 0.67082 0.38403
0.26636 0.68888 0.36865
0.14712 0.71865 0.57879
0.41057 0.66759 0.34362
0.36849 0.60927 0.41415
0.14674 0.49868 0.22418
0.40503 0.59423 0.30962
0.17934 0.66345 0.51665
0.18142 0.59872 0.52593
0.12342 0.72759 0.53017
0.09247 0.63148 0.60505
0.07290 0.56891 0.51929
0.32560 0.62705 0.53823
0.10776 0.70788 0.62641
0.49678 0.58728 0.30981
0.13951 0.61736 0.50082
0.36775 0.62997 0.42540
0.29034 0.68080 0.37112
0.17303 0.65702 0.57330
0.12635 0.60257 0.42573
0.08509 0.64227 0.65318
0.15097 0.74757 0.49370
0.08334 0.60349 0.56166
0.18455 0.63841 0.49980
0.22786 0.69033 0.48572
0.29319 0.61928 0.49472
0.33962 0.63123 0.44152
0.14016 0.64858 0.42203
0.30281 0.62899 0.34878
0.40181 0.61896 0.36796
0.26527 0.50321 0.20297
0.17031 0.70005 0.44991
0.15237 0.72320 0.54082
0.22826 0.63552 0.54718
0.47459 0.63909 0.30939
0.11231 0.55590 0.44409
0.21108 0.63521 0.56906
0.17090 0.50241 0.24797
0.20902 0.67263 0.54771
0.18242 0.63984 0.35479
0.10200 0.58531 0.41832
0.49327 0.55852 0.21098
0.49938 0.59789 0.32651
0.11279 0.59504 0.36706
0.31983 0.53431 0.23109
0.57329 0.58780 0.26200
0.22316 0.66040 0.46534
0.34946 0.52330 0.20838
0.42447 0.57459 0.26249
0.19612 0.60935 0.30454
0.17212 0.63271 0.39409
0.16733 0.64259 0.66583
0.28031 0.70239 0.41403
0.13942 0.49265 0.21473
0.20509 0.58474 0.45674
0.04923 0.64751 0.72680
0.37125 0.60408 0.39385
0.09123 0.65911 0.71199
0.09933 0.65863 0.63470
0.13035 0.59227 0.53716
0.13724 0.69546 0.62737
0.42521 0.61268 0.40333
0.17245 0.68728 0.39706
0.13126 0.56885 0.28233
0.44282 0.59329 0.33069
0.17479 0.53140 0.31289
0.43199 0.62707 0.38975
0.18665 0.59513 0.29958
0.12413 0.72054 0.47732
0.10319 0.67572 0.59791
0.11040 0.67711 0.66707
0.26200 0.68254 0.46702
0.11342 0.63010 0.57509
0.31867 0.58643 0.41991
0.46897 0.62445 0.36583
0.28556 0.63448 0.46054
0.22246 0.60985 0.32311
0.23433 0.55632 0.29339
0.26886 0.65974 0.33747
0.09808 0.64473 0.51593
0.21470 0.60780 0.51716
0.42501 0.64096 0.38876
0.20404 0.67189 0.49403
0.09713 0.70164 0.55157
0.17380 0.72170 0.40411
0.40071 0.60266 0.29391
0.40581 0.63036 0.34234
0.18273 0.74491 0.42109
0.22825 0.58613 0.28061
0.11844 0.62040 0.58537
0.12705 0.70505 0.63392
0.15422 0.51161 0.28777
0.18048 0.64212 0.42301
0.17441 0.66920 0.53561
0.11111 0.62922 0.59255
0.30999 0.58392 0.36481
0.43548 0.62809 0.30873
0.23406 0.64505 0.50764
0.36657 0.56279 0.31103
0.14955 0.69621 0.40734
0.11526 0.60611 0.48460
0.12359 0.70223 0.60231
0.16650 0.68909 0.52327
0.45911 0.60405 0.26996
0.18778 0.60214 0.49981
0.14599 0.64668 0.41247
0.45106 0.57782 0.27346
0.22266 0.64053 0.46479
0.25081 0.70790 0.40862
0.20374 0.63653 0.34745
0.18391 0.73594 0.43098
0.24700 0.61560 0.33414
0.18972 0.68247 0.37966
0.10539 0.63974 0.68127
0.31008 0.59664 0.32237
0.11725 0.53442 0.36814
0.31710 0.63780 0.39629
0.28153 0.62368 0.31880
0.41387 0.54301 0.21452
0.32036 0.63619 0.53958
0.24955 0.60331 0.33369
0.16209 0.64178 0.39422
0.32950 0.64499 0.30876
0.12819 0.66846 0.40938
0.05514 0.62552 0.68014
0.18976 0.66123 0.38338
0.26350 0.66329 0.54756
0.35080 0.56974 0.33998
0.28305 0.65213 0.36437
0.10412 0.60950 0.46832
0.18966 0.56030 0.34370
0.11695 0.69690 0.49883
0.35810 0.66922 0.32994
0.27486 0.64715 0.51337
0.40409 0.60086 0.30548
0.31019 0.59810 0.35176
0.38741 0.67077 0.33446
0.07581 0.65326 0.70702
0.11546 0.61955 0.44889
0.40816 0.59031 0.26124
0.36440 0.56093 0.30404
0.08116 0.69121 0.62482
0.13039 0.71577 0.53416
0.18665 0.58032 0.36096
0.12279 0.62341 0.38750
0.37890 0.57651 0.31594
0.35247 0.64758 0.40490
0.16046 0.52191 0.31316
0.44550 0.60869 0.36675
0.33218 0.63558 0.41172
0.38094 0.58747 0.31203
0.24555 0.67097 0.47385
0.13287 0.61287 0.51536
0.17346 0.61679 0.44200
0.24150 0.56022 0.38893
0.23850 0.64482 0.64664
0.28613 0.63625 0.42936
0.09685 0.64756 0.51954
0.11476 0.64046 0.56322
0.51170 0.57629 0.25395
0.18578 0.55965 0.38788
0.20620 0.74073 0.43173
0.13095 0.54114 0.32858
0.10746 0.65839 0.62608
0.28996 0.57190 0.39287
0.17727 0.57515 0.37921
0.13290 0.58485 0.30405
0.13280 0.63809 0.39958
0.35581 0.60727 0.38722
0.48107 0.60611 0.33189
0.27510 0.53592 0.26439
0.11155 0.65288 0.69198
0.21205 0.55168 0.30142
0.22234 0.57180 0.41091
0.17703 0.63219 0.38085
0.22024 0.68235 0.50766
0.09346 0.53888 0.39970
0.06951 0.63370 0.64379
0.07131 0.66423 0.77983
0.20617 0.66752 0.45142
0.21296 0.57458 0.32466
0.23389 0.59133 0.38630
0.19777 0.66050 0.47841
0.21555 0.64377 0.44152
0.19605 0.56484 0.40842
0.23451 0.59157 0.43171
0.16043 0.58444 0.36696
0.28218 0.57367 0.32483
0.11688 0.75097 0.55545
0.15605 0.61304 0.41550
0.14197 0.58974 0.49203
0.18240 0.50478 0.25832
0.23168 0.69610 0.41560
0.17884 0.72794 0.50868
0.19009 0.70232 0.42128
0.09990 0.65326 0.72200
0.16054 0.62003 0.40081
0.13200 0.65520 0.63645
0.16590 0.53390 0.31999
0.11310 0.66700 0.75331
0.03579 0.67901 0.81294
0.29718 0.68750 0.43074
0.22726 0.71610 0.48201
0.12239 0.55414 0.36930
0.23037 0.70835 0.50061
0.10683 0.56312 0.41391
0.33936 0.67485 0.43110
0.14584 0.71983 0.50622
0.19161 0.54740 0.34037
0.13060 0.56164 0.31681
0.40496 0.61442 0.31447
0.12262 0.65903 0.57832
0.44276 0.59116 0.27937
0.25446 0.64234 0.50794
0.12369 0.57851 0.44017
0.46817 0.56471 0.25887
0.24193 0.53005 0.26845
0.10169 0.57123 0.46961
0.47805 0.62517 0.28613
0.42286 0.64478 0.30617
0.06534 0.67497 0.67597
0.19513 0.59064 0.46869
0.26136 0.54141 0.23036
0.38331 0.65639 0.40915
0.15000 0.53423 0.36172
0.20813 0.58693 0.35355
0.25802 0.62455 0.45010
0.25592 0.72859 0.41609
0.09262 0.56826 0.43078
0.11989 0.63434 0.67604
0.14904 0.56982 0.42801
0.13163 0.66324 0.52633
0.29146 0.51593 0.22423
0.40431 0.56720 0.28865
0.16354 0.68497 0.61729
0.21493 0.59787 0.44569
0.12003 0.71680 0.58485
0.21017 0.65481 0.54802
0.24328 0.71140 0.45480
0.16382 0.67237 0.60345
0.35402 0.61814 0.46156
0.09583 0.68380 0.72786
0.33671 0.57104 0.33944
0.24304 0.52860 0.26910
0.10374 0.65869 0.51728
0.29459 0.63400 0.33797
0.23067 0.72935 0.41260
0.10606 0.73422 0.60225
0.27331 0.69641 0.35948
0.12706 0.62887 0.33890
0.12229 0.69626 0.54305
0.13445 0.66381 0.51873
0.56038 0.61248 0.26535
0.24310 0.58887 0.34395
0.11320 0.62952 0.57973
0.13088 0.71543 0.48236
0.16635 0.59030 0.46489
0.21951 0.65904 0.35045
0.49760 0.63655 0.27726
0.31409 0.68411 0.35485
0.32529 0.69319 0.36737
0.20373 0.53913 0.27088
0.24633 0.64720 0.44781
0.17086 0.72017 0.52431
0.29859 0.62650 0.47297
0.19207 0.62752 0.52005
0.39904 0.62545 0.46612
0.12736 0.66732 0.57332
0.28253 0.64030 0.44305
0.08778 0.67850 0.61431
0.32425 0.63992 0.35741
0.20639 0.60961 0.30711
0.22588 0.56355 0.32800
0.12285 0.57160 0.47401
0.19408 0.60238 0.31348
0.24833 0.64077 0.57674
0.16598 0.66540 0.50500
0.09079 0.60865 0.62369
0.25317 0.57954 0.37678
0.33032 0.69323 0.38128
0.12279 0.60435 0.38224
0.13269 0.67757 0.49861
0.16864 0.50468 0.23326
0.05570 0.69141 0.72740
0.41034 0.63964 0.31876
0.25848 0.55480 0.33031
0.47958 0.61138 0.25905
0.38226 0.62150 0.31990
0.36446 0.65915 0.31625
0.15026 0.72639 0.42652
0.06863 0.62781 0.69996
0.24684 0.69293 0.45558
0.38758 0.57814 0.31133
0.18050 0.59347 0.37683
0.37725 0.65915 0.33456
0.37990 0.59827 0.29467
0.11301 0.66550 0.48382
0.08071 0.66855 0.78748
0.34129 0.66871 0.40250
0.33094 0.56988 0.31457
0.21041 0.64585 0.65761
0.21477 0.67191 0.57897
0.26504 0.67387 0.37560
0.26640 0.60185 0.31266
0.16012 0.73570 0.44848
0.26421 0.56822 0.31832
0.36318 0.64445 0.34056
0.18332 0.51699 0.27042
0.13342 0.70821 0.52850
0.30721 0.58853 0.33632
0.22319 0.51062 0.23441
0.10295 0.66984 0.55840
0.21295 0.62863 0.34544
0.18764 0.64681 0.35355
0.32323 0.67478 0.38446
0.14942 0.64820 0.58608
0.25657 0.63600 0.46227
0.18421 0.55714 0.30573
0.29912 0.62069 0.46117
0.44188 0.61654 0.39037
0.14021 0.53563 0.36960
0.13886 0.66694 0.48434
0.13792 0.62645 0.52272
0.32912 0.63645 0.30605
0.16031 0.53298 0.30691
0.27275 0.67312 0.39444
0.09088 0.66996 0.73202
0.36341 0.62946 0.46396
0.17601 0.68817 0.52501
0.45551 0.63553 0.33615
0.03626 0.65714 0.79360
0.16099 0.60550 0.51094
0.41548 0.60417 0.27766
0.17246 0.64283 0.51293
0.12769 0.62634 0.47238
0.33512 0.57865 0.25752
0.27000 0.70406 0.37854
0.25369 0.61593 0.47672
0.16976 0.58030 0.47966
0.21017 0.63909 0.53627
0.29764 0.68489 0.38495
0.25917 0.62724 0.30927
0.15815 0.59265 0.33183
0.13976 0.70313 0.51981
0.43066 0.59668 0.29732
0.46299 0.60035 0.35413
0.09950 0.70774 0.69037
0.06798 0.71641 0.70710
0.22979 0.58374 0.32652
0.22008 0.57051 0.26883
0.14719 0.62836 0.54023
0.08085 0.58615 0.52152
0.21104 0.66040 0.44212
0.15050 0.67005 0.66470
0.25162 0.58495 0.36235
0.29708 0.68736 0.35366
0.12959 0.74100 0.54780
0.14400 0.69457 0.49823
0.12765 0.56542 0.45886
0.36929 0.58649 0.28751
0.16633 0.52200 0.27616
0.13796 0.58990 0.36598
0.23847 0.62917 0.34999
0.26429 0.63359 0.44318
0.13206 0.66237 0.51558
0.12365 0.60942 0.59591
0.24603 0.55526 0.34913
0.06850 0.67090 0.69319
0.10196 0.71645 0.59780
0.20927 0.66318 0.53875
0.15412 0.63609 0.49928
0.43578 0.63687 0.36563
0.19683 0.65594 0.64349
0.13067 0.74416 0.46886
0.19873 0.68292 0.47070
0.30376 0.61367 0.33007
0.42041 0.60427 0.26257
0.12051 0.64942 0.54884
0.41003 0.61037 0.36782
0.19207 0.58335 0.33056
0.30395 0.68264 0.39907
0.30746 0.66834 0.42229
0.17880 0.55146 0.36159
0.30808 0.62934 0.55425
0.33914 0.64796 0.48363
0.17688 0.71195 0.51633
0.40282 0.65781 0.31025
0.20914 0.64311 0.63813
0.49731 0.56676 0.22914
0.14370 0.58173 0.49606
0.12412 0.73237 0.51652
0.09131 0.55515 0.42091
0.17440 0.58289 0.39167
0.27719 0.62210 0.42071
0.08252 0.69811 0.61285
0.30308 0.55547 0.31755
0.19497 0.60581 0.39515
0.34331 0.58681 0.37690
0.45664 0.55252 0.22978
0.26416 0.68022 0.41645
0.06970 0.66014 0.78994
0.26790 0.62231 0.43568
0.24603 0.61047 0.35350
0.15938 0.64832 0.67584
0.12773 0.68821 0.42025
0.16146 0.65626 0.52486
0.19714 0.64651 0.50813
0.25570 0.57462 0.37148
0.21420 0.61260 0.34068
0.19849 0.66199 0.52143
0.19837 0.70108 0.40127
0.24548 0.69263 0.39429
0.36914 0.63515 0.43191
0.18724 0.67459 0.54568
0.30262 0.64617 0.33296
0.21754 0.71230 0.49585
0.17345 0.65944 0.54825
0.39276 0.61886 0.42986
0.15925 0.73485 0.50646
0.27756 0.61246 0.29518
0.28884 0.68238 0.39221
0.23825 0.68720 0.39963
0.30579 0.65405 0.36430
0.16864 0.59006 0.47018
0.18870 0.64471 0.52608
0.25801 0.65241 0.59887
0.15725 0.68215 0.55623
0.32486 0.66151 0.44716
0.24273 0.67921 0.38774
0.38696 0.61567 0.32110
0.05111 0.64511 0.69747
0.10624 0.72030 0.63245
0.10275 0.66784 0.64790
0.25120 0.64845 0.45582
0.11368 0.66880 0.60124
0.20449 0.57039 0.33687
0.25540 0.60859 0.29219
0.22385 0.63568 0.32570
0.31366 0.69914 0.35887
0.30327 0.68553 0.45159
0.11890 0.55433 0.43150
0.24159 0.66183 0.35645
0.14566 0.55985 0.33113
0.19120 0.67309 0.54556
0.18957 0.57209 0.43407
0.17798 0.58507 0.36944
0.18284 0.63087 0.47763
0.41786 0.62762 0.37496
0.24785 0.57689 0.33039
0.23620 0.58965 0.29008
0.42716 0.58552 0.28626
0.52737 0.59965 0.29591
0.26116 0.65795 0.39761
0.46314 0.60945 0.30935
0.09258 0.60058 0.53549
0.17745 0.66239 0.63878
0.19272 0.60901 0.52539
0.42496 0.60486 0.34377
0.12454 0.60879 0.34660
0.19799 0.56636 0.27038
0.20630 0.65191 0.63751
0.19829 0.67676 0.48622
0.28302 0.64482 0.32627
0.27542 0.64138 0.50177
0.27573 0.58508 0.28009
0.38546 0.63199 0.44775
0.20445 0.56823 0.42394
0.13716 0.72186 0.46251
0.14854 0.61304 0.43916
0.17082 0.69825 0.60610
0.13043 0.54987 0.42052
0.16777 0.76039 0.43140
0.13152 0.64850 0.49174
0.14767 0.65105 0.62797
0.25651 0.64543 0.35725
0.12903 0.52584 0.29522
0.47114 0.62925 0.34184
0.43251 0.60810 0.32360
0.17078 0.62469 0.44591
0.15894 0.51722 0.22673
0.30321 0.59089 0.35926
0.16146 0.61287 0.37402
0.57311 0.58069 0.22942
0.31935 0.58129 0.27559
0.10849 0.70824 0.50917
0.09313 0.65574 0.76506
0.28535 0.65402 0.54372
0.13018 0.73861 0.50636
0.14909 0.65515 0.73434
0.11802 0.69234 0.59217
0.30539 0.62869 0.48569
0.16937 0.58275 0.48492
0.11441 0.65057 0.61855
0.23774 0.64424 0.34560
0.56115 0.58681 0.23108
0.12700 0.59042 0.52075
0.19929 0.62220 0.37657
0.14786 0.66485 0.37030
0.14858 0.56877 0.41409
