20 17 1000 5444 4220
0.46683 0.29535 0.24957
0.79970 0.99929 0.31844
0.88165 0.36592 0.31729
0.60564 0.95735 0.74927
0.03410 0.71302 0.44792
0.26216 0.75947 0.23273
0.61756 0.31065 0.61584
0.82171 0.08550 0.30846
0.34497 0.87045 0.08899
0.02137 0.30636 0.73511
0.12249 0.91053 0.11520
0.97744 0.63544 0.35126
0.07761 0.87101 0.88085
0.55841 0.78665 0.58048
0.34240 0.85345 0.16979
0.44150 0.07850 0.72001
0.97783 0.35503 0.28738
0.43250 0.51352 0.46975
0.46165 0.57089 0.40209
0.63593 0.50199 0.42047
0.44986 0.70018 0.36363
0.48321 0.61185 0.32935
0.52660 0.53748 0.40339
0.54480 0.52729 0.37905
0.44290 0.63776 0.54103
0.55063 0.72870 0.41569
0.51711 0.62234 0.44338
0.49626 0.61508 0.40434
0.48927 0.64367 0.49227
0.53843 0.61260 0.41221
0.49529 0.54967 0.44705
0.52997 0.51342 0.51755
0.34679 0.57007 0.46790
0.61407 0.63524 0.43114
0.50610 0.61487 0.36572
0.42647 0.46371 0.46088
0.53745 0.51600 0.38734
0.59907 0.58635 0.37085
0.61889 0.55135 0.44150
0.45353 0.65590 0.41349
0.40352 0.70356 0.50873
0.50522 0.61456 0.55275
0.45523 0.63177 0.49730
0.55945 0.68366 0.39997
0.55839 0.49872 0.47602
0.47873 0.70555 0.52894
0.46267 0.64512 0.34909
0.56807 0.61691 0.41539
0.48482 0.63353 0.49135
0.51376 0.63361 0.42865
0.48414 0.58040 0.41743
0.49310 0.62373 0.44585
0.52961 0.52522 0.51018
0.53585 0.46897 0.44479
0.63307 0.55562 0.39268
0.52694 0.60033 0.38266
0.57293 0.52664 0.39666
0.46282 0.67883 0.38830
0.51725 0.57435 0.43818
0.43066 0.50417 0.42589
0.57247 0.56935 0.39003
0.69469 0.50345 0.39568
0.70360 0.51607 0.36684
0.55431 0.58365 0.37106
0.49169 0.59759 0.37681
0.58489 0.61793 0.29638
0.53433 0.55252 0.29906
0.39873 0.65637 0.37172
0.50611 0.60715 0.41177
0.55118 0.62601 0.43378
0.37441 0.65289 0.47978
0.58187 0.52930 0.36609
0.40555 0.49425 0.45416
0.41859 0.57148 0.49748
0.53758 0.58904 0.35674
0.52046 0.64483 0.40955
0.56292 0.62951 0.40225
0.43492 0.57158 0.43882
0.43551 0.56401 0.52478
0.52222 0.57219 0.34872
0.49398 0.63453 0.43595
0.40446 0.61880 0.38399
0.40342 0.60809 0.46341
0.58158 0.70943 0.47171
0.66851 0.64759 0.39927
0.50722 0.64057 0.34553
0.47142 0.51061 0.40953
0.53962 0.55870 0.44313
0.43005 0.66635 0.43583
0.49003 0.55087 0.44446
0.35254 0.61885 0.45975
0.55591 0.62085 0.36516
0.54855 0.59194 0.39492
0.53696 0.64500 0.53931
0.57392 0.68720 0.43325
0.47551 0.51951 0.44890
0.44327 0.49375 0.43872
0.49941 0.43447 0.41910
0.47153 0.74053 0.53636
0.43124 0.69932 0.44999
0.43225 0.67296 0.35894
0.48818 0.61468 0.45484
0.44479 0.69186 0.49740
0.49167 0.45196 0.43762
0.42660 0.61648 0.49005
0.45911 0.63210 0.51744
0.58654 0.49423 0.46788
0.54945 0.70344 0.51065
0.43307 0.49895 0.44690
0.35088 0.67775 0.46427
0.56038 0.65881 0.48830
0.52625 0.47607 0.35456
0.43774 0.65070 0.42375
0.45650 0.61146 0.41057
0.52217 0.63881 0.47456
0.46579 0.61221 0.34622
0.42212 0.69198 0.42567
0.39394 0.64631 0.45609
0.41285 0.53080 0.56051
0.45345 0.60405 0.34959
0.46247 0.51070 0.46951
0.49227 0.62729 0.39463
0.46488 0.60399 0.31700
0.56919 0.57629 0.33250
0.42434 0.62952 0.52888
0.47157 0.57345 0.35508
0.51999 0.70250 0.35163
0.44838 0.61068 0.40106
0.47632 0.58028 0.51410
0.48753 0.73208 0.36797
0.48825 0.61322 0.48403
0.53508 0.38877 0.45339
0.52991 0.43577 0.39846
0.42206 0.61384 0.40589
0.56774 0.60006 0.36811
0.60879 0.60882 0.36888
0.46840 0.67735 0.50689
0.46388 0.50305 0.40884
0.46552 0.63566 0.48704
0.55839 0.46211 0.36878
0.47832 0.62228 0.33624
0.47332 0.64356 0.38181
0.57339 0.57281 0.46119
0.58657 0.69423 0.38396
0.41453 0.53833 0.56277
0.38844 0.62851 0.46340
0.50922 0.57362 0.44272
0.39981 0.65167 0.41333
0.43523 0.71789 0.46335
0.68702 0.56172 0.33699
0.63072 0.69800 0.40591
0.50456 0.71627 0.38749
0.58471 0.71464 0.41823
0.57883 0.64065 0.37226
0.50833 0.58872 0.41024
0.46691 0.51993 0.50520
0.45174 0.63169 0.43407
0.41579 0.66914 0.43156
0.49476 0.47946 0.46167
0.49759 0.56930 0.43334
0.44208 0.69369 0.29627
0.47124 0.58694 0.37387
0.56929 0.54481 0.42463
0.54384 0.43163 0.40015
0.43485 0.54467 0.47482
0.55626 0.49941 0.35025
0.41548 0.56523 0.35448
0.43082 0.66104 0.31006
0.43954 0.64892 0.37239
0.47404 0.60221 0.31050
0.39185 0.66347 0.42866
0.43140 0.64048 0.38907
0.47806 0.68819 0.44946
0.47291 0.59359 0.45699
0.37573 0.60037 0.43618
0.48136 0.54763 0.27884
0.54920 0.51190 0.37810
0.53351 0.64856 0.38222
0.44183 0.62137 0.40169
0.40241 0.44694 0.45336
0.48865 0.42515 0.54869
0.70468 0.58853 0.37331
0.47080 0.60373 0.44304
0.50393 0.49467 0.40213
0.54243 0.56577 0.36396
0.48052 0.58966 0.43943
0.47618 0.54773 0.41366
0.58861 0.58849 0.33710
0.45020 0.67136 0.33580
0.56973 0.55396 0.38256
0.49544 0.59038 0.33921
0.49881 0.53895 0.51378
0.37684 0.51375 0.47314
0.57077 0.64513 0.35799
0.47151 0.65270 0.48176
0.51067 0.57960 0.46177
0.57982 0.51286 0.37334
0.59328 0.48580 0.40671
0.48223 0.47810 0.41530
0.44835 0.50141 0.41052
0.68267 0.56800 0.33558
0.56687 0.57526 0.35886
0.46249 0.55266 0.41361
0.47100 0.69058 0.38133
0.49241 0.56593 0.42104
0.41711 0.54388 0.34595
0.45423 0.60544 0.33707
0.54371 0.50689 0.33093
0.50657 0.59977 0.40260
0.48003 0.49893 0.50105
0.62955 0.59385 0.43453
0.59114 0.60384 0.37934
0.58889 0.60405 0.45224
0.42058 0.59919 0.43182
0.54986 0.59841 0.44049
0.40672 0.69336 0.43898
0.39299 0.67880 0.36074
0.54140 0.52205 0.40353
0.55556 0.55806 0.51512
0.42734 0.49358 0.51138
0.45608 0.75063 0.41205
0.42678 0.59673 0.54674
0.47710 0.53401 0.45815
0.48719 0.58695 0.37419
0.47219 0.59567 0.39213
0.55873 0.48521 0.34618
0.44799 0.62379 0.41311
0.50210 0.55074 0.47565
0.48082 0.61779 0.37936
0.48076 0.58492 0.42471
0.55382 0.55114 0.40537
0.35912 0.60433 0.49218
0.52654 0.55708 0.39618
0.36646 0.61107 0.47848
0.48011 0.56590 0.50318
0.51878 0.57155 0.40704
0.56430 0.64451 0.40730
0.49314 0.60179 0.39484
0.52120 0.62520 0.37263
0.59159 0.48830 0.41461
0.52709 0.64574 0.36088
0.52646 0.61917 0.39519
0.54061 0.44508 0.42284
0.40846 0.63115 0.45056
0.57640 0.38488 0.39636
0.46935 0.66547 0.46073
0.50449 0.61136 0.36662
0.52540 0.56482 0.36640
0.42285 0.44868 0.52297
0.43900 0.64075 0.35868
0.59324 0.56352 0.48991
0.44301 0.68613 0.34965
0.47520 0.62391 0.31835
0.41519 0.68011 0.32885
0.35275 0.66416 0.47500
0.39360 0.77042 0.39438
0.65916 0.54521 0.42455
0.55095 0.61774 0.48915
0.51499 0.46175 0.43198
0.53787 0.62692 0.40779
0.47868 0.58211 0.39344
0.55414 0.59755 0.46958
0.59722 0.46210 0.44448
0.47048 0.68727 0.30719
0.46718 0.59652 0.44123
0.39419 0.52806 0.55608
0.36950 0.67669 0.39318
0.51105 0.57914 0.46949
0.67291 0.64574 0.36264
0.44002 0.69689 0.36000
0.38991 0.67813 0.42232
0.56584 0.52662 0.37473
0.55627 0.58280 0.36782
0.60338 0.57416 0.38237
0.56564 0.49621 0.43958
0.50549 0.48305 0.42731
0.48182 0.56727 0.44872
0.40504 0.62815 0.35004
0.41488 0.54952 0.54463
0.48973 0.65800 0.34364
0.55981 0.47085 0.42823
0.49494 0.63835 0.44962
0.38378 0.64235 0.38526
0.60830 0.58926 0.41918
0.51130 0.53533 0.57669
0.53276 0.54257 0.50404
0.54604 0.57137 0.38411
0.61886 0.58343 0.40387
0.49222 0.69997 0.47887
0.50059 0.55693 0.40915
0.48758 0.43143 0.40788
0.54922 0.54749 0.40774
0.53998 0.61591 0.38681
0.56287 0.63315 0.41951
0.48652 0.49562 0.49003
0.44398 0.65899 0.35670
0.49931 0.54916 0.48162
0.46319 0.61561 0.53903
0.36778 0.66266 0.38108
0.44716 0.63774 0.48130
0.48601 0.63402 0.39650
0.61874 0.47893 0.39246
0.61269 0.55685 0.35126
0.59572 0.56754 0.37641
0.49108 0.56173 0.45056
0.54691 0.61524 0.51683
0.58863 0.66872 0.37390
0.48154 0.60623 0.39588
0.38197 0.74024 0.43231
0.56102 0.57475 0.47336
0.55290 0.69271 0.38482
0.56611 0.50602 0.39363
0.55247 0.58789 0.42084
0.46165 0.65950 0.53248
0.56421 0.48263 0.45705
0.56470 0.52751 0.34503
0.54078 0.58753 0.39213
0.53997 0.56555 0.36762
0.49795 0.52307 0.34905
0.42347 0.54542 0.41041
0.33200 0.75002 0.45230
0.26820 0.68870 0.55706
0.41091 0.64120 0.41656
0.47560 0.51318 0.42398
0.56816 0.56453 0.42547
0.53134 0.52449 0.37012
0.48394 0.52781 0.44664
0.54697 0.48640 0.45107
0.57147 0.49427 0.42169
0.45162 0.62198 0.38966
0.40629 0.62346 0.50416
0.51143 0.42258 0.44414
0.37089 0.65335 0.46684
0.38114 0.62882 0.38455
0.42258 0.61240 0.40801
0.52969 0.59159 0.39168
0.60423 0.59964 0.39540
0.50122 0.64022 0.33044
0.65700 0.47223 0.41031
0.55698 0.45821 0.48586
0.48267 0.62350 0.46834
0.49365 0.61212 0.37740
0.47014 0.48603 0.40293
0.42988 0.60364 0.38021
0.37741 0.65018 0.38456
0.41683 0.62503 0.42998
0.52895 0.74127 0.55661
0.51561 0.55414 0.38389
0.58419 0.62915 0.42248
0.49175 0.59506 0.44915
0.49154 0.55273 0.43455
0.45475 0.57770 0.50298
0.51748 0.54760 0.40520
0.60455 0.65538 0.34174
0.46412 0.57591 0.43513
0.46601 0.63157 0.44074
0.64579 0.54163 0.36431
0.46416 0.59470 0.43367
0.57427 0.57972 0.52405
0.45594 0.67705 0.38057
0.55608 0.65267 0.39638
0.33167 0.76033 0.51165
0.49536 0.64618 0.32548
0.36397 0.49854 0.51304
0.50724 0.56092 0.42276
0.43819 0.55405 0.43721
0.53693 0.61958 0.41988
0.36068 0.58712 0.59575
0.52756 0.63024 0.36270
0.50297 0.53998 0.41683
0.50061 0.62899 0.32636
0.60155 0.62367 0.29373
0.48283 0.64680 0.37718
0.56130 0.50140 0.43418
0.59145 0.55456 0.47910
0.58100 0.52239 0.40191
0.49855 0.54386 0.48975
0.46240 0.55470 0.42295
0.43562 0.61877 0.46730
0.54992 0.51754 0.46320
0.41964 0.60150 0.44266
0.55851 0.61061 0.38202
0.44879 0.59990 0.39755
0.54733 0.65797 0.40036
0.60051 0.41210 0.44296
0.53760 0.68774 0.34926
0.50978 0.58910 0.36648
0.43393 0.64904 0.39375
0.44271 0.62458 0.43957
0.46810 0.62678 0.41468
0.51960 0.58993 0.43092
0.50888 0.49440 0.48570
0.45373 0.58563 0.38245
0.49076 0.63897 0.42362
0.34463 0.71926 0.43839
0.47243 0.66345 0.36783
0.51409 0.69620 0.43555
0.38154 0.55552 0.51744
0.43851 0.62954 0.33030
0.45547 0.51501 0.40686
0.49483 0.73456 0.34869
0.41872 0.63294 0.43984
0.40652 0.62720 0.36110
0.41167 0.66487 0.37667
0.51981 0.50612 0.33984
0.66355 0.66423 0.33683
0.47827 0.68668 0.58262
0.47064 0.71775 0.35213
0.48528 0.64979 0.45001
0.55142 0.42176 0.46512
0.50149 0.57350 0.44681
0.50238 0.47382 0.39879
0.46309 0.63707 0.38951
0.49979 0.55927 0.36761
0.64564 0.66658 0.36513
0.47612 0.55192 0.47442
0.41458 0.56330 0.39708
0.46988 0.74177 0.33043
0.43644 0.59197 0.37735
0.36112 0.51090 0.44458
0.42230 0.67584 0.48647
0.43629 0.62944 0.40167
0.56079 0.63447 0.42747
0.43135 0.57216 0.45490
0.45550 0.71490 0.46336
0.53620 0.40936 0.43606
0.49974 0.68426 0.42117
0.49624 0.65858 0.47547
0.47894 0.59890 0.58172
0.49414 0.53540 0.47600
0.50894 0.45765 0.53031
0.48192 0.76809 0.40661
0.59277 0.62045 0.37782
0.55122 0.67232 0.47783
0.42983 0.65326 0.38350
0.38280 0.59660 0.43872
0.47627 0.69060 0.42817
0.61049 0.53898 0.37472
0.64857 0.54322 0.39517
0.61511 0.46265 0.40512
0.64654 0.52344 0.41359
0.46647 0.66755 0.36451
0.42534 0.65221 0.35217
0.52803 0.61190 0.34007
0.71071 0.52877 0.41511
0.41472 0.64039 0.50841
0.48519 0.64512 0.33892
0.54039 0.60736 0.43129
0.50311 0.65364 0.48905
0.61631 0.56570 0.34733
0.41201 0.57182 0.53626
0.51837 0.49584 0.46847
0.61628 0.59301 0.38374
0.55643 0.64653 0.45362
0.48166 0.58353 0.37110
0.50328 0.63576 0.54346
0.37750 0.68356 0.41673
0.56156 0.48926 0.45727
0.53544 0.53238 0.41471
0.46769 0.65142 0.39872
0.46303 0.64654 0.41935
0.45310 0.69417 0.39765
0.51791 0.61536 0.40088
0.58823 0.60402 0.39948
0.46985 0.55261 0.52489
0.57113 0.55329 0.46459
0.57538 0.48276 0.38088
0.34185 0.66815 0.37499
0.35452 0.53836 0.48529
0.57004 0.52231 0.39056
0.42994 0.54380 0.40434
0.41635 0.60017 0.36076
0.48836 0.63633 0.41468
0.53274 0.45470 0.44577
0.44378 0.61682 0.34052
0.42924 0.74729 0.49357
0.49567 0.64161 0.41344
0.48861 0.59491 0.34837
0.47106 0.54903 0.48042
0.38120 0.67989 0.38639
0.56520 0.59208 0.42867
0.57321 0.57144 0.28864
0.34212 0.68861 0.58634
0.53982 0.52926 0.43331
0.34480 0.66043 0.29957
0.50241 0.64318 0.45579
0.46507 0.65678 0.47853
0.46849 0.65888 0.30210
0.54455 0.53100 0.45660
0.50351 0.56893 0.43552
0.42528 0.69886 0.54627
0.53904 0.65397 0.46265
0.48274 0.73127 0.43980
0.55683 0.60348 0.40723
0.38887 0.54860 0.50110
0.48787 0.55149 0.32033
0.49756 0.70913 0.32091
0.40621 0.67217 0.38402
0.44654 0.65605 0.46586
0.42555 0.59813 0.49120
0.53247 0.52310 0.50339
0.46737 0.60170 0.40999
0.57021 0.44495 0.34998
0.48186 0.72112 0.38881
0.37539 0.75138 0.47653
0.54377 0.68898 0.46173
0.43658 0.50780 0.41040
0.52592 0.64307 0.39041
0.65688 0.53186 0.39905
0.40035 0.69104 0.42261
0.57281 0.50930 0.36298
0.54389 0.55643 0.42104
0.46646 0.52214 0.49375
0.51872 0.58446 0.37232
0.48866 0.62425 0.36417
0.41420 0.66174 0.32057
0.64348 0.58488 0.42566
0.37562 0.70722 0.36343
0.61452 0.57939 0.42987
0.54666 0.47518 0.37043
0.63056 0.59804 0.40771
0.52579 0.45818 0.46101
0.41903 0.68029 0.56018
0.36953 0.61835 0.49340
0.39541 0.64215 0.44722
0.48885 0.63199 0.37906
0.44838 0.68741 0.35925
0.53368 0.55735 0.36106
0.33174 0.65345 0.43839
0.46961 0.60691 0.40372
0.38366 0.65551 0.42495
0.45651 0.66494 0.49918
0.55178 0.58723 0.42594
0.53252 0.65773 0.35299
0.48089 0.59608 0.36289
0.45681 0.60279 0.45307
0.47063 0.59101 0.45640
0.48733 0.47792 0.33649
0.41500 0.70072 0.31994
0.46503 0.71513 0.39165
0.63412 0.49657 0.36545
0.42208 0.59696 0.49490
0.40251 0.66331 0.37165
0.50072 0.58070 0.43829
0.43460 0.71224 0.47683
0.51593 0.60424 0.41652
0.33359 0.66421 0.48938
0.58418 0.49654 0.34039
0.49502 0.63474 0.36633
0.53525 0.54956 0.35485
0.54689 0.52903 0.39934
0.50906 0.50701 0.44124
0.51567 0.58915 0.38131
0.46558 0.64882 0.43642
0.50709 0.71841 0.35139
0.45139 0.58536 0.42396
0.52342 0.63506 0.43215
0.45663 0.74278 0.51088
0.43356 0.58900 0.35295
0.43235 0.56448 0.43919
0.53261 0.56367 0.47740
0.47895 0.66174 0.41206
0.51819 0.62462 0.39639
0.51537 0.66165 0.47297
0.47077 0.56359 0.43730
0.59006 0.50737 0.36293
0.47880 0.59356 0.42099
0.53711 0.54397 0.38253
0.58116 0.63390 0.45454
0.41685 0.71037 0.40491
0.44004 0.63839 0.39657
0.47613 0.59556 0.48800
0.40653 0.65066 0.51848
0.58211 0.68434 0.33159
0.42230 0.60202 0.56075
0.50748 0.62541 0.43059
0.39933 0.53199 0.38618
0.47279 0.59522 0.51257
0.57823 0.58715 0.37565
0.48452 0.58409 0.45011
0.46040 0.59229 0.51292
0.47910 0.63346 0.40106
0.42316 0.55269 0.40117
0.52715 0.54753 0.47361
0.42497 0.64336 0.43037
0.57296 0.66490 0.42010
0.51097 0.42520 0.46668
0.45954 0.60873 0.49106
0.51125 0.54221 0.37322
0.35562 0.60225 0.36498
0.38527 0.60175 0.49965
0.31864 0.63962 0.54287
0.47870 0.70213 0.38310
0.49969 0.64755 0.41322
0.48021 0.48154 0.48182
0.39440 0.57474 0.49106
0.52175 0.74338 0.40007
0.58180 0.59245 0.42227
0.46698 0.57200 0.41781
0.49723 0.68871 0.45918
0.58615 0.59108 0.36385
0.42282 0.68699 0.47161
0.52655 0.61283 0.42430
0.46755 0.62156 0.50907
0.48920 0.65517 0.41246
0.51284 0.76902 0.39889
0.54526 0.50533 0.39464
0.53508 0.52844 0.42478
0.57353 0.50904 0.45928
0.52841 0.52720 0.56242
0.44044 0.60181 0.38942
0.50992 0.56483 0.35931
0.50614 0.63634 0.45679
0.51082 0.47014 0.44352
0.41826 0.53372 0.42071
0.53747 0.63483 0.43772
0.47453 0.71702 0.49415
0.45386 0.60765 0.37050
0.45425 0.64079 0.35943
0.44586 0.50006 0.53978
0.44599 0.61929 0.42885
0.33602 0.48181 0.49896
0.42987 0.67336 0.36801
0.36784 0.52864 0.51862
0.50333 0.59125 0.40542
0.63074 0.50163 0.38522
0.46505 0.59937 0.41800
0.41807 0.64509 0.48287
0.47648 0.51565 0.44883
0.59288 0.44868 0.31877
0.42278 0.60399 0.35654
0.45866 0.46593 0.46018
0.40250 0.52752 0.39013
0.61640 0.54407 0.38244
0.59235 0.60551 0.45159
0.37785 0.65039 0.45697
0.54216 0.46397 0.40059
0.51252 0.67355 0.38940
0.51605 0.54892 0.41878
0.50728 0.63956 0.35990
0.48057 0.51913 0.40540
0.49550 0.54797 0.38599
0.36876 0.65276 0.37495
0.44226 0.66990 0.43206
0.48694 0.54029 0.35204
0.40244 0.60742 0.36650
0.46482 0.58215 0.41909
0.38421 0.59710 0.47689
0.43990 0.65752 0.37521
0.43298 0.62211 0.38017
0.47864 0.57260 0.36495
0.35046 0.71509 0.55206
0.58065 0.44627 0.43028
0.62478 0.58031 0.47182
0.49738 0.43936 0.42219
0.49610 0.55238 0.45761
0.36775 0.66764 0.44730
0.33327 0.75575 0.48857
0.45362 0.56482 0.43118
0.52460 0.63471 0.35948
0.57874 0.56043 0.36116
0.51497 0.63753 0.49998
0.53673 0.48442 0.44384
0.58353 0.44626 0.35828
0.59629 0.62351 0.35156
0.35948 0.71299 0.32957
0.37935 0.65615 0.51373
0.52789 0.54720 0.48807
0.59370 0.51561 0.40152
0.51650 0.58151 0.42434
0.54715 0.62838 0.40415
0.42993 0.55777 0.38363
0.35909 0.59529 0.47887
0.55749 0.52043 0.44033
0.50247 0.60074 0.37487
0.51172 0.71376 0.42107
0.53299 0.55740 0.39629
0.40646 0.63583 0.40195
0.66596 0.60823 0.38109
0.50304 0.58842 0.47792
0.55904 0.63657 0.37223
0.45834 0.55717 0.39699
0.53427 0.62568 0.36656
0.51535 0.57424 0.48952
0.53238 0.47688 0.41717
0.52212 0.50421 0.46870
0.45029 0.59338 0.51002
0.50628 0.61227 0.45003
0.58360 0.55759 0.41734
0.57008 0.66643 0.40826
0.60792 0.51415 0.45232
0.33512 0.72474 0.41032
0.47592 0.55857 0.52023
0.46683 0.69279 0.42610
0.38927 0.75936 0.38781
0.44653 0.53819 0.42932
0.64693 0.49111 0.41558
0.60157 0.49879 0.33473
0.45797 0.67133 0.37374
0.47088 0.67400 0.45220
0.42720 0.60334 0.42329
0.59773 0.44171 0.37462
0.44697 0.62938 0.35121
0.57579 0.64257 0.53282
0.51658 0.62098 0.43535
0.56740 0.53183 0.40897
0.41113 0.69097 0.40276
0.43027 0.56955 0.44893
0.53981 0.56957 0.49479
0.54673 0.52167 0.38835
0.52839 0.63106 0.43699
0.43118 0.55683 0.40704
0.55908 0.52592 0.42736
0.60368 0.58933 0.40578
0.49799 0.56550 0.46922
0.53543 0.62521 0.36152
0.61584 0.55958 0.43754
0.46134 0.57524 0.44896
0.49816 0.59363 0.50416
0.60718 0.49937 0.33642
0.42623 0.54143 0.44808
0.52475 0.70123 0.43201
0.46517 0.57668 0.48609
0.53316 0.48146 0.42776
0.49730 0.64821 0.38185
0.57048 0.54495 0.48024
0.58567 0.54022 0.32425
0.46114 0.62576 0.45516
0.48438 0.61236 0.49440
0.48195 0.46667 0.49279
0.56215 0.66825 0.46283
0.47596 0.58333 0.35999
0.53651 0.54783 0.49971
0.40213 0.51832 0.43425
0.47326 0.56278 0.47887
0.56258 0.69338 0.36573
0.59993 0.43515 0.40934
0.56515 0.50888 0.44657
0.49448 0.54764 0.40859
0.37100 0.60717 0.54541
0.46767 0.59117 0.43746
0.48052 0.60418 0.37044
0.38142 0.60665 0.37743
0.58166 0.58942 0.39915
0.40367 0.61161 0.43576
0.48124 0.61460 0.49938
0.55136 0.45781 0.35794
0.42419 0.56341 0.41399
0.55581 0.53706 0.35586
0.44523 0.66040 0.50394
0.56303 0.61028 0.39041
0.59611 0.53012 0.39537
0.38182 0.70752 0.34774
0.46155 0.53309 0.51057
0.49117 0.50617 0.49742
0.41106 0.66837 0.45292
0.46076 0.57396 0.40805
0.58372 0.52498 0.39525
0.48775 0.55111 0.41454
0.41172 0.56482 0.39015
0.53574 0.55268 0.46002
0.34198 0.41344 0.49968
0.42994 0.65982 0.35173
0.47786 0.64424 0.47225
0.63318 0.52481 0.33951
0.51933 0.68322 0.46314
0.51860 0.48573 0.39636
0.56202 0.55928 0.36119
0.48208 0.56226 0.40802
0.43845 0.57003 0.36135
0.62954 0.47482 0.37750
0.54928 0.56647 0.31452
0.61566 0.57361 0.44490
0.61165 0.70913 0.38736
0.49980 0.67730 0.42812
0.42605 0.57745 0.49002
0.54570 0.74000 0.48050
0.62593 0.61543 0.37465
0.43824 0.68365 0.38745
0.57563 0.46146 0.37717
0.41589 0.57642 0.41830
0.43139 0.69129 0.30462
0.52463 0.48811 0.38724
0.50382 0.70292 0.37904
0.44234 0.54886 0.42552
0.37465 0.61996 0.33499
0.38891 0.68772 0.40044
0.37181 0.58674 0.38835
0.32134 0.66317 0.42626
0.49308 0.56778 0.49771
0.53946 0.53890 0.40884
0.43549 0.57437 0.36751
0.51810 0.67692 0.39282
0.47831 0.69658 0.39498
0.48902 0.61966 0.38914
0.42682 0.58487 0.42582
0.50316 0.59809 0.44986
0.69294 0.46946 0.37957
0.58091 0.73547 0.31828
0.50291 0.55222 0.38721
0.38032 0.54131 0.47533
0.47320 0.57783 0.40096
0.40067 0.63734 0.45297
0.47877 0.63570 0.39219
0.47340 0.49608 0.34953
0.42677 0.74089 0.41807
0.55690 0.70281 0.37838
0.51465 0.58035 0.37975
0.47995 0.68866 0.36818
0.45117 0.54580 0.50900
0.48068 0.63741 0.45205
0.50037 0.59775 0.41369
0.45701 0.64286 0.37243
0.47549 0.52587 0.48596
0.45812 0.59373 0.44802
0.68625 0.53313 0.37906
0.53934 0.59510 0.37029
0.51599 0.69264 0.38204
0.54378 0.70267 0.47057
0.25768 0.52233 0.46035
0.56216 0.47304 0.46415
0.56483 0.51400 0.40598
0.49574 0.69373 0.42005
0.52859 0.63216 0.35215
0.45357 0.51951 0.42162
0.47807 0.68752 0.30927
0.41647 0.66952 0.51973
0.49492 0.52060 0.44084
0.33402 0.54785 0.49271
0.48319 0.55352 0.51339
0.40403 0.62867 0.40650
0.53142 0.64704 0.40854
0.56780 0.56687 0.42393
0.41095 0.61857 0.39344
0.59055 0.61075 0.39013
0.47796 0.58241 0.43314
0.55258 0.50850 0.41871
0.43382 0.61420 0.39460
0.33806 0.55153 0.46896
0.40169 0.68347 0.44498
0.46406 0.59087 0.42973
0.58423 0.61900 0.42877
0.49986 0.62421 0.43089
0.49828 0.63222 0.39037
0.56721 0.53978 0.47035
0.39118 0.63238 0.48549
0.40857 0.68283 0.35679
0.57743 0.68099 0.40886
0.48960 0.68071 0.42724
0.54610 0.67928 0.38436
0.58942 0.58830 0.42348
0.43034 0.50133 0.46124
0.33953 0.52457 0.46092
0.49652 0.63176 0.47645
0.47258 0.53808 0.41188
0.56925 0.53006 0.39826
0.39992 0.62560 0.43934
0.50384 0.61780 0.39780
0.41080 0.59571 0.37563
0.48001 0.63311 0.38798
0.48660 0.55878 0.31441
0.59745 0.60750 0.41042
0.56473 0.58467 0.37769
0.56418 0.58456 0.45389
0.54586 0.62328 0.37932
0.52688 0.66205 0.43206
0.50421 0.55915 0.51627
0.64743 0.49491 0.37595
0.53504 0.60916 0.36294
0.45509 0.65538 0.52657
0.54863 0.47353 0.40722
0.45645 0.60605 0.39797
0.39129 0.60462 0.43985
0.42388 0.48807 0.47682
0.55938 0.65656 0.32431
0.58125 0.56715 0.40001
0.62358 0.51845 0.38304
0.53546 0.68890 0.36711
0.55830 0.60818 0.48111
0.48808 0.57149 0.34631
0.62295 0.58816 0.41699
0.53519 0.56627 0.38904
0.42406 0.59566 0.38979
0.48371 0.48457 0.37081
0.49553 0.65446 0.31187
0.63234 0.42550 0.31105
0.53751 0.53285 0.50963
0.46372 0.60176 0.37693
0.39683 0.66417 0.55328
0.51319 0.54901 0.42270
0.31555 0.46789 0.54971
0.52007 0.79067 0.31000
0.45528 0.66051 0.41763
0.54906 0.59894 0.46748
0.65410 0.48958 0.46054
0.44820 0.56591 0.35849
0.51243 0.61340 0.39826
0.45647 0.56463 0.44194
0.48000 0.64167 0.48870
0.44411 0.56710 0.43287
0.39664 0.76592 0.32230
0.46775 0.53923 0.47264
0.53843 0.53029 0.35248
0.47534 0.67865 0.40932
0.45608 0.62487 0.34750
0.58267 0.51947 0.40151
0.44182 0.62169 0.43450
0.54600 0.53392 0.49848
0.46163 0.63130 0.49709
0.49456 0.60764 0.42370
0.53605 0.52974 0.44641
0.41219 0.68381 0.40595
0.41480 0.66070 0.39975
0.50262 0.69654 0.37841
0.56322 0.53833 0.42722
0.55914 0.63666 0.41394
0.40739 0.69509 0.45224
0.39615 0.57711 0.46015
0.56192 0.62163 0.44003
0.50991 0.62221 0.38546
0.52665 0.64092 0.39242
0.57984 0.50775 0.51058
0.53671 0.66738 0.47030
0.55577 0.58316 0.40037
0.55550 0.56637 0.44390
0.46424 0.61514 0.34724
0.56677 0.65178 0.44855
0.43069 0.64166 0.54411
0.47541 0.47265 0.45558
0.51835 0.60945 0.40789
0.32728 0.63957 0.45950
0.54982 0.56334 0.51875
0.54752 0.68091 0.41151
0.47345 0.58116 0.41376
0.57136 0.56453 0.37557
0.53705 0.65840 0.30249
0.45751 0.58510 0.44206
0.45971 0.56760 0.38759
0.61804 0.56544 0.40531
0.49245 0.58810 0.31978
0.51354 0.56577 0.31908
0.56400 0.60973 0.35487
0.50027 0.74279 0.48738
0.55366 0.52456 0.46199
0.49620 0.53299 0.48008
0.56686 0.61195 0.43932
0.57938 0.47861 0.43842
0.53630 0.46018 0.45827
0.38826 0.59802 0.49733
0.42866 0.66271 0.37038
0.53558 0.68525 0.32682
0.54930 0.63850 0.46712
0.61593 0.56119 0.40484
0.59750 0.59085 0.45861
0.56997 0.63019 0.36150
0.53794 0.53885 0.38023
0.41543 0.58298 0.45178
0.43789 0.59873 0.43515
0.50147 0.53501 0.48896
0.65585 0.56838 0.44863
0.44499 0.69756 0.52706
0.42034 0.61349 0.38659
0.37583 0.67015 0.47332
0.44491 0.64638 0.43450
0.55911 0.51678 0.36966
0.50143 0.58709 0.41476
0.44318 0.59261 0.36780
0.56920 0.56491 0.40407
0.48796 0.65256 0.37803
0.55000 0.61509 0.40324
0.59897 0.54086 0.43049
0.47393 0.60485 0.40020
0.40546 0.51922 0.50857
0.51828 0.55556 0.45644
0.49490 0.58612 0.45035
0.44876 0.59441 0.40918
0.51123 0.56729 0.37392
0.48137 0.60967 0.34136
0.51771 0.57882 0.43143
0.48940 0.37305 0.52678
0.41618 0.72797 0.45302
0.62164 0.44456 0.45168
0.59452 0.67450 0.34542
0.45555 0.61747 0.43742
0.55797 0.63823 0.41378
0.43796 0.62514 0.43881
0.47256 0.48902 0.53585
0.52330 0.66665 0.41880
0.49220 0.62155 0.31864
0.47609 0.62473 0.30748
0.58681 0.56970 0.38168
0.55805 0.52696 0.33571
0.48907 0.59738 0.44607
0.44515 0.47620 0.47492
0.38176 0.62708 0.39505
0.37983 0.57281 0.36055
0.43081 0.53416 0.44829
0.53559 0.66085 0.51664
0.44438 0.60947 0.45707
0.36164 0.56268 0.36333
0.45717 0.48056 0.44302
0.58743 0.58345 0.42067
0.52763 0.55211 0.41592
0.50996 0.73062 0.35589
0.40810 0.67901 0.43809
0.46377 0.65801 0.36293
0.41542 0.54437 0.42799
0.45897 0.66100 0.39836
0.42014 0.50239 0.40129
0.46830 0.49070 0.51779
0.34504 0.52443 0.51842
0.54547 0.67794 0.36931
0.53480 0.69602 0.51453
0.42136 0.76739 0.45394
0.46656 0.57864 0.42027
0.59112 0.49456 0.45203
0.52927 0.60309 0.35202
