20 9 1000 10315 178
0.82586 0.85587 0.53732
0.92070 0.97305 0.98303
0.65035 0.41982 0.26095
0.04178 0.45611 0.64259
0.15686 0.54283 0.85688
0.35190 0.71353 0.97202
0.48665 0.90102 0.66475
0.88281 0.94125 0.12480
0.87349 0.18831 0.45790
0.50100 0.69482 0.66008
0.49279 0.59159 0.73202
0.41658 0.49249 0.55474
0.58003 0.73176 0.54548
0.57437 0.62205 0.61562
0.80850 0.85139 0.74890
0.81611 0.83936 0.48646
0.77090 0.78599 0.72605
0.59553 0.71735 0.69441
0.42979 0.62924 0.58115
0.73315 0.67208 0.68110
0.59313 0.82121 0.75757
0.60293 0.74875 0.62804
0.71415 0.71256 0.59425
0.51400 0.63801 0.76833
0.62109 0.85090 0.62419
0.50917 0.63081 0.57095
0.66010 0.61694 0.64771
0.55054 0.67897 0.55184
0.71710 0.46540 0.55585
0.52646 0.49617 0.57672
0.66321 0.73299 0.55605
0.62288 0.76791 0.75679
0.47281 0.52363 0.58995
0.46242 0.58327 0.59567
0.69233 0.56789 0.58064
0.62495 0.71035 0.49537
0.62326 0.65589 0.48382
0.53223 0.72960 0.79263
0.52237 0.67955 0.65847
0.40710 0.60667 0.72424
0.61785 0.77095 0.54187
0.77542 0.78010 0.56329
0.50193 0.65134 0.70047
0.63245 0.66025 0.53943
0.44814 0.64117 0.73581
0.46656 0.63010 0.59638
0.57425 0.66768 0.56863
0.49917 0.68825 0.79432
0.64577 0.70858 0.60760
0.61464 0.48876 0.49205
0.63980 0.74018 0.50953
0.50956 0.67054 0.60811
0.59942 0.56633 0.66933
0.36688 0.57430 0.65930
0.70812 0.58657 0.50173
0.45311 0.68990 0.75758
0.49879 0.58656 0.50447
0.57735 0.67712 0.61448
0.57253 0.50793 0.60100
0.59526 0.57592 0.56960
0.50048 0.69584 0.64983
0.51754 0.74165 0.78823
0.65121 0.80157 0.74587
0.42355 0.60497 0.73121
0.42033 0.61178 0.65150
0.44063 0.64491 0.65220
0.61416 0.63974 0.62283
0.58715 0.79029 0.56110
0.59926 0.62508 0.55478
0.57503 0.48571 0.54984
0.66475 0.69056 0.50281
0.70073 0.67336 0.59959
0.61559 0.71349 0.58040
0.69237 0.79748 0.40427
0.65149 0.53647 0.48329
0.33677 0.47018 0.65085
0.59694 0.66064 0.44598
0.60952 0.59736 0.51668
0.59871 0.59046 0.59235
0.44330 0.52791 0.70742
0.55610 0.73331 0.53810
0.62352 0.77649 0.78925
0.44744 0.55055 0.57806
0.45530 0.66379 0.73764
0.74036 0.76556 0.65718
0.53188 0.78606 0.67040
0.66469 0.81379 0.58173
0.60808 0.78010 0.71640
0.58380 0.61092 0.54273
0.68267 0.66404 0.58583
0.52853 0.68028 0.78904
0.78027 0.86976 0.67298
0.60091 0.75169 0.51434
0.44480 0.65298 0.69825
0.61055 0.64242 0.52379
0.70694 0.59084 0.50731
0.60335 0.62881 0.59255
0.68123 0.58100 0.45072
0.66611 0.56447 0.59323
0.56890 0.62818 0.62765
0.57047 0.60607 0.47346
0.63300 0.58154 0.55139
0.59344 0.53790 0.57125
0.58650 0.73219 0.62632
0.57459 0.77852 0.74817
0.68464 0.75587 0.44306
0.58991 0.45300 0.47371
0.39801 0.57116 0.62067
0.58559 0.71643 0.47471
0.72254 0.57498 0.42508
0.58255 0.63301 0.72470
0.63110 0.65271 0.56929
0.67745 0.74790 0.59506
0.52647 0.78674 0.60899
0.50071 0.70466 0.65860
0.51315 0.73134 0.60555
0.69025 0.76938 0.63277
0.53497 0.64779 0.60654
0.38910 0.57926 0.58245
0.55598 0.76147 0.71398
0.47801 0.58741 0.61507
0.46841 0.68112 0.61845
0.60562 0.69746 0.64963
0.43631 0.64671 0.72976
0.62446 0.59566 0.48805
0.66940 0.57416 0.44422
0.69138 0.58132 0.46464
0.58578 0.69049 0.75573
0.43680 0.58598 0.60130
0.56225 0.70493 0.63054
0.67469 0.77131 0.68833
0.64223 0.70588 0.73171
0.44261 0.67319 0.79461
0.58990 0.74128 0.54923
0.64364 0.61055 0.56529
0.59436 0.56254 0.46920
0.68630 0.53963 0.65610
0.73249 0.79947 0.73051
0.68997 0.81706 0.55135
0.72865 0.50556 0.49012
0.59126 0.55707 0.58312
0.53977 0.64606 0.68840
0.70180 0.68219 0.58451
0.71570 0.48742 0.55833
0.43725 0.58889 0.63252
0.33228 0.64539 0.74055
0.59210 0.69207 0.56081
0.37725 0.65314 0.79261
0.38551 0.56870 0.58842
0.56289 0.71720 0.68503
0.38845 0.62114 0.62069
0.60529 0.72473 0.52848
0.43356 0.62155 0.68527
0.56745 0.71858 0.73717
0.66350 0.57991 0.55607
0.66319 0.73706 0.41561
0.68304 0.80112 0.52906
0.54728 0.62062 0.51065
0.73411 0.75125 0.60094
0.70139 0.51539 0.47029
0.52538 0.69525 0.70880
0.51226 0.71681 0.61269
0.50523 0.67016 0.75015
0.48968 0.69642 0.69099
0.59183 0.76076 0.57767
0.72135 0.52408 0.61371
0.62491 0.65266 0.66324
0.43140 0.62546 0.68219
0.52598 0.70236 0.71824
0.61841 0.72528 0.68877
0.67165 0.78216 0.69160
0.62596 0.64732 0.60692
0.60145 0.60726 0.47148
0.62378 0.54884 0.58346
0.53244 0.74956 0.74008
0.62057 0.70307 0.67537
0.65606 0.57478 0.55529
0.43544 0.65397 0.72749
0.48833 0.55263 0.66756
0.48745 0.70417 0.68095
0.54390 0.60472 0.57261
0.61263 0.70058 0.49996
0.63956 0.77755 0.60936
0.63532 0.75358 0.59581
0.79822 0.60472 0.50545
0.54509 0.62560 0.55448
0.56569 0.72517 0.70094
0.54683 0.71004 0.64194
0.51841 0.65341 0.65034
0.59988 0.56900 0.48339
0.50265 0.68776 0.65211
0.54601 0.66676 0.57827
0.71804 0.53001 0.61132
0.49083 0.55092 0.50069
0.49692 0.72416 0.61073
0.56061 0.56672 0.59902
0.47973 0.57878 0.63870
0.69771 0.81483 0.58753
0.51011 0.63672 0.66500
0.56878 0.60352 0.56450
0.39663 0.70969 0.69019
0.59446 0.64966 0.49682
0.43873 0.61515 0.69706
0.52931 0.77587 0.55267
0.63454 0.69443 0.58633
0.62483 0.70317 0.68567
0.56301 0.56709 0.52617
0.50517 0.49190 0.57645
0.60558 0.81855 0.68839
0.68966 0.80251 0.48679
0.58441 0.64836 0.56707
0.60066 0.72807 0.69595
0.59995 0.63757 0.51929
0.71582 0.48843 0.53968
0.59804 0.57870 0.53814
0.49383 0.62239 0.72846
0.78525 0.74349 0.65072
0.52858 0.68938 0.71934
0.59629 0.58348 0.53122
0.42408 0.73687 0.82345
0.37395 0.65286 0.81641
0.45352 0.67739 0.65126
0.60793 0.72266 0.58977
0.61362 0.64624 0.57584
0.76901 0.56740 0.58680
0.67016 0.73418 0.61376
0.46100 0.60353 0.55488
0.69296 0.82599 0.49311
0.65903 0.64683 0.60157
0.42204 0.67339 0.60162
0.66070 0.73419 0.60163
0.53871 0.68176 0.60630
0.63148 0.77833 0.78121
0.45249 0.50103 0.54652
0.73349 0.67588 0.53444
0.49083 0.68434 0.76854
0.60620 0.78694 0.72603
0.45267 0.58114 0.64920
0.74231 0.74940 0.65768
0.54320 0.61623 0.58424
0.51196 0.68736 0.80482
0.56013 0.63055 0.59107
0.60987 0.78102 0.56704
0.70082 0.81662 0.70888
0.55306 0.68205 0.61653
0.52733 0.69414 0.53213
0.62874 0.68447 0.49556
0.64377 0.75902 0.57446
0.68554 0.71360 0.58954
0.28054 0.55419 0.67658
0.61143 0.68433 0.51908
0.64832 0.67684 0.62722
0.70735 0.73733 0.53126
0.75924 0.68486 0.53873
0.57425 0.50738 0.55650
0.48733 0.69181 0.76190
0.77627 0.82721 0.41688
0.49490 0.53122 0.60214
0.65819 0.52521 0.49167
0.43692 0.63595 0.64531
0.53705 0.76432 0.66714
0.64850 0.68542 0.42776
0.46177 0.66029 0.55041
0.56131 0.51415 0.55440
0.49265 0.68720 0.60947
0.62392 0.67565 0.65529
0.75186 0.56826 0.37369
0.62538 0.66762 0.61015
0.67927 0.42523 0.55977
0.46912 0.61396 0.60432
0.54731 0.75028 0.67336
0.48380 0.71129 0.61948
0.36469 0.52639 0.66828
0.50915 0.73893 0.62982
0.67251 0.64468 0.53227
0.51543 0.62513 0.52314
0.64721 0.77669 0.69609
0.74134 0.78750 0.33926
0.40885 0.57460 0.75920
0.44374 0.63125 0.73252
0.44649 0.68649 0.72742
0.53443 0.73043 0.73673
0.64775 0.76636 0.49731
0.40121 0.67034 0.62689
0.47261 0.66730 0.68215
0.56251 0.72824 0.58220
0.49791 0.64220 0.63051
0.65965 0.76421 0.57137
0.49916 0.65108 0.63330
0.46376 0.68203 0.52680
0.48730 0.62067 0.74876
0.66820 0.80804 0.69783
0.46582 0.57937 0.60950
0.62193 0.69909 0.75328
0.63464 0.77107 0.73024
0.63095 0.67654 0.65520
0.72754 0.64572 0.52348
0.58916 0.52297 0.56912
0.43317 0.55999 0.69345
0.59835 0.50606 0.65389
0.69349 0.50986 0.57665
0.58173 0.60095 0.57512
0.55247 0.72299 0.78185
0.60283 0.76326 0.68910
0.57503 0.50676 0.50176
0.73170 0.64048 0.43224
0.56692 0.61101 0.61080
0.59308 0.70792 0.53405
0.52726 0.65481 0.67803
0.46040 0.66496 0.72359
0.37385 0.64420 0.56860
0.67615 0.70484 0.70074
0.66165 0.68608 0.41741
0.51775 0.51053 0.57162
0.65473 0.78891 0.60722
0.63579 0.64121 0.53170
0.69958 0.62523 0.49272
0.60391 0.56982 0.47614
0.41434 0.61706 0.70549
0.61824 0.80418 0.60662
0.72276 0.72937 0.63535
0.53687 0.57486 0.67645
0.76608 0.76801 0.47122
0.64779 0.71729 0.58743
0.53773 0.68294 0.68127
0.66076 0.59923 0.46527
0.55861 0.79500 0.54964
0.67132 0.77586 0.58092
0.55748 0.77237 0.59127
0.65078 0.69396 0.49086
0.41897 0.56168 0.62501
0.66304 0.62594 0.45870
0.49912 0.68544 0.68297
0.37421 0.65075 0.70428
0.45678 0.66038 0.60841
0.77499 0.63034 0.55860
0.58884 0.71760 0.63509
0.66413 0.80094 0.59487
0.40140 0.62100 0.80130
0.49641 0.63405 0.61015
0.46142 0.62727 0.73636
0.64431 0.74204 0.64148
0.63783 0.66241 0.52688
0.64393 0.62180 0.42441
0.69174 0.75960 0.49811
0.56524 0.67843 0.69064
0.48668 0.62375 0.68721
0.55069 0.62777 0.55578
0.43134 0.62891 0.71486
0.67236 0.71727 0.53680
0.38912 0.66309 0.79771
0.71829 0.72924 0.48934
0.57048 0.46114 0.62362
0.41089 0.54754 0.66036
0.47320 0.62857 0.66918
0.71926 0.81698 0.75302
0.47178 0.56457 0.56715
0.50592 0.57686 0.65473
0.46975 0.47803 0.63037
0.66099 0.70395 0.45112
0.71775 0.66507 0.74005
0.52567 0.70975 0.59134
0.63905 0.68358 0.66792
0.58709 0.55643 0.53261
0.62088 0.66217 0.52406
0.62354 0.71880 0.60367
0.62745 0.75548 0.63998
0.58866 0.53915 0.52564
0.56017 0.54989 0.53433
0.65519 0.71959 0.52284
0.60550 0.67351 0.69189
0.53425 0.73897 0.59992
0.58955 0.77687 0.71947
0.61529 0.74002 0.53255
0.55689 0.60441 0.65032
0.53102 0.68796 0.58172
0.51123 0.54908 0.69179
0.68362 0.70729 0.54596
0.62704 0.59060 0.53917
0.44446 0.72308 0.76255
0.58328 0.69704 0.57906
0.63032 0.70790 0.65441
0.66549 0.74130 0.43826
0.46589 0.60931 0.66858
0.72992 0.80506 0.45427
0.59477 0.63909 0.59223
0.66411 0.49947 0.54694
0.58192 0.77272 0.71612
0.66927 0.83009 0.41077
0.67760 0.66566 0.48646
0.65812 0.81067 0.74619
0.51066 0.69213 0.80965
0.65686 0.69304 0.60116
0.57071 0.52148 0.64613
0.49168 0.65733 0.61527
0.51275 0.52924 0.61463
0.71085 0.73824 0.50676
0.58668 0.71828 0.69425
0.49387 0.64573 0.55439
0.31824 0.63324 0.63901
0.70985 0.74857 0.63356
0.59881 0.68920 0.55996
0.65565 0.75894 0.56572
0.79123 0.72675 0.53839
0.60102 0.56407 0.58499
0.64839 0.78028 0.70491
0.59878 0.50071 0.61357
0.61645 0.70645 0.50923
0.41349 0.58284 0.66189
0.50060 0.70352 0.73631
0.56098 0.75947 0.54387
0.44326 0.57722 0.65477
0.66808 0.57345 0.51062
0.47033 0.70560 0.71745
0.48853 0.51843 0.58742
0.71923 0.72350 0.59534
0.57496 0.70574 0.62668
0.69321 0.80071 0.58378
0.49094 0.73153 0.68498
0.52405 0.73725 0.81568
0.54035 0.57917 0.55491
0.63814 0.79207 0.49569
0.52887 0.54198 0.61651
0.64376 0.80168 0.49568
0.51718 0.56029 0.60849
0.67862 0.54486 0.57617
0.52667 0.61608 0.65067
0.62369 0.71539 0.58588
0.61570 0.58450 0.56222
0.68334 0.71690 0.60007
0.57762 0.74361 0.66119
0.62656 0.74970 0.60232
0.53331 0.78213 0.71929
0.71335 0.79493 0.71297
0.71990 0.69146 0.60908
0.46268 0.75826 0.70072
0.38945 0.63910 0.66407
0.65985 0.71415 0.65504
0.64556 0.71159 0.43817
0.68518 0.52677 0.42566
0.47024 0.59045 0.53534
0.78261 0.80502 0.63288
0.51978 0.70229 0.75120
0.54701 0.61220 0.48219
0.34241 0.59806 0.77546
0.46258 0.69296 0.71650
0.63038 0.68128 0.43406
0.65952 0.78379 0.70610
0.58664 0.47479 0.57092
0.78900 0.74335 0.46783
0.60919 0.49653 0.58796
0.61279 0.48418 0.61844
0.62795 0.77618 0.60177
0.39521 0.66908 0.68754
0.61093 0.56058 0.50868
0.51812 0.71527 0.67278
0.55793 0.73710 0.63721
0.52827 0.71750 0.57494
0.69207 0.67379 0.67705
0.69013 0.49843 0.56207
0.57345 0.60772 0.48794
0.61110 0.74504 0.61958
0.53042 0.72489 0.67737
0.53287 0.76969 0.67888
0.55524 0.60453 0.54176
0.52041 0.64339 0.52952
0.62548 0.70784 0.66328
0.65925 0.64579 0.57390
0.51958 0.66591 0.56902
0.56751 0.67803 0.66003
0.68716 0.59601 0.66753
0.47120 0.61315 0.69574
0.55871 0.65817 0.59583
0.57636 0.67481 0.59119
0.56459 0.59403 0.55401
0.64803 0.69610 0.38787
0.72581 0.63713 0.53640
0.52384 0.63648 0.65668
0.41308 0.63187 0.70816
0.65567 0.72605 0.78837
0.57787 0.61078 0.54699
0.64786 0.74815 0.65354
0.51143 0.68256 0.70296
0.58854 0.65058 0.63210
0.52970 0.52667 0.64119
0.40684 0.51966 0.58804
0.62943 0.74491 0.64058
0.70906 0.74230 0.66531
0.70938 0.71113 0.41023
0.62518 0.72914 0.68862
0.55241 0.58813 0.70792
0.63482 0.66064 0.58755
0.65414 0.67994 0.56934
0.63319 0.55525 0.60865
0.44958 0.66353 0.78188
0.64921 0.72544 0.63788
0.59015 0.76975 0.55821
0.52701 0.55625 0.59707
0.33877 0.54501 0.61852
0.49364 0.55197 0.65834
0.46729 0.61583 0.62875
0.62317 0.61207 0.49772
0.75266 0.77281 0.40885
0.74491 0.73413 0.48162
0.59795 0.70284 0.60598
0.46967 0.69745 0.82767
0.63681 0.68420 0.54980
0.62267 0.77565 0.49239
0.64126 0.69041 0.58693
0.65643 0.58682 0.73473
0.60489 0.64001 0.68442
0.61270 0.48873 0.59351
0.54357 0.77994 0.73032
0.71493 0.72336 0.69970
0.43977 0.63908 0.75359
0.55130 0.67211 0.53674
0.43799 0.60331 0.56872
0.61997 0.60547 0.64268
0.63689 0.53687 0.47758
0.58997 0.65978 0.62012
0.51963 0.67178 0.58630
0.35441 0.65131 0.73539
0.46299 0.69434 0.62894
0.61203 0.70106 0.58048
0.52244 0.49305 0.50592
0.56421 0.62647 0.65217
0.44325 0.57417 0.63064
0.53438 0.71610 0.65170
0.41147 0.58449 0.71307
0.72401 0.74092 0.74194
0.72852 0.45669 0.59213
0.50579 0.48202 0.46835
0.57983 0.74583 0.69558
0.64348 0.59903 0.54163
0.73354 0.55555 0.47511
0.67379 0.68845 0.56091
0.73221 0.63201 0.48109
0.61338 0.69912 0.57940
0.47989 0.65850 0.58756
0.55017 0.61433 0.65658
0.68042 0.74053 0.60156
0.56030 0.54554 0.58055
0.59368 0.67843 0.53261
0.54006 0.80820 0.60992
0.58399 0.76119 0.56854
0.52274 0.70567 0.65382
0.72499 0.71405 0.40026
0.74572 0.76787 0.51197
0.48545 0.60108 0.59569
0.72517 0.49672 0.47716
0.54453 0.60728 0.59286
0.63518 0.72112 0.70923
0.64459 0.69145 0.62449
0.66402 0.56134 0.48036
0.61282 0.74034 0.63235
0.58242 0.72911 0.70229
0.66974 0.80494 0.53203
0.69153 0.80344 0.58872
0.53621 0.68880 0.66306
0.58019 0.76304 0.78008
0.63070 0.72992 0.58898
0.58930 0.70471 0.57976
0.74180 0.71759 0.54246
0.56747 0.77708 0.69538
0.51274 0.66125 0.61639
0.52243 0.58727 0.59870
0.49475 0.64168 0.60797
0.59732 0.58674 0.57643
0.57798 0.59008 0.62274
0.68040 0.61406 0.39563
0.63335 0.69612 0.65045
0.50637 0.63706 0.60512
0.75526 0.69694 0.36344
0.29525 0.59286 0.63474
0.57899 0.74375 0.80977
0.46272 0.61464 0.62131
0.47900 0.67777 0.69694
0.60250 0.55806 0.47540
0.66602 0.62059 0.51385
0.66896 0.64870 0.60874
0.49604 0.76666 0.71146
0.44661 0.55075 0.62789
0.64407 0.48909 0.58793
0.60235 0.48929 0.61585
0.52621 0.65797 0.60711
0.62455 0.68841 0.58424
0.63229 0.63942 0.50426
0.46818 0.69857 0.67073
0.48704 0.69167 0.67172
0.68354 0.53815 0.53467
0.51795 0.73705 0.55590
0.67053 0.70318 0.65639
0.69523 0.67844 0.42776
0.51193 0.65232 0.51501
0.48326 0.56126 0.58883
0.40914 0.64723 0.71584
0.42235 0.69995 0.69642
0.54505 0.71655 0.61131
0.56656 0.64462 0.65208
0.64648 0.69397 0.55443
0.59264 0.73356 0.56658
0.52933 0.65553 0.62530
0.64170 0.61701 0.50733
0.69405 0.77488 0.59180
0.47701 0.64946 0.65877
0.60374 0.77306 0.80099
0.73206 0.73544 0.56463
0.44686 0.63702 0.57447
0.50866 0.76154 0.68109
0.66414 0.80474 0.57640
0.40590 0.63835 0.61122
0.58051 0.50385 0.52975
0.58814 0.48748 0.60572
0.42699 0.60488 0.56284
0.55174 0.65762 0.65105
0.65237 0.72271 0.57069
0.51370 0.66031 0.59849
0.79063 0.68837 0.64676
0.66255 0.49646 0.40713
0.51935 0.56097 0.62883
0.61735 0.73668 0.77918
0.60542 0.74287 0.71988
0.68042 0.78769 0.60598
0.41440 0.64844 0.65442
0.56050 0.72248 0.60994
0.61659 0.69871 0.60318
0.56696 0.72572 0.68269
0.66321 0.69804 0.42721
0.33524 0.58455 0.70988
0.57962 0.69420 0.54932
0.68117 0.83549 0.51309
0.65744 0.76513 0.73020
0.55937 0.74106 0.59017
0.56986 0.62856 0.63765
0.67369 0.61925 0.34728
0.64972 0.79394 0.67093
0.69882 0.62356 0.71023
0.54441 0.63906 0.59671
0.60523 0.65773 0.55091
0.57219 0.79328 0.73016
0.50287 0.58188 0.60055
0.54319 0.75138 0.67947
0.45990 0.76727 0.71125
0.55979 0.76951 0.58666
0.49530 0.64930 0.63087
0.64167 0.68144 0.52701
0.66086 0.74032 0.71361
0.38863 0.63044 0.55170
0.73063 0.83722 0.70751
0.72279 0.61730 0.49553
0.57988 0.62227 0.52224
0.59930 0.68798 0.62353
0.46524 0.69952 0.70230
0.64685 0.72621 0.47079
0.57433 0.66438 0.61115
0.42120 0.62451 0.60243
0.50451 0.69983 0.60507
0.50443 0.59606 0.58641
0.59839 0.69571 0.56849
0.70711 0.65626 0.53162
0.60855 0.70694 0.60083
0.66978 0.70237 0.46201
0.47476 0.67852 0.67722
0.48888 0.76752 0.72378
0.60679 0.66488 0.55957
0.58774 0.67050 0.55331
0.49883 0.66085 0.73469
0.59731 0.72361 0.66555
0.69364 0.76084 0.41711
0.61027 0.76784 0.60243
0.49325 0.72494 0.67554
0.52567 0.61772 0.65204
0.67592 0.68078 0.65526
0.54419 0.67489 0.67004
0.66539 0.67431 0.59448
0.64552 0.64406 0.47760
0.44854 0.67990 0.56339
0.59334 0.63121 0.65594
0.72550 0.76428 0.44394
0.43271 0.70351 0.76343
0.48143 0.66521 0.62797
0.52120 0.62549 0.54571
0.76571 0.63799 0.61744
0.64166 0.71888 0.59430
0.71264 0.83167 0.75405
0.51920 0.73394 0.65260
0.67176 0.76061 0.42377
0.66872 0.76744 0.65231
0.50198 0.55924 0.62478
0.52428 0.51412 0.64469
0.40054 0.59792 0.59092
0.35849 0.62191 0.67476
0.67343 0.80499 0.64001
0.51288 0.74837 0.63273
0.51411 0.69478 0.69099
0.64631 0.68071 0.48969
0.64103 0.48399 0.52996
0.69718 0.54323 0.50814
0.56141 0.71688 0.49924
0.57669 0.77467 0.58900
0.51814 0.65474 0.69538
0.57165 0.71790 0.55834
0.53214 0.71683 0.67063
0.68297 0.78006 0.49391
0.70646 0.85581 0.38317
0.33640 0.56205 0.67624
0.73646 0.78565 0.53128
0.65178 0.60382 0.38943
0.66060 0.60159 0.59608
0.68773 0.82372 0.85680
0.39361 0.65302 0.71144
0.58260 0.61644 0.64467
0.64483 0.81439 0.64949
0.55306 0.75942 0.65578
0.81507 0.70802 0.63908
0.61559 0.74786 0.69554
0.64204 0.74364 0.57212
0.55006 0.53681 0.64281
0.62373 0.80630 0.71854
0.65954 0.72432 0.50448
0.62614 0.78711 0.73064
0.72011 0.40079 0.56601
0.64546 0.75928 0.52990
0.59009 0.56634 0.57437
0.40373 0.69711 0.76521
0.64680 0.66309 0.54247
0.69450 0.62074 0.45454
0.34825 0.55419 0.54368
0.71203 0.79378 0.62621
0.58989 0.60419 0.63626
0.68236 0.66013 0.55136
0.63013 0.60104 0.59367
0.63396 0.57951 0.49826
0.76617 0.78033 0.59097
0.45949 0.72439 0.65273
0.50551 0.61444 0.54203
0.64631 0.66350 0.46158
0.58581 0.52114 0.60912
0.35204 0.61398 0.64434
0.55362 0.71087 0.48251
0.69978 0.76068 0.54393
0.58541 0.72499 0.50538
0.53188 0.76171 0.70060
0.50861 0.47289 0.64339
0.43857 0.66241 0.67027
0.67720 0.60299 0.55719
0.54128 0.70109 0.60703
0.48714 0.58505 0.64953
0.55071 0.72661 0.63091
0.60024 0.76632 0.52587
0.62735 0.66807 0.58618
0.61487 0.42806 0.49138
0.63183 0.49437 0.49027
0.29681 0.53794 0.66247
0.63545 0.54583 0.52728
0.70111 0.70446 0.51661
0.58911 0.67752 0.55157
0.55839 0.69859 0.66012
0.65397 0.53263 0.56967
0.42968 0.62683 0.62316
0.68634 0.79905 0.67346
0.56967 0.79500 0.82813
0.56843 0.68688 0.62728
0.65114 0.51661 0.51048
0.46819 0.64424 0.63183
0.42793 0.64094 0.70617
0.41440 0.62189 0.64453
0.54329 0.66182 0.60083
0.67265 0.59143 0.43666
0.49238 0.55808 0.66508
0.49232 0.51222 0.65414
0.67128 0.66663 0.68479
0.57868 0.66908 0.58909
0.48617 0.72900 0.70011
0.42569 0.56561 0.70632
0.66180 0.67820 0.67228
0.55796 0.66488 0.64069
0.46174 0.62033 0.57012
0.71096 0.64640 0.65034
0.50156 0.64878 0.67162
0.49803 0.73005 0.71254
0.61021 0.60386 0.55462
0.56981 0.61956 0.61574
0.63194 0.68994 0.60535
0.60389 0.75536 0.53379
0.50182 0.67786 0.75258
0.38951 0.63998 0.76065
0.65695 0.74598 0.46490
0.46995 0.71810 0.84676
0.55425 0.72311 0.69726
0.50840 0.54375 0.55565
0.59860 0.69514 0.42434
0.52133 0.78736 0.77073
0.48702 0.70554 0.77942
0.68172 0.42886 0.42749
0.57682 0.72358 0.69300
0.51828 0.65576 0.62001
0.60826 0.54863 0.56959
0.31959 0.59155 0.71699
0.49266 0.69754 0.69551
0.57321 0.60528 0.64902
0.63845 0.77085 0.81299
0.56879 0.72119 0.59595
0.61914 0.73418 0.65848
0.55800 0.64967 0.70363
0.54789 0.66534 0.63343
0.60471 0.65875 0.55507
0.55846 0.76941 0.63466
0.38677 0.55413 0.54597
0.42192 0.70162 0.70077
0.58855 0.65903 0.50387
0.48369 0.69964 0.59619
0.60413 0.52342 0.62170
0.54045 0.61176 0.65492
0.47703 0.63353 0.66138
0.60830 0.49081 0.60328
0.57803 0.63016 0.54398
0.53136 0.50366 0.62239
0.73008 0.51876 0.57081
0.41762 0.62846 0.68550
0.62261 0.57240 0.56242
0.54438 0.63663 0.61069
0.66848 0.81424 0.38445
0.43616 0.59290 0.66207
0.47679 0.59905 0.58963
0.67319 0.67715 0.64367
0.69840 0.76091 0.57825
0.69171 0.74448 0.53942
0.70994 0.61923 0.55169
0.69370 0.78369 0.67370
0.55592 0.76302 0.66058
0.63932 0.75055 0.73787
0.36026 0.65580 0.76264
0.65338 0.77548 0.39775
0.56068 0.69865 0.61230
0.51990 0.68667 0.60035
0.69502 0.71318 0.54172
0.40120 0.60847 0.64788
0.60617 0.78089 0.53309
0.59313 0.63361 0.62986
0.70047 0.78605 0.40989
0.74811 0.80303 0.54408
0.60250 0.65919 0.56447
0.65972 0.68387 0.73715
0.74681 0.71977 0.66608
0.36076 0.63835 0.75531
0.53692 0.59356 0.54626
0.49030 0.54221 0.60970
0.60975 0.65046 0.50820
0.57367 0.63646 0.64490
0.64985 0.63587 0.54856
0.57328 0.61665 0.50178
0.56551 0.80806 0.65673
0.57314 0.58669 0.53193
0.64341 0.61069 0.58363
0.36443 0.65616 0.78202
0.32258 0.60648 0.67953
0.69446 0.78890 0.58442
0.48404 0.71091 0.75738
0.66920 0.76640 0.42242
0.36722 0.63422 0.72259
0.53144 0.65793 0.73740
0.59441 0.81568 0.66828
0.64037 0.81054 0.69152
0.45890 0.62215 0.65678
0.63366 0.66875 0.60148
0.62992 0.68491 0.75469
0.37619 0.68136 0.74338
0.47266 0.67899 0.68867
0.52423 0.66094 0.72102
0.44817 0.54197 0.59142
0.42689 0.63872 0.68361
0.81191 0.85088 0.80430
0.55381 0.57073 0.62163
0.58010 0.76838 0.81680
0.47515 0.62307 0.60391
0.43422 0.58923 0.55365
0.53268 0.55251 0.60867
0.50145 0.63303 0.70082
0.73916 0.82203 0.48247
0.55767 0.78444 0.62839
0.45656 0.65814 0.75627
0.64294 0.69827 0.65974
0.57234 0.68834 0.53985
0.50622 0.60586 0.63000
0.58403 0.75492 0.47758
0.65156 0.54874 0.44343
0.58626 0.76620 0.81793
0.69953 0.66964 0.60808
0.52000 0.66488 0.63358
0.44396 0.73161 0.80497
0.69628 0.73562 0.60665
0.58248 0.62406 0.69564
0.47613 0.64159 0.67560
0.48447 0.70538 0.60754
0.59042 0.62698 0.62806
0.52345 0.55339 0.60648
0.57776 0.68795 0.62179
0.54293 0.67864 0.63548
0.60600 0.68002 0.58712
0.65416 0.76818 0.65095
0.57313 0.76540 0.62332
0.67692 0.63402 0.67721
0.57996 0.52271 0.55473
0.70762 0.61458 0.47536
0.60715 0.77403 0.61130
0.68953 0.59962 0.57767
0.43747 0.71995 0.75649
0.49137 0.68559 0.76039
0.68632 0.75243 0.36096
0.57416 0.68034 0.51900
0.56397 0.72241 0.64273
0.55840 0.65853 0.62833
0.71603 0.73053 0.44062
0.64397 0.70553 0.67355
0.42491 0.53391 0.60536
0.57944 0.64083 0.65036
0.72149 0.79462 0.41868
0.55750 0.70678 0.62091
0.57930 0.70686 0.67845
0.61520 0.77290 0.59043
0.67602 0.67781 0.57082
0.47844 0.58054 0.64499
0.69760 0.53317 0.42083
0.63887 0.71687 0.70882
0.48336 0.65981 0.61353
0.61331 0.74270 0.64580
0.63625 0.48284 0.55344
0.45316 0.67449 0.72287
0.57293 0.63316 0.64469
0.68928 0.77203 0.48468
0.57148 0.65114 0.59677
0.60075 0.64853 0.57429
0.60299 0.63643 0.60975
0.63105 0.69579 0.58076
0.65125 0.83730 0.70270
0.59679 0.58203 0.61231
0.73502 0.79429 0.41610
0.56044 0.55976 0.56690
0.56380 0.70370 0.80152
0.55684 0.67454 0.63175
0.46875 0.59282 0.57600
0.62202 0.79461 0.73930
0.48593 0.65351 0.50082
0.59090 0.62384 0.54602
0.61889 0.76217 0.60828
0.46347 0.66401 0.70661
0.62083 0.63308 0.46657
0.62269 0.46856 0.56561
0.63184 0.71101 0.67692
0.57867 0.60178 0.59094
0.40906 0.62243 0.74819
0.56616 0.73561 0.77014
0.51541 0.83839 0.69504
0.67008 0.74693 0.52368
0.55353 0.73063 0.57766
0.54884 0.59560 0.58862
0.60714 0.64594 0.58512
0.61491 0.61255 0.51014
0.61625 0.77771 0.53912
0.70706 0.80576 0.33411
0.51306 0.55817 0.63843
0.57768 0.59292 0.65203
0.54418 0.77246 0.63492
0.52517 0.56508 0.66794
0.79784 0.85521 0.44228
0.55429 0.66654 0.63301
0.46002 0.69790 0.80126
0.54909 0.65636 0.61892
0.71670 0.76381 0.65327
0.44344 0.62898 0.68998
0.56414 0.70043 0.54112
0.53104 0.60283 0.61748
0.51791 0.60186 0.50053
0.46031 0.65838 0.77870
0.28025 0.54806 0.59383
0.42600 0.47944 0.57499
0.54911 0.78966 0.77205
0.61483 0.76671 0.58852
0.57818 0.51791 0.57743
0.64240 0.68515 0.64548
0.52650 0.70700 0.56860
0.58081 0.56828 0.58672
0.65533 0.60015 0.54140
0.55738 0.68795 0.55961
0.61678 0.71003 0.68608
0.51072 0.65349 0.57219
0.68324 0.74998 0.56970
0.72272 0.59162 0.45163
0.68245 0.49025 0.52250
0.52591 0.64086 0.62476
0.58137 0.77125 0.67466
0.50149 0.69447 0.63172
0.53924 0.62930 0.55848
0.64041 0.73368 0.70723
0.58113 0.60229 0.68548
0.62028 0.75784 0.59172
0.47711 0.70041 0.70108
0.52767 0.61749 0.64466
0.49840 0.69415 0.72963
0.63910 0.62711 0.57339
0.44357 0.69490 0.69752
0.68903 0.77719 0.69087
0.49747 0.64822 0.66771
0.49409 0.63290 0.59222
0.58938 0.67772 0.70147
0.50931 0.68904 0.61483
0.62233 0.62621 0.56177
0.46002 0.69625 0.72563
