20 14 1000 24608 23
0.29521 0.30191 0.03478
0.31625 0.92535 0.38548
0.97623 0.41518 0.22028
0.31442 0.06664 0.08378
0.28289 0.41621 0.85481
0.15091 0.61475 0.35910
0.92022 0.67707 0.34872
0.46270 0.12642 0.37779
0.19309 0.87471 0.47209
0.80821 0.25528 0.02939
0.29369 0.77938 0.31973
0.94113 0.73589 0.19529
0.28036 0.93641 0.71324
0.54025 0.77594 0.30202
0.50523 0.54109 0.24974
0.49503 0.59053 0.32074
0.44302 0.59704 0.41359
0.47454 0.55641 0.34058
0.45856 0.52665 0.34835
0.41870 0.54104 0.29227
0.41540 0.64266 0.33278
0.29677 0.62167 0.32845
0.45675 0.56264 0.33098
0.36470 0.56516 0.43633
0.49029 0.52387 0.29671
0.50123 0.64211 0.41261
0.46414 0.62060 0.33207
0.55499 0.44926 0.32959
0.40463 0.70272 0.39145
0.53583 0.52779 0.29256
0.49184 0.50541 0.22795
0.32467 0.66092 0.39636
0.44124 0.54358 0.37319
0.59023 0.49879 0.25088
0.43176 0.43964 0.37508
0.52412 0.56186 0.30486
0.40111 0.60196 0.41626
0.49360 0.58962 0.31300
0.53832 0.68792 0.34447
0.46665 0.50625 0.38401
0.46845 0.59205 0.31129
0.63795 0.46759 0.29304
0.56228 0.62826 0.34384
0.55073 0.63526 0.32354
0.51547 0.55646 0.33649
0.39461 0.57607 0.31359
0.64751 0.58420 0.35171
0.54738 0.49923 0.30545
0.55306 0.49289 0.28556
0.49840 0.66780 0.35365
0.48294 0.53342 0.35348
0.41142 0.49622 0.33500
0.47856 0.62008 0.33047
0.45386 0.58887 0.41905
0.47416 0.54492 0.36990
0.44406 0.58616 0.32010
0.51985 0.47969 0.35763
0.40125 0.41154 0.29170
0.42464 0.47359 0.28572
0.50624 0.47318 0.30701
0.55021 0.57880 0.25230
0.58278 0.60987 0.28156
0.46340 0.42672 0.30979
0.52881 0.56068 0.26089
0.39126 0.69638 0.45450
0.42953 0.60251 0.37548
0.42653 0.54831 0.28736
0.51200 0.41361 0.23936
0.57870 0.61825 0.27131
0.43632 0.52103 0.35856
0.40367 0.52986 0.32327
0.64248 0.46959 0.26424
0.48273 0.50750 0.34463
0.45287 0.57223 0.32374
0.41769 0.48357 0.29433
0.50633 0.42035 0.34442
0.46675 0.47390 0.30370
0.46518 0.63537 0.35584
0.53353 0.55832 0.31435
0.48041 0.55164 0.39069
0.44669 0.52475 0.34080
0.49703 0.52533 0.35312
0.49493 0.66483 0.34367
0.48869 0.48207 0.28678
0.43053 0.52540 0.24476
0.50152 0.54938 0.32146
0.56223 0.38534 0.18274
0.42726 0.68009 0.36147
0.48994 0.43416 0.36120
0.40347 0.53975 0.28962
0.35949 0.54242 0.33759
0.29632 0.58792 0.35156
0.54386 0.63758 0.35789
0.59368 0.58227 0.29553
0.43830 0.61952 0.35181
0.51175 0.59422 0.28985
0.46448 0.67395 0.31243
0.44602 0.41312 0.49170
0.46718 0.55132 0.31519
0.41550 0.64170 0.35947
0.52315 0.67399 0.36806
0.57009 0.58168 0.40578
0.43614 0.64539 0.33623
0.58271 0.53923 0.26760
0.39473 0.62704 0.34903
0.47326 0.51129 0.35856
0.45715 0.52957 0.31419
0.40645 0.60477 0.34775
0.40948 0.51041 0.28703
0.45809 0.69963 0.43608
0.63941 0.60346 0.33757
0.54546 0.54498 0.32670
0.44083 0.46153 0.35938
0.54289 0.74429 0.32598
0.44919 0.58534 0.45574
0.46054 0.58611 0.39162
0.46264 0.57429 0.29233
0.51532 0.51583 0.41068
0.46664 0.55785 0.36599
0.55896 0.45434 0.29230
0.49491 0.61625 0.28394
0.33747 0.67551 0.35464
0.52680 0.52799 0.38756
0.58930 0.59864 0.30218
0.54981 0.58188 0.39670
0.44251 0.55772 0.37282
0.49345 0.58766 0.33287
0.48195 0.55496 0.38213
0.50953 0.53956 0.29878
0.53277 0.59175 0.32507
0.36968 0.54563 0.38321
0.59405 0.46131 0.26364
0.38645 0.55879 0.36054
0.53688 0.53337 0.30618
0.48217 0.63463 0.36385
0.41909 0.40819 0.42868
0.50956 0.48472 0.35983
0.56007 0.56511 0.27072
0.44080 0.50770 0.31053
0.52648 0.54773 0.31822
0.46669 0.41201 0.31792
0.57990 0.61206 0.28022
0.46964 0.58605 0.39620
0.44868 0.66258 0.32028
0.47220 0.57911 0.30410
0.41457 0.38064 0.27064
0.57905 0.58769 0.33420
0.58679 0.57919 0.24298
0.49151 0.54587 0.30859
0.52243 0.49675 0.28906
0.42591 0.61689 0.35711
0.42400 0.56357 0.36775
0.38784 0.61423 0.43441
0.40951 0.49293 0.26926
0.49364 0.61792 0.36195
0.70138 0.54931 0.33427
0.52478 0.65760 0.35686
0.61230 0.55612 0.26775
0.43732 0.66613 0.37901
0.38486 0.62055 0.39054
0.50672 0.42119 0.18473
0.42154 0.57700 0.43369
0.51048 0.58620 0.34137
0.39390 0.67605 0.31022
0.53371 0.61981 0.37129
0.72387 0.60777 0.22787
0.45166 0.60778 0.34721
0.55538 0.69033 0.31999
0.54198 0.61352 0.30100
0.46238 0.43935 0.29178
0.41104 0.59128 0.32440
0.51658 0.40327 0.24061
0.51662 0.66033 0.35496
0.45742 0.58946 0.31460
0.47586 0.60352 0.29957
0.50464 0.47663 0.32922
0.53933 0.57794 0.29052
0.46769 0.66749 0.34950
0.53736 0.51558 0.27687
0.48721 0.61077 0.31117
0.44679 0.66462 0.37991
0.40969 0.50606 0.27268
0.47187 0.62104 0.29311
0.59117 0.55554 0.32724
0.40674 0.44306 0.37788
0.54316 0.54041 0.28317
0.50723 0.64083 0.36843
0.49641 0.59121 0.34900
0.49751 0.63630 0.32696
0.50734 0.52479 0.31425
0.52297 0.53040 0.31683
0.41400 0.53102 0.30224
0.50399 0.54122 0.33588
0.46310 0.58654 0.33296
0.45516 0.56508 0.37055
0.58266 0.47784 0.24018
0.43074 0.61297 0.29162
0.45445 0.56226 0.32890
0.54136 0.51492 0.38274
0.51349 0.56284 0.37206
0.52229 0.51751 0.43441
0.47179 0.54332 0.32819
0.44612 0.58489 0.33726
0.60773 0.53991 0.29475
0.38741 0.61562 0.32605
0.36550 0.58076 0.44323
0.45684 0.45991 0.21883
0.55260 0.55817 0.31073
0.50909 0.58967 0.42143
0.57006 0.50314 0.36506
0.42986 0.54730 0.37502
0.53133 0.57307 0.33412
0.55924 0.54519 0.28787
0.39933 0.50367 0.27484
0.41566 0.55505 0.46540
0.40214 0.53816 0.32129
0.33543 0.72652 0.44172
0.47471 0.63063 0.33139
0.49927 0.46940 0.31538
0.63141 0.49469 0.32861
0.50716 0.60034 0.27749
0.49068 0.66528 0.35826
0.57314 0.49640 0.31067
0.46613 0.58455 0.27475
0.44062 0.49598 0.28942
0.55340 0.57391 0.37171
0.50660 0.64785 0.33991
0.53910 0.61104 0.28261
0.52048 0.49687 0.27846
0.49395 0.60654 0.36152
0.53031 0.52050 0.27426
0.52329 0.55587 0.23311
0.39879 0.47387 0.36769
0.54272 0.66902 0.32780
0.40016 0.70018 0.32377
0.60144 0.46818 0.27365
0.54835 0.60485 0.30550
0.42246 0.43952 0.23608
0.49924 0.58584 0.33209
0.53932 0.53978 0.33480
0.53722 0.64356 0.31520
0.49048 0.54304 0.31098
0.42174 0.59934 0.39201
0.38742 0.56491 0.29908
0.38677 0.58349 0.40345
0.48195 0.51235 0.39108
0.42540 0.48543 0.26506
0.39397 0.62873 0.33552
0.45045 0.61685 0.27617
0.48663 0.64026 0.31834
0.46662 0.54493 0.30499
0.61068 0.54554 0.30691
0.38140 0.62574 0.39977
0.44077 0.59088 0.41800
0.53827 0.57421 0.27527
0.37174 0.76707 0.51540
0.38562 0.48368 0.27534
0.52557 0.59265 0.43139
0.45810 0.54714 0.39491
0.51145 0.55613 0.36780
0.52738 0.51558 0.32646
0.42093 0.77035 0.45376
0.37177 0.68083 0.40175
0.38419 0.70830 0.40456
0.48036 0.48810 0.31030
0.51979 0.67658 0.39591
0.57628 0.58354 0.31191
0.46476 0.54682 0.31830
0.57350 0.53257 0.40573
0.57116 0.53831 0.31689
0.48196 0.54731 0.45639
0.43202 0.54941 0.46211
0.47518 0.43037 0.24995
0.59007 0.53306 0.30645
0.51664 0.53996 0.39763
0.48920 0.59682 0.44443
0.64862 0.59587 0.25382
0.53707 0.61260 0.38924
0.41512 0.65802 0.39699
0.54256 0.56233 0.39316
0.39910 0.58711 0.35826
0.45221 0.56923 0.41217
0.54543 0.48885 0.25138
0.54543 0.54062 0.35166
0.35823 0.63263 0.37547
0.40212 0.66646 0.33886
0.35885 0.67681 0.33546
0.49546 0.66036 0.36322
0.52664 0.61286 0.31133
0.47795 0.69196 0.43545
0.50499 0.54926 0.38914
0.56276 0.59271 0.30528
0.39650 0.68530 0.44871
0.58359 0.53422 0.31229
0.35723 0.55241 0.34923
0.66950 0.54730 0.28047
0.52277 0.50086 0.24982
0.38460 0.58788 0.33985
0.47285 0.58214 0.29305
0.52690 0.62163 0.31538
0.65051 0.53759 0.32551
0.46547 0.56108 0.43642
0.54756 0.43225 0.24147
0.61559 0.59979 0.26652
0.53005 0.48718 0.24845
0.51346 0.45058 0.24147
0.46260 0.69655 0.36999
0.53731 0.46370 0.26478
0.55102 0.53297 0.26941
0.39647 0.60767 0.47771
0.63113 0.57578 0.27411
0.55326 0.42416 0.25629
0.49734 0.56694 0.32369
0.36729 0.52606 0.23821
0.37812 0.71685 0.40167
0.67878 0.67150 0.27151
0.52144 0.58891 0.39287
0.51723 0.58698 0.34457
0.49510 0.62563 0.37380
0.49112 0.59411 0.34256
0.36556 0.56748 0.37789
0.49576 0.54914 0.26188
0.37793 0.61274 0.47896
0.56819 0.56862 0.31589
0.41159 0.65151 0.35207
0.54400 0.60360 0.30029
0.49238 0.62243 0.34351
0.41494 0.68486 0.33755
0.46387 0.46808 0.33244
0.59174 0.60588 0.32300
0.47972 0.52553 0.32622
0.50307 0.63380 0.35101
0.42981 0.70407 0.40021
0.45694 0.54414 0.25883
0.43883 0.53088 0.38786
0.41580 0.45961 0.29958
0.59006 0.61511 0.32819
0.47273 0.52075 0.30039
0.45954 0.51641 0.32196
0.36854 0.53245 0.36555
0.42474 0.50969 0.27352
0.60546 0.59201 0.29614
0.44455 0.70684 0.42064
0.68705 0.53521 0.30466
0.58456 0.47326 0.26040
0.41406 0.60229 0.38002
0.54697 0.54159 0.27107
0.48663 0.62214 0.31993
0.49972 0.49941 0.39658
0.57208 0.59750 0.29076
0.46221 0.42495 0.28069
0.43444 0.57961 0.36120
0.49307 0.52032 0.22144
0.53410 0.55830 0.24334
0.52437 0.61284 0.32318
0.58023 0.50978 0.26754
0.33610 0.50950 0.27861
0.59169 0.48486 0.35690
0.41442 0.54026 0.42650
0.39008 0.49346 0.40168
0.64780 0.45129 0.28540
0.54996 0.58647 0.31121
0.45720 0.53433 0.29637
0.45370 0.63003 0.39707
0.40363 0.50470 0.38642
0.54417 0.71049 0.38728
0.42929 0.67585 0.29382
0.44972 0.49399 0.36438
0.57321 0.56522 0.33178
0.38959 0.51928 0.30378
0.55459 0.48282 0.30875
0.40811 0.50981 0.35611
0.39806 0.63928 0.40464
0.42929 0.56110 0.41142
0.47544 0.55279 0.28521
0.51360 0.52407 0.29282
0.31925 0.69249 0.41036
0.56740 0.49895 0.29299
0.63357 0.53362 0.27672
0.44111 0.70574 0.35228
0.68932 0.63225 0.25143
0.56708 0.51655 0.23465
0.67871 0.59146 0.26392
0.48334 0.66114 0.37017
0.42448 0.37649 0.30792
0.48304 0.58402 0.38973
0.37771 0.50788 0.46547
0.55944 0.60988 0.29947
0.52911 0.57980 0.26947
0.50050 0.53109 0.31722
0.43445 0.66104 0.34492
0.46402 0.48427 0.35603
0.35101 0.60272 0.37798
0.42452 0.56964 0.34381
0.55625 0.54841 0.32357
0.36107 0.38763 0.39345
0.56570 0.60087 0.33329
0.53651 0.58655 0.34137
0.61643 0.53095 0.29571
0.50126 0.68095 0.35298
0.58270 0.53918 0.28654
0.39975 0.64940 0.34177
0.43510 0.62509 0.42220
0.45687 0.44662 0.28284
0.33287 0.70787 0.33523
0.36005 0.54946 0.34447
0.39858 0.55855 0.31867
0.53744 0.53187 0.40125
0.34258 0.50186 0.44262
0.59287 0.57379 0.28525
0.51864 0.65245 0.32961
0.52294 0.60439 0.33194
0.35193 0.54961 0.27192
0.40262 0.51074 0.33060
0.53020 0.59445 0.32397
0.43921 0.66395 0.36144
0.43652 0.44893 0.28740
0.37786 0.63775 0.46226
0.38603 0.57791 0.38162
0.60801 0.56172 0.28987
0.53136 0.55367 0.29296
0.57325 0.57824 0.26601
0.55774 0.47101 0.28704
0.37847 0.58871 0.31034
0.42034 0.48938 0.28941
0.48069 0.54643 0.36223
0.42028 0.55100 0.38402
0.43628 0.48155 0.29849
0.43074 0.49271 0.34832
0.56884 0.47982 0.25950
0.50874 0.57185 0.31813
0.46719 0.58599 0.33039
0.43776 0.36146 0.26758
0.52852 0.57975 0.32279
0.39844 0.60504 0.42867
0.57771 0.49532 0.39822
0.52022 0.51305 0.38829
0.44721 0.50320 0.34271
0.59338 0.59257 0.31662
0.40577 0.49429 0.32927
0.41738 0.46174 0.26213
0.49690 0.51946 0.29865
0.51352 0.55923 0.41290
0.48893 0.50352 0.27187
0.48779 0.38669 0.25310
0.53576 0.56916 0.26635
0.52396 0.63261 0.29528
0.45288 0.74581 0.40642
0.48098 0.60668 0.34900
0.48147 0.63368 0.31533
0.59815 0.58050 0.29750
0.46445 0.49064 0.29470
0.40589 0.59667 0.40686
0.56488 0.60152 0.30923
0.40279 0.55672 0.28757
0.45691 0.55535 0.31358
0.40546 0.49537 0.26561
0.45293 0.58323 0.28434
0.52117 0.51888 0.31344
0.51241 0.58762 0.36384
0.43232 0.52137 0.23841
0.44217 0.52539 0.28483
0.47427 0.64415 0.32962
0.36961 0.69175 0.43984
0.42641 0.53915 0.25142
0.40513 0.56105 0.39495
0.47042 0.58267 0.33725
0.44991 0.47433 0.28168
0.53825 0.44304 0.23673
0.41298 0.56522 0.30892
0.37146 0.47173 0.27514
0.44892 0.58693 0.36727
0.37064 0.54718 0.34931
0.40881 0.51979 0.45256
0.37762 0.72434 0.43511
0.58007 0.62073 0.33954
0.36607 0.72017 0.36516
0.34455 0.70663 0.43756
0.40951 0.62905 0.32916
0.40552 0.45542 0.35880
0.47110 0.65571 0.45162
0.43958 0.59722 0.32871
0.38635 0.49036 0.31617
0.53698 0.52824 0.31704
0.41853 0.60682 0.34722
0.63254 0.53445 0.29082
0.40603 0.51282 0.33435
0.48756 0.53764 0.39868
0.55030 0.40077 0.22171
0.44372 0.70330 0.34013
0.44766 0.58901 0.34805
0.59849 0.60830 0.30626
0.44902 0.63856 0.41832
0.51122 0.52952 0.31843
0.48472 0.53726 0.34675
0.52982 0.49835 0.25534
0.35921 0.57695 0.31400
0.61039 0.63119 0.31239
0.52082 0.48567 0.30708
0.48937 0.55215 0.31039
0.44939 0.64109 0.42952
0.52329 0.66569 0.34604
0.43131 0.40123 0.31551
0.43557 0.55035 0.29103
0.64378 0.58695 0.32852
0.46617 0.58508 0.30418
0.57966 0.53980 0.27454
0.44354 0.61124 0.40983
0.50448 0.61226 0.35910
0.51945 0.60862 0.38086
0.38338 0.62842 0.30657
0.48857 0.56928 0.34390
0.55895 0.63979 0.35558
0.36743 0.45059 0.29024
0.51517 0.59642 0.34596
0.57188 0.44115 0.28336
0.41594 0.50751 0.29762
0.41505 0.44559 0.33329
0.74585 0.52487 0.29179
0.46823 0.58838 0.24955
0.42130 0.68097 0.33332
0.44933 0.56038 0.34515
0.40225 0.63841 0.38359
0.54885 0.45674 0.21280
0.49956 0.65811 0.37621
0.57328 0.62836 0.27447
0.64124 0.49421 0.25453
0.49081 0.48947 0.30121
0.44080 0.50607 0.32403
0.41440 0.53344 0.32454
0.61283 0.50299 0.24077
0.47167 0.53793 0.28846
0.53331 0.51173 0.32289
0.66591 0.59269 0.32789
0.47232 0.49806 0.46576
0.39386 0.50400 0.33839
0.45808 0.62743 0.35030
0.44898 0.55014 0.32025
0.55979 0.64733 0.36983
0.51047 0.61165 0.38128
0.43014 0.59009 0.34857
0.44358 0.49121 0.34181
0.38718 0.71562 0.47667
0.32290 0.72453 0.45152
0.47993 0.65379 0.36464
0.64796 0.59132 0.26116
0.65365 0.40734 0.25047
0.31518 0.69029 0.48782
0.42425 0.46234 0.42030
0.54288 0.53073 0.35062
0.55871 0.43586 0.31403
0.48619 0.62793 0.38449
0.47288 0.55863 0.32810
0.42011 0.61212 0.30263
0.52469 0.57605 0.26393
0.51226 0.69483 0.41808
0.37013 0.65947 0.36478
0.49984 0.55538 0.26587
0.69088 0.64681 0.28516
0.54808 0.54621 0.31908
0.42130 0.66836 0.40173
0.46779 0.60795 0.32162
0.53737 0.63299 0.31958
0.73973 0.59908 0.29672
0.41163 0.56174 0.38304
0.41281 0.61294 0.42378
0.52097 0.54122 0.32131
0.58052 0.57407 0.31439
0.42091 0.53784 0.32800
0.46587 0.58262 0.42933
0.43608 0.68877 0.32313
0.47759 0.63887 0.35995
0.51217 0.49011 0.27248
0.42493 0.65189 0.29656
0.49370 0.60947 0.31920
0.54968 0.48477 0.31673
0.44157 0.55152 0.29980
0.49067 0.53307 0.23488
0.48128 0.62376 0.30684
0.54527 0.41343 0.25166
0.44426 0.51082 0.31554
0.41499 0.67192 0.37499
0.50682 0.45018 0.28169
0.37166 0.67510 0.39928
0.52786 0.59328 0.34229
0.39994 0.44922 0.23155
0.41487 0.60043 0.36475
0.52888 0.53121 0.30110
0.37814 0.51928 0.48560
0.37765 0.61429 0.30759
0.40123 0.49763 0.27038
0.61789 0.56307 0.24892
0.48514 0.49566 0.21263
0.61122 0.64362 0.32241
0.48157 0.65898 0.33697
0.57193 0.43658 0.27641
0.48199 0.48902 0.28139
0.54002 0.59352 0.36403
0.37367 0.52622 0.30213
0.47825 0.50961 0.30294
0.46275 0.61686 0.40137
0.47075 0.63878 0.30426
0.47508 0.67114 0.35872
0.35440 0.67850 0.32803
0.37117 0.64316 0.38523
0.54507 0.44225 0.21656
0.51934 0.57995 0.36661
0.43198 0.60306 0.34900
0.46321 0.56615 0.28906
0.51037 0.58448 0.39740
0.60479 0.52440 0.27244
0.40754 0.54599 0.32750
0.50562 0.61203 0.36179
0.51302 0.47272 0.33051
0.51526 0.46637 0.39748
0.50754 0.63417 0.31595
0.36315 0.54861 0.40361
0.59212 0.48109 0.29922
0.49792 0.53422 0.34348
0.39557 0.54796 0.46229
0.65276 0.51566 0.22984
0.44227 0.58186 0.35568
0.46967 0.62635 0.31759
0.52233 0.41126 0.25024
0.44160 0.50402 0.37998
0.38035 0.48195 0.30836
0.44775 0.47042 0.37082
0.54689 0.58591 0.32619
0.41118 0.55870 0.38635
0.43037 0.62068 0.35089
0.45834 0.57112 0.31430
0.42296 0.63908 0.39762
0.46092 0.41755 0.35983
0.52331 0.56485 0.37642
0.61701 0.39482 0.17377
0.31995 0.60291 0.38740
0.34294 0.68814 0.44202
0.53200 0.49146 0.33382
0.54210 0.54679 0.25389
0.57824 0.62305 0.39183
0.50649 0.53673 0.41781
0.61533 0.53294 0.30571
0.39154 0.53941 0.38310
0.45518 0.49180 0.29101
0.50267 0.66930 0.33056
0.58761 0.41607 0.43445
0.45381 0.57211 0.33100
0.65209 0.58367 0.30763
0.58089 0.57817 0.30405
0.46110 0.59311 0.38952
0.45481 0.57985 0.32997
0.37053 0.74515 0.38475
0.50614 0.54020 0.24297
0.50071 0.64138 0.37097
0.50786 0.50447 0.33139
0.36631 0.53836 0.32969
0.48255 0.51914 0.40497
0.41937 0.46839 0.41804
0.37815 0.64385 0.38176
0.39225 0.63979 0.36926
0.56435 0.59244 0.28017
0.61711 0.68624 0.31417
0.41546 0.45197 0.24163
0.38839 0.63486 0.40303
0.49699 0.59230 0.32895
0.59540 0.53830 0.25806
0.39751 0.56103 0.35124
0.55969 0.62294 0.34405
0.47332 0.29482 0.19168
0.45709 0.57913 0.51827
0.49667 0.50547 0.37743
0.54691 0.51399 0.36768
0.59595 0.63586 0.31547
0.33304 0.60153 0.31244
0.47120 0.49511 0.28832
0.39751 0.64562 0.46076
0.42881 0.52968 0.29940
0.47480 0.71538 0.38587
0.42223 0.63596 0.33396
0.59474 0.58436 0.29752
0.37640 0.58099 0.48791
0.42925 0.46487 0.32510
0.49398 0.62289 0.32214
0.49635 0.55681 0.35014
0.33603 0.48185 0.53715
0.51835 0.53796 0.35254
0.43118 0.50662 0.31714
0.52096 0.69681 0.34583
0.51127 0.44755 0.30641
0.45697 0.51824 0.38382
0.50154 0.61674 0.32813
0.51808 0.52769 0.30821
0.58828 0.51162 0.26986
0.57266 0.64840 0.39117
0.55181 0.47126 0.33866
0.42991 0.53283 0.36592
0.37138 0.65274 0.36610
0.45785 0.60962 0.36540
0.60840 0.48125 0.26335
0.50791 0.65016 0.33402
0.42885 0.61607 0.33509
0.56266 0.54261 0.25343
0.57891 0.55748 0.30306
0.32335 0.50377 0.34606
0.49326 0.58429 0.34865
0.39612 0.40654 0.26494
0.45090 0.68353 0.35272
0.40497 0.42201 0.22926
0.60083 0.70993 0.30792
0.37617 0.53263 0.31558
0.53038 0.57309 0.34686
0.35545 0.72507 0.42229
0.55246 0.47959 0.32447
0.48297 0.56305 0.35412
0.47728 0.59524 0.35895
0.69158 0.54424 0.30934
0.52466 0.47696 0.19562
0.45972 0.58259 0.33891
0.46262 0.60300 0.35939
0.50277 0.59085 0.28047
0.51934 0.49988 0.35278
0.56271 0.60881 0.32422
0.44583 0.54207 0.38012
0.46432 0.53071 0.29954
0.56826 0.53707 0.25674
0.42954 0.65569 0.40176
0.53247 0.50779 0.33437
0.34079 0.56461 0.34448
0.61733 0.58558 0.28255
0.48107 0.49743 0.30342
0.44772 0.68983 0.37965
0.43537 0.53361 0.30964
0.40772 0.59156 0.30687
0.53360 0.54046 0.40952
0.47734 0.62880 0.39281
0.46872 0.63323 0.29122
0.48232 0.54763 0.35435
0.43116 0.54306 0.31477
0.56628 0.53657 0.43038
0.68442 0.65133 0.33781
0.60767 0.45421 0.25438
0.55862 0.60938 0.28272
0.44795 0.63179 0.37053
0.58836 0.67281 0.43477
0.43969 0.45638 0.23841
0.45418 0.60975 0.36852
0.53058 0.40413 0.30632
0.45685 0.54175 0.26932
0.58622 0.54496 0.30623
0.54376 0.56383 0.23769
0.50249 0.48586 0.30745
0.45002 0.75318 0.39586
0.43506 0.58006 0.32555
0.45321 0.61491 0.34975
0.44947 0.59641 0.32691
0.49861 0.55510 0.32175
0.42710 0.56775 0.30122
0.52435 0.44168 0.24543
0.38422 0.65752 0.39698
0.49459 0.28303 0.21146
0.59488 0.43127 0.24085
0.33287 0.65254 0.37121
0.51587 0.64396 0.40249
0.33241 0.62891 0.32844
0.55185 0.57155 0.34919
0.47287 0.46723 0.33592
0.40971 0.54853 0.29565
0.55664 0.45633 0.29081
0.44296 0.60388 0.30872
0.46321 0.55621 0.34569
0.61334 0.43160 0.22317
0.48846 0.55289 0.30037
0.42511 0.51541 0.31068
0.48166 0.60852 0.32403
0.45704 0.47162 0.30257
0.44157 0.53064 0.40071
0.52213 0.48122 0.21465
0.42866 0.51679 0.30981
0.45042 0.45982 0.23330
0.42731 0.55538 0.38069
0.48077 0.54550 0.40913
0.36187 0.68159 0.46288
0.56902 0.47278 0.28958
0.47924 0.62228 0.37863
0.48759 0.46732 0.35090
0.51134 0.49112 0.36677
0.40318 0.45718 0.22575
0.39462 0.68665 0.44409
0.51898 0.58422 0.25356
0.41272 0.57279 0.47509
0.48914 0.49030 0.39110
0.47686 0.49064 0.35586
0.43966 0.64395 0.29471
0.36899 0.48437 0.35596
0.43608 0.71352 0.35993
0.55585 0.55102 0.31364
0.50717 0.61583 0.38170
0.45568 0.58527 0.28257
0.37701 0.61578 0.30479
0.59503 0.62826 0.33474
0.41600 0.55042 0.29575
0.60561 0.46318 0.27286
0.48408 0.61326 0.34464
0.52172 0.47942 0.35047
0.64778 0.58736 0.32453
0.41144 0.55009 0.37009
0.55266 0.57409 0.30845
0.46346 0.41814 0.31443
0.51045 0.57027 0.40281
0.55638 0.48816 0.31567
0.36244 0.57910 0.31444
0.40661 0.56882 0.28698
0.41886 0.62484 0.35513
0.39563 0.52813 0.55008
0.59610 0.62703 0.29618
0.41759 0.69841 0.45033
0.47374 0.64895 0.33855
0.48948 0.55769 0.39320
0.60068 0.55360 0.31758
0.51161 0.66229 0.38356
0.60497 0.52805 0.24464
0.45962 0.48857 0.26988
0.46307 0.69282 0.37668
0.43125 0.57395 0.36195
0.42728 0.59297 0.35562
0.53963 0.61318 0.27929
0.48744 0.53710 0.42667
0.43337 0.62459 0.34786
0.59713 0.42433 0.21808
0.59743 0.64741 0.30087
0.40764 0.47250 0.28318
0.40765 0.49479 0.27479
0.54088 0.55633 0.28951
0.44089 0.54152 0.38063
0.35342 0.51753 0.34313
0.51668 0.56061 0.30331
0.59333 0.63377 0.34081
0.57616 0.57907 0.27412
0.49263 0.56176 0.31232
0.45677 0.59154 0.30631
0.51485 0.53837 0.27038
0.41056 0.50215 0.29195
0.48914 0.61347 0.28908
0.40030 0.44635 0.35422
0.42605 0.58108 0.41411
0.49168 0.54561 0.36109
0.45491 0.58456 0.39075
0.60245 0.56904 0.30860
0.53800 0.47819 0.30049
0.48468 0.65474 0.42872
0.41458 0.45338 0.32823
0.50732 0.69405 0.38069
0.48018 0.52638 0.29122
0.41420 0.44221 0.42610
0.44441 0.46906 0.35805
0.62500 0.51687 0.24884
0.46449 0.53907 0.33192
0.55623 0.62829 0.29972
0.45696 0.52822 0.33176
0.52060 0.63762 0.31178
0.41253 0.52963 0.36296
0.48016 0.59474 0.35764
0.43503 0.50422 0.31675
0.60950 0.50726 0.33867
0.47189 0.59119 0.38381
0.52826 0.63603 0.34858
0.37918 0.57032 0.34665
0.54463 0.53811 0.34669
0.43059 0.64103 0.36842
0.51158 0.58577 0.28656
0.57841 0.44813 0.22149
0.57357 0.54234 0.26309
0.42298 0.52055 0.37901
0.39034 0.69583 0.48171
0.47056 0.60496 0.42760
0.45733 0.65801 0.33810
0.51619 0.57518 0.33837
0.44376 0.72811 0.37066
0.38471 0.60338 0.39710
0.57498 0.53330 0.31236
0.42991 0.66967 0.32038
0.41234 0.61709 0.33384
0.34847 0.53144 0.32196
0.50615 0.48048 0.37844
0.48411 0.49364 0.28195
0.42068 0.59757 0.36489
0.53767 0.71943 0.37516
0.37855 0.51428 0.32310
0.45113 0.58235 0.35085
0.43093 0.41250 0.27487
0.44216 0.63563 0.33374
0.46653 0.57842 0.37749
0.56192 0.57072 0.31848
0.41506 0.52907 0.31301
0.63393 0.39746 0.20962
0.54379 0.61330 0.35323
0.59909 0.43102 0.33766
0.40626 0.54830 0.36372
0.44204 0.51276 0.40465
0.48172 0.48358 0.27495
0.47371 0.52682 0.31990
0.41643 0.63614 0.42856
0.56275 0.52203 0.27365
0.57026 0.53923 0.31935
0.50285 0.50997 0.30222
0.44804 0.47254 0.29328
0.52729 0.51969 0.31214
0.43698 0.46630 0.31170
0.47113 0.42169 0.29507
0.56186 0.62841 0.33634
0.39505 0.61360 0.45275
0.45490 0.58805 0.37651
0.54796 0.51177 0.29184
0.57371 0.65156 0.30059
0.45709 0.62679 0.40791
0.52970 0.55420 0.28424
0.56352 0.52147 0.33200
0.57856 0.59694 0.33080
0.38642 0.46761 0.28166
0.59586 0.58840 0.30354
0.43485 0.63171 0.43061
0.47653 0.52633 0.41987
0.49593 0.55928 0.34251
0.41136 0.56449 0.30802
0.52297 0.61889 0.34498
0.50498 0.49080 0.25434
0.42385 0.62662 0.38544
0.54082 0.66506 0.34633
0.36341 0.62497 0.38295
0.50934 0.49367 0.22576
0.52866 0.44924 0.43160
0.40159 0.44969 0.33742
0.40392 0.53339 0.39259
0.37101 0.62173 0.39275
0.58216 0.51995 0.26570
0.46605 0.64145 0.34961
0.46786 0.50532 0.29585
0.57214 0.58750 0.26668
0.50917 0.61413 0.29661
0.52728 0.60987 0.32876
0.41687 0.61163 0.32791
0.33383 0.58939 0.42865
0.52514 0.46360 0.45670
0.59328 0.64542 0.37661
0.35297 0.57682 0.38027
0.51311 0.57068 0.35801
0.50329 0.56798 0.38122
0.54715 0.64339 0.35717
0.38175 0.56625 0.42576
0.45040 0.69761 0.45584
0.48293 0.67801 0.33932
0.48731 0.59491 0.29799
0.38396 0.51801 0.33053
0.53408 0.53829 0.33679
0.55160 0.53992 0.26092
0.42863 0.51298 0.35041
0.46153 0.50150 0.34292
0.36560 0.64772 0.44888
0.49748 0.41297 0.24451
0.55857 0.56357 0.36256
0.39778 0.53246 0.36007
0.54779 0.64235 0.38317
0.44227 0.56538 0.34460
0.48893 0.58033 0.38482
0.52979 0.66399 0.34317
0.49202 0.43377 0.30456
0.42341 0.47666 0.32514
0.40609 0.60539 0.38807
0.47504 0.58173 0.42453
0.44113 0.57756 0.25402
0.44307 0.45187 0.19895
0.45893 0.43392 0.31888
0.35790 0.62529 0.36312
0.43414 0.48359 0.34339
0.50480 0.49300 0.28244
0.56921 0.61525 0.35106
0.62144 0.63215 0.35531
0.50232 0.63591 0.35181
0.53639 0.49274 0.25104
0.59081 0.57786 0.32299
0.49162 0.57188 0.27012
0.56755 0.55218 0.31271
0.50176 0.57440 0.37934
0.54691 0.53422 0.31317
0.50688 0.68625 0.35441
0.50907 0.43723 0.29558
0.49806 0.52657 0.26609
0.48429 0.45541 0.24720
0.46423 0.62593 0.30110
0.50111 0.46663 0.27594
0.47447 0.67897 0.36734
0.40211 0.52908 0.35898
0.38681 0.44378 0.44118
0.42910 0.57800 0.45624
0.50174 0.39937 0.34316
0.42863 0.59322 0.39339
0.39593 0.40190 0.28620
0.40101 0.68785 0.44556
0.66569 0.55769 0.31819
0.56204 0.60785 0.35938
0.53250 0.58681 0.30319
0.42245 0.65378 0.39596
0.51940 0.59961 0.42510
0.51747 0.54994 0.34852
0.43150 0.54038 0.28260
0.38650 0.54086 0.45094
0.38406 0.71182 0.33501
0.58040 0.50751 0.34584
0.52182 0.45306 0.32784
0.49826 0.61959 0.31599
0.44960 0.54210 0.29154
0.48724 0.59717 0.33488
0.52417 0.57941 0.36208
0.49420 0.64659 0.36854
