20 9 1000 24015 2345
0.36883 0.03449 0.67789
0.48998 0.43484 0.81416
0.26955 0.67454 0.00585
0.46273 0.35835 0.64958
0.14732 0.73878 0.93046
0.36521 0.22915 0.93573
0.73265 0.19266 0.23996
0.56144 0.36236 0.05241
0.24430 0.77820 0.96131
0.47197 0.44665 0.43353
0.39003 0.45888 0.52617
0.38910 0.44008 0.79370
0.33189 0.50890 0.72175
0.37277 0.42049 0.77871
0.42766 0.44887 0.58907
0.40189 0.34680 0.62129
0.38279 0.49059 0.40530
0.50734 0.34235 0.40800
0.41495 0.41215 0.62648
0.40857 0.40205 0.66484
0.46574 0.39808 0.62338
0.45387 0.35904 0.57764
0.39327 0.47758 0.61167
0.34649 0.49599 0.66192
0.48200 0.31885 0.51556
0.37092 0.30219 0.74050
0.43584 0.41190 0.64027
0.43205 0.31082 0.47450
0.48030 0.33743 0.51555
0.42175 0.46796 0.61014
0.40267 0.42802 0.53904
0.46106 0.32830 0.46259
0.43482 0.35273 0.63155
0.42067 0.30164 0.65775
0.45959 0.41076 0.31909
0.48039 0.33861 0.52494
0.35597 0.56906 0.76781
0.36347 0.42459 0.70116
0.38622 0.34359 0.64315
0.36235 0.52434 0.45920
0.47919 0.36099 0.59093
0.41557 0.46428 0.58254
0.45533 0.38600 0.58565
0.34823 0.47389 0.79609
0.34208 0.49461 0.65571
0.35845 0.53308 0.41203
0.40970 0.29450 0.56454
0.43278 0.47032 0.58558
0.41250 0.37086 0.66579
0.25608 0.58355 0.79924
0.37392 0.41378 0.72129
0.39831 0.30539 0.64370
0.43217 0.39344 0.50584
0.33494 0.51261 0.54909
0.41237 0.27688 0.59572
0.44166 0.48396 0.60305
0.30322 0.56064 0.72603
0.47058 0.45081 0.54998
0.37556 0.23804 0.66528
0.40805 0.41874 0.57471
0.32948 0.54742 0.64276
0.44287 0.40992 0.57560
0.46237 0.42284 0.51758
0.39553 0.37681 0.74050
0.36073 0.47619 0.51350
0.35465 0.46845 0.72110
0.43218 0.30991 0.62800
0.38958 0.46416 0.39712
0.44414 0.31077 0.61587
0.51581 0.28783 0.44785
0.39075 0.42885 0.71684
0.45414 0.39424 0.52111
0.34536 0.42339 0.59792
0.32433 0.54093 0.71275
0.26894 0.62341 0.65854
0.46870 0.38153 0.58328
0.49227 0.38776 0.46196
0.35246 0.53596 0.71236
0.47248 0.38359 0.58166
0.34881 0.48956 0.64819
0.33108 0.43976 0.69965
0.36319 0.39011 0.68468
0.47684 0.22998 0.57734
0.44077 0.33066 0.48898
0.40039 0.36583 0.50355
0.29100 0.58040 0.70681
0.42613 0.39666 0.35249
0.41540 0.46341 0.41874
0.39122 0.49124 0.55079
0.32433 0.53701 0.76506
0.46983 0.35508 0.56017
0.41429 0.30564 0.62652
0.37338 0.47437 0.68043
0.32309 0.56872 0.82157
0.34998 0.52053 0.72838
0.24980 0.62432 0.77478
0.33103 0.49613 0.82759
0.34122 0.53793 0.73401
0.40967 0.34470 0.70873
0.41079 0.41748 0.69076
0.37924 0.36647 0.55697
0.47067 0.38244 0.38251
0.42575 0.50442 0.60427
0.46113 0.44011 0.45370
0.48959 0.37040 0.49769
0.42051 0.31494 0.56270
0.36488 0.43662 0.63935
0.38815 0.45564 0.64170
0.34581 0.48730 0.72669
0.42340 0.46359 0.45352
0.39538 0.49079 0.51905
0.41928 0.45015 0.64379
0.41492 0.34063 0.70462
0.41353 0.45398 0.61738
0.34981 0.51874 0.49183
0.47876 0.25910 0.67666
0.43307 0.32823 0.61315
0.43129 0.44048 0.51119
0.29620 0.56697 0.60886
0.43036 0.44892 0.56242
0.27314 0.59055 0.42474
0.50232 0.36397 0.47970
0.46736 0.32993 0.48403
0.44325 0.50318 0.69048
0.29466 0.49292 0.76122
0.43094 0.42539 0.52383
0.38806 0.54013 0.54099
0.37794 0.42118 0.56168
0.44061 0.40099 0.32914
0.45420 0.34040 0.60045
0.35376 0.52573 0.60798
0.42763 0.34520 0.69308
0.45549 0.42234 0.44010
0.38322 0.43180 0.44890
0.37451 0.38111 0.55725
0.42871 0.46904 0.49305
0.46757 0.39140 0.49815
0.39219 0.52057 0.75666
0.38131 0.37869 0.65357
0.45761 0.33670 0.43411
0.35725 0.54926 0.68745
0.34836 0.55368 0.20206
0.40330 0.40005 0.41049
0.38671 0.44073 0.50128
0.47954 0.43369 0.49402
0.35241 0.51025 0.75308
0.43290 0.43552 0.62996
0.35123 0.44653 0.66388
0.36606 0.42524 0.72622
0.37132 0.49077 0.67100
0.43988 0.47071 0.58279
0.41140 0.43083 0.56709
0.40216 0.42110 0.59286
0.40016 0.45770 0.57781
0.26345 0.58112 0.64945
0.43435 0.42837 0.37450
0.45803 0.42790 0.66312
0.40526 0.43699 0.43559
0.35046 0.46354 0.75856
0.37453 0.35930 0.77137
0.32253 0.46894 0.74862
0.51307 0.34511 0.37997
0.43509 0.32103 0.53504
0.46248 0.35585 0.67158
0.35715 0.41909 0.73053
0.34295 0.48077 0.82152
0.39723 0.47573 0.52205
0.32752 0.52086 0.63967
0.32538 0.50537 0.68749
0.39574 0.39617 0.61751
0.35592 0.44410 0.73723
0.30802 0.58035 0.83263
0.46035 0.33670 0.53761
0.41052 0.49068 0.59219
0.38979 0.46861 0.46546
0.44695 0.38897 0.45418
0.30238 0.54898 0.57284
0.51401 0.35636 0.55575
0.47194 0.45099 0.50943
0.28580 0.56293 0.82287
0.29324 0.59489 0.44848
0.37871 0.50871 0.66004
0.35143 0.54536 0.61588
0.41630 0.45271 0.36293
0.48898 0.40625 0.32310
0.47633 0.45771 0.61878
0.35056 0.57837 0.74962
0.34597 0.42882 0.54603
0.37175 0.43286 0.70351
0.43342 0.42009 0.49157
0.42866 0.32993 0.57384
0.41283 0.46333 0.46306
0.42553 0.40926 0.65311
0.33493 0.45121 0.71901
0.48685 0.35045 0.47365
0.47831 0.41819 0.33834
0.33539 0.37997 0.69327
0.41635 0.49199 0.67216
0.38876 0.36170 0.75844
0.31366 0.52008 0.73646
0.33279 0.60113 0.67859
0.35588 0.55032 0.52070
0.45432 0.37804 0.59486
0.49009 0.31525 0.52523
0.41137 0.37122 0.61127
0.37767 0.42910 0.55332
0.37541 0.48600 0.30929
0.40984 0.44568 0.67264
0.39029 0.42336 0.51936
0.39344 0.51092 0.62634
0.38424 0.53701 0.62477
0.39229 0.40601 0.70863
0.35049 0.55079 0.74919
0.48858 0.31369 0.50792
0.36433 0.35869 0.58421
0.41086 0.43761 0.70437
0.36836 0.51595 0.60429
0.26507 0.53519 0.85115
0.35540 0.45708 0.53710
0.35803 0.54031 0.34390
0.42431 0.39764 0.65591
0.36921 0.57045 0.69162
0.43674 0.44709 0.35529
0.41008 0.37836 0.60214
0.41388 0.40348 0.37653
0.37452 0.52143 0.41863
0.43155 0.39769 0.60745
0.37653 0.42468 0.53598
0.40113 0.47210 0.48353
0.45034 0.38877 0.58316
0.45558 0.37201 0.50246
0.47946 0.28891 0.46487
0.42595 0.37933 0.67370
0.32183 0.42726 0.61042
0.35454 0.55806 0.59685
0.42868 0.45397 0.66049
0.40572 0.39326 0.62823
0.35853 0.44111 0.62312
0.42130 0.37523 0.68025
0.31274 0.48513 0.74355
0.38881 0.45042 0.49253
0.46882 0.41544 0.35122
0.48926 0.34531 0.55286
0.39215 0.41592 0.68827
0.50988 0.36487 0.37004
0.44501 0.42084 0.57152
0.50230 0.35017 0.50192
0.35826 0.20363 0.68689
0.41839 0.47264 0.50286
0.36430 0.37576 0.63374
0.43493 0.34782 0.61428
0.42738 0.30041 0.65108
0.46579 0.46615 0.43371
0.42718 0.29204 0.60072
0.33359 0.52550 0.55979
0.37517 0.46104 0.47900
0.43566 0.35510 0.56480
0.47058 0.44951 0.46740
0.35381 0.47569 0.60359
0.39967 0.51347 0.50310
0.36313 0.36797 0.66918
0.43579 0.46973 0.45911
0.48199 0.29348 0.51146
0.37885 0.37693 0.69008
0.44947 0.43049 0.53308
0.52150 0.35374 0.34832
0.47189 0.35069 0.69635
0.34387 0.53028 0.50920
0.42945 0.40717 0.56610
0.38240 0.47087 0.73489
0.39625 0.44670 0.56003
0.47921 0.30135 0.56222
0.46771 0.34347 0.48061
0.40053 0.44863 0.49042
0.37976 0.42398 0.58341
0.41526 0.43997 0.50019
0.42746 0.47363 0.60422
0.40607 0.43101 0.48819
0.31439 0.51131 0.72253
0.31006 0.56170 0.72752
0.35009 0.52926 0.68398
0.34236 0.45797 0.66857
0.38679 0.47645 0.52546
0.39643 0.51769 0.49885
0.46580 0.31274 0.58240
0.37019 0.51195 0.49881
0.36589 0.50593 0.76011
0.36876 0.37641 0.73412
0.48007 0.35862 0.63343
0.36613 0.44251 0.42793
0.34714 0.54897 0.78343
0.48559 0.41562 0.49451
0.44498 0.43508 0.51151
0.32620 0.38961 0.66939
0.39432 0.33170 0.70511
0.44601 0.33549 0.60080
0.44228 0.42147 0.42035
0.23685 0.60080 0.79553
0.40180 0.34839 0.55375
0.43290 0.44861 0.45118
0.40963 0.33118 0.53968
0.38344 0.35185 0.75313
0.41815 0.34955 0.40842
0.49085 0.31119 0.51485
0.38081 0.46165 0.76635
0.50655 0.29826 0.39639
0.36277 0.44786 0.67902
0.49385 0.42059 0.56607
0.43326 0.38256 0.57895
0.46413 0.32376 0.65107
0.37796 0.51737 0.37395
0.35723 0.30270 0.59667
0.52630 0.37531 0.45811
0.37840 0.45825 0.70944
0.43812 0.39586 0.62428
0.32032 0.59781 0.49107
0.49762 0.30737 0.56844
0.50477 0.39831 0.28624
0.53852 0.28762 0.32002
0.43792 0.42716 0.47530
0.35697 0.54439 0.69248
0.30299 0.51683 0.66816
0.44825 0.45913 0.64303
0.37469 0.43264 0.68881
0.35502 0.49312 0.78429
0.48895 0.31829 0.47861
0.37918 0.42675 0.60454
0.44360 0.42592 0.67305
0.40613 0.35868 0.57576
0.38877 0.38696 0.50095
0.44483 0.42047 0.57831
0.48449 0.42194 0.57734
0.38411 0.49948 0.65724
0.31976 0.51885 0.51293
0.37445 0.45716 0.66918
0.45378 0.43022 0.56421
0.39544 0.31049 0.67535
0.26542 0.62036 0.74715
0.46851 0.38624 0.54625
0.45549 0.37629 0.45297
0.31963 0.57511 0.73845
0.39325 0.39176 0.69828
0.38923 0.52029 0.47204
0.36727 0.49728 0.63049
0.49467 0.38998 0.43496
0.43023 0.38482 0.38031
0.42888 0.37736 0.55229
0.49203 0.35136 0.40969
0.38406 0.48721 0.45124
0.46621 0.43417 0.48344
0.45590 0.32492 0.57047
0.39558 0.35404 0.64886
0.44727 0.41895 0.52816
0.41512 0.39369 0.49579
0.49246 0.34050 0.47429
0.30816 0.54370 0.83982
0.42129 0.28151 0.68538
0.47595 0.37913 0.50545
0.45980 0.34729 0.43593
0.38169 0.46085 0.39724
0.39886 0.43506 0.48740
0.34761 0.39920 0.64965
0.38455 0.48789 0.62992
0.43033 0.39338 0.57349
0.35224 0.40920 0.73583
0.50221 0.35944 0.54247
0.45441 0.42072 0.34686
0.37460 0.41930 0.58161
0.44450 0.33660 0.48004
0.34967 0.43082 0.76540
0.46232 0.33989 0.56994
0.38714 0.41491 0.59715
0.52193 0.33514 0.45191
0.46150 0.40255 0.59125
0.42064 0.49070 0.65869
0.33284 0.46537 0.54251
0.40227 0.49493 0.34083
0.40948 0.34707 0.57290
0.47600 0.38839 0.54859
0.39567 0.37925 0.57471
0.35364 0.47840 0.61129
0.34854 0.42978 0.63330
0.41137 0.47464 0.48583
0.35695 0.42234 0.70180
0.34026 0.46190 0.82501
0.37769 0.30866 0.73743
0.43195 0.35780 0.67464
0.46672 0.39965 0.46558
0.43108 0.37578 0.67573
0.35855 0.43945 0.74088
0.34271 0.56366 0.42516
0.35294 0.55641 0.41736
0.34030 0.52070 0.78230
0.35390 0.40608 0.81505
0.30408 0.46708 0.83792
0.42685 0.37140 0.54291
0.45240 0.38599 0.50664
0.34384 0.54107 0.72459
0.51125 0.37130 0.32266
0.38760 0.39854 0.57656
0.43291 0.38585 0.50421
0.40394 0.34493 0.59855
0.37089 0.56338 0.73080
0.39177 0.47958 0.58452
0.44749 0.44124 0.38407
0.32836 0.39414 0.75710
0.35881 0.43822 0.72926
0.39152 0.42200 0.79697
0.38186 0.31205 0.67765
0.47958 0.25902 0.60426
0.44661 0.41138 0.51048
0.35368 0.51614 0.73403
0.44800 0.44435 0.53919
0.43725 0.38421 0.65755
0.41879 0.34505 0.60457
0.32786 0.53089 0.69717
0.37540 0.45123 0.73807
0.35237 0.47845 0.65368
0.47672 0.39798 0.60189
0.43659 0.31715 0.60259
0.34425 0.53438 0.69852
0.37618 0.47415 0.67493
0.40381 0.36862 0.74280
0.44077 0.36925 0.68171
0.49762 0.36926 0.52100
0.47582 0.43587 0.27286
0.40906 0.42639 0.74306
0.44781 0.36419 0.39992
0.37907 0.33426 0.59936
0.41372 0.40655 0.72509
0.42735 0.39590 0.59422
0.40172 0.40769 0.61032
0.37679 0.51999 0.73588
0.37615 0.51428 0.61251
0.44675 0.34627 0.56847
0.45218 0.33874 0.61126
0.43682 0.39417 0.62521
0.34576 0.41357 0.62834
0.41632 0.48879 0.63396
0.46243 0.42419 0.62239
0.30167 0.48831 0.76640
0.41798 0.49839 0.50984
0.43817 0.40908 0.63880
0.42697 0.40754 0.73555
0.40971 0.44200 0.59688
0.36831 0.35345 0.74054
0.40630 0.23694 0.72206
0.37192 0.42849 0.58440
0.35617 0.42684 0.44675
0.38732 0.48084 0.50278
0.36378 0.41747 0.66511
0.40471 0.46712 0.61617
0.39015 0.41665 0.58654
0.45299 0.32190 0.69632
0.38219 0.44022 0.56051
0.33951 0.50607 0.74869
0.42093 0.30028 0.62439
0.35554 0.54440 0.55465
0.42960 0.43943 0.61515
0.41057 0.48696 0.69987
0.39827 0.42955 0.33952
0.31942 0.50189 0.64055
0.47721 0.39589 0.56209
0.36068 0.43135 0.61705
0.34247 0.51216 0.80923
0.39254 0.47429 0.49516
0.46996 0.36401 0.62279
0.43072 0.38920 0.63036
0.44601 0.38582 0.61485
0.41584 0.37494 0.67966
0.40381 0.44284 0.54647
0.39584 0.41488 0.64561
0.31803 0.55779 0.62366
0.47694 0.39846 0.37713
0.37206 0.32184 0.85487
0.41588 0.42686 0.54496
0.40246 0.49803 0.53466
0.44215 0.51347 0.60292
0.37011 0.42229 0.76146
0.41785 0.38512 0.61743
0.44568 0.46312 0.61591
0.42482 0.45810 0.31733
0.40712 0.37093 0.69500
0.41125 0.47507 0.60927
0.41674 0.36298 0.65573
0.44896 0.35192 0.53609
0.46743 0.31776 0.59510
0.36591 0.50514 0.68231
0.43758 0.43213 0.64616
0.49242 0.35795 0.49898
0.38765 0.47869 0.61544
0.43065 0.47777 0.70455
0.35430 0.51885 0.66988
0.39038 0.47176 0.62205
0.40219 0.42901 0.41632
0.40749 0.38866 0.45739
0.36831 0.46579 0.66983
0.41318 0.33265 0.72943
0.39027 0.34975 0.61832
0.60131 0.25054 0.38719
0.45607 0.42109 0.41214
0.37612 0.40532 0.51731
0.41526 0.44071 0.54223
0.27019 0.57125 0.81238
0.41437 0.34525 0.50193
0.41434 0.44264 0.52392
0.37066 0.50499 0.31268
0.39962 0.35549 0.59392
0.40555 0.50108 0.61550
0.39748 0.46711 0.56631
0.58639 0.31859 0.36320
0.44439 0.36307 0.49653
0.49651 0.33467 0.47988
0.36068 0.48035 0.75592
0.51353 0.36019 0.50356
0.45054 0.37057 0.58620
0.31963 0.59840 0.74829
0.38052 0.36607 0.65473
0.45897 0.44701 0.40021
0.43057 0.43101 0.75362
0.37463 0.55901 0.56936
0.36044 0.46441 0.68474
0.37203 0.55392 0.60607
0.44004 0.36421 0.60822
0.40601 0.46254 0.62094
0.37556 0.41827 0.55995
0.43194 0.42166 0.66935
0.37742 0.47301 0.55218
0.35781 0.44526 0.68332
0.44865 0.29297 0.64509
0.35041 0.28350 0.62895
0.45850 0.33930 0.49140
0.37843 0.48120 0.60469
0.46400 0.43961 0.42700
0.34068 0.53280 0.62480
0.35632 0.44004 0.48123
0.34953 0.34960 0.67780
0.46785 0.36073 0.41235
0.32033 0.42345 0.70487
0.47569 0.38279 0.50958
0.37536 0.44547 0.48029
0.34925 0.50304 0.70906
0.48196 0.38488 0.71213
0.38298 0.50597 0.66083
0.40824 0.39610 0.65165
0.39558 0.36190 0.72697
0.44051 0.42897 0.60001
0.34953 0.50915 0.68171
0.51380 0.34690 0.39739
0.43707 0.45752 0.62553
0.35937 0.44777 0.47547
0.46205 0.42667 0.51798
0.37069 0.45488 0.59081
0.41367 0.42106 0.43399
0.37394 0.47652 0.65697
0.39447 0.37562 0.74554
0.35945 0.49518 0.49595
0.31980 0.55763 0.75474
0.35116 0.49982 0.76235
0.29663 0.57924 0.45336
0.36544 0.36124 0.61869
0.35314 0.53418 0.52295
0.37541 0.42026 0.47209
0.48696 0.34346 0.41584
0.33255 0.45789 0.49707
0.37008 0.45646 0.62444
0.37212 0.54130 0.66833
0.41582 0.40950 0.56765
0.35074 0.36589 0.71064
0.30947 0.59840 0.75012
0.40996 0.43282 0.63354
0.35516 0.44609 0.56654
0.37147 0.46145 0.76764
0.52262 0.34161 0.57310
0.50451 0.32500 0.43188
0.45439 0.33672 0.45321
0.34675 0.43504 0.78410
0.42389 0.48129 0.53933
0.35368 0.49167 0.79912
0.41561 0.24888 0.67500
0.41713 0.44819 0.69557
0.33431 0.46419 0.75393
0.31735 0.37658 0.71005
0.45436 0.37965 0.54877
0.44619 0.38723 0.61883
0.44007 0.48333 0.41784
0.42923 0.36612 0.60270
0.43079 0.39186 0.67702
0.38395 0.44172 0.56289
0.35652 0.49559 0.69664
0.39534 0.30338 0.73983
0.34597 0.53462 0.68770
0.55518 0.33000 0.39974
0.48779 0.31608 0.53700
0.37265 0.51418 0.63990
0.42320 0.28495 0.59602
0.37820 0.44983 0.54441
0.40117 0.40941 0.56551
0.38602 0.42135 0.70886
0.41501 0.41287 0.68276
0.53111 0.27039 0.48000
0.39828 0.42565 0.63785
0.44882 0.43447 0.52476
0.37379 0.41023 0.72654
0.38569 0.41814 0.64058
0.36871 0.45039 0.66308
0.44124 0.37706 0.43417
0.44138 0.37558 0.63263
0.44755 0.40508 0.62209
0.37642 0.43616 0.74074
0.48783 0.36847 0.40035
0.51112 0.32979 0.62695
0.36017 0.50202 0.64111
0.55430 0.32328 0.48948
0.47360 0.29234 0.49941
0.43299 0.50316 0.55852
0.33875 0.49130 0.77144
0.40607 0.45321 0.72741
0.47042 0.43670 0.47026
0.31168 0.42114 0.69634
0.32904 0.40480 0.71706
0.29534 0.59312 0.75009
0.44329 0.46630 0.60264
0.44995 0.43719 0.44572
0.49090 0.38471 0.50274
0.35996 0.39235 0.67796
0.38386 0.49289 0.72456
0.32801 0.50868 0.72864
0.44530 0.39128 0.54035
0.44823 0.35910 0.54768
0.39921 0.44005 0.67033
0.42829 0.34788 0.54357
0.39552 0.30512 0.73868
0.45556 0.35008 0.62334
0.41040 0.43581 0.60020
0.36246 0.44247 0.54377
0.35542 0.48174 0.68380
0.46162 0.33277 0.66529
0.44166 0.39934 0.43922
0.31775 0.48044 0.73594
0.37328 0.50505 0.49227
0.33286 0.46622 0.67100
0.33492 0.53606 0.72199
0.41019 0.43972 0.58576
0.47972 0.34679 0.58143
0.34061 0.48630 0.58430
0.47592 0.38789 0.41070
0.43951 0.33691 0.55624
0.37635 0.27865 0.73118
0.37088 0.52057 0.49596
0.41332 0.43283 0.46927
0.39386 0.45693 0.61333
0.43822 0.43238 0.63286
0.37908 0.46815 0.58788
0.41204 0.26547 0.57818
0.35550 0.45340 0.64777
0.46296 0.38364 0.35701
0.38790 0.37042 0.66663
0.39985 0.46283 0.77892
0.41955 0.41846 0.55151
0.37233 0.41069 0.70225
0.43791 0.46592 0.30579
0.37376 0.38271 0.81097
0.48998 0.31395 0.51322
0.45237 0.38933 0.54137
0.36420 0.50788 0.55728
0.39988 0.46369 0.66983
0.40878 0.26017 0.54326
0.35197 0.57201 0.58748
0.45616 0.40952 0.41806
0.43464 0.40697 0.51740
0.34073 0.46114 0.45308
0.49678 0.33656 0.48649
0.44092 0.32231 0.63672
0.45350 0.34225 0.59555
0.43472 0.36863 0.62851
0.40944 0.41196 0.65713
0.30742 0.51713 0.70482
0.45501 0.37012 0.58952
0.42823 0.42501 0.42012
0.37929 0.38573 0.66189
0.41996 0.30231 0.76380
0.30880 0.58669 0.50511
0.46292 0.42950 0.56073
0.42776 0.39785 0.60356
0.36861 0.50103 0.76561
0.48576 0.26575 0.57579
0.47610 0.39242 0.35211
0.36286 0.50157 0.70458
0.32266 0.43991 0.55731
0.49266 0.41897 0.57525
0.41089 0.37096 0.67564
0.39787 0.32435 0.65645
0.45282 0.29594 0.48496
0.46730 0.35705 0.57341
0.41309 0.35219 0.71657
0.41739 0.40751 0.56268
0.36892 0.42636 0.72260
0.40836 0.50029 0.51503
0.37297 0.48272 0.65422
0.43965 0.32791 0.63812
0.40753 0.43398 0.59530
0.32234 0.47001 0.77506
0.42585 0.39213 0.59775
0.39813 0.37431 0.56245
0.47215 0.36279 0.42814
0.45533 0.37510 0.51145
0.39740 0.53143 0.50934
0.33026 0.53251 0.55874
0.37130 0.45493 0.80234
0.41140 0.47606 0.59086
0.53904 0.39054 0.49284
0.43026 0.41123 0.57650
0.38745 0.39993 0.49569
0.34112 0.51516 0.67042
0.52719 0.34888 0.39974
0.50249 0.39059 0.52345
0.55046 0.21089 0.49024
0.36336 0.55299 0.64358
0.46166 0.29402 0.61325
0.41350 0.42477 0.69202
0.39777 0.42503 0.69340
0.36297 0.38279 0.57028
0.53105 0.28996 0.52096
0.36930 0.44484 0.47314
0.41959 0.51624 0.63089
0.35342 0.54454 0.61915
0.40236 0.49674 0.67527
0.37693 0.42169 0.71270
0.50565 0.32032 0.54532
0.26628 0.48458 0.59561
0.43731 0.26241 0.64507
0.38480 0.48830 0.52553
0.42899 0.39877 0.48276
0.32604 0.38854 0.75878
0.41413 0.43673 0.64927
0.51101 0.31957 0.54087
0.47165 0.35969 0.28770
0.42362 0.48318 0.52269
0.42844 0.42325 0.59637
0.37002 0.51993 0.49404
0.32663 0.53230 0.75316
0.42922 0.43869 0.49262
0.41395 0.40940 0.53307
0.41883 0.34545 0.57713
0.43808 0.44113 0.66297
0.42292 0.39879 0.45235
0.33399 0.51882 0.62801
0.49971 0.31536 0.46190
0.33122 0.57172 0.77098
0.36877 0.51167 0.55374
0.33554 0.51878 0.63379
0.43201 0.34260 0.55080
0.51990 0.30742 0.56666
0.38854 0.27979 0.80309
0.35278 0.50391 0.60717
0.40633 0.37166 0.61474
0.35984 0.41010 0.73265
0.39895 0.36562 0.57934
0.38233 0.47436 0.62797
0.43461 0.46835 0.62455
0.39472 0.36959 0.59362
0.41257 0.44667 0.46721
0.39255 0.29767 0.73546
0.33568 0.47148 0.78331
0.46089 0.35673 0.49197
0.41755 0.37684 0.66099
0.43491 0.42641 0.38303
0.29687 0.53671 0.67817
0.39049 0.46805 0.58532
0.36618 0.48927 0.78936
0.39057 0.32764 0.60404
0.47921 0.33433 0.55137
0.40688 0.36154 0.55626
0.37814 0.46816 0.68458
0.36190 0.51253 0.46587
0.40120 0.45279 0.75532
0.32863 0.49554 0.64286
0.38434 0.45911 0.61482
0.45986 0.42015 0.56287
0.41604 0.34154 0.66474
0.40401 0.46037 0.44009
0.41787 0.45140 0.36893
0.29877 0.61104 0.72257
0.37813 0.48949 0.81746
0.39218 0.44549 0.49481
0.34769 0.54474 0.56303
0.37119 0.47966 0.69495
0.39524 0.52394 0.61629
0.34539 0.49590 0.63289
0.38725 0.41390 0.54758
0.40342 0.37353 0.52709
0.42252 0.36948 0.70253
0.37885 0.41580 0.77216
0.34167 0.40415 0.75039
0.46977 0.35178 0.63038
0.38694 0.49488 0.70896
0.32481 0.43743 0.80935
0.41013 0.41588 0.63394
0.42166 0.48769 0.46549
0.44263 0.34757 0.50264
0.46375 0.41076 0.57985
0.43164 0.45871 0.61977
0.38730 0.48477 0.40923
0.48521 0.32660 0.55692
0.34048 0.56822 0.53020
0.38118 0.47998 0.47818
0.39593 0.38783 0.67587
0.31759 0.51804 0.40092
0.46689 0.32051 0.59783
0.60634 0.24361 0.36893
0.44226 0.43136 0.44240
0.42103 0.21490 0.56922
0.33643 0.50855 0.50234
0.33536 0.55483 0.64367
0.45176 0.44944 0.58063
0.34959 0.56900 0.43596
0.40161 0.30657 0.57216
0.35680 0.40232 0.59544
0.41526 0.47865 0.65514
0.38285 0.49572 0.57888
0.38173 0.53572 0.63310
0.42113 0.45869 0.60821
0.37152 0.34727 0.69230
0.41466 0.43896 0.40735
0.42717 0.40425 0.42041
0.49326 0.38823 0.46334
0.29748 0.57651 0.73647
0.44136 0.44175 0.41078
0.37385 0.51643 0.37529
0.50281 0.40016 0.60763
0.45630 0.36838 0.63703
0.25770 0.57021 0.77067
0.34254 0.43279 0.77137
0.53184 0.25360 0.45933
0.37909 0.40012 0.70298
0.35172 0.47104 0.65734
0.37162 0.43326 0.61107
0.50498 0.38265 0.40602
0.35820 0.52451 0.51571
0.32000 0.57288 0.42049
0.35441 0.45472 0.71305
0.38251 0.44940 0.40166
0.35486 0.52549 0.24349
0.39167 0.48448 0.53409
0.43948 0.48578 0.20570
0.46248 0.35355 0.52864
0.29936 0.43888 0.73633
0.46753 0.41830 0.55867
0.46657 0.45021 0.53995
0.48214 0.38244 0.39510
0.39603 0.45150 0.51344
0.45273 0.35424 0.46276
0.44333 0.45627 0.69400
0.44142 0.40754 0.63953
0.35569 0.55193 0.59261
0.37294 0.44596 0.67359
0.42940 0.43723 0.38985
0.40914 0.41976 0.44413
0.33375 0.52513 0.82684
0.43652 0.26957 0.65791
0.34095 0.39185 0.68505
0.41947 0.32132 0.57326
0.40281 0.48926 0.54848
0.49856 0.34330 0.52150
0.37596 0.48515 0.58570
0.40744 0.41129 0.68366
0.44466 0.45855 0.49651
0.35757 0.37310 0.61192
0.40027 0.36159 0.68575
0.37894 0.49459 0.54466
0.44928 0.37434 0.59638
0.41613 0.41973 0.40511
0.47018 0.34819 0.56251
0.54784 0.33735 0.50505
0.37379 0.48470 0.52479
0.35616 0.55555 0.76250
0.45067 0.38568 0.51882
0.39170 0.31422 0.54167
0.45445 0.34308 0.60916
0.38976 0.49741 0.31431
0.41619 0.21690 0.67653
0.27817 0.64115 0.62226
0.43909 0.37053 0.61660
0.35694 0.56478 0.62779
0.38288 0.46794 0.38198
0.37690 0.50416 0.61967
0.49916 0.34840 0.49123
0.34649 0.52289 0.56192
0.38886 0.47664 0.72027
0.43922 0.30777 0.61191
0.43832 0.40297 0.64785
0.38344 0.38514 0.56027
0.38974 0.27047 0.62881
0.41400 0.49876 0.66379
0.40687 0.31949 0.66338
0.50100 0.34253 0.57584
0.35487 0.40775 0.80163
0.46712 0.41346 0.48640
0.33822 0.51675 0.52203
0.35999 0.49837 0.45951
0.41439 0.39564 0.65428
0.47586 0.39683 0.53821
0.35896 0.45759 0.67286
0.53584 0.34523 0.39772
0.42942 0.46025 0.60752
0.28811 0.59191 0.77900
0.39538 0.46953 0.50642
0.47749 0.33155 0.46146
0.46142 0.39046 0.66362
0.35161 0.56796 0.15073
0.37326 0.44944 0.65040
0.51457 0.29569 0.45756
0.30713 0.59508 0.39784
0.45153 0.41518 0.57625
0.47684 0.44203 0.58378
0.41285 0.41857 0.48969
0.50889 0.32562 0.54351
0.35265 0.47161 0.58081
0.47404 0.35054 0.48524
0.41546 0.47179 0.57764
0.37799 0.38748 0.78612
0.47585 0.41085 0.39784
0.49906 0.31905 0.37161
0.35368 0.56296 0.74296
0.47585 0.35511 0.49942
0.40903 0.42900 0.58533
0.39297 0.21525 0.66335
0.38762 0.37325 0.52181
0.34687 0.40721 0.65637
0.34698 0.57629 0.49788
0.42237 0.37416 0.63956
0.40391 0.42820 0.48943
0.42553 0.42692 0.58533
0.50576 0.28483 0.58086
0.35184 0.55008 0.68095
0.38023 0.43969 0.66102
0.37981 0.45944 0.56995
0.45812 0.35177 0.50005
0.44756 0.36985 0.61588
0.44055 0.40764 0.57488
0.38645 0.46991 0.66026
0.33157 0.51320 0.66345
0.39274 0.32639 0.64334
0.37667 0.29863 0.83658
0.42847 0.35986 0.64246
0.41449 0.28584 0.59526
0.33749 0.54520 0.53202
0.42910 0.28541 0.62209
0.49328 0.26005 0.56242
0.44275 0.32270 0.70470
0.46620 0.34100 0.47992
0.36003 0.42739 0.56388
0.42536 0.32745 0.42990
0.31024 0.54312 0.41056
0.37260 0.42211 0.58748
0.38227 0.49463 0.69286
0.49928 0.38398 0.38099
0.34301 0.51503 0.84338
0.42131 0.39003 0.70536
0.37125 0.45708 0.58785
0.31812 0.50738 0.66094
0.47557 0.36097 0.60705
0.35308 0.54722 0.44094
0.38312 0.30664 0.69666
0.34729 0.34324 0.59458
0.43889 0.33358 0.54538
0.50263 0.36980 0.50302
0.38073 0.49038 0.65475
0.45428 0.39349 0.50114
0.28557 0.52956 0.57813
0.32772 0.51277 0.73970
0.48233 0.32066 0.49404
0.27796 0.67621 0.79122
0.43757 0.33730 0.55331
0.43170 0.34801 0.56729
0.45340 0.43954 0.33441
0.51953 0.36721 0.46311
0.46982 0.42496 0.41742
0.44265 0.48296 0.39722
0.35428 0.46393 0.62807
0.43978 0.41363 0.52556
0.43092 0.43097 0.54494
0.35099 0.49496 0.67530
0.39952 0.45524 0.41386
0.45702 0.46530 0.53273
0.48014 0.40060 0.50562
0.43621 0.50248 0.43444
0.38543 0.34114 0.61709
0.38510 0.31733 0.62780
0.37352 0.36480 0.55902
0.44428 0.41523 0.72997
0.45469 0.39414 0.52244
0.46197 0.41012 0.57314
0.41359 0.30722 0.59578
0.36602 0.51563 0.41294
0.46210 0.34998 0.61689
0.44407 0.30083 0.52834
0.35427 0.35373 0.71131
0.30725 0.55265 0.62372
0.42084 0.41957 0.60618
0.39344 0.45410 0.57085
0.31947 0.57999 0.63221
0.38901 0.37938 0.50401
0.39131 0.44833 0.65647
0.35225 0.46642 0.64712
0.37349 0.43285 0.45060
0.46288 0.33469 0.50351
0.40024 0.41559 0.52632
