20 12 1000 8905 39
0.37536 0.08384 0.43119
0.57995 0.55365 0.30042
0.77686 0.83545 0.95335
0.83019 0.86276 0.93076
0.87657 0.42011 0.13973
0.44773 0.13855 0.27859
0.24395 0.76718 0.92410
0.10895 0.63191 0.06014
0.16938 0.06470 0.27472
0.08880 0.43210 0.61293
0.24329 0.42215 0.91265
0.19952 0.82746 0.07460
0.42075 0.67150 0.73590
0.37144 0.32526 0.37642
0.56961 0.58486 0.54322
0.39065 0.46357 0.36511
0.36678 0.45128 0.37927
0.37252 0.42957 0.59949
0.42032 0.49594 0.41009
0.41232 0.52950 0.54202
0.47708 0.49306 0.37852
0.52317 0.50963 0.54270
0.40863 0.48143 0.57931
0.31423 0.48953 0.44185
0.39670 0.54793 0.57036
0.50991 0.59866 0.69282
0.34431 0.44170 0.54632
0.28290 0.40242 0.47024
0.45234 0.51723 0.46082
0.36871 0.44881 0.47938
0.43126 0.44371 0.49908
0.34553 0.63293 0.25941
0.46598 0.53691 0.58318
0.55526 0.57703 0.50747
0.47666 0.56916 0.36868
0.44114 0.43246 0.41949
0.34112 0.40107 0.35214
0.42457 0.61002 0.53664
0.47025 0.61017 0.54078
0.42872 0.62801 0.49691
0.35457 0.38554 0.46697
0.32045 0.60326 0.58257
0.41552 0.56959 0.60670
0.47633 0.56263 0.58078
0.51968 0.53006 0.57796
0.38266 0.41487 0.35386
0.52068 0.58068 0.58920
0.33324 0.60119 0.39382
0.46687 0.48961 0.50835
0.53501 0.43057 0.52687
0.41248 0.51827 0.40639
0.41095 0.51020 0.50392
0.36782 0.46722 0.53600
0.56060 0.60048 0.47209
0.42097 0.55905 0.51716
0.32482 0.45283 0.47381
0.34889 0.46299 0.46911
0.42153 0.51376 0.43943
0.35105 0.56439 0.66978
0.28230 0.44585 0.48507
0.45417 0.47085 0.48917
0.61460 0.60299 0.58597
0.44164 0.44395 0.52391
0.40990 0.53637 0.55230
0.44551 0.56956 0.50362
0.32922 0.51119 0.47063
0.30850 0.54286 0.61433
0.32256 0.47221 0.54681
0.37008 0.44534 0.56358
0.42156 0.42423 0.50647
0.38878 0.52662 0.57212
0.44617 0.44733 0.45065
0.35502 0.51570 0.53201
0.48220 0.67042 0.58145
0.50295 0.54891 0.70090
0.27575 0.51960 0.51558
0.32124 0.50220 0.49431
0.48761 0.58268 0.43494
0.48388 0.54936 0.47522
0.36749 0.62215 0.40967
0.49872 0.54397 0.60133
0.34064 0.57712 0.57407
0.34282 0.44795 0.56750
0.30778 0.63910 0.30764
0.40782 0.62550 0.47797
0.31683 0.50631 0.58136
0.54139 0.60341 0.62329
0.38824 0.47330 0.39257
0.31863 0.64137 0.48022
0.62582 0.40603 0.33155
0.34485 0.52463 0.37745
0.44684 0.36005 0.39820
0.40426 0.54377 0.35402
0.32993 0.45239 0.53137
0.36725 0.48662 0.43482
0.40028 0.50642 0.52282
0.37362 0.65082 0.46511
0.47771 0.54391 0.49810
0.40053 0.53978 0.50151
0.43716 0.44796 0.42296
0.35579 0.51229 0.54119
0.39527 0.48240 0.59992
0.45354 0.59011 0.76448
0.46523 0.50291 0.45976
0.37077 0.45884 0.43061
0.51291 0.53264 0.63437
0.41023 0.55613 0.48410
0.43528 0.52600 0.34276
0.49992 0.59352 0.64007
0.53194 0.51176 0.61617
0.36954 0.57956 0.46034
0.33383 0.62412 0.39600
0.48492 0.48473 0.39732
0.48942 0.50521 0.52025
0.47220 0.57040 0.31994
0.53606 0.45947 0.27927
0.45744 0.58042 0.57678
0.62724 0.59017 0.47872
0.25278 0.53148 0.28278
0.44702 0.43577 0.35049
0.30033 0.65324 0.59222
0.45984 0.53596 0.57885
0.44684 0.50997 0.57742
0.51276 0.53736 0.49307
0.39301 0.43450 0.48197
0.45953 0.51941 0.40912
0.47017 0.41367 0.52515
0.44997 0.46573 0.54199
0.37625 0.47583 0.62391
0.47719 0.54984 0.63705
0.36329 0.48989 0.31960
0.39087 0.56236 0.36424
0.42571 0.54039 0.40014
0.33715 0.59409 0.50395
0.41234 0.51541 0.62855
0.32965 0.44711 0.39367
0.45245 0.51733 0.59694
0.44098 0.50986 0.41231
0.46756 0.61234 0.55004
0.50902 0.54539 0.49444
0.39160 0.42174 0.51413
0.29438 0.48103 0.60034
0.43537 0.30563 0.47989
0.31510 0.44990 0.52539
0.45924 0.56167 0.40347
0.44465 0.56384 0.48937
0.35819 0.45056 0.49532
0.48233 0.43924 0.57367
0.31107 0.39767 0.47329
0.52642 0.56434 0.54064
0.38311 0.31142 0.47521
0.45677 0.53027 0.45587
0.39546 0.49161 0.41171
0.34672 0.48525 0.62653
0.53572 0.47289 0.46439
0.45627 0.38673 0.42343
0.34157 0.42855 0.43151
0.53679 0.49811 0.43339
0.39686 0.45387 0.55122
0.35969 0.48413 0.54208
0.32578 0.35542 0.36605
0.46951 0.47540 0.49606
0.35049 0.64901 0.44840
0.38577 0.69128 0.46880
0.42611 0.67941 0.43420
0.40574 0.44066 0.35175
0.43733 0.53894 0.35709
0.46902 0.56397 0.46695
0.55500 0.52248 0.52129
0.52245 0.53401 0.47426
0.40397 0.50451 0.63881
0.41623 0.48362 0.54671
0.48298 0.58482 0.66299
0.40913 0.49425 0.57142
0.37065 0.45652 0.54473
0.30709 0.48978 0.62277
0.28504 0.50092 0.55300
0.33750 0.51654 0.29055
0.32913 0.50247 0.54399
0.42320 0.51267 0.38647
0.56035 0.49925 0.36171
0.46890 0.44509 0.36260
0.54742 0.62153 0.75604
0.50010 0.38977 0.33230
0.40149 0.50738 0.34416
0.39301 0.54866 0.43290
0.43674 0.52369 0.60040
0.32546 0.55351 0.49886
0.41689 0.48897 0.41257
0.40191 0.48164 0.33520
0.39314 0.37273 0.44110
0.46904 0.53464 0.54375
0.41178 0.33037 0.41857
0.39667 0.55116 0.50315
0.29883 0.46993 0.57229
0.29896 0.53242 0.29487
0.40446 0.49088 0.60657
0.43338 0.43685 0.43969
0.43444 0.39054 0.46372
0.32593 0.49660 0.40430
0.48208 0.56398 0.54358
0.37149 0.56763 0.49112
0.54218 0.52425 0.51300
0.38012 0.53089 0.60974
0.47162 0.43243 0.38087
0.33907 0.51473 0.38165
0.35584 0.46697 0.58245
0.35919 0.55146 0.48758
0.33414 0.48585 0.45731
0.49251 0.48000 0.62588
0.35858 0.51796 0.53671
0.47149 0.56273 0.33191
0.48642 0.55735 0.55446
0.43491 0.54637 0.52022
0.50709 0.51324 0.56060
0.40310 0.48370 0.64008
0.26960 0.49111 0.43242
0.37454 0.59358 0.52701
0.55531 0.63462 0.58802
0.40443 0.50810 0.57856
0.49940 0.32360 0.36208
0.47682 0.48214 0.45095
0.39108 0.45865 0.50867
0.41768 0.43480 0.30851
0.44307 0.56663 0.28199
0.40025 0.62235 0.29403
0.31778 0.55651 0.35628
0.28954 0.44828 0.50848
0.48776 0.51769 0.53396
0.47623 0.53691 0.60132
0.35351 0.44995 0.36233
0.35324 0.44164 0.43997
0.35953 0.46910 0.47860
0.56856 0.58710 0.49291
0.49925 0.63211 0.69594
0.48263 0.50960 0.57350
0.39544 0.48701 0.39631
0.35226 0.51954 0.40748
0.36405 0.31091 0.34757
0.23507 0.56288 0.61075
0.39300 0.42173 0.54068
0.35832 0.57742 0.51276
0.42511 0.58867 0.56524
0.41191 0.44678 0.54724
0.47436 0.56264 0.55343
0.35305 0.49323 0.37697
0.43419 0.46669 0.50329
0.39295 0.59815 0.51531
0.41709 0.44791 0.37772
0.51603 0.57999 0.59694
0.37784 0.56635 0.49372
0.48091 0.56715 0.45836
0.46389 0.46939 0.47439
0.35407 0.60516 0.63548
0.62619 0.52270 0.29795
0.35742 0.51681 0.36382
0.33726 0.59649 0.30615
0.37151 0.51729 0.54649
0.30746 0.39347 0.44587
0.38426 0.45594 0.26563
0.41462 0.46464 0.48308
0.38651 0.62693 0.60271
0.44528 0.59946 0.48907
0.30435 0.43563 0.62028
0.41433 0.50030 0.54361
0.34430 0.49763 0.53315
0.61273 0.57621 0.65561
0.35809 0.52976 0.56404
0.35414 0.53453 0.58613
0.36009 0.48587 0.39958
0.56966 0.57891 0.61513
0.44705 0.50740 0.60621
0.52781 0.35758 0.34240
0.55903 0.40757 0.35103
0.33527 0.61362 0.66161
0.47819 0.52638 0.66677
0.45909 0.41653 0.56854
0.41094 0.60846 0.42426
0.40073 0.42087 0.55957
0.31770 0.48010 0.50437
0.40785 0.57208 0.41807
0.40595 0.48673 0.56724
0.39247 0.52769 0.41385
0.37207 0.51836 0.59835
0.39810 0.50870 0.36676
0.49190 0.50924 0.52003
0.26315 0.47186 0.45056
0.46318 0.61728 0.48436
0.40670 0.44807 0.39828
0.40275 0.53255 0.46510
0.35871 0.31898 0.38535
0.37426 0.51718 0.44616
0.35721 0.56470 0.45578
0.33708 0.41943 0.55914
0.41813 0.55627 0.49520
0.52055 0.44530 0.41249
0.37558 0.48792 0.61380
0.34331 0.43939 0.44079
0.40784 0.49086 0.33569
0.29458 0.42332 0.50485
0.49213 0.59067 0.55688
0.29428 0.43271 0.50677
0.41141 0.67441 0.52499
0.32120 0.45918 0.42303
0.37777 0.46482 0.43053
0.38397 0.52900 0.49599
0.41003 0.49164 0.36958
0.46594 0.68740 0.53594
0.35950 0.33654 0.44877
0.52251 0.64261 0.59076
0.39592 0.41727 0.51116
0.55634 0.55794 0.46156
0.45713 0.59685 0.51599
0.40453 0.46760 0.47262
0.29757 0.48382 0.51874
0.40486 0.57219 0.49752
0.40504 0.56057 0.54436
0.29932 0.37720 0.40252
0.42439 0.69508 0.71027
0.39713 0.54253 0.41052
0.35585 0.48024 0.49455
0.42629 0.40668 0.34676
0.35876 0.57576 0.50424
0.34145 0.46359 0.46525
0.24089 0.52373 0.55257
0.25453 0.33918 0.44620
0.25914 0.51000 0.42893
0.40777 0.38886 0.39783
0.42652 0.46638 0.51692
0.49389 0.56951 0.63619
0.48177 0.58750 0.64077
0.40593 0.49348 0.48415
0.43080 0.51125 0.64375
0.40631 0.57637 0.51430
0.49134 0.59200 0.43870
0.40927 0.59148 0.57145
0.27950 0.52287 0.51531
0.39983 0.39806 0.44035
0.51794 0.51508 0.49569
0.48821 0.46046 0.30648
0.39801 0.49758 0.56766
0.31916 0.33719 0.42688
0.31359 0.51060 0.51886
0.42783 0.54952 0.65437
0.31822 0.44118 0.29368
0.36605 0.39148 0.52734
0.27296 0.44836 0.44687
0.36465 0.45595 0.48709
0.45869 0.55871 0.53381
0.46014 0.47035 0.48042
0.34833 0.38009 0.40213
0.43123 0.61313 0.47588
0.47907 0.51090 0.42874
0.37251 0.47188 0.51559
0.40555 0.32251 0.39282
0.37501 0.55522 0.41506
0.48977 0.49728 0.55658
0.53128 0.65928 0.64927
0.37589 0.50310 0.34702
0.40251 0.43989 0.47940
0.36442 0.50073 0.43267
0.53873 0.50962 0.61507
0.39265 0.55601 0.49028
0.44579 0.53071 0.48110
0.48318 0.46598 0.41639
0.35012 0.52290 0.57188
0.41943 0.47947 0.51648
0.38159 0.35131 0.47679
0.31328 0.61194 0.48689
0.42775 0.53059 0.35733
0.37144 0.59816 0.51016
0.35816 0.59548 0.44554
0.30574 0.34022 0.49157
0.35503 0.28464 0.38375
0.46032 0.42604 0.33485
0.37477 0.57338 0.57534
0.53926 0.50546 0.39561
0.51805 0.53940 0.55529
0.44074 0.38095 0.38347
0.53326 0.59023 0.53257
0.34254 0.44462 0.40154
0.38523 0.59357 0.52843
0.45263 0.40001 0.41291
0.36738 0.64189 0.44897
0.35839 0.45823 0.39285
0.39775 0.48688 0.48841
0.45778 0.53488 0.65610
0.34000 0.49635 0.44861
0.39648 0.49797 0.48341
0.51731 0.52340 0.40797
0.36722 0.36727 0.44827
0.40521 0.45454 0.55232
0.29475 0.39705 0.35781
0.35261 0.49429 0.53228
0.39118 0.46021 0.32835
0.44362 0.48301 0.44600
0.32762 0.51735 0.51544
0.49442 0.54564 0.53298
0.57421 0.62527 0.51284
0.31488 0.40568 0.41801
0.54382 0.58962 0.63273
0.44729 0.52012 0.49321
0.51862 0.55057 0.55393
0.37686 0.45779 0.50250
0.46500 0.50128 0.56126
0.29033 0.47006 0.40988
0.45957 0.54115 0.43145
0.38839 0.47935 0.56508
0.42157 0.48894 0.44243
0.57279 0.61268 0.70895
0.35377 0.48566 0.59888
0.39329 0.53788 0.37388
0.39709 0.43691 0.38458
0.39850 0.41760 0.46767
0.47431 0.47569 0.58735
0.39359 0.44060 0.44215
0.50117 0.59624 0.64463
0.46353 0.52058 0.49457
0.32954 0.40168 0.46371
0.38246 0.51676 0.56370
0.27383 0.56695 0.61175
0.33606 0.35143 0.41638
0.45277 0.54770 0.42218
0.33225 0.58344 0.40658
0.42098 0.56606 0.50433
0.42847 0.50971 0.39643
0.29072 0.55670 0.61334
0.46028 0.57783 0.58865
0.39045 0.46217 0.40181
0.36428 0.59827 0.41381
0.36593 0.51732 0.60757
0.22538 0.47583 0.55133
0.45358 0.57315 0.50778
0.36971 0.32359 0.34197
0.37105 0.41677 0.46107
0.51633 0.53774 0.54457
0.46800 0.58475 0.54839
0.44973 0.41618 0.36831
0.43347 0.52416 0.52141
0.60785 0.63132 0.57947
0.37792 0.43811 0.62585
0.40248 0.53936 0.53871
0.25858 0.48592 0.54034
0.46664 0.48979 0.49927
0.47719 0.59283 0.61716
0.35547 0.51722 0.34351
0.33932 0.48445 0.48224
0.50488 0.64457 0.55213
0.32977 0.43829 0.44696
0.38262 0.42270 0.45663
0.40246 0.55490 0.30614
0.44085 0.41088 0.42524
0.39125 0.71150 0.78914
0.52167 0.48806 0.39720
0.49264 0.44803 0.36895
0.39354 0.52018 0.58083
0.36466 0.42743 0.51780
0.46253 0.54109 0.57343
0.38016 0.43975 0.36032
0.32717 0.62804 0.60649
0.40294 0.58701 0.47304
0.43027 0.54538 0.55769
0.48705 0.44141 0.42038
0.36327 0.43793 0.45384
0.41211 0.54824 0.56948
0.42375 0.48560 0.57621
0.30076 0.42942 0.60512
0.36788 0.45586 0.40570
0.38179 0.43310 0.57594
0.28621 0.53260 0.43410
0.51338 0.45473 0.56393
0.40380 0.51947 0.47853
0.39287 0.43072 0.48680
0.32298 0.39565 0.53349
0.38895 0.38384 0.42631
0.36082 0.43842 0.36187
0.35852 0.51360 0.53480
0.40813 0.46272 0.44494
0.40371 0.55474 0.46101
0.53777 0.55263 0.56490
0.53208 0.59892 0.64350
0.30259 0.42248 0.28419
0.42698 0.63146 0.64214
0.43729 0.39793 0.28213
0.36329 0.44575 0.45732
0.32459 0.55315 0.59676
0.49428 0.49367 0.37237
0.29121 0.49199 0.33177
0.33024 0.46682 0.32757
0.43990 0.54835 0.57445
0.43848 0.60753 0.46259
0.28873 0.42789 0.51729
0.51388 0.52520 0.51125
0.59975 0.50146 0.40900
0.30143 0.41641 0.54479
0.41394 0.33780 0.48206
0.37076 0.54733 0.48055
0.34961 0.53000 0.53276
0.42973 0.35044 0.45410
0.43440 0.45503 0.43066
0.51486 0.38820 0.38135
0.36958 0.53507 0.59169
0.47633 0.42112 0.49987
0.54194 0.63283 0.50348
0.37784 0.59664 0.55466
0.34636 0.53174 0.59711
0.48430 0.43281 0.54451
0.34393 0.56629 0.44122
0.56724 0.62787 0.64345
0.39850 0.29435 0.47378
0.33189 0.53023 0.42234
0.40334 0.43866 0.52342
0.38256 0.44446 0.44286
0.33488 0.55138 0.33895
0.52821 0.49802 0.42823
0.36442 0.34184 0.36229
0.48849 0.46617 0.62087
0.38851 0.47809 0.51162
0.36260 0.53305 0.58907
0.34193 0.43376 0.65578
0.46720 0.51756 0.42658
0.22463 0.49449 0.34679
0.28987 0.45834 0.49451
0.44801 0.50215 0.44940
0.27791 0.38327 0.42576
0.33580 0.49302 0.53076
0.32042 0.35724 0.47184
0.30037 0.51177 0.53630
0.35494 0.50975 0.38819
0.32454 0.42661 0.31189
0.37896 0.55088 0.59690
0.42971 0.53286 0.63268
0.53931 0.65485 0.48029
0.34231 0.63351 0.41110
0.36357 0.41045 0.55807
0.55586 0.53819 0.45049
0.45769 0.52125 0.35243
0.43577 0.60942 0.62754
0.39597 0.58331 0.42542
0.46731 0.42348 0.58534
0.50391 0.53117 0.54853
0.31235 0.48428 0.49615
0.44767 0.52795 0.62085
0.47995 0.58030 0.65903
0.54189 0.46854 0.41050
0.24586 0.52202 0.41743
0.32681 0.59965 0.48688
0.43176 0.42894 0.30398
0.61721 0.56214 0.57922
0.36431 0.53011 0.35783
0.28099 0.45783 0.45542
0.34331 0.49846 0.38888
0.34948 0.51257 0.50539
0.41588 0.49217 0.53172
0.32492 0.42615 0.39956
0.35136 0.38204 0.47535
0.48321 0.51732 0.60336
0.49318 0.52969 0.48405
0.46749 0.58432 0.48510
0.30067 0.48599 0.47059
0.29531 0.58472 0.50971
0.41634 0.47025 0.53035
0.32285 0.42066 0.56979
0.24569 0.39534 0.39462
0.44934 0.47498 0.57140
0.43357 0.46336 0.30238
0.36792 0.62277 0.41279
0.46775 0.54529 0.56176
0.42568 0.51971 0.34814
0.48092 0.59227 0.40517
0.48168 0.45410 0.48101
0.50081 0.62957 0.54399
0.54770 0.60973 0.56794
0.54339 0.53355 0.54210
0.50703 0.67557 0.63808
0.32839 0.38440 0.45821
0.46987 0.49784 0.64696
0.51536 0.46963 0.38982
0.33576 0.42084 0.54140
0.43874 0.55403 0.55986
0.37086 0.49336 0.54963
0.35776 0.59926 0.64826
0.47965 0.46150 0.42804
0.40717 0.48241 0.39518
0.33970 0.55509 0.63771
0.46712 0.52672 0.57106
0.37399 0.47629 0.37747
0.32291 0.53706 0.52912
0.52550 0.58707 0.40286
0.45432 0.58486 0.57307
0.45790 0.45250 0.53584
0.41733 0.50195 0.46648
0.49661 0.46134 0.46816
0.37895 0.51890 0.65793
0.47355 0.59703 0.56151
0.52697 0.53865 0.57449
0.41103 0.48137 0.42767
0.57776 0.46514 0.55934
0.31583 0.49751 0.33132
0.38421 0.36148 0.47284
0.38430 0.51811 0.65329
0.35584 0.45172 0.36584
0.50990 0.61707 0.51449
0.37631 0.35730 0.39410
0.61613 0.55118 0.46110
0.40732 0.56565 0.42833
0.54598 0.55487 0.52059
0.40883 0.42267 0.44161
0.35882 0.44678 0.59591
0.39067 0.59287 0.42206
0.42694 0.58294 0.47458
0.40723 0.41161 0.62473
0.41279 0.60720 0.65415
0.43445 0.49564 0.45943
0.31409 0.37270 0.41190
0.59640 0.69130 0.65642
0.32812 0.46227 0.34856
0.46393 0.53350 0.41838
0.50940 0.60283 0.58724
0.45005 0.51947 0.50074
0.36644 0.55794 0.58391
0.54802 0.49911 0.48057
0.62319 0.59491 0.59449
0.52111 0.47810 0.41512
0.41183 0.57070 0.73011
0.38988 0.57302 0.52200
0.50160 0.40462 0.37428
0.49757 0.61555 0.40473
0.47163 0.53471 0.59333
0.61476 0.48971 0.47557
0.31172 0.47287 0.45710
0.46627 0.49666 0.54120
0.39801 0.49013 0.45778
0.53175 0.54742 0.63533
0.29105 0.41015 0.63775
0.34033 0.52251 0.44927
0.42611 0.55617 0.61254
0.39059 0.42937 0.30866
0.25842 0.50148 0.43714
0.43531 0.54870 0.40630
0.54129 0.54215 0.50301
0.69559 0.65658 0.67463
0.42566 0.54839 0.47517
0.35383 0.54921 0.63110
0.42776 0.55610 0.44149
0.49731 0.48157 0.51503
0.46349 0.47831 0.67245
0.32243 0.45847 0.53244
0.55075 0.57204 0.39340
0.30949 0.48870 0.51680
0.36595 0.47081 0.47371
0.33692 0.32097 0.40156
0.32883 0.38359 0.39945
0.30035 0.54762 0.44874
0.32646 0.50083 0.41416
0.42192 0.60284 0.56626
0.56376 0.59421 0.66917
0.30034 0.41269 0.49107
0.30095 0.52572 0.51669
0.46949 0.56894 0.61705
0.33384 0.40788 0.57506
0.31298 0.54019 0.54744
0.54182 0.52154 0.43749
0.58824 0.63341 0.73272
0.31591 0.52711 0.42253
0.45819 0.56714 0.47257
0.42340 0.44112 0.35844
0.45311 0.62184 0.60088
0.36001 0.48997 0.46763
0.30319 0.46774 0.48286
0.47103 0.41139 0.53687
0.34089 0.55765 0.63797
0.35808 0.41511 0.41112
0.36057 0.53529 0.46955
0.25545 0.59353 0.32392
0.35245 0.51164 0.50628
0.38473 0.45610 0.35502
0.34770 0.71533 0.36081
0.35035 0.46281 0.62099
0.41373 0.49075 0.50966
0.31264 0.25651 0.43669
0.31421 0.44347 0.53367
0.43606 0.50017 0.57955
0.49029 0.60827 0.62888
0.35202 0.43015 0.44600
0.39125 0.43040 0.40681
0.44884 0.47259 0.49083
0.36883 0.38751 0.52096
0.29183 0.46048 0.45970
0.40810 0.58148 0.39607
0.34513 0.56124 0.46041
0.40033 0.57045 0.60810
0.47329 0.45037 0.51356
0.45308 0.50510 0.35645
0.40161 0.41618 0.42566
0.34925 0.42625 0.42468
0.47818 0.45886 0.37732
0.28055 0.43123 0.40341
0.26782 0.55561 0.61471
0.48682 0.37591 0.42833
0.48242 0.53163 0.42590
0.41621 0.52478 0.45539
0.32855 0.51506 0.29618
0.39019 0.54201 0.39196
0.37962 0.60360 0.43049
0.34870 0.47603 0.63394
0.26763 0.39341 0.43929
0.40380 0.40112 0.48824
0.48078 0.53887 0.69275
0.35755 0.55127 0.45605
0.38645 0.47596 0.59753
0.53879 0.56105 0.46169
0.39770 0.47039 0.51723
0.41674 0.53647 0.52541
0.47131 0.48156 0.53396
0.46132 0.56224 0.58462
0.38637 0.51872 0.60998
0.34364 0.61421 0.47525
0.44751 0.54793 0.49841
0.43255 0.33514 0.43293
0.42121 0.52390 0.51236
0.38485 0.53843 0.30172
0.39734 0.55366 0.39849
0.39085 0.53341 0.44411
0.51279 0.57522 0.58019
0.51533 0.41584 0.41261
0.38601 0.50088 0.39759
0.53373 0.55288 0.47690
0.51354 0.52350 0.52578
0.30024 0.44855 0.39915
0.46821 0.48440 0.56894
0.49256 0.56453 0.50375
0.42583 0.56430 0.55749
0.28983 0.56798 0.34856
0.38799 0.52153 0.58746
0.36078 0.52943 0.59894
0.39125 0.40698 0.49944
0.39765 0.45445 0.54600
0.38677 0.58277 0.54323
0.36884 0.41888 0.46683
0.36438 0.47659 0.38662
0.54392 0.49431 0.44319
0.41491 0.49769 0.44949
0.30260 0.54069 0.52000
0.38738 0.37727 0.47062
0.47191 0.44981 0.51367
0.49163 0.58169 0.53729
0.37891 0.60419 0.42518
0.49338 0.60694 0.51206
0.37064 0.41655 0.42035
0.43572 0.56221 0.45537
0.48069 0.41125 0.54553
0.43585 0.50048 0.40768
0.41088 0.57421 0.39329
0.34189 0.43500 0.48884
0.33354 0.48669 0.61033
0.39187 0.44751 0.38360
0.50650 0.51040 0.45995
0.30638 0.60339 0.35547
0.49428 0.47919 0.50033
0.31735 0.44180 0.56540
0.41345 0.61643 0.66675
0.39134 0.54351 0.46714
0.40433 0.41197 0.52481
0.51459 0.65851 0.69020
0.49874 0.64124 0.64097
0.56125 0.54465 0.58384
0.40477 0.46995 0.54928
0.43127 0.39810 0.48297
0.41820 0.58266 0.54860
0.42997 0.55523 0.54544
0.38663 0.54647 0.37604
0.33099 0.57035 0.51875
0.42824 0.60641 0.73534
0.47322 0.38495 0.42342
0.36570 0.46081 0.46302
0.46307 0.54915 0.55590
0.37615 0.50808 0.64325
0.51010 0.51615 0.55431
0.38823 0.43158 0.46503
0.30048 0.42730 0.51104
0.42696 0.49653 0.52466
0.31025 0.51630 0.47788
0.46500 0.48311 0.48487
0.28331 0.41513 0.58836
0.23176 0.45289 0.37743
0.48274 0.43266 0.32856
0.49579 0.55560 0.52764
0.40380 0.53219 0.61765
0.33303 0.57215 0.65711
0.39814 0.44452 0.42270
0.33378 0.36366 0.42229
0.46544 0.55722 0.62014
0.44586 0.50205 0.43108
0.57239 0.51881 0.57232
0.41946 0.42933 0.50838
0.38951 0.60207 0.67905
0.47397 0.29540 0.38466
0.42339 0.44434 0.47043
0.42446 0.51846 0.50664
0.38760 0.58667 0.54052
0.43702 0.51446 0.53855
0.45760 0.60255 0.53031
0.47326 0.58184 0.57676
0.36207 0.45660 0.32368
0.39326 0.40781 0.56234
0.48105 0.43649 0.48391
0.37634 0.53601 0.43552
0.54001 0.61917 0.61184
0.43092 0.55785 0.62046
0.39376 0.57246 0.51792
0.41099 0.40551 0.45164
0.37563 0.36252 0.41222
0.39105 0.40382 0.47432
0.30477 0.45450 0.44074
0.33953 0.38806 0.49930
0.36089 0.50524 0.42238
0.30992 0.54435 0.56946
0.44014 0.56145 0.56263
0.37769 0.41160 0.42033
0.46524 0.58563 0.70254
0.46690 0.37759 0.48617
0.26883 0.39686 0.46630
0.39804 0.42926 0.51989
0.38577 0.48627 0.60759
0.42532 0.53673 0.50550
0.45294 0.47236 0.39055
0.41254 0.54561 0.52700
0.44592 0.56251 0.48888
0.32390 0.55029 0.49695
0.36841 0.50580 0.57709
0.43935 0.35061 0.43926
0.39202 0.53783 0.38840
0.39708 0.57635 0.46795
0.38249 0.50337 0.65906
0.44263 0.52797 0.67770
0.44927 0.55552 0.62964
0.40008 0.57600 0.56897
0.63188 0.62921 0.59698
0.37288 0.56206 0.51732
0.54126 0.51361 0.52311
0.40475 0.47601 0.45973
0.56544 0.56614 0.31125
0.39651 0.55590 0.64647
0.43666 0.45519 0.56270
0.32169 0.46058 0.48570
0.45778 0.48848 0.50979
0.49622 0.47989 0.41112
0.35061 0.36218 0.49075
0.31257 0.37068 0.47825
0.46790 0.51199 0.51251
0.40932 0.49941 0.43038
0.30118 0.57636 0.45654
0.36972 0.41973 0.37856
0.61134 0.49992 0.39676
0.40356 0.63136 0.59503
0.38955 0.42155 0.51225
0.40396 0.40291 0.54407
0.37130 0.41866 0.46973
0.35960 0.61120 0.63088
0.28070 0.53428 0.34873
0.55384 0.55542 0.47237
0.47592 0.49873 0.45962
0.48162 0.57359 0.57826
0.42588 0.49381 0.45204
0.42212 0.58295 0.45040
0.40570 0.52741 0.33158
0.28247 0.39728 0.34271
0.46237 0.53275 0.40588
0.49419 0.44329 0.31791
0.27098 0.52984 0.54067
0.30360 0.45775 0.49383
0.45968 0.50511 0.38150
0.31524 0.36156 0.41807
0.33414 0.43645 0.39603
0.50482 0.46472 0.33291
0.31640 0.34645 0.43788
0.50220 0.51686 0.60306
0.36227 0.34965 0.47412
0.44272 0.48947 0.51827
0.34337 0.49559 0.41541
0.52825 0.53481 0.49697
0.32329 0.50904 0.44853
0.53632 0.47357 0.44361
0.43838 0.65263 0.68242
0.47021 0.56984 0.51176
0.28352 0.38331 0.45402
0.51089 0.63057 0.68802
0.50458 0.54373 0.53061
0.53468 0.41103 0.39917
0.45969 0.63146 0.58085
0.39397 0.45425 0.58576
0.35850 0.46286 0.52043
0.46727 0.52219 0.44355
0.26893 0.52615 0.49323
0.45043 0.37652 0.42529
0.46799 0.48527 0.57071
0.36988 0.53026 0.54775
0.49722 0.56910 0.63857
0.50891 0.40578 0.44823
0.34132 0.59344 0.53483
0.41412 0.42260 0.38302
0.40970 0.53109 0.44735
0.45936 0.50689 0.50374
0.39001 0.50367 0.50191
0.43917 0.53203 0.59376
0.45459 0.55505 0.36196
0.54804 0.43964 0.38841
0.37153 0.50023 0.43392
0.34296 0.44581 0.49158
0.44720 0.49173 0.42756
0.38983 0.36718 0.44317
0.32960 0.52062 0.43732
0.44588 0.55576 0.56758
0.47743 0.46450 0.58001
0.32928 0.53766 0.54523
0.44683 0.46656 0.49141
0.49599 0.68408 0.69185
0.33764 0.47014 0.53561
0.40324 0.46507 0.35209
0.38106 0.54230 0.34011
0.40472 0.43064 0.44581
0.44244 0.50358 0.48934
0.36540 0.50760 0.50049
0.43626 0.56477 0.58159
0.47449 0.56931 0.57420
0.38671 0.59491 0.57728
0.36663 0.49516 0.51455
0.36394 0.49334 0.56008
0.38757 0.45264 0.31727
0.32671 0.49261 0.39776
0.25927 0.56290 0.61554
0.47987 0.53702 0.62947
0.53281 0.56312 0.56197
0.46465 0.55638 0.55095
0.41699 0.41558 0.50455
0.39714 0.41843 0.39466
0.47342 0.43593 0.52023
0.34914 0.54868 0.39857
0.47706 0.51795 0.54629
0.44285 0.52507 0.43324
0.51442 0.41739 0.39103
0.34601 0.63498 0.35488
0.43740 0.64161 0.74810
0.45330 0.43032 0.51773
0.47863 0.49271 0.40899
0.41540 0.62494 0.52713
0.43718 0.43975 0.52573
0.47454 0.53972 0.59781
0.37592 0.49706 0.50392
0.30474 0.48828 0.51301
0.28664 0.39370 0.36040
0.34992 0.43066 0.46118
0.47134 0.54347 0.56683
0.40311 0.54830 0.45544
0.38585 0.49809 0.41785
0.42333 0.47440 0.39062
0.36966 0.56249 0.36308
0.43609 0.38783 0.34599
0.37184 0.54174 0.46500
0.46515 0.47404 0.39099
0.40544 0.45210 0.49572
0.40114 0.43214 0.53559
0.36537 0.53720 0.52312
0.35278 0.42308 0.48072
0.43227 0.40559 0.35540
0.30048 0.50799 0.54534
0.53814 0.53150 0.45809
0.41618 0.50240 0.58802
0.33770 0.54240 0.56192
0.44546 0.51223 0.29690
0.29971 0.42617 0.48229
0.43317 0.65787 0.52205
0.43041 0.59265 0.46835
0.56924 0.52603 0.52715
0.55762 0.53197 0.58496
0.42956 0.44268 0.65642
0.49167 0.57212 0.52775
0.49200 0.49573 0.57959
0.39271 0.43172 0.54227
0.46769 0.60566 0.66261
0.28865 0.55017 0.51446
0.28440 0.48311 0.49841
0.48648 0.48084 0.50357
0.61306 0.52874 0.54096
0.46819 0.53281 0.49847
0.37026 0.47201 0.48805
0.38995 0.46039 0.40443
0.50814 0.45791 0.31632
0.33345 0.42578 0.32195
0.40512 0.53186 0.52185
0.47444 0.41902 0.36546
0.48241 0.54492 0.49923
0.39621 0.50805 0.61740
0.32770 0.39365 0.51579
0.30657 0.56317 0.55436
0.43432 0.50056 0.48216
0.47353 0.43535 0.49107
0.48854 0.64097 0.56076
0.38133 0.44133 0.55287
0.49599 0.43347 0.52616
0.39826 0.45715 0.56318
0.30520 0.43155 0.39886
0.34658 0.50753 0.38493
0.41876 0.41715 0.51102
0.45871 0.38752 0.41631
0.42235 0.60920 0.63479
0.47888 0.47230 0.64126
0.52973 0.66215 0.61025
0.34033 0.47440 0.56459
0.41079 0.56919 0.52814
0.47935 0.53461 0.32083
