20 20 1000 24819 767
0.35944 0.09153 0.03865
0.21903 0.91360 0.39630
0.25238 0.31742 0.72137
0.40011 0.80888 0.63817
0.37496 0.73790 0.48424
0.53307 0.43653 0.23825
0.74570 0.35696 0.32363
0.33778 0.15967 0.33378
0.60841 0.04411 0.66162
0.83303 0.77204 0.64328
0.09921 0.73628 0.31916
0.60563 0.58071 0.76528
0.74227 0.62037 0.14429
0.32239 0.52517 0.42584
0.66444 0.74276 0.69926
0.15726 0.83126 0.07481
0.10454 0.31236 0.18973
0.98367 0.84474 0.05133
0.13772 0.73819 0.83701
0.26471 0.08552 0.96561
0.49520 0.50031 0.39965
0.43695 0.63891 0.46803
0.50020 0.52432 0.48045
0.43513 0.49299 0.52035
0.50358 0.65299 0.39389
0.35731 0.48885 0.30704
0.48321 0.53916 0.47603
0.55201 0.56223 0.43159
0.48016 0.42590 0.36555
0.36672 0.53695 0.40831
0.38770 0.49385 0.38122
0.46117 0.55929 0.50488
0.47596 0.53485 0.37235
0.45039 0.47611 0.43538
0.35707 0.38195 0.44129
0.44369 0.56577 0.46294
0.45192 0.52422 0.42715
0.47616 0.51578 0.57449
0.40829 0.50354 0.41743
0.47097 0.57182 0.51567
0.33800 0.62124 0.42049
0.38050 0.50455 0.35177
0.52550 0.50051 0.45206
0.49638 0.53619 0.39991
0.52305 0.58919 0.46363
0.42523 0.57028 0.45373
0.47425 0.58726 0.40071
0.45134 0.51273 0.36063
0.41733 0.57234 0.48469
0.48427 0.44276 0.45170
0.43364 0.49106 0.43884
0.45421 0.44143 0.52185
0.43234 0.54097 0.43900
0.51573 0.54183 0.40224
0.35764 0.49172 0.45221
0.45299 0.49034 0.36454
0.38706 0.53847 0.55510
0.44345 0.43445 0.45241
0.37854 0.55579 0.44462
0.55444 0.56111 0.40816
0.38875 0.43648 0.49294
0.37910 0.47740 0.38644
0.37995 0.56857 0.45785
0.42249 0.52454 0.39032
0.39774 0.53093 0.54812
0.44945 0.45850 0.40579
0.44597 0.53729 0.48584
0.36676 0.48409 0.43379
0.41557 0.52873 0.38697
0.35598 0.49330 0.37050
0.49640 0.59153 0.43532
0.38897 0.58459 0.40178
0.46556 0.47174 0.47510
0.50434 0.60493 0.42331
0.41891 0.60928 0.40369
0.42843 0.45000 0.46276
0.40339 0.60022 0.51923
0.42229 0.52778 0.53112
0.54576 0.56958 0.49603
0.41723 0.45029 0.54615
0.34920 0.44475 0.35098
0.50658 0.58064 0.42667
0.37085 0.44807 0.43744
0.45316 0.47154 0.41398
0.43162 0.53885 0.46481
0.41191 0.53199 0.52658
0.41262 0.42570 0.47905
0.42740 0.53476 0.54058
0.52528 0.53473 0.53773
0.38638 0.57162 0.43138
0.42011 0.58460 0.43470
0.49685 0.56555 0.47727
0.46800 0.58239 0.49712
0.42950 0.45994 0.43194
0.37255 0.45411 0.46086
0.41074 0.52967 0.42769
0.47595 0.37345 0.53659
0.39374 0.55193 0.45952
0.46153 0.46888 0.55249
0.43654 0.42782 0.49869
0.41306 0.62866 0.48066
0.50420 0.61317 0.37809
0.40020 0.49527 0.58091
0.44613 0.55912 0.50871
0.51878 0.35653 0.29818
0.42593 0.64291 0.43906
0.39315 0.54522 0.42917
0.44514 0.55594 0.41690
0.45980 0.56377 0.37502
0.45927 0.45721 0.45642
0.46869 0.60396 0.31663
0.50933 0.47508 0.45234
0.45678 0.51731 0.39792
0.45182 0.49460 0.51990
0.40376 0.53529 0.36587
0.47859 0.55117 0.38122
0.51291 0.57376 0.35681
0.39360 0.47216 0.40614
0.41207 0.57050 0.48058
0.47796 0.53699 0.42038
0.45973 0.53773 0.35813
0.46604 0.48469 0.47992
0.48016 0.56214 0.47902
0.48766 0.62060 0.40440
0.38316 0.53913 0.45407
0.37258 0.56600 0.47401
0.42598 0.47215 0.42544
0.38330 0.34245 0.49573
0.59043 0.59943 0.41404
0.47090 0.60985 0.31737
0.42708 0.44794 0.43849
0.35064 0.53872 0.34481
0.31545 0.54792 0.44392
0.48561 0.56552 0.45334
0.39401 0.49266 0.48877
0.40575 0.48588 0.52342
0.40702 0.51027 0.40657
0.45650 0.58903 0.42686
0.42012 0.47451 0.58680
0.49714 0.53242 0.51660
0.43894 0.55853 0.47713
0.58438 0.59849 0.48787
0.37130 0.58064 0.46028
0.48284 0.51343 0.41999
0.47393 0.64472 0.51887
0.37583 0.46253 0.43435
0.44901 0.48233 0.50728
0.46886 0.49647 0.60611
0.46662 0.54593 0.44790
0.53002 0.58170 0.30367
0.41974 0.54359 0.44420
0.42556 0.42612 0.32489
0.44225 0.42145 0.41408
0.46387 0.62269 0.33187
0.41125 0.51521 0.45781
0.56869 0.63193 0.40057
0.44596 0.52128 0.46094
0.42837 0.62533 0.40687
0.51612 0.56081 0.43213
0.46462 0.48257 0.41267
0.41168 0.52014 0.43942
0.42700 0.50699 0.50728
0.37644 0.41381 0.61158
0.53375 0.56234 0.51418
0.49043 0.50000 0.37653
0.49495 0.59438 0.43817
0.43429 0.52252 0.50185
0.48695 0.49478 0.43589
0.46321 0.55191 0.47699
0.37882 0.58565 0.37453
0.49019 0.46783 0.40466
0.40046 0.52879 0.41946
0.56733 0.55065 0.35978
0.44835 0.42064 0.41756
0.41734 0.46942 0.49119
0.43814 0.52902 0.52192
0.49366 0.37337 0.37836
0.44553 0.42575 0.30851
0.46219 0.60290 0.40770
0.45021 0.63988 0.48455
0.38312 0.59678 0.46712
0.42630 0.39275 0.33681
0.43826 0.48656 0.41338
0.32884 0.61463 0.39268
0.48526 0.37562 0.54600
0.34406 0.54742 0.41450
0.49108 0.51433 0.44676
0.40750 0.50766 0.37553
0.48661 0.57075 0.40627
0.46823 0.56493 0.50893
0.39789 0.57533 0.51690
0.39672 0.51510 0.48100
0.37885 0.50266 0.43414
0.43215 0.52881 0.42142
0.40359 0.51273 0.45490
0.46692 0.55994 0.41167
0.47127 0.55459 0.47862
0.46569 0.57520 0.42132
0.43962 0.63325 0.41761
0.51386 0.56000 0.44699
0.48955 0.54209 0.47610
0.40084 0.47748 0.44411
0.38966 0.47380 0.39361
0.43922 0.41761 0.46011
0.44410 0.49386 0.56078
0.40766 0.48992 0.44393
0.35594 0.56193 0.53850
0.37122 0.60981 0.36752
0.46265 0.56509 0.39699
0.38549 0.56062 0.36004
0.44753 0.59230 0.45985
0.38239 0.48901 0.50216
0.62406 0.51347 0.45394
0.35474 0.51004 0.48092
0.41024 0.51069 0.48126
0.43007 0.45832 0.33320
0.30595 0.47137 0.40148
0.45330 0.53834 0.36291
0.40699 0.58803 0.45854
0.47887 0.55231 0.39333
0.37335 0.47434 0.48180
0.40668 0.51787 0.52906
0.34056 0.50759 0.47121
0.37523 0.41039 0.50788
0.54256 0.63596 0.44880
0.50606 0.57196 0.47871
0.52140 0.48097 0.46797
0.32629 0.55107 0.46423
0.42981 0.50439 0.46054
0.39168 0.56554 0.44340
0.44639 0.50233 0.45385
0.50675 0.61427 0.37959
0.45592 0.57706 0.53186
0.42146 0.53389 0.40114
0.44342 0.52372 0.42490
0.35791 0.58997 0.52375
0.37642 0.58324 0.36894
0.42337 0.57094 0.32067
0.40337 0.59325 0.34424
0.49651 0.53774 0.49814
0.42344 0.47069 0.39479
0.49516 0.48222 0.41008
0.46222 0.49623 0.52117
0.37339 0.46554 0.35664
0.39438 0.51831 0.38413
0.44116 0.61000 0.52026
0.43421 0.47313 0.41011
0.40711 0.64657 0.49199
0.37780 0.50932 0.38110
0.44755 0.56287 0.43344
0.40555 0.60476 0.46023
0.33870 0.49521 0.48897
0.41460 0.58204 0.40474
0.45726 0.40899 0.41851
0.53246 0.55069 0.53883
0.41631 0.53335 0.46968
0.39668 0.50205 0.48341
0.39465 0.50855 0.48222
0.48760 0.47156 0.47078
0.38742 0.59679 0.47933
0.44660 0.65112 0.45881
0.45092 0.55104 0.44854
0.46326 0.50877 0.47934
0.36767 0.59340 0.49639
0.40595 0.49190 0.41405
0.45246 0.53159 0.49291
0.39553 0.60415 0.41656
0.48434 0.50657 0.34820
0.44154 0.58267 0.36051
0.42157 0.44180 0.34794
0.36353 0.53944 0.41112
0.39579 0.45293 0.50079
0.54328 0.52829 0.39243
0.40616 0.36945 0.48624
0.44986 0.56978 0.54001
0.50709 0.51505 0.37783
0.47097 0.47602 0.35624
0.42824 0.53847 0.45511
0.41430 0.51462 0.37094
0.37264 0.47174 0.47978
0.39703 0.54795 0.35257
0.43306 0.50301 0.44776
0.42490 0.48465 0.47203
0.43967 0.55226 0.40337
0.25150 0.67524 0.52056
0.33789 0.54261 0.56792
0.44054 0.47848 0.54474
0.40324 0.50325 0.34129
0.55438 0.63776 0.46989
0.44964 0.60561 0.47503
0.51164 0.56475 0.37893
0.46131 0.48170 0.51262
0.47210 0.58659 0.53673
0.49302 0.57237 0.46094
0.45968 0.53770 0.48435
0.44702 0.55835 0.39386
0.42700 0.54815 0.52023
0.40093 0.48221 0.46023
0.48657 0.54251 0.39407
0.50726 0.56035 0.37464
0.44806 0.50616 0.43175
0.52387 0.47442 0.44030
0.46943 0.55466 0.55833
0.49166 0.63477 0.42464
0.50253 0.52822 0.42789
0.39743 0.50901 0.48594
0.48767 0.45122 0.38459
0.45726 0.49366 0.42606
0.41824 0.59452 0.31716
0.42228 0.67003 0.43631
0.33435 0.48627 0.36956
0.40625 0.47222 0.47781
0.43983 0.52590 0.43054
0.34126 0.52338 0.44846
0.37620 0.49667 0.42898
0.40687 0.58041 0.44654
0.52783 0.55358 0.45533
0.36834 0.64655 0.45198
0.42861 0.47793 0.52695
0.37882 0.46343 0.49659
0.50910 0.47095 0.47613
0.31134 0.48693 0.46977
0.41679 0.55477 0.46444
0.42780 0.48229 0.56964
0.45469 0.55714 0.45427
0.43836 0.49979 0.41066
0.49746 0.60578 0.40798
0.35031 0.56752 0.42457
0.36405 0.44975 0.40475
0.33697 0.53130 0.55764
0.42579 0.53181 0.34571
0.43210 0.57326 0.49030
0.43988 0.51512 0.43303
0.53555 0.58989 0.44336
0.49850 0.53555 0.48688
0.53316 0.56154 0.46081
0.37681 0.43419 0.36653
0.42755 0.53765 0.44487
0.33101 0.48795 0.44198
0.46228 0.68596 0.39700
0.48093 0.46508 0.47102
0.50259 0.53080 0.46298
0.46570 0.55229 0.41260
0.34662 0.54425 0.46736
0.38119 0.53330 0.47560
0.43324 0.56959 0.47960
0.44121 0.61860 0.50671
0.47932 0.46109 0.47331
0.32350 0.51147 0.52723
0.38704 0.44451 0.40270
0.32625 0.64005 0.33379
0.47282 0.48163 0.41468
0.51267 0.52797 0.38193
0.44831 0.53512 0.46851
0.38599 0.46763 0.46536
0.45326 0.53663 0.36094
0.41181 0.63978 0.33180
0.42734 0.45251 0.48363
0.41235 0.55098 0.41110
0.52481 0.53814 0.52551
0.42260 0.62993 0.50704
0.46952 0.49238 0.37931
0.36422 0.43975 0.62230
0.37095 0.57751 0.45766
0.47835 0.52537 0.50957
0.50627 0.63112 0.52325
0.41844 0.41493 0.52724
0.42476 0.52089 0.37301
0.40459 0.35343 0.50212
0.41932 0.58275 0.45103
0.34988 0.50500 0.48768
0.40503 0.50046 0.50169
0.35932 0.59043 0.40813
0.47583 0.57045 0.38360
0.38389 0.47198 0.39434
0.44581 0.66183 0.40183
0.45187 0.43282 0.45922
0.41761 0.51734 0.44066
0.45307 0.48206 0.44492
0.58549 0.60795 0.39260
0.41101 0.47902 0.48190
0.50431 0.61657 0.41684
0.39845 0.57540 0.47366
0.35441 0.54372 0.40140
0.41590 0.53810 0.39604
0.38059 0.57196 0.44886
0.44397 0.43213 0.48862
0.57074 0.51141 0.41827
0.49023 0.42159 0.41980
0.41683 0.58469 0.39222
0.43002 0.52776 0.53446
0.45138 0.44851 0.47978
0.52676 0.56867 0.43420
0.55682 0.54094 0.41463
0.41765 0.51176 0.44430
0.41029 0.52864 0.37132
0.40778 0.53575 0.54909
0.43679 0.45163 0.45722
0.46119 0.49093 0.46115
0.43340 0.48907 0.42771
0.46321 0.54679 0.44191
0.38359 0.58284 0.52508
0.40298 0.62198 0.42233
0.49346 0.58186 0.46005
0.39278 0.47148 0.50034
0.40514 0.59429 0.46197
0.36743 0.53904 0.50316
0.41626 0.47047 0.41010
0.38323 0.57000 0.52860
0.43105 0.58130 0.42692
0.43126 0.53226 0.52513
0.43315 0.51389 0.52454
0.41888 0.57441 0.48868
0.54153 0.58925 0.30687
0.46480 0.54010 0.39954
0.49495 0.52325 0.52587
0.42626 0.48273 0.44316
0.48628 0.52146 0.49450
0.43257 0.54303 0.37764
0.49040 0.56760 0.55501
0.35256 0.57990 0.49922
0.45206 0.49131 0.41373
0.40992 0.44471 0.43431
0.45938 0.52462 0.37242
0.39948 0.50890 0.39980
0.40522 0.64654 0.44445
0.43061 0.49014 0.45192
0.41542 0.57080 0.55177
0.45084 0.62156 0.38375
0.39485 0.61109 0.34780
0.45506 0.44915 0.45954
0.45517 0.52273 0.37005
0.42784 0.49014 0.43642
0.43815 0.59580 0.43930
0.47664 0.54486 0.44646
0.46296 0.55787 0.45078
0.44878 0.48674 0.38761
0.39551 0.45229 0.36526
0.45586 0.38696 0.55324
0.38938 0.41505 0.37299
0.37578 0.49679 0.41665
0.34562 0.55506 0.46777
0.39237 0.55269 0.50365
0.44868 0.57100 0.47190
0.44883 0.51563 0.40690
0.44523 0.45342 0.42074
0.50451 0.49568 0.43143
0.37309 0.61226 0.42095
0.34217 0.40328 0.58578
0.42612 0.55301 0.49676
0.39759 0.56824 0.39909
0.43020 0.47566 0.49065
0.52217 0.61302 0.48843
0.37266 0.51621 0.41300
0.34564 0.55314 0.52210
0.41195 0.50947 0.43276
0.44534 0.47353 0.38351
0.42115 0.61427 0.42119
0.36070 0.41059 0.58257
0.42470 0.55064 0.55305
0.46735 0.51372 0.50729
0.45429 0.60716 0.39889
0.50712 0.57912 0.47352
0.48722 0.55607 0.46026
0.49289 0.40335 0.45385
0.41064 0.48375 0.41090
0.44969 0.57694 0.48697
0.41438 0.60705 0.49594
0.45913 0.55686 0.50809
0.42988 0.58632 0.42780
0.38191 0.57948 0.48316
0.32514 0.52723 0.46457
0.42479 0.56061 0.49403
0.37178 0.57420 0.51162
0.44270 0.62329 0.47376
0.52269 0.60124 0.47351
0.56669 0.60468 0.45904
0.42936 0.56483 0.55955
0.40675 0.55076 0.40152
0.44808 0.57809 0.43186
0.43914 0.56816 0.45399
0.50859 0.63499 0.46595
0.33327 0.44990 0.50596
0.40424 0.50293 0.43603
0.49868 0.56137 0.45945
0.36291 0.58101 0.43374
0.48487 0.51378 0.35696
0.49429 0.45879 0.48458
0.36855 0.51363 0.40200
0.46764 0.49788 0.38811
0.42414 0.47332 0.35663
0.44024 0.53903 0.45304
0.42025 0.44450 0.41646
0.56797 0.50669 0.46122
0.40102 0.50633 0.41561
0.40801 0.60866 0.46887
0.46544 0.61420 0.40038
0.38034 0.48321 0.56642
0.52157 0.60585 0.49037
0.44116 0.56286 0.37061
0.44614 0.51240 0.47087
0.35942 0.49807 0.48693
0.50805 0.58116 0.37678
0.49871 0.51252 0.46574
0.49360 0.49107 0.38424
0.46162 0.53196 0.48718
0.47374 0.62622 0.31551
0.38244 0.48717 0.38662
0.44301 0.54762 0.35446
0.50095 0.63705 0.31918
0.45310 0.53032 0.52792
0.34725 0.50936 0.54680
0.54066 0.65911 0.36671
0.42570 0.57024 0.41376
0.44699 0.42953 0.47581
0.40420 0.58758 0.47234
0.43268 0.57636 0.51195
0.34385 0.58497 0.45373
0.35715 0.44034 0.44197
0.40875 0.52178 0.52063
0.36068 0.59955 0.43874
0.39848 0.58576 0.45807
0.33192 0.58067 0.40052
0.43480 0.48722 0.38510
0.49332 0.57521 0.48844
0.41073 0.50720 0.42883
0.44427 0.53513 0.34675
0.47913 0.53467 0.44504
0.39110 0.55775 0.39614
0.33825 0.45651 0.43531
0.42580 0.54535 0.39000
0.49119 0.52529 0.43929
0.49585 0.52809 0.48111
0.40767 0.43380 0.50671
0.44563 0.52899 0.47009
0.44270 0.56493 0.49640
0.32925 0.51071 0.39345
0.47941 0.57075 0.48273
0.46293 0.63054 0.27191
0.41714 0.61872 0.45961
0.42824 0.68302 0.37111
0.55406 0.60147 0.46216
0.35428 0.45784 0.57252
0.37677 0.57955 0.47793
0.38267 0.53117 0.50792
0.43214 0.57082 0.49183
0.40728 0.44177 0.45509
0.42260 0.50793 0.42323
0.40401 0.51575 0.45404
0.49070 0.46955 0.47682
0.43995 0.46784 0.42504
0.44248 0.55192 0.44830
0.43636 0.54503 0.54685
0.38998 0.59310 0.37774
0.42319 0.63163 0.38867
0.45279 0.58599 0.44325
0.45347 0.59432 0.50261
0.50334 0.58662 0.52340
0.41984 0.53747 0.31250
0.45790 0.60321 0.39134
0.39612 0.47910 0.47025
0.52589 0.61699 0.45940
0.42518 0.52536 0.40508
0.34848 0.58176 0.54827
0.36388 0.56409 0.42301
0.49223 0.56801 0.56175
0.37973 0.51629 0.37051
0.43265 0.55104 0.44464
0.49791 0.55368 0.39279
0.62033 0.56779 0.31924
0.49352 0.60805 0.40257
0.39023 0.56071 0.46454
0.41763 0.57230 0.42969
0.32970 0.52709 0.44690
0.28851 0.63676 0.40639
0.41846 0.64337 0.51510
0.40579 0.55396 0.50246
0.38317 0.52240 0.46472
0.36086 0.52273 0.47878
0.31344 0.48238 0.44780
0.36862 0.51660 0.48113
0.40520 0.61889 0.47890
0.53564 0.53593 0.33054
0.48287 0.59203 0.49729
0.35699 0.42357 0.49379
0.40563 0.61980 0.41056
0.49807 0.36999 0.57612
0.43038 0.50110 0.45392
0.35079 0.53380 0.47971
0.45482 0.48798 0.35937
0.37875 0.48613 0.49999
0.55435 0.59804 0.44497
0.38849 0.50767 0.45509
0.45350 0.57410 0.44652
0.51522 0.61498 0.51510
0.49467 0.46842 0.54625
0.53135 0.43315 0.49068
0.48435 0.52168 0.31340
0.42160 0.45828 0.51157
0.35770 0.62331 0.38933
0.48981 0.52357 0.38725
0.49193 0.56398 0.34021
0.58492 0.57615 0.44114
0.45728 0.55124 0.47343
0.43107 0.48931 0.48933
0.38958 0.61980 0.43629
0.49742 0.48574 0.52011
0.42932 0.47394 0.46500
0.44201 0.57032 0.47074
0.45415 0.54827 0.53805
0.45038 0.56328 0.41087
0.48669 0.43293 0.47231
0.38383 0.51060 0.56115
0.44980 0.51928 0.38292
0.49077 0.61721 0.49321
0.44374 0.51251 0.39720
0.47957 0.62715 0.46308
0.37664 0.61297 0.43927
0.42775 0.49445 0.48438
0.40276 0.54209 0.44729
0.47126 0.49428 0.51224
0.45389 0.59976 0.40997
0.32529 0.53993 0.48816
0.42764 0.57293 0.33369
0.47343 0.56383 0.40902
0.41877 0.52999 0.54835
0.49889 0.44978 0.42808
0.36703 0.63504 0.50177
0.39521 0.38286 0.38624
0.52389 0.62317 0.39914
0.49617 0.54770 0.44584
0.43415 0.45661 0.42798
0.51648 0.52018 0.43445
0.36616 0.57874 0.38200
0.40724 0.46254 0.49591
0.43316 0.54659 0.35959
0.49507 0.45334 0.47980
0.43019 0.45435 0.52485
0.40301 0.54356 0.53397
0.42329 0.53320 0.43862
0.44625 0.62013 0.39841
0.43553 0.51894 0.40264
0.48789 0.46000 0.52695
0.40644 0.54783 0.52803
0.44276 0.39854 0.46877
0.34390 0.52664 0.44753
0.34050 0.49037 0.45001
0.42959 0.54641 0.45677
0.44000 0.58521 0.40616
0.39801 0.48289 0.44531
0.45202 0.44375 0.48063
0.44661 0.44436 0.55448
0.33629 0.46313 0.36521
0.40501 0.65922 0.42994
0.39921 0.53472 0.49139
0.58395 0.60748 0.43378
0.41805 0.45284 0.45368
0.46131 0.56228 0.38212
0.48647 0.61811 0.42545
0.46278 0.50517 0.48446
0.51589 0.49746 0.46038
0.37019 0.48843 0.43490
0.46407 0.54494 0.36984
0.46591 0.50062 0.49243
0.49742 0.52794 0.43154
0.43872 0.54641 0.41612
0.33477 0.56600 0.39005
0.47487 0.51482 0.42773
0.45743 0.61233 0.47630
0.39056 0.55589 0.49232
0.48662 0.64128 0.44764
0.50051 0.56752 0.48055
0.45295 0.49898 0.42139
0.41614 0.55031 0.44759
0.38677 0.39594 0.59707
0.44401 0.54194 0.40334
0.45119 0.53763 0.37696
0.48214 0.61386 0.41651
0.47686 0.53836 0.43013
0.44362 0.57061 0.50218
0.37670 0.50154 0.38475
0.51650 0.51788 0.42857
0.46706 0.47329 0.47187
0.46565 0.55814 0.42596
0.43627 0.60694 0.44132
0.43662 0.48729 0.42739
0.39038 0.60466 0.37003
0.33069 0.59083 0.50194
0.49672 0.54819 0.41751
0.39053 0.54330 0.48804
0.38693 0.49887 0.44503
0.42581 0.48902 0.43123
0.38019 0.55260 0.43712
0.38589 0.42960 0.35848
0.47959 0.57415 0.50593
0.49904 0.49389 0.37844
0.53989 0.52510 0.52652
0.51053 0.46462 0.46459
0.56785 0.53389 0.41442
0.40463 0.41887 0.39551
0.47605 0.53291 0.50737
0.42865 0.54290 0.44535
0.53313 0.61101 0.35549
0.56751 0.63593 0.37179
0.38898 0.59804 0.39790
0.42185 0.57377 0.44621
0.42580 0.59982 0.49703
0.38332 0.46702 0.51695
0.50999 0.49384 0.34941
0.43670 0.56104 0.43854
0.49093 0.55933 0.51979
0.57770 0.58645 0.48528
0.49085 0.63150 0.51612
0.38346 0.51833 0.31472
0.41666 0.48638 0.44581
0.40137 0.50067 0.41819
0.51284 0.47460 0.48429
0.43723 0.47260 0.50604
0.37202 0.44497 0.40661
0.32419 0.57492 0.38263
0.42889 0.56444 0.44148
0.47494 0.61577 0.44028
0.37582 0.49869 0.35568
0.41358 0.55581 0.44062
0.50515 0.55805 0.51179
0.49624 0.57542 0.48422
0.42135 0.53233 0.44058
0.46186 0.52268 0.51635
0.35832 0.36189 0.49848
0.50365 0.52464 0.49687
0.42939 0.50412 0.52791
0.44882 0.65251 0.40222
0.37556 0.49570 0.51246
0.45778 0.58715 0.43734
0.41352 0.53550 0.49661
0.34498 0.51389 0.44804
0.49540 0.53310 0.29103
0.47655 0.62146 0.57683
0.40320 0.58420 0.49325
0.41876 0.50032 0.36085
0.42567 0.52411 0.42839
0.43604 0.45996 0.38666
0.36424 0.55408 0.44344
0.38728 0.48965 0.54403
0.45854 0.54806 0.43924
0.39736 0.57649 0.43302
0.48094 0.55083 0.44194
0.38007 0.53360 0.40817
0.36706 0.41755 0.62311
0.57477 0.56642 0.38750
0.48498 0.41213 0.44823
0.49245 0.50107 0.33144
0.44789 0.50159 0.37015
0.38886 0.45036 0.52392
0.55080 0.49963 0.47505
0.46873 0.50905 0.47645
0.34805 0.34710 0.35040
0.38694 0.51253 0.39684
0.39759 0.40886 0.50437
0.39087 0.51249 0.40786
0.37139 0.54969 0.51708
0.53063 0.42889 0.38898
0.38680 0.57279 0.39398
0.46900 0.43672 0.43539
0.40841 0.52966 0.46160
0.44083 0.53908 0.41761
0.34656 0.46308 0.35949
0.43715 0.57159 0.47910
0.46088 0.62080 0.44928
0.42661 0.38463 0.44878
0.46943 0.53130 0.50407
0.49428 0.61510 0.39006
0.49176 0.52056 0.47122
0.43307 0.55564 0.44457
0.37340 0.53424 0.40946
0.44166 0.43287 0.44208
0.42960 0.53136 0.48569
0.46850 0.52826 0.49524
0.40591 0.48655 0.44910
0.45119 0.47911 0.45139
0.42752 0.58268 0.34013
0.44665 0.53925 0.45527
0.54139 0.52032 0.43903
0.44578 0.53536 0.47606
0.41973 0.52620 0.51330
0.38107 0.45068 0.44535
0.38451 0.47141 0.50056
0.48118 0.45526 0.50963
0.42618 0.47542 0.40584
0.44003 0.57744 0.51660
0.49688 0.43986 0.44519
0.43237 0.56045 0.50905
0.35251 0.52352 0.36297
0.48951 0.64943 0.45725
0.35844 0.49528 0.37444
0.39005 0.58691 0.48067
0.46837 0.48957 0.41408
0.42210 0.51567 0.38779
0.47240 0.45772 0.54634
0.48253 0.48069 0.45693
0.43169 0.59463 0.47037
0.51613 0.50189 0.49724
0.49148 0.44509 0.32870
0.40674 0.57952 0.42745
0.48216 0.45388 0.46535
0.43066 0.37697 0.37146
0.54187 0.51264 0.52051
0.34159 0.58143 0.43266
0.43259 0.61680 0.32173
0.35900 0.50993 0.35030
0.42019 0.58917 0.58244
0.41424 0.57686 0.39232
0.45042 0.48361 0.42189
0.40403 0.58423 0.40541
0.46555 0.53780 0.46300
0.42002 0.51500 0.41468
0.37773 0.46771 0.48342
0.39989 0.56284 0.43480
0.48333 0.47333 0.41367
0.44679 0.55239 0.34509
0.54462 0.60159 0.44781
0.39906 0.47800 0.47626
0.51802 0.63141 0.51317
0.42004 0.50667 0.45295
0.42022 0.51594 0.34351
0.46123 0.50110 0.56504
0.33180 0.50089 0.40143
0.36614 0.49127 0.40728
0.32369 0.56395 0.53283
0.38583 0.48426 0.44499
0.36475 0.40895 0.35713
0.50468 0.50665 0.46994
0.42007 0.55436 0.44723
0.44373 0.55546 0.44187
0.40872 0.56188 0.48634
0.42669 0.47723 0.37064
0.42280 0.52320 0.38946
0.42780 0.51235 0.44023
0.39722 0.51104 0.46858
0.52887 0.56792 0.50460
0.44660 0.59775 0.44455
0.42559 0.54295 0.45649
0.43818 0.58781 0.44892
0.40552 0.58936 0.44775
0.42005 0.56271 0.39063
0.33889 0.52051 0.40659
0.41322 0.68001 0.53810
0.38890 0.43790 0.41822
0.38862 0.47743 0.44525
0.34993 0.60200 0.37016
0.36977 0.48770 0.43006
0.43198 0.58590 0.49904
0.50921 0.46261 0.45578
0.49981 0.49566 0.46301
0.50806 0.61657 0.53096
0.35529 0.53491 0.42131
0.40736 0.63417 0.36070
0.47037 0.40989 0.45594
0.37822 0.64200 0.31170
0.48322 0.61587 0.58291
0.51448 0.57189 0.42040
0.48889 0.53528 0.51291
0.37909 0.47480 0.33134
0.34195 0.39885 0.43674
0.45925 0.51243 0.46329
0.34481 0.57317 0.44941
0.40724 0.40986 0.48135
0.37892 0.54992 0.48345
0.39363 0.45941 0.42408
0.47850 0.46108 0.45405
0.52917 0.55603 0.51869
0.40976 0.57689 0.39666
0.53354 0.52409 0.44463
0.44425 0.58887 0.43520
0.39129 0.56470 0.38749
0.42683 0.54143 0.38324
0.42458 0.58677 0.40998
0.40363 0.49866 0.47072
0.41603 0.42132 0.38977
0.48892 0.59026 0.51648
0.45617 0.51331 0.46794
0.38213 0.58500 0.39742
0.37875 0.53780 0.46764
0.39988 0.51865 0.38832
0.49709 0.53698 0.42422
0.34418 0.46111 0.42758
0.38604 0.57818 0.48904
0.49199 0.54136 0.46083
0.42349 0.42795 0.41740
0.53079 0.52721 0.43085
0.39718 0.57834 0.39793
0.38893 0.59505 0.44909
0.48186 0.48953 0.50237
0.52367 0.63785 0.36967
0.46545 0.57888 0.48296
0.46600 0.59551 0.50319
0.43932 0.47387 0.44103
0.32580 0.58702 0.43614
0.37975 0.48585 0.45842
0.38865 0.50544 0.52803
0.40112 0.45998 0.44516
0.41900 0.49548 0.47486
0.45580 0.47649 0.60260
0.42008 0.49643 0.43631
0.46329 0.52187 0.35670
0.45887 0.60506 0.43167
0.43059 0.46559 0.55075
0.56083 0.66313 0.42678
0.47637 0.50345 0.43129
0.42948 0.42588 0.45910
0.45326 0.55204 0.41415
0.35257 0.45774 0.49152
0.45743 0.56551 0.53841
0.56026 0.49462 0.38739
0.39688 0.57568 0.48245
0.46306 0.62542 0.53122
0.55787 0.63279 0.41046
0.35289 0.58073 0.35895
0.41956 0.65376 0.54333
0.40055 0.55169 0.41462
0.41949 0.49222 0.46983
0.58540 0.59185 0.46926
0.49735 0.53528 0.28844
0.53189 0.47516 0.44615
0.62817 0.57923 0.34981
0.38837 0.55596 0.37371
0.48167 0.64811 0.46797
0.48957 0.46928 0.48456
0.51893 0.58081 0.45602
0.45461 0.57764 0.55336
0.43543 0.61422 0.42489
0.54535 0.64961 0.45811
0.42998 0.62447 0.45836
0.32323 0.65780 0.43214
0.37063 0.54560 0.59045
0.39399 0.58458 0.34368
0.36424 0.41593 0.61858
0.40439 0.48921 0.49569
0.37708 0.54088 0.46606
0.47911 0.40881 0.50543
0.42887 0.52061 0.39737
0.38502 0.58503 0.35222
0.43909 0.55065 0.49703
0.43586 0.58109 0.38090
0.45576 0.60092 0.50294
0.31361 0.64259 0.50437
0.32188 0.44219 0.33583
0.44622 0.58214 0.46961
0.45229 0.53682 0.41521
0.42423 0.60702 0.33246
0.38962 0.56771 0.42852
0.50250 0.56057 0.40430
0.50004 0.54724 0.43539
0.54625 0.53808 0.40488
0.49301 0.60601 0.49675
0.40343 0.49702 0.45151
0.47563 0.54498 0.47702
0.39967 0.46261 0.46465
0.38916 0.56659 0.43317
0.43323 0.65852 0.52825
0.44041 0.57976 0.43573
0.45787 0.52602 0.46232
0.34222 0.54152 0.48614
0.40854 0.49136 0.58601
0.43312 0.47061 0.35917
0.36524 0.61003 0.49996
0.43013 0.53823 0.51333
0.34603 0.58961 0.40465
0.40272 0.59719 0.37263
0.46754 0.53502 0.40512
0.42947 0.50205 0.41155
0.39136 0.59063 0.54928
0.46747 0.53430 0.49160
0.50871 0.47303 0.43960
0.43067 0.43841 0.41510
0.47548 0.63847 0.30620
0.38184 0.54249 0.47128
0.35430 0.44943 0.44399
0.41598 0.59225 0.52360
0.48722 0.55153 0.36792
0.42745 0.52730 0.41924
0.46076 0.53042 0.34656
0.46813 0.59941 0.41266
0.47173 0.50463 0.53994
0.43783 0.50226 0.39584
0.41269 0.51715 0.37014
0.40375 0.51454 0.42122
0.28307 0.63685 0.41425
0.33786 0.68102 0.32206
0.34354 0.49219 0.43745
0.35658 0.47009 0.52185
0.49829 0.42718 0.42894
0.33606 0.45218 0.47391
0.42045 0.51212 0.40660
0.49615 0.57572 0.49013
0.39895 0.54137 0.45490
0.43699 0.60587 0.44334
0.35560 0.52031 0.40029
0.44108 0.49208 0.48626
0.40682 0.65491 0.38257
0.44054 0.65274 0.37952
0.37257 0.48311 0.56774
0.48203 0.53818 0.44800
0.46371 0.58300 0.51885
0.45699 0.45738 0.45376
0.34640 0.64659 0.48160
0.45682 0.63805 0.44339
0.46660 0.49485 0.41415
0.43990 0.50548 0.38061
0.46148 0.49538 0.56145
0.47369 0.49522 0.53888
0.38485 0.55266 0.37589
0.44718 0.51344 0.53130
0.45696 0.59678 0.38096
0.45982 0.50309 0.49606
0.41637 0.49678 0.49547
0.47187 0.44693 0.48337
0.42363 0.59138 0.41974
0.40273 0.56048 0.42177
0.35337 0.56297 0.42433
