20 17 1000 20201 122
0.59368 0.97925 0.96148
0.60056 0.80019 0.34088
0.79132 0.54119 0.85074
0.26701 0.37589 0.47199
0.93831 0.80404 0.64865
0.68008 0.14102 0.41174
0.09009 0.87561 0.33368
0.63640 0.47513 0.42908
0.36125 0.97281 0.75672
0.69152 0.71232 0.87220
0.69286 0.11267 0.62066
0.07318 0.78063 0.23018
0.25142 0.44956 0.19780
0.44124 0.67171 0.34071
0.96210 0.96080 0.00998
0.42958 0.86134 0.86486
0.41283 0.53141 0.87729
0.49105 0.60572 0.49254
0.58894 0.64590 0.62932
0.59634 0.65227 0.49576
0.55765 0.61179 0.50766
0.52180 0.69836 0.59261
0.50778 0.72605 0.53879
0.46911 0.68151 0.55171
0.49392 0.65451 0.39548
0.51143 0.61145 0.58154
0.56967 0.49988 0.53805
0.42504 0.65959 0.65506
0.45841 0.69969 0.50871
0.49454 0.69368 0.55225
0.43880 0.64227 0.43871
0.43126 0.66145 0.42182
0.59141 0.71327 0.52815
0.54486 0.73158 0.67671
0.51455 0.62245 0.38730
0.50684 0.74074 0.54180
0.55159 0.63380 0.43251
0.52110 0.56110 0.47136
0.47541 0.70411 0.50588
0.60913 0.59793 0.51143
0.58446 0.66570 0.66427
0.55381 0.66327 0.63984
0.60434 0.65344 0.42902
0.53654 0.60924 0.48047
0.43338 0.59832 0.57851
0.55693 0.71055 0.53667
0.56275 0.54831 0.58072
0.51999 0.56197 0.52159
0.52520 0.71380 0.74889
0.55786 0.58812 0.58563
0.58841 0.59738 0.57462
0.53011 0.69155 0.60559
0.47748 0.64093 0.51983
0.56692 0.65258 0.43026
0.47288 0.69561 0.68342
0.47992 0.63296 0.50292
0.52419 0.66708 0.54912
0.49129 0.68764 0.51646
0.47950 0.67527 0.51630
0.51754 0.54014 0.52545
0.55639 0.71250 0.57465
0.54582 0.67875 0.67606
0.46869 0.61796 0.51243
0.46009 0.67154 0.37934
0.47907 0.59137 0.45343
0.55367 0.68863 0.52869
0.50819 0.59815 0.60277
0.40841 0.68131 0.55418
0.55596 0.59283 0.65313
0.55541 0.60025 0.49719
0.42116 0.66167 0.54609
0.60989 0.61518 0.55635
0.42484 0.64875 0.48720
0.54890 0.72401 0.69843
0.43624 0.69982 0.55734
0.54142 0.54556 0.58995
0.51743 0.63840 0.55455
0.57117 0.59042 0.59746
0.59557 0.67640 0.60613
0.45992 0.71133 0.30505
0.47090 0.69368 0.46079
0.55715 0.71717 0.56630
0.46886 0.68651 0.50648
0.44660 0.72996 0.48994
0.53349 0.72128 0.41259
0.52670 0.60510 0.59663
0.50743 0.67728 0.52499
0.52205 0.48385 0.53267
0.54545 0.61085 0.60296
0.57815 0.75454 0.40189
0.61092 0.50821 0.61618
0.59331 0.70072 0.43727
0.52601 0.63532 0.49912
0.45870 0.70603 0.57664
0.46496 0.66778 0.60354
0.50143 0.60458 0.50978
0.54863 0.70376 0.50002
0.54523 0.66641 0.54409
0.45878 0.64110 0.51114
0.57808 0.63933 0.54650
0.49101 0.70581 0.47850
0.54613 0.66615 0.43588
0.48041 0.62143 0.58751
0.62102 0.68425 0.52924
0.45180 0.59442 0.55833
0.50798 0.56689 0.54537
0.39822 0.64558 0.44225
0.48427 0.70798 0.48293
0.46511 0.67007 0.58097
0.55800 0.72198 0.54133
0.48774 0.58851 0.54921
0.43245 0.66781 0.53223
0.64743 0.69190 0.45169
0.54960 0.59980 0.55344
0.50746 0.73380 0.44207
0.59775 0.59492 0.55763
0.59623 0.72434 0.42416
0.47344 0.69629 0.62420
0.53681 0.75042 0.56136
0.52792 0.71301 0.42440
0.53321 0.53245 0.62711
0.55558 0.64055 0.55594
0.61019 0.68008 0.53806
0.54748 0.51359 0.55144
0.47182 0.63090 0.52466
0.46838 0.61655 0.54376
0.48722 0.63525 0.60133
0.46803 0.66911 0.47949
0.55258 0.71183 0.52294
0.47862 0.66276 0.59175
0.56158 0.66854 0.62867
0.34982 0.79488 0.55480
0.47863 0.56263 0.47407
0.55441 0.66956 0.60949
0.46690 0.65804 0.49285
0.57875 0.64852 0.55339
0.57142 0.57809 0.54757
0.58360 0.67196 0.50644
0.52928 0.69677 0.49893
0.52431 0.60566 0.50375
0.48064 0.71246 0.55468
0.46508 0.55697 0.50518
0.45973 0.60243 0.52232
0.40401 0.73856 0.52322
0.45972 0.70009 0.60250
0.54793 0.60321 0.41560
0.54575 0.68652 0.49226
0.49894 0.55300 0.54298
0.53837 0.68506 0.61670
0.49482 0.71463 0.55728
0.37796 0.56616 0.36610
0.44602 0.71174 0.51630
0.61310 0.73444 0.56774
0.52128 0.66150 0.49976
0.56798 0.65361 0.44174
0.53857 0.68476 0.65738
0.55717 0.52533 0.54026
0.58167 0.69823 0.69700
0.54669 0.77013 0.56363
0.56766 0.66472 0.47024
0.52807 0.59906 0.52957
0.56659 0.74780 0.62887
0.54666 0.60165 0.62443
0.47642 0.62320 0.53740
0.56739 0.60887 0.46144
0.55831 0.66109 0.64023
0.59427 0.77730 0.67008
0.60886 0.67914 0.63975
0.44223 0.70454 0.49602
0.49573 0.59970 0.53787
0.56010 0.71679 0.45141
0.53616 0.59296 0.58740
0.60589 0.69336 0.51370
0.62466 0.71701 0.44615
0.45312 0.62213 0.54126
0.56031 0.49811 0.60111
0.51603 0.70977 0.59885
0.55550 0.65394 0.52679
0.49725 0.67432 0.52890
0.52530 0.61390 0.53889
0.56799 0.54496 0.49065
0.60186 0.53532 0.57927
0.59028 0.63532 0.53208
0.54569 0.73418 0.54513
0.47957 0.62646 0.65458
0.60358 0.47652 0.53252
0.49713 0.61378 0.58906
0.62801 0.58338 0.54390
0.48517 0.70249 0.50857
0.47140 0.64262 0.63826
0.49136 0.63476 0.53722
0.44717 0.64584 0.46624
0.61865 0.74331 0.44506
0.53667 0.75317 0.66227
0.46237 0.61395 0.55092
0.48130 0.65115 0.53970
0.54242 0.52849 0.46653
0.59536 0.60308 0.50163
0.50013 0.66244 0.53955
0.50814 0.69143 0.58746
0.57633 0.62022 0.63956
0.52081 0.72797 0.61560
0.52506 0.57961 0.57499
0.52242 0.63519 0.54523
0.51466 0.72005 0.54663
0.65727 0.75737 0.39366
0.37077 0.66621 0.41333
0.50451 0.65464 0.57858
0.52951 0.55182 0.59325
0.56691 0.76075 0.57288
0.56306 0.63249 0.55038
0.58115 0.62309 0.61583
0.56729 0.73295 0.70747
0.52803 0.75716 0.57260
0.45565 0.60741 0.53701
0.53248 0.71018 0.36409
0.43517 0.65492 0.45674
0.53535 0.63196 0.61880
0.42306 0.54770 0.44608
0.48289 0.70299 0.63222
0.59445 0.55654 0.48596
0.57027 0.61415 0.65081
0.52445 0.64453 0.55312
0.63931 0.71478 0.49601
0.65020 0.66736 0.47255
0.48283 0.71207 0.62626
0.49536 0.67659 0.59430
0.58490 0.72384 0.53315
0.53698 0.66288 0.68008
0.50434 0.66058 0.56649
0.51355 0.65937 0.71237
0.46714 0.69210 0.64064
0.58199 0.64152 0.62167
0.54444 0.55012 0.53246
0.50574 0.68628 0.51258
0.51001 0.62313 0.57357
0.56903 0.67346 0.44329
0.46728 0.56842 0.53005
0.40344 0.68771 0.59197
0.54294 0.67167 0.57730
0.62439 0.56905 0.64756
0.56678 0.69888 0.58060
0.57528 0.71202 0.66410
0.45326 0.75686 0.65531
0.50225 0.60655 0.62015
0.50949 0.71943 0.55089
0.49699 0.64947 0.64906
0.42260 0.66778 0.42103
0.53321 0.70710 0.55360
0.54402 0.76726 0.50690
0.63321 0.69834 0.61319
0.50907 0.54326 0.49001
0.46254 0.69051 0.54908
0.54553 0.60229 0.43312
0.45800 0.73671 0.58777
0.60362 0.64525 0.57612
0.63141 0.71951 0.45294
0.55902 0.74519 0.52573
0.52780 0.65136 0.54649
0.58091 0.67593 0.60816
0.52414 0.69441 0.46681
0.44641 0.67207 0.61385
0.55647 0.58764 0.56320
0.48876 0.69228 0.61106
0.55507 0.73661 0.66000
0.48924 0.55495 0.53489
0.44339 0.65926 0.56833
0.38427 0.74734 0.50720
0.48833 0.62288 0.50956
0.47315 0.66146 0.70144
0.51623 0.57212 0.53073
0.44659 0.67760 0.52950
0.48621 0.59875 0.51505
0.51230 0.66120 0.59598
0.54617 0.56572 0.57499
0.51603 0.67393 0.64638
0.56757 0.63653 0.62207
0.47447 0.71259 0.49043
0.56633 0.76760 0.55608
0.61940 0.70593 0.56133
0.56349 0.70277 0.59096
0.51423 0.70977 0.51331
0.46552 0.61736 0.49501
0.54997 0.70235 0.56907
0.58303 0.62902 0.54084
0.48853 0.73684 0.51099
0.62850 0.63972 0.53760
0.59284 0.67684 0.54780
0.51558 0.72253 0.60024
0.45928 0.65212 0.47590
0.50855 0.67074 0.53936
0.58298 0.47019 0.55394
0.49876 0.68040 0.63584
0.52586 0.66242 0.43507
0.49050 0.63580 0.45670
0.46051 0.66896 0.55447
0.47098 0.66085 0.54835
0.52692 0.57155 0.52638
0.47358 0.69278 0.57297
0.46999 0.78031 0.57941
0.50836 0.64069 0.63345
0.61205 0.68607 0.47623
0.51622 0.63339 0.54703
0.51298 0.70602 0.55131
0.52170 0.79360 0.70004
0.52977 0.70676 0.53949
0.55264 0.68705 0.54009
0.53448 0.54184 0.57617
0.56754 0.61504 0.61035
0.49029 0.55287 0.60274
0.54276 0.56513 0.56424
0.47583 0.46726 0.52861
0.60105 0.73278 0.62320
0.46650 0.72375 0.54525
0.53419 0.57393 0.47561
0.55535 0.55165 0.55466
0.60665 0.67468 0.54146
0.60130 0.55811 0.56210
0.51417 0.76043 0.45024
0.47919 0.61924 0.49420
0.57358 0.61262 0.49790
0.58236 0.62520 0.52867
0.57048 0.53686 0.66313
0.60131 0.52542 0.51104
0.56047 0.66037 0.52511
0.63056 0.63369 0.62479
0.54574 0.70585 0.52693
0.59643 0.63529 0.44253
0.53235 0.64736 0.43723
0.46851 0.68573 0.53333
0.57858 0.72470 0.50074
0.54438 0.62114 0.59659
0.42662 0.71635 0.54438
0.39433 0.77409 0.54615
0.61219 0.59278 0.58888
0.46349 0.61309 0.60742
0.51894 0.54687 0.54010
0.52739 0.60854 0.55795
0.52807 0.58167 0.51902
0.49527 0.60128 0.56069
0.51725 0.58527 0.54316
0.44433 0.58496 0.48415
0.59890 0.70687 0.69575
0.46570 0.65040 0.56067
0.47099 0.61521 0.45423
0.46306 0.70458 0.59089
0.52134 0.66227 0.57189
0.48129 0.62192 0.43386
0.48963 0.63525 0.50747
0.59685 0.65325 0.67836
0.49872 0.61789 0.52703
0.43913 0.58193 0.46508
0.38734 0.75556 0.67863
0.56113 0.60835 0.48691
0.49107 0.58190 0.53482
0.51082 0.64618 0.59759
0.47944 0.64995 0.44142
0.60789 0.77172 0.52869
0.42915 0.54912 0.54296
0.57910 0.57884 0.46608
0.62653 0.54387 0.59363
0.48507 0.67022 0.50674
0.51429 0.65004 0.63067
0.60522 0.67504 0.61199
0.57604 0.66218 0.35756
0.51893 0.49927 0.42191
0.57530 0.69685 0.52011
0.53843 0.60621 0.55421
0.40679 0.72650 0.57273
0.51280 0.62963 0.52074
0.39722 0.63678 0.51649
0.50441 0.61856 0.64160
0.48647 0.53138 0.46914
0.54815 0.73639 0.30618
0.51266 0.66213 0.48191
0.53059 0.66425 0.61944
0.61887 0.71736 0.55321
0.62399 0.57288 0.52750
0.54154 0.67787 0.55831
0.64026 0.60661 0.61723
0.53195 0.66501 0.52880
0.45411 0.67739 0.47874
0.43871 0.65633 0.51297
0.48818 0.76721 0.57049
0.44465 0.65029 0.50620
0.49469 0.60959 0.57163
0.49131 0.62894 0.51847
0.47478 0.66674 0.51684
0.47485 0.67116 0.53348
0.46152 0.63175 0.58389
0.54100 0.62768 0.54163
0.53078 0.63758 0.64714
0.52089 0.65997 0.61504
0.51325 0.58757 0.55282
0.49079 0.70440 0.47316
0.57878 0.69357 0.60812
0.39813 0.57411 0.40620
0.41102 0.64799 0.46392
0.52946 0.63610 0.41932
0.61339 0.64073 0.71215
0.49277 0.61944 0.59869
0.58170 0.61024 0.60290
0.42756 0.69127 0.58570
0.64760 0.69205 0.57086
0.46594 0.66068 0.48193
0.58683 0.65112 0.62259
0.44532 0.71651 0.53277
0.48660 0.58692 0.56675
0.62647 0.66236 0.54521
0.51699 0.81069 0.70970
0.46279 0.68831 0.35933
0.53071 0.77505 0.72030
0.63738 0.64596 0.50467
0.60260 0.59114 0.63780
0.50475 0.71276 0.45899
0.48315 0.70231 0.47332
0.40889 0.56668 0.48745
0.66271 0.57864 0.45769
0.40586 0.70116 0.54536
0.50020 0.58274 0.49738
0.56420 0.72195 0.63800
0.54488 0.61544 0.54954
0.61258 0.53237 0.60513
0.47764 0.62251 0.56584
0.50061 0.69392 0.52250
0.46136 0.66711 0.58122
0.42442 0.73208 0.50812
0.39989 0.72683 0.47175
0.49693 0.62502 0.50702
0.49033 0.67407 0.56406
0.45756 0.74084 0.55493
0.37410 0.62596 0.36929
0.56344 0.68354 0.59021
0.51057 0.63911 0.65821
0.51327 0.58639 0.48088
0.51739 0.57100 0.47466
0.54008 0.57952 0.47479
0.49413 0.69919 0.52798
0.64190 0.65075 0.57313
0.52978 0.67769 0.72573
0.55356 0.62091 0.57122
0.45806 0.77054 0.47710
0.49210 0.71539 0.48669
0.61889 0.74639 0.56518
0.63011 0.65802 0.46717
0.52559 0.63795 0.55418
0.49311 0.68112 0.64814
0.50387 0.73240 0.64386
0.53703 0.54654 0.54455
0.47307 0.60929 0.52450
0.58372 0.71954 0.54025
0.51836 0.65898 0.67399
0.68796 0.66677 0.40683
0.51622 0.66341 0.54685
0.60215 0.63839 0.49119
0.36359 0.70374 0.46923
0.53923 0.69304 0.60207
0.49736 0.61846 0.55619
0.51574 0.51781 0.51471
0.52925 0.80512 0.57574
0.63635 0.70435 0.64087
0.61410 0.62244 0.55022
0.61713 0.73609 0.57116
0.60272 0.72607 0.63744
0.62781 0.67883 0.55526
0.48707 0.62458 0.55818
0.60280 0.62818 0.57016
0.65508 0.68199 0.57474
0.53922 0.68249 0.57520
0.48462 0.63251 0.58187
0.54134 0.67006 0.60638
0.60181 0.64621 0.65679
0.47070 0.65366 0.53024
0.52055 0.66689 0.52366
0.59174 0.60478 0.45028
0.49143 0.51928 0.53841
0.59503 0.58069 0.66994
0.62451 0.61713 0.56266
0.57726 0.64939 0.50586
0.55820 0.67070 0.41109
0.50320 0.51400 0.51291
0.56568 0.65370 0.67877
0.53815 0.66178 0.60950
0.57880 0.65849 0.62393
0.55592 0.72369 0.49030
0.47850 0.80656 0.66421
0.55225 0.71418 0.47260
0.58649 0.74255 0.54429
0.41025 0.60594 0.42014
0.57411 0.72242 0.46535
0.52212 0.69336 0.46147
0.56366 0.61164 0.46546
0.56948 0.58560 0.52456
0.50430 0.70440 0.61861
0.71079 0.67434 0.68164
0.50509 0.65253 0.46433
0.46610 0.65116 0.46239
0.54828 0.65561 0.56030
0.50909 0.61943 0.52650
0.59293 0.66221 0.61741
0.48013 0.62955 0.58146
0.55117 0.61901 0.64112
0.45330 0.67325 0.53495
0.42014 0.65082 0.47220
0.55212 0.63681 0.56193
0.53661 0.73292 0.59657
0.56285 0.67248 0.52479
0.51250 0.66535 0.48982
0.61810 0.57031 0.58585
0.43115 0.66887 0.47748
0.52893 0.67151 0.59762
0.47042 0.66934 0.64551
0.53837 0.67568 0.63035
0.55639 0.61630 0.58661
0.49695 0.65935 0.57241
0.63647 0.65912 0.51827
0.63619 0.60613 0.61957
0.44508 0.70069 0.48243
0.54028 0.58416 0.53484
0.37555 0.68075 0.48948
0.42280 0.70627 0.52308
0.47853 0.63830 0.52191
0.48321 0.63596 0.66763
0.50114 0.68614 0.63269
0.62908 0.62685 0.48172
0.56656 0.78155 0.52942
0.39749 0.63040 0.52066
0.46194 0.67553 0.56329
0.43217 0.66748 0.58708
0.56433 0.57626 0.52355
0.39844 0.70495 0.48925
0.49761 0.73960 0.59040
0.49147 0.65929 0.45582
0.47766 0.73810 0.49889
0.57555 0.56771 0.50238
0.49747 0.69015 0.66512
0.58668 0.68517 0.51177
0.55051 0.67915 0.53073
0.46059 0.64221 0.51464
0.43798 0.64473 0.57190
0.42425 0.73095 0.53832
0.57479 0.65290 0.53438
0.53274 0.60443 0.53262
0.44799 0.66667 0.57485
0.63178 0.55805 0.55520
0.57545 0.53618 0.54394
0.46216 0.71312 0.55450
0.50967 0.60903 0.45168
0.50824 0.78248 0.66922
0.49472 0.71924 0.49716
0.45831 0.60480 0.48533
0.54096 0.65294 0.60857
0.53580 0.72557 0.56655
0.52782 0.64605 0.51654
0.51450 0.52245 0.53963
0.50691 0.67315 0.48231
0.60141 0.53823 0.54800
0.57040 0.77878 0.61847
0.51411 0.64660 0.52084
0.47876 0.61481 0.47171
0.50332 0.63434 0.53359
0.49969 0.64321 0.45374
0.60863 0.74471 0.62386
0.44300 0.54288 0.57812
0.53305 0.74858 0.71307
0.51177 0.65190 0.62340
0.58861 0.56577 0.59426
0.51160 0.70085 0.49600
0.51744 0.51638 0.53273
0.48888 0.49599 0.42525
0.46823 0.61515 0.49770
0.47089 0.61384 0.63244
0.46943 0.62484 0.50042
0.56985 0.54738 0.51358
0.56134 0.71476 0.69918
0.57014 0.62916 0.57690
0.57644 0.63680 0.61924
0.46117 0.71068 0.56510
0.50823 0.60730 0.50154
0.40698 0.64752 0.49409
0.56890 0.67766 0.47827
0.50589 0.62678 0.59175
0.48240 0.66493 0.56509
0.56936 0.63327 0.55416
0.52724 0.51429 0.50561
0.52081 0.63625 0.56729
0.59010 0.61346 0.56746
0.49705 0.60004 0.55250
0.59043 0.71195 0.58942
0.53304 0.68037 0.47627
0.61752 0.70384 0.62588
0.46760 0.68743 0.48290
0.63920 0.70596 0.37192
0.50914 0.68143 0.64995
0.59740 0.67336 0.57940
0.63958 0.54298 0.55234
0.46670 0.59963 0.56838
0.54103 0.67216 0.65369
0.58754 0.58232 0.51154
0.49503 0.70413 0.67177
0.58530 0.69504 0.56989
0.53446 0.59808 0.55256
0.39380 0.76879 0.49962
0.51056 0.67525 0.59741
0.69128 0.68293 0.64758
0.50041 0.66041 0.47545
0.55024 0.72894 0.44674
0.60974 0.69488 0.47225
0.52065 0.68217 0.50474
0.54059 0.54513 0.43542
0.53088 0.66491 0.48251
0.54266 0.62542 0.53221
0.53031 0.58388 0.50011
0.62420 0.68184 0.38705
0.56097 0.63738 0.53325
0.41735 0.55501 0.51484
0.50282 0.58032 0.58913
0.46431 0.69596 0.49066
0.42240 0.68974 0.49102
0.55207 0.71517 0.53225
0.58977 0.67708 0.60739
0.53149 0.70882 0.63123
0.47603 0.65758 0.58241
0.61425 0.65211 0.49802
0.61751 0.73688 0.46093
0.60398 0.61431 0.57068
0.56683 0.64701 0.45824
0.57794 0.70922 0.60163
0.48977 0.66945 0.56138
0.53422 0.67428 0.49532
0.48200 0.60949 0.66555
0.58033 0.61277 0.53644
0.55890 0.56501 0.51643
0.58146 0.61857 0.48870
0.52162 0.65185 0.53112
0.65351 0.60906 0.53486
0.55617 0.56074 0.52893
0.50976 0.58859 0.43275
0.54840 0.65977 0.58804
0.64842 0.62328 0.48492
0.49820 0.54194 0.50959
0.46971 0.71267 0.58301
0.48699 0.54311 0.49920
0.61465 0.64203 0.61546
0.58619 0.66543 0.56212
0.51028 0.57864 0.44205
0.54426 0.55321 0.54763
0.53810 0.73614 0.53293
0.47584 0.62290 0.57532
0.53262 0.59407 0.57308
0.47250 0.77774 0.52099
0.62725 0.75062 0.44061
0.51143 0.65402 0.55711
0.66159 0.50500 0.63627
0.47929 0.65964 0.58272
0.52734 0.73194 0.52666
0.55579 0.67329 0.60278
0.59737 0.73505 0.41066
0.53485 0.78689 0.53281
0.51974 0.65670 0.51141
0.49510 0.62030 0.56151
0.43452 0.65418 0.46324
0.57489 0.49146 0.59152
0.56550 0.64641 0.48129
0.42461 0.69844 0.64453
0.46272 0.72391 0.55034
0.59330 0.60267 0.60553
0.59012 0.65345 0.53405
0.51376 0.56926 0.59834
0.47902 0.64623 0.64740
0.52739 0.69851 0.48583
0.48709 0.64687 0.54661
0.55969 0.68054 0.59329
0.48609 0.63697 0.53761
0.45834 0.62544 0.52213
0.54131 0.53629 0.59955
0.50182 0.65136 0.55143
0.52282 0.60629 0.60134
0.42890 0.61670 0.49226
0.58156 0.67900 0.40937
0.44449 0.65050 0.51484
0.57259 0.71504 0.65184
0.57185 0.65808 0.46984
0.64947 0.61044 0.58854
0.49417 0.69382 0.59765
0.58259 0.71536 0.45524
0.53318 0.55138 0.49560
0.54935 0.62233 0.63673
0.42944 0.67849 0.48769
0.62191 0.74642 0.65220
0.44691 0.61313 0.54626
0.62310 0.66781 0.65464
0.41563 0.66528 0.50109
0.55368 0.58803 0.47027
0.67411 0.77724 0.36736
0.60827 0.75760 0.47406
0.56116 0.57094 0.54506
0.48487 0.58003 0.53123
0.62653 0.64938 0.64739
0.48388 0.67304 0.38245
0.48818 0.72625 0.67352
0.51636 0.60750 0.59711
0.48694 0.58418 0.48966
0.61194 0.68646 0.67522
0.58001 0.68225 0.59949
0.50641 0.65659 0.57346
0.58215 0.68395 0.56012
0.47151 0.63083 0.51661
0.52571 0.76448 0.57279
0.41894 0.64801 0.51512
0.47257 0.60609 0.43838
0.51821 0.64343 0.62596
0.50004 0.80938 0.68865
0.63309 0.58247 0.57985
0.50951 0.56964 0.47442
0.50754 0.72731 0.59230
0.49529 0.63648 0.60999
0.56925 0.64314 0.55945
0.55929 0.68681 0.63855
0.59234 0.56762 0.40855
0.61595 0.69088 0.43798
0.53512 0.56541 0.48494
0.60213 0.67243 0.57845
0.48669 0.64500 0.56929
0.41231 0.71883 0.52123
0.60925 0.71552 0.62268
0.52401 0.63040 0.56191
0.58221 0.68843 0.64866
0.52040 0.63634 0.63785
0.48912 0.68200 0.49634
0.57468 0.56609 0.54113
0.55539 0.64796 0.58449
0.54443 0.66617 0.60343
0.58881 0.62812 0.58447
0.49208 0.64250 0.50842
0.59531 0.63726 0.50981
0.50284 0.68010 0.50661
0.48988 0.72283 0.64882
0.54581 0.68342 0.48367
0.58807 0.66205 0.39578
0.55516 0.61497 0.51923
0.44775 0.60942 0.46426
0.44806 0.72272 0.54053
0.47688 0.70851 0.55222
0.37851 0.63944 0.39057
0.46200 0.68394 0.49967
0.53841 0.58196 0.43057
0.52879 0.56101 0.54669
0.59603 0.61933 0.46979
0.50029 0.64804 0.50143
0.49973 0.75172 0.48807
0.52568 0.69742 0.54655
0.51159 0.67189 0.62087
0.46615 0.73024 0.58145
0.47980 0.71904 0.59650
0.59324 0.71873 0.53033
0.51493 0.63569 0.56759
0.55675 0.46760 0.56274
0.59305 0.61072 0.57679
0.51183 0.74151 0.51517
0.52442 0.62692 0.57963
0.66770 0.66786 0.53518
0.49520 0.66137 0.43003
0.45961 0.63678 0.53697
0.61062 0.57343 0.48536
0.51468 0.61952 0.61495
0.55649 0.65613 0.61171
0.56175 0.60012 0.62844
0.44312 0.76325 0.49287
0.47725 0.61038 0.54882
0.57603 0.63664 0.53429
0.56273 0.64733 0.54423
0.49063 0.61464 0.56927
0.47282 0.73667 0.53057
0.60285 0.62717 0.49748
0.52371 0.59250 0.56764
0.54316 0.64522 0.58072
0.48236 0.66309 0.57644
0.56311 0.68251 0.56501
0.52808 0.69509 0.58034
0.63147 0.67799 0.51363
0.57342 0.66622 0.60435
0.46133 0.64769 0.44606
0.50781 0.66661 0.58193
0.58866 0.71279 0.62596
0.51986 0.69359 0.63906
0.53477 0.64390 0.49242
0.55847 0.64182 0.62123
0.43317 0.60175 0.47842
0.45358 0.74443 0.51780
0.48421 0.63344 0.54756
0.51094 0.68518 0.51064
0.56110 0.57708 0.54996
0.49078 0.60221 0.55343
0.55874 0.76734 0.65976
0.45954 0.66754 0.44949
0.52836 0.64808 0.52872
0.52744 0.58634 0.60210
0.55988 0.64768 0.56409
0.67083 0.79413 0.41511
0.61335 0.69091 0.36825
0.56953 0.64504 0.52054
0.55959 0.59622 0.63577
0.57393 0.61472 0.45720
0.54867 0.68832 0.52995
0.50388 0.64827 0.58526
0.33553 0.64016 0.37419
0.55443 0.61912 0.56449
0.45269 0.70109 0.52177
0.54565 0.67849 0.47379
0.60833 0.72440 0.62569
0.53641 0.59284 0.61688
0.47402 0.59027 0.48450
0.62930 0.69883 0.42617
0.43401 0.64216 0.47954
0.53771 0.65740 0.63393
0.51496 0.68970 0.58710
0.51024 0.60965 0.43494
0.49575 0.56248 0.49923
0.54578 0.63791 0.54667
0.56571 0.61578 0.57059
0.55181 0.63996 0.63466
0.54427 0.61115 0.54807
0.46952 0.64700 0.55843
0.59703 0.67411 0.58227
0.55806 0.65711 0.57043
0.49245 0.59038 0.50104
0.49601 0.66113 0.48921
0.53426 0.56443 0.53453
0.51138 0.66431 0.57769
0.63210 0.67651 0.59374
0.52358 0.69542 0.62255
0.58424 0.62662 0.61028
0.52995 0.61730 0.66995
0.57050 0.71652 0.38061
0.54020 0.66477 0.71809
0.59345 0.67888 0.51365
0.58733 0.70835 0.52673
0.48792 0.63436 0.47651
0.50571 0.57439 0.59011
0.48177 0.65215 0.39911
0.52980 0.66841 0.58345
0.46984 0.66923 0.59224
0.53954 0.65041 0.48762
0.50193 0.66974 0.45780
0.50306 0.67213 0.59323
0.49373 0.61763 0.45602
0.51852 0.64976 0.39571
0.53395 0.60079 0.59962
0.52680 0.68275 0.46463
0.57324 0.60123 0.57575
0.58331 0.65159 0.42103
0.56203 0.69860 0.49442
0.60020 0.63880 0.46116
0.58232 0.62447 0.62221
0.54749 0.65299 0.55414
0.52708 0.65252 0.62468
0.55702 0.70660 0.52101
0.46704 0.60876 0.48826
0.52631 0.56842 0.51637
0.49993 0.57965 0.55052
0.58248 0.59547 0.51802
0.50888 0.64230 0.53968
0.54579 0.55027 0.58228
0.51142 0.62370 0.58704
0.59448 0.67137 0.55598
0.61712 0.72071 0.53421
0.50164 0.72363 0.51407
0.42514 0.57806 0.44824
0.55775 0.55772 0.59783
0.54020 0.62834 0.54992
0.48449 0.65131 0.53296
0.48555 0.73632 0.55046
0.39602 0.62217 0.55929
0.56484 0.61892 0.46590
0.47075 0.63326 0.46106
0.56743 0.55979 0.50013
0.53956 0.64440 0.47427
0.60161 0.52571 0.52873
0.58949 0.67121 0.55880
0.52940 0.77017 0.65095
0.56653 0.63669 0.58430
0.57708 0.54078 0.53631
0.61446 0.60783 0.55645
0.55824 0.63982 0.55534
0.59048 0.58561 0.66682
0.59076 0.57591 0.62443
0.51202 0.65949 0.46101
0.55507 0.65093 0.51357
0.39917 0.69197 0.54701
0.56763 0.58797 0.53011
0.45214 0.60917 0.55907
0.63150 0.62971 0.65113
0.54998 0.65522 0.67452
0.49408 0.67092 0.48919
0.54766 0.65571 0.52352
0.52561 0.64114 0.51654
0.44283 0.58724 0.47763
0.57720 0.77656 0.52407
0.52029 0.58585 0.55416
0.50937 0.63276 0.55310
0.51887 0.68305 0.55555
0.52787 0.64635 0.58415
0.57294 0.64909 0.55553
0.50145 0.72563 0.63759
0.53686 0.72343 0.59271
0.61239 0.64931 0.56311
0.55893 0.60303 0.65019
0.52707 0.71120 0.59231
0.54775 0.52424 0.52340
0.55284 0.64894 0.59125
0.49994 0.66763 0.50011
0.53228 0.68457 0.57523
0.52310 0.71177 0.54610
0.54385 0.68556 0.52376
0.43034 0.63394 0.52759
0.47653 0.60008 0.51609
0.52739 0.69705 0.61312
0.49036 0.60900 0.53484
0.56625 0.58195 0.52412
0.56325 0.64910 0.60410
0.49938 0.69315 0.46682
0.52275 0.62131 0.51921
0.50167 0.66525 0.57991
0.55882 0.54401 0.42788
0.47684 0.73923 0.64813
0.64355 0.58477 0.43321
0.46695 0.61364 0.51997
0.50235 0.66206 0.62450
0.56755 0.70770 0.62057
0.55588 0.57449 0.52787
0.53033 0.69444 0.50666
0.53717 0.74046 0.53737
0.54807 0.66050 0.68602
0.47138 0.73692 0.61010
0.63818 0.61464 0.54229
0.53672 0.70505 0.49942
0.51088 0.66429 0.43809
0.64621 0.69544 0.50730
0.57384 0.69957 0.68167
0.61513 0.65519 0.41307
0.43484 0.51179 0.43182
0.50521 0.75986 0.53940
0.50099 0.68025 0.55032
0.48848 0.63047 0.57677
0.62377 0.69123 0.61108
0.52640 0.66744 0.62565
0.45095 0.63481 0.55187
0.55778 0.62432 0.44359
0.51201 0.63289 0.55615
0.53262 0.59659 0.58186
0.50687 0.77294 0.46911
0.48893 0.71555 0.59671
0.66619 0.61862 0.51707
0.50820 0.68777 0.53572
0.42457 0.56231 0.51686
0.57771 0.65124 0.61596
0.50207 0.63376 0.58021
0.44170 0.56351 0.49119
0.56314 0.63504 0.59760
0.47657 0.69844 0.51745
0.47560 0.64788 0.54964
0.48478 0.74550 0.55865
0.53231 0.66094 0.64791
0.49603 0.67034 0.48782
0.54424 0.72445 0.51588
0.48746 0.50620 0.48895
0.57870 0.59294 0.58350
0.46810 0.63578 0.49600
0.57123 0.73938 0.48108
0.64621 0.71310 0.54121
0.57661 0.76011 0.63378
0.52858 0.71080 0.59761
0.49990 0.66732 0.54567
0.49069 0.66661 0.49450
0.53719 0.62976 0.52937
0.45489 0.63919 0.49149
0.58218 0.67713 0.41331
0.47517 0.66053 0.54152
0.58170 0.60261 0.52063
0.54844 0.68240 0.59440
0.58619 0.62919 0.44745
0.45385 0.71192 0.52364
0.52862 0.69910 0.58872
0.57634 0.61461 0.53404
0.47071 0.55863 0.49608
0.44678 0.65795 0.46791
0.51534 0.67789 0.42204
0.48336 0.66431 0.66382
0.52617 0.56917 0.57368
0.62304 0.65964 0.68337
0.61151 0.58994 0.49500
0.55035 0.70334 0.55004
0.49513 0.59939 0.52323
0.49084 0.54938 0.44286
0.67023 0.59915 0.43609
0.51165 0.59754 0.48953
0.59290 0.57600 0.56766
0.46100 0.56434 0.58003
0.50098 0.69751 0.58255
0.60758 0.58340 0.51927
0.50079 0.70451 0.60389
0.46452 0.66075 0.47228
0.44117 0.73234 0.52000
0.61177 0.78967 0.60675
0.49010 0.62505 0.51869
0.50748 0.63800 0.48211
0.55546 0.59329 0.51090
0.60253 0.69070 0.55089
0.47970 0.65291 0.55339
0.65420 0.64233 0.64971
0.35249 0.58955 0.41430
0.55059 0.50789 0.45653
0.58040 0.67563 0.66907
0.39264 0.68458 0.52109
0.61753 0.65269 0.59305
0.56329 0.63666 0.60522
