20 12 1000 62524 910
0.58960 0.29995 0.79429
0.95489 0.29794 0.86144
0.78748 0.63861 0.54499
0.10186 0.21523 0.59516
0.01095 0.69500 0.61385
0.71886 0.44368 0.52565
0.10041 0.75616 0.32765
0.60004 0.15596 0.11241
0.49824 0.49081 0.84334
0.99205 0.60118 0.16231
0.74409 0.24138 0.67319
0.31602 0.40671 0.40739
0.46117 0.38539 0.69154
0.65660 0.37133 0.63798
0.46484 0.37415 0.64536
0.42584 0.47899 0.57156
0.43920 0.45864 0.56085
0.45148 0.44964 0.58299
0.65828 0.43719 0.52213
0.63498 0.41335 0.44878
0.47612 0.41860 0.57846
0.48841 0.53300 0.53593
0.60704 0.45747 0.54110
0.60829 0.38025 0.57526
0.53142 0.50527 0.63584
0.44652 0.38868 0.44561
0.48717 0.42640 0.59881
0.62044 0.39321 0.56139
0.53645 0.35708 0.62744
0.44246 0.46785 0.53045
0.46590 0.42182 0.42369
0.59087 0.47029 0.58748
0.53082 0.40524 0.65959
0.52350 0.38714 0.58901
0.54722 0.51068 0.49978
0.48001 0.46036 0.66188
0.47947 0.49960 0.55111
0.50506 0.44681 0.55870
0.57929 0.41972 0.42383
0.65113 0.37983 0.65167
0.57007 0.49072 0.51949
0.57545 0.41388 0.48474
0.45339 0.47878 0.51084
0.47691 0.38197 0.59520
0.45535 0.41956 0.45555
0.30851 0.46295 0.56236
0.51176 0.38236 0.49932
0.63547 0.46734 0.42224
0.49925 0.42927 0.43973
0.69537 0.45301 0.52554
0.45478 0.43918 0.54297
0.43756 0.43287 0.57943
0.68330 0.45042 0.54621
0.60747 0.43219 0.49668
0.49515 0.40013 0.51642
0.44772 0.42258 0.53322
0.59181 0.37874 0.56018
0.38772 0.48903 0.53868
0.44850 0.47470 0.55358
0.61525 0.41276 0.54320
0.37512 0.52847 0.39736
0.63514 0.41177 0.60482
0.52886 0.39993 0.57956
0.55631 0.47194 0.52760
0.53523 0.51889 0.54103
0.59417 0.37363 0.57233
0.37885 0.56420 0.53529
0.48214 0.45764 0.45137
0.64276 0.43848 0.58428
0.55860 0.38889 0.55107
0.46539 0.52836 0.45809
0.39228 0.55897 0.52092
0.56451 0.40750 0.54018
0.46708 0.50981 0.49341
0.49905 0.48940 0.51244
0.63264 0.49340 0.56332
0.60939 0.38070 0.55072
0.59080 0.37861 0.58401
0.54106 0.42835 0.47233
0.61266 0.30983 0.45126
0.59299 0.39277 0.57012
0.36741 0.37929 0.51145
0.60323 0.34316 0.48834
0.48310 0.44872 0.51919
0.44076 0.38163 0.54457
0.57528 0.44903 0.56822
0.45478 0.41548 0.58055
0.49362 0.45123 0.56662
0.52229 0.53917 0.49285
0.63952 0.46468 0.53801
0.60240 0.35150 0.65118
0.64558 0.48606 0.48446
0.43504 0.47654 0.57048
0.48285 0.40509 0.56234
0.43639 0.38073 0.59391
0.49022 0.45269 0.55616
0.65178 0.43688 0.46068
0.56239 0.48678 0.46343
0.57544 0.36991 0.57189
0.55861 0.50671 0.55343
0.59309 0.42575 0.61542
0.61728 0.52144 0.54571
0.58720 0.42765 0.59328
0.50448 0.46461 0.57685
0.58401 0.42936 0.48591
0.46512 0.50414 0.56216
0.24449 0.53959 0.57214
0.49645 0.42461 0.61519
0.45603 0.49364 0.55064
0.43170 0.37973 0.50625
0.56073 0.41161 0.47734
0.55994 0.42090 0.53246
0.59027 0.37886 0.40045
0.46829 0.53343 0.44278
0.55208 0.43091 0.58880
0.34683 0.53130 0.49681
0.58611 0.45375 0.58178
0.52357 0.39966 0.44899
0.52964 0.46242 0.58551
0.67082 0.38505 0.70051
0.64573 0.47577 0.56550
0.60267 0.49901 0.50396
0.60034 0.43979 0.49371
0.48760 0.43405 0.49320
0.53151 0.38931 0.54478
0.48472 0.55348 0.57616
0.62787 0.43241 0.59677
0.46398 0.39982 0.59251
0.57837 0.32598 0.51053
0.40988 0.49101 0.50296
0.50268 0.35541 0.40664
0.59747 0.47045 0.52049
0.55861 0.38314 0.60536
0.40845 0.53096 0.56285
0.56370 0.40304 0.53495
0.53952 0.34839 0.53592
0.53521 0.44524 0.59905
0.52890 0.54344 0.48822
0.60954 0.47707 0.50746
0.46801 0.49679 0.59095
0.46693 0.42700 0.56366
0.42745 0.55082 0.52797
0.50343 0.33964 0.54489
0.51666 0.44044 0.59382
0.56571 0.39481 0.53105
0.52732 0.38987 0.55518
0.46955 0.44182 0.51389
0.53390 0.41669 0.66618
0.62134 0.38322 0.45111
0.60246 0.41715 0.57634
0.43614 0.44998 0.53609
0.55053 0.39901 0.58134
0.61201 0.44250 0.43427
0.34162 0.54158 0.50169
0.53816 0.43614 0.42407
0.57670 0.44220 0.60403
0.55721 0.39412 0.39583
0.65731 0.33366 0.65337
0.47813 0.39891 0.56973
0.59955 0.46925 0.52996
0.49716 0.33575 0.44279
0.47876 0.45013 0.59057
0.50854 0.33505 0.39003
0.55281 0.47860 0.38395
0.50358 0.38075 0.53117
0.61718 0.40873 0.61675
0.31740 0.53641 0.52343
0.67858 0.49814 0.45216
0.45155 0.46051 0.45007
0.56822 0.49048 0.59292
0.53197 0.34793 0.56472
0.49115 0.46553 0.59712
0.59546 0.45021 0.61543
0.47640 0.55480 0.43321
0.46568 0.44348 0.54278
0.47018 0.43491 0.58438
0.57431 0.42510 0.57067
0.58964 0.37736 0.50353
0.62382 0.46037 0.51414
0.59299 0.47262 0.55091
0.52305 0.46029 0.54420
0.42482 0.54056 0.54005
0.30698 0.47388 0.54612
0.41693 0.48387 0.36892
0.49516 0.44172 0.55842
0.43683 0.47290 0.53995
0.71682 0.40618 0.61939
0.45629 0.49891 0.49811
0.59196 0.37259 0.58878
0.62453 0.43780 0.43355
0.61387 0.44674 0.55232
0.42450 0.36936 0.42282
0.67216 0.49665 0.53654
0.43930 0.38663 0.44043
0.40719 0.49380 0.57568
0.36294 0.46674 0.43607
0.54055 0.50247 0.46983
0.50863 0.38547 0.56230
0.54877 0.34515 0.44043
0.60631 0.50086 0.47512
0.58830 0.38394 0.55570
0.51398 0.43981 0.50395
0.64346 0.40689 0.54104
0.43847 0.44524 0.44908
0.44835 0.40221 0.53040
0.60614 0.46672 0.57294
0.44020 0.53559 0.48171
0.45130 0.53737 0.55067
0.53365 0.37533 0.62814
0.55720 0.46581 0.45200
0.33011 0.51069 0.49163
0.68707 0.46366 0.43253
0.53577 0.45251 0.43397
0.53759 0.35084 0.67259
0.51164 0.44825 0.45361
0.44991 0.40272 0.62234
0.54374 0.31377 0.53452
0.63587 0.47384 0.45464
0.64075 0.41088 0.57858
0.22075 0.45729 0.55890
0.31286 0.50577 0.44460
0.60091 0.34637 0.57816
0.49876 0.54466 0.49325
0.63129 0.46352 0.52042
0.55229 0.44521 0.56770
0.46437 0.47562 0.50348
0.49507 0.44593 0.48683
0.37880 0.43192 0.63311
0.55916 0.37069 0.55127
0.54569 0.49065 0.56550
0.64189 0.48036 0.56228
0.42068 0.38139 0.53721
0.51141 0.40661 0.45568
0.39969 0.41003 0.43602
0.56581 0.40933 0.51137
0.56322 0.45313 0.58347
0.60245 0.41104 0.59311
0.46777 0.42667 0.60811
0.45053 0.48050 0.59528
0.63986 0.36754 0.56407
0.49713 0.49546 0.60238
0.48386 0.43664 0.60026
0.59208 0.42021 0.58325
0.58517 0.43921 0.53699
0.42248 0.41003 0.64747
0.59068 0.45112 0.44801
0.36793 0.48406 0.50270
0.67175 0.48341 0.51580
0.53471 0.41776 0.50490
0.63317 0.45785 0.58643
0.39512 0.40410 0.53235
0.67233 0.49292 0.57877
0.61831 0.38485 0.51995
0.41665 0.52219 0.56511
0.55052 0.41709 0.57316
0.44306 0.47680 0.45954
0.66757 0.44892 0.59580
0.64970 0.43138 0.52578
0.36265 0.39227 0.57466
0.44984 0.45550 0.54236
0.60431 0.41623 0.56065
0.42653 0.53668 0.60252
0.46903 0.47290 0.55505
0.55206 0.43265 0.65139
0.51397 0.45645 0.51650
0.57316 0.45375 0.43617
0.57074 0.45218 0.60009
0.35375 0.42370 0.61935
0.35479 0.51658 0.58911
0.44274 0.36734 0.38774
0.63225 0.43132 0.61482
0.48363 0.50296 0.57908
0.74417 0.44748 0.43547
0.54172 0.49978 0.51815
0.44691 0.42025 0.53373
0.57199 0.41001 0.56907
0.63813 0.41946 0.49094
0.49861 0.52992 0.54324
0.49648 0.48725 0.51817
0.61858 0.39958 0.59234
0.54955 0.40299 0.62835
0.51539 0.49850 0.51758
0.51038 0.51676 0.62163
0.56434 0.38749 0.53060
0.56168 0.38804 0.44183
0.39886 0.45072 0.57976
0.50871 0.39974 0.52976
0.39820 0.46016 0.49969
0.39324 0.47711 0.55893
0.54269 0.46466 0.58788
0.57540 0.47452 0.53886
0.56094 0.41696 0.59929
0.52167 0.47434 0.66399
0.56267 0.45668 0.55432
0.38270 0.53434 0.44995
0.52748 0.36992 0.57654
0.75451 0.42312 0.46030
0.47038 0.50533 0.45940
0.56025 0.38264 0.51351
0.59819 0.41042 0.57128
0.57030 0.42265 0.53217
0.48542 0.53023 0.54014
0.71514 0.38453 0.64785
0.58015 0.38021 0.57913
0.46494 0.38725 0.50641
0.58332 0.51611 0.44951
0.65362 0.42243 0.52261
0.70246 0.35713 0.59681
0.39604 0.35528 0.58846
0.51589 0.46240 0.62502
0.64434 0.38936 0.48185
0.40853 0.38490 0.49787
0.60261 0.42324 0.56189
0.63456 0.32787 0.56105
0.35755 0.49610 0.53954
0.54236 0.41159 0.57418
0.55086 0.42974 0.49372
0.61172 0.41737 0.65950
0.54655 0.42248 0.59198
0.60013 0.45052 0.55587
0.59014 0.39008 0.54615
0.43180 0.47693 0.56185
0.55402 0.45262 0.48959
0.51811 0.43414 0.57045
0.57897 0.49042 0.52219
0.51176 0.54631 0.58452
0.70814 0.46862 0.67157
0.36878 0.57647 0.49017
0.56836 0.39252 0.57954
0.36496 0.42918 0.53136
0.69881 0.34419 0.60392
0.49882 0.41660 0.48061
0.48075 0.50513 0.52308
0.51660 0.43090 0.53095
0.70666 0.35996 0.60175
0.55241 0.37446 0.63114
0.52516 0.51062 0.51930
0.56585 0.45713 0.47458
0.50903 0.43857 0.52586
0.43033 0.52370 0.59457
0.37650 0.48645 0.49886
0.62022 0.50840 0.50073
0.48974 0.46937 0.49390
0.37870 0.54844 0.55061
0.57000 0.36703 0.52069
0.63928 0.41220 0.57706
0.53531 0.40096 0.49321
0.54561 0.42463 0.50821
0.59896 0.42312 0.45324
0.55163 0.46017 0.51607
0.50407 0.41885 0.44875
0.64865 0.47100 0.64683
0.55616 0.42222 0.62400
0.66204 0.39958 0.64052
0.48942 0.33947 0.52241
0.55289 0.46293 0.50776
0.50304 0.48631 0.55128
0.61008 0.31178 0.44639
0.49257 0.47087 0.49904
0.47394 0.40279 0.60583
0.50412 0.38025 0.49564
0.58360 0.31903 0.46593
0.64260 0.37585 0.69596
0.59911 0.41801 0.60307
0.47031 0.45531 0.47979
0.26055 0.47447 0.52115
0.62174 0.33266 0.59294
0.53127 0.41481 0.65351
0.40934 0.49900 0.57965
0.58993 0.46838 0.54246
0.41845 0.44949 0.54129
0.46482 0.36878 0.58132
0.56038 0.44102 0.51325
0.53408 0.43365 0.57599
0.45683 0.46806 0.58325
0.61807 0.44975 0.59565
0.58696 0.39071 0.61311
0.40482 0.45801 0.55877
0.59160 0.40959 0.50903
0.63656 0.43001 0.59976
0.52917 0.35974 0.58050
0.47639 0.38052 0.48421
0.66262 0.48734 0.46874
0.52325 0.41852 0.62473
0.62040 0.45872 0.49532
0.62855 0.45957 0.57528
0.65153 0.41980 0.54479
0.61044 0.34415 0.45927
0.58218 0.36409 0.56862
0.44897 0.44346 0.54558
0.43813 0.41088 0.66298
0.68058 0.38641 0.59267
0.51724 0.50705 0.53890
0.67747 0.48018 0.40447
0.49134 0.42753 0.41685
0.64009 0.45409 0.48295
0.52658 0.46218 0.49246
0.56963 0.38031 0.51141
0.50619 0.38704 0.69708
0.65216 0.38815 0.59703
0.43037 0.55161 0.53135
0.47807 0.36590 0.61422
0.62938 0.47614 0.53953
0.65621 0.38209 0.47830
0.57808 0.43490 0.53793
0.47327 0.48619 0.56558
0.44959 0.50282 0.55661
0.65212 0.33832 0.64873
0.52373 0.38276 0.48079
0.61820 0.49117 0.53698
0.52107 0.40537 0.63158
0.43458 0.56994 0.56014
0.63554 0.47524 0.47787
0.63743 0.35713 0.60717
0.52563 0.42948 0.62560
0.56687 0.40562 0.56626
0.51937 0.36977 0.38363
0.53243 0.44324 0.59648
0.49846 0.37629 0.55559
0.44894 0.45031 0.55853
0.69956 0.48733 0.46716
0.52329 0.44785 0.55405
0.45058 0.40316 0.59131
0.64597 0.41097 0.50531
0.65511 0.35682 0.63362
0.47141 0.39950 0.64013
0.66481 0.52370 0.44046
0.44428 0.44972 0.58776
0.61933 0.41994 0.56114
0.38163 0.51287 0.60740
0.64865 0.45355 0.45588
0.51402 0.48867 0.55086
0.70259 0.48426 0.49708
0.69895 0.48260 0.42516
0.50121 0.36376 0.56252
0.52610 0.42414 0.57879
0.43497 0.45230 0.50256
0.57254 0.45813 0.63582
0.63295 0.49563 0.43477
0.33074 0.48994 0.50440
0.45674 0.44240 0.48809
0.45206 0.45839 0.50872
0.36826 0.47492 0.54017
0.60125 0.32599 0.36370
0.57530 0.45293 0.58008
0.56776 0.39775 0.55706
0.49470 0.44377 0.58554
0.61269 0.38786 0.58350
0.53198 0.41751 0.43482
0.70975 0.34435 0.70371
0.46860 0.45952 0.52893
0.63916 0.34962 0.57711
0.51046 0.39255 0.65568
0.35545 0.35399 0.57210
0.40443 0.49217 0.48195
0.60335 0.46556 0.57641
0.48158 0.48029 0.55033
0.64779 0.49290 0.51786
0.53758 0.34149 0.57219
0.65789 0.43206 0.57502
0.61814 0.46653 0.48894
0.54773 0.42890 0.62503
0.66953 0.32519 0.52671
0.41540 0.49175 0.55151
0.49388 0.46391 0.61378
0.48009 0.41360 0.58614
0.55071 0.42735 0.44833
0.49561 0.45257 0.60340
0.54164 0.50262 0.41270
0.42275 0.40443 0.33745
0.67659 0.37190 0.58336
0.58837 0.46304 0.44443
0.48839 0.49241 0.53188
0.45202 0.44435 0.62500
0.62778 0.35764 0.43623
0.46973 0.54950 0.49277
0.59004 0.41316 0.62673
0.54655 0.39242 0.67675
0.61985 0.39887 0.63161
0.47203 0.45826 0.59786
0.67507 0.41718 0.42261
0.60591 0.47610 0.64920
0.67126 0.38763 0.53945
0.49313 0.45446 0.68754
0.56245 0.44660 0.57949
0.61765 0.49866 0.48500
0.65771 0.35666 0.68740
0.66072 0.41980 0.58220
0.55458 0.40565 0.54645
0.59924 0.38799 0.57139
0.35759 0.46686 0.48096
0.46401 0.47526 0.64148
0.52951 0.45555 0.54843
0.51409 0.48805 0.58489
0.44275 0.46482 0.56411
0.60534 0.36228 0.45609
0.62632 0.42111 0.45290
0.60513 0.38489 0.60257
0.54960 0.39766 0.59778
0.36091 0.35209 0.59255
0.42196 0.49883 0.48350
0.48955 0.49484 0.62832
0.60175 0.47003 0.58688
0.48040 0.44706 0.62639
0.58712 0.44421 0.55863
0.50176 0.44046 0.47570
0.63461 0.45607 0.55642
0.40259 0.44561 0.59144
0.55252 0.43829 0.49188
0.37683 0.38737 0.55892
0.52374 0.49325 0.43436
0.40674 0.53109 0.55684
0.54615 0.48093 0.50727
0.61482 0.45414 0.57417
0.49777 0.47292 0.48462
0.51674 0.54192 0.55587
0.47663 0.36187 0.52712
0.61943 0.36345 0.52201
0.48674 0.52363 0.54427
0.35248 0.45298 0.46627
0.48954 0.39779 0.49903
0.52771 0.37448 0.60339
0.60800 0.47433 0.48727
0.44490 0.47718 0.57008
0.60973 0.40083 0.53002
0.48553 0.41824 0.44839
0.52772 0.38119 0.44220
0.53763 0.37990 0.63125
0.52717 0.50401 0.51481
0.57361 0.52877 0.54061
0.44789 0.50930 0.53485
0.50326 0.46061 0.51852
0.55830 0.39311 0.51158
0.57817 0.45943 0.57147
0.56155 0.40356 0.54219
0.63141 0.48362 0.48170
0.56310 0.47136 0.37123
0.48726 0.54048 0.44433
0.46595 0.48001 0.53508
0.36276 0.47933 0.48335
0.57366 0.43514 0.52816
0.54640 0.49426 0.58995
0.53637 0.42933 0.60519
0.61033 0.46920 0.52403
0.39813 0.51339 0.46598
0.60164 0.44088 0.57371
0.68439 0.42281 0.54202
0.51500 0.47359 0.57331
0.48760 0.43944 0.54238
0.49725 0.41436 0.48837
0.52314 0.51068 0.49198
0.57076 0.48320 0.55404
0.63476 0.49890 0.59333
0.57305 0.47839 0.41735
0.62542 0.43038 0.48549
0.61088 0.45385 0.56675
0.46472 0.41528 0.59678
0.41327 0.38224 0.62978
0.36230 0.42203 0.44042
0.49880 0.48634 0.49286
0.52385 0.43767 0.53010
0.47622 0.35884 0.58147
0.48313 0.37946 0.48980
0.46209 0.48032 0.55805
0.72588 0.37019 0.57344
0.50820 0.47538 0.50736
0.46910 0.41559 0.48185
0.57916 0.37329 0.53678
0.52993 0.42221 0.58061
0.50864 0.51982 0.49374
0.46124 0.53325 0.53972
0.45533 0.45906 0.51306
0.45935 0.46335 0.57706
0.45960 0.45461 0.55395
0.60083 0.47254 0.42698
0.37589 0.53983 0.52573
0.56928 0.32287 0.49571
0.40025 0.41715 0.56430
0.55689 0.40961 0.53902
0.53412 0.49339 0.47766
0.48135 0.51989 0.51597
0.47141 0.38257 0.57387
0.58819 0.40712 0.48179
0.47753 0.48997 0.66535
0.53323 0.44831 0.59235
0.53012 0.46190 0.51077
0.61364 0.45386 0.49933
0.52538 0.41856 0.60005
0.66424 0.40354 0.70975
0.63910 0.39596 0.52052
0.51814 0.50830 0.48548
0.51615 0.40930 0.39404
0.68215 0.50092 0.37619
0.58129 0.49223 0.44894
0.64956 0.38977 0.55187
0.53651 0.48414 0.51545
0.50075 0.39939 0.60033
0.46785 0.45327 0.45541
0.59936 0.37715 0.53333
0.63074 0.50800 0.41531
0.33968 0.47000 0.51788
0.57832 0.49156 0.43273
0.60182 0.41341 0.53139
0.59704 0.44704 0.61373
0.46061 0.53942 0.52941
0.53302 0.34514 0.55911
0.35234 0.51133 0.52651
0.70893 0.35228 0.73200
0.31485 0.45979 0.54323
0.66181 0.37282 0.60445
0.44824 0.43001 0.47724
0.51618 0.44037 0.56802
0.58675 0.38724 0.50578
0.36180 0.49063 0.53904
0.61872 0.41380 0.49730
0.71081 0.38268 0.55128
0.56477 0.42595 0.65174
0.61619 0.35051 0.63858
0.63486 0.45889 0.58344
0.50456 0.42330 0.54978
0.38444 0.40493 0.64623
0.47815 0.28281 0.46026
0.48735 0.43467 0.62565
0.56294 0.36831 0.39481
0.56769 0.50377 0.39231
0.42741 0.37158 0.56045
0.57075 0.50798 0.49760
0.44638 0.47237 0.52199
0.48766 0.38998 0.53374
0.61485 0.43758 0.53786
0.55384 0.46330 0.50102
0.44547 0.44313 0.47888
0.54738 0.42726 0.59431
0.58418 0.39363 0.39823
0.42045 0.37239 0.54796
0.57678 0.34822 0.46831
0.56435 0.52429 0.48247
0.39576 0.48141 0.68074
0.49947 0.42311 0.57580
0.51851 0.42270 0.61428
0.49527 0.44601 0.62580
0.48066 0.46996 0.54140
0.45893 0.53842 0.53781
0.38271 0.44948 0.51446
0.61761 0.52175 0.48755
0.54255 0.42327 0.61440
0.55773 0.36162 0.54067
0.50676 0.31351 0.52915
0.34833 0.34716 0.56175
0.40779 0.45896 0.60392
0.62992 0.39524 0.61110
0.48769 0.39292 0.46165
0.64180 0.43516 0.49495
0.54707 0.47059 0.55226
0.41973 0.47692 0.59887
0.44318 0.42661 0.54538
0.42820 0.48184 0.48599
0.42830 0.42101 0.53061
0.49697 0.43606 0.46126
0.58925 0.40458 0.51441
0.47639 0.40428 0.58927
0.47200 0.44643 0.57112
0.51765 0.38975 0.57785
0.57001 0.43582 0.48711
0.63236 0.44731 0.44844
0.63843 0.44481 0.60437
0.53373 0.46536 0.55162
0.55920 0.39669 0.57370
0.55083 0.39390 0.65057
0.35059 0.26365 0.58730
0.59806 0.38188 0.62451
0.54612 0.50498 0.53142
0.56588 0.45903 0.57368
0.52469 0.45183 0.59628
0.59182 0.45346 0.51611
0.48869 0.46009 0.58240
0.44352 0.48199 0.54593
0.58466 0.45515 0.51102
0.70581 0.47474 0.55139
0.48130 0.46834 0.52571
0.58301 0.41916 0.59057
0.55030 0.40427 0.50700
0.67587 0.41078 0.70451
0.47017 0.50092 0.52570
0.54889 0.50530 0.49998
0.43475 0.50567 0.45580
0.58310 0.48608 0.59142
0.38694 0.41009 0.48492
0.50903 0.48485 0.54161
0.43923 0.47260 0.53006
0.62605 0.43471 0.51458
0.42684 0.41762 0.49277
0.55292 0.37026 0.59854
0.61199 0.33575 0.53475
0.64088 0.48091 0.54020
0.32507 0.51941 0.57670
0.51160 0.39199 0.43820
0.53510 0.46454 0.56156
0.70354 0.48436 0.45182
0.59604 0.47850 0.41970
0.48964 0.42486 0.56699
0.50800 0.44357 0.49787
0.61247 0.30121 0.36685
0.54412 0.46977 0.48711
0.68752 0.42429 0.51546
0.54573 0.36695 0.60962
0.49949 0.42923 0.55762
0.67002 0.50465 0.41938
0.48647 0.58026 0.51283
0.42425 0.42987 0.49515
0.64819 0.53205 0.49109
0.70443 0.44934 0.49848
0.58635 0.45641 0.53377
0.55012 0.43979 0.60986
0.56418 0.39839 0.54299
0.64354 0.40724 0.62005
0.42653 0.49211 0.52010
0.48386 0.44136 0.62485
0.53480 0.43860 0.51854
0.55171 0.41267 0.69068
0.54040 0.49766 0.53426
0.35648 0.38536 0.51237
0.26024 0.40104 0.57337
0.44859 0.46546 0.52763
0.52932 0.43867 0.63821
0.52921 0.40582 0.53577
0.48753 0.46019 0.55606
0.48720 0.49938 0.53432
0.64058 0.40135 0.63899
0.37153 0.36839 0.53818
0.50566 0.54015 0.43307
0.40821 0.51614 0.38955
0.52368 0.38094 0.46144
0.71742 0.42751 0.60771
0.61802 0.44256 0.59114
0.63052 0.38420 0.59665
0.38426 0.49507 0.49210
0.62925 0.44517 0.59599
0.33237 0.48497 0.44521
0.65768 0.45449 0.49948
0.39860 0.44361 0.48527
0.58050 0.41769 0.55513
0.53267 0.43415 0.55965
0.53500 0.46083 0.52961
0.58587 0.44800 0.59250
0.43710 0.53643 0.57872
0.58746 0.43021 0.54758
0.56048 0.47502 0.53127
0.43659 0.49713 0.53268
0.56292 0.40047 0.54664
0.56721 0.50592 0.43576
0.62899 0.35082 0.66390
0.37237 0.40228 0.56534
0.58710 0.39722 0.63414
0.49718 0.39823 0.63087
0.51380 0.45228 0.61354
0.60039 0.43974 0.56532
0.53255 0.47536 0.57283
0.66944 0.32538 0.56211
0.60371 0.46682 0.57490
0.57902 0.32689 0.44161
0.59786 0.41465 0.43684
0.55845 0.47825 0.58547
0.64267 0.42613 0.59315
0.62315 0.48702 0.39681
0.28487 0.57864 0.53474
0.54925 0.37709 0.55946
0.58471 0.47996 0.39369
0.54989 0.32334 0.62891
0.51422 0.41852 0.47664
0.50089 0.47692 0.53386
0.50429 0.40715 0.48524
0.48916 0.46131 0.58943
0.40469 0.50528 0.40044
0.62560 0.42336 0.59220
0.41598 0.53131 0.50179
0.60097 0.44490 0.60514
0.52017 0.48009 0.54903
0.57452 0.49022 0.51156
0.63224 0.46542 0.63633
0.63938 0.37275 0.66446
0.48864 0.46971 0.55442
0.42745 0.42697 0.45321
0.54752 0.43895 0.46260
0.48647 0.42426 0.56718
0.54441 0.38916 0.57668
0.48780 0.38887 0.49596
0.33703 0.49000 0.62952
0.35804 0.40716 0.61168
0.43055 0.45693 0.55882
0.51478 0.42492 0.55122
0.49808 0.38918 0.50685
0.56646 0.39621 0.58550
0.63927 0.38564 0.56223
0.65903 0.35520 0.60833
0.60298 0.48234 0.50159
0.56775 0.45789 0.53050
0.46061 0.42447 0.51112
0.60030 0.47277 0.57039
0.49199 0.35049 0.44469
0.66496 0.38162 0.65814
0.41997 0.50797 0.48997
0.60956 0.40135 0.56543
0.47531 0.33639 0.47518
0.59665 0.32971 0.52984
0.61544 0.42409 0.42063
0.48417 0.44195 0.44827
0.55652 0.50005 0.51217
0.56320 0.40244 0.45168
0.48105 0.51307 0.42541
0.40666 0.41682 0.57031
0.52538 0.39387 0.65082
0.60033 0.40033 0.41907
0.54083 0.47491 0.41589
0.44399 0.52207 0.61339
0.57239 0.41654 0.58023
0.54536 0.45514 0.39345
0.47825 0.43718 0.48472
0.52946 0.41736 0.46835
0.71624 0.46921 0.39121
0.66981 0.35723 0.60025
0.41369 0.50443 0.57585
0.57371 0.36358 0.56421
0.49649 0.52920 0.37964
0.64177 0.36632 0.66174
0.59931 0.44261 0.65695
0.49879 0.40386 0.52020
0.42905 0.49399 0.54478
0.63382 0.42980 0.47582
0.40209 0.47838 0.49501
0.62245 0.35888 0.37739
0.51432 0.46259 0.45032
0.63531 0.49014 0.55153
0.64517 0.37810 0.53451
0.58876 0.36392 0.63528
0.58436 0.48829 0.70867
0.45591 0.46357 0.62499
0.55877 0.45824 0.62218
0.38491 0.53190 0.54993
0.55661 0.39829 0.58640
0.57050 0.43042 0.50766
0.62767 0.33809 0.62307
0.48362 0.37212 0.59081
0.60590 0.39098 0.54701
0.59695 0.33103 0.56151
0.58741 0.45455 0.52023
0.75050 0.49523 0.44902
0.50637 0.35075 0.44503
0.48239 0.45871 0.56534
0.53400 0.57028 0.47658
0.43681 0.46522 0.53129
0.66433 0.47610 0.42419
0.59777 0.42737 0.58042
0.45959 0.42712 0.56965
0.69421 0.43567 0.60878
0.52544 0.44222 0.63517
0.45827 0.35535 0.53236
0.51764 0.45323 0.48878
0.57270 0.45639 0.50711
0.50536 0.47506 0.47771
0.46099 0.45849 0.53257
0.51511 0.39521 0.50902
0.42584 0.44956 0.53973
0.57534 0.40445 0.57610
0.37790 0.51879 0.46733
0.58999 0.41927 0.58130
0.28143 0.48362 0.52805
0.54332 0.37905 0.43456
0.63130 0.45216 0.57619
0.55086 0.41664 0.60147
0.40802 0.40815 0.47174
0.45818 0.50551 0.59174
0.50258 0.43455 0.46346
0.54375 0.50725 0.42580
0.42869 0.46898 0.64315
0.59749 0.47678 0.57306
0.52624 0.42885 0.47135
0.45142 0.33681 0.56981
0.49132 0.46470 0.58096
0.57134 0.35185 0.53185
0.59553 0.48476 0.50518
0.57601 0.45911 0.61589
0.49008 0.50852 0.57599
0.55354 0.44640 0.48566
0.43744 0.47500 0.47418
0.51497 0.42703 0.67474
0.61868 0.42678 0.58203
0.52526 0.40107 0.47018
0.48389 0.45755 0.57557
0.47997 0.41236 0.61255
0.47623 0.48882 0.53308
0.53725 0.44806 0.46311
0.63731 0.46564 0.53663
0.48750 0.40222 0.50158
0.64502 0.40465 0.47287
0.37992 0.56845 0.48343
0.53717 0.41143 0.56575
0.38840 0.52460 0.46917
0.61126 0.39571 0.58852
0.61942 0.38974 0.54715
0.57524 0.45486 0.48083
0.42251 0.48681 0.47769
0.65341 0.39301 0.60295
0.58193 0.42424 0.50932
0.49828 0.53135 0.52469
0.42991 0.39000 0.49908
0.45158 0.52504 0.55357
0.36277 0.49979 0.58069
0.55819 0.47539 0.52115
0.49430 0.50562 0.45409
0.44538 0.51508 0.49678
0.70147 0.42350 0.50122
0.50803 0.41877 0.60762
0.52788 0.37568 0.50882
0.52638 0.44966 0.64548
0.70912 0.40934 0.53493
0.47756 0.35465 0.58545
0.54213 0.44134 0.47971
0.42344 0.50437 0.60234
0.46027 0.44617 0.54183
0.42444 0.42523 0.50012
0.44958 0.49615 0.63458
0.45717 0.42567 0.52948
0.46261 0.48473 0.45481
0.55272 0.42624 0.67331
0.45015 0.51355 0.55915
0.64921 0.30848 0.53942
0.63739 0.50851 0.55157
0.51601 0.51842 0.53270
0.54009 0.46660 0.46244
0.62243 0.49433 0.50908
0.57161 0.37212 0.47284
0.38379 0.33439 0.59382
0.44057 0.39573 0.40009
0.51206 0.44245 0.44552
0.49778 0.39420 0.44200
0.61715 0.36883 0.63815
0.58017 0.47744 0.49881
0.37700 0.51108 0.53159
0.36597 0.45387 0.55565
0.59296 0.39039 0.43529
0.54880 0.37441 0.64988
0.60417 0.38145 0.51372
0.68357 0.40054 0.54863
0.50342 0.51313 0.42984
0.68634 0.42069 0.54807
0.64000 0.41712 0.56861
0.72815 0.36350 0.57471
0.56147 0.46519 0.50920
0.56081 0.31146 0.50954
0.48694 0.45521 0.52255
0.57466 0.37213 0.52888
0.42032 0.49990 0.53482
0.41777 0.43427 0.51920
0.57453 0.31286 0.40420
0.55315 0.44261 0.43612
0.46883 0.47394 0.46159
0.69300 0.36885 0.51255
0.67695 0.40308 0.46818
0.58985 0.44437 0.62377
0.61656 0.46370 0.38406
0.55637 0.47552 0.57846
0.70653 0.41578 0.53954
0.49443 0.37334 0.64055
0.64307 0.39221 0.65806
0.59603 0.41473 0.51300
0.65987 0.46659 0.33604
0.56847 0.48279 0.48596
0.53075 0.55559 0.48516
0.49510 0.49429 0.54627
0.59797 0.41301 0.65018
0.63537 0.46299 0.58075
0.45189 0.40614 0.54909
0.52836 0.44813 0.48085
0.40747 0.50018 0.44122
0.58416 0.42718 0.54835
0.53127 0.45350 0.52932
0.49086 0.43733 0.53821
0.49652 0.46625 0.49701
0.62696 0.37476 0.40711
0.39041 0.49467 0.58765
0.64466 0.41570 0.56574
0.51896 0.42802 0.57343
0.46800 0.47305 0.53988
0.51622 0.37075 0.62401
0.46390 0.49177 0.63822
0.44752 0.48473 0.60771
0.55336 0.47237 0.46065
0.42392 0.56651 0.49826
0.50428 0.45462 0.55449
0.54936 0.31325 0.59704
0.54507 0.45230 0.52854
0.41772 0.40299 0.54712
0.60743 0.41090 0.56022
0.54274 0.45303 0.61433
0.39338 0.53488 0.45373
0.61864 0.44869 0.52099
0.70383 0.43674 0.57530
0.57444 0.48071 0.51767
0.54515 0.41682 0.59119
0.47138 0.44182 0.46436
0.49825 0.46438 0.48724
0.57105 0.45820 0.49118
0.50503 0.35889 0.50006
0.52658 0.38747 0.61679
0.45790 0.39140 0.40588
0.42191 0.46156 0.51087
0.55807 0.42992 0.47568
0.60076 0.42622 0.47818
0.56606 0.42857 0.50464
0.33205 0.56374 0.59244
0.64642 0.43487 0.51106
