20 19 1000 24976 56
0.54904 0.07789 0.64221
0.78426 0.12619 0.74223
0.06619 0.62397 0.34597
0.42922 0.67871 0.77791
0.10191 0.81850 0.45283
0.05974 0.56725 0.88714
0.19293 0.70930 0.40570
0.00286 0.62201 0.12898
0.40739 0.23354 0.04373
0.83852 0.52095 0.99399
0.52169 0.59616 0.55798
0.16215 0.98804 0.05917
0.10145 0.96833 0.74562
0.04119 0.22335 0.70181
0.35008 0.30609 0.39293
0.83301 0.90652 0.58210
0.92158 0.05287 0.43981
0.03152 0.75541 0.96455
0.19501 0.29348 0.51284
0.34724 0.56934 0.61055
0.38110 0.43827 0.50541
0.27968 0.59258 0.51643
0.29749 0.42455 0.55335
0.36841 0.49598 0.43998
0.38174 0.43897 0.59800
0.38777 0.48662 0.54333
0.49555 0.65281 0.61650
0.24831 0.54328 0.40210
0.27232 0.63238 0.62068
0.34425 0.49907 0.55992
0.32561 0.54894 0.60406
0.43007 0.45076 0.60523
0.32800 0.53765 0.49466
0.32887 0.41701 0.62763
0.30829 0.60106 0.64604
0.34686 0.54419 0.48752
0.41417 0.42314 0.53282
0.32226 0.58548 0.65249
0.31745 0.41979 0.38610
0.41434 0.50457 0.51380
0.29338 0.57419 0.55373
0.31979 0.51034 0.60934
0.29825 0.48609 0.50093
0.37841 0.47954 0.54857
0.48046 0.47108 0.64607
0.28526 0.50585 0.59280
0.37552 0.52630 0.54335
0.34775 0.49656 0.47894
0.25829 0.52237 0.53345
0.43883 0.49533 0.54520
0.26077 0.60326 0.57663
0.26415 0.60004 0.56996
0.35701 0.61474 0.47751
0.25433 0.60108 0.49406
0.48744 0.50906 0.66370
0.42434 0.44977 0.61103
0.32753 0.56596 0.52876
0.37057 0.53191 0.61124
0.36987 0.43641 0.62566
0.25322 0.57080 0.51543
0.32612 0.69105 0.47841
0.48879 0.44956 0.68660
0.31680 0.57532 0.60650
0.39658 0.58906 0.50973
0.41599 0.52597 0.53124
0.45233 0.52554 0.58691
0.35472 0.58039 0.59072
0.20368 0.51239 0.60659
0.38996 0.54094 0.54173
0.24210 0.66353 0.68813
0.32030 0.53023 0.51420
0.39191 0.56346 0.52940
0.28114 0.57478 0.63750
0.38918 0.48124 0.57455
0.39883 0.45227 0.53274
0.35875 0.52730 0.54365
0.42547 0.45937 0.56400
0.39559 0.46192 0.50256
0.30397 0.51525 0.48366
0.33030 0.56623 0.45797
0.34619 0.51137 0.49018
0.48006 0.56119 0.53830
0.23070 0.58804 0.58189
0.33128 0.54146 0.54234
0.40086 0.57387 0.53294
0.22145 0.58018 0.51090
0.45666 0.41255 0.54969
0.31634 0.61899 0.50972
0.35833 0.54444 0.62377
0.26957 0.59348 0.60555
0.41456 0.69333 0.62535
0.43489 0.52742 0.53518
0.37109 0.58850 0.48567
0.27450 0.58298 0.56148
0.36789 0.43331 0.50635
0.29220 0.54075 0.52563
0.26482 0.55419 0.64605
0.24899 0.62057 0.50890
0.30862 0.51814 0.59974
0.32947 0.56073 0.51287
0.34527 0.42762 0.54532
0.19365 0.55620 0.58175
0.30698 0.58593 0.69716
0.30924 0.59049 0.58268
0.36521 0.57954 0.45868
0.28820 0.44641 0.50969
0.30370 0.63594 0.55207
0.28963 0.58123 0.51499
0.43025 0.56029 0.59919
0.30263 0.49807 0.52164
0.25936 0.54778 0.53500
0.40171 0.47471 0.56546
0.35723 0.55100 0.58753
0.48437 0.54741 0.50355
0.33643 0.51915 0.56542
0.48093 0.46738 0.57472
0.29070 0.55182 0.50907
0.37207 0.45997 0.56609
0.40450 0.59227 0.52188
0.33864 0.59910 0.44025
0.37897 0.51189 0.57177
0.28904 0.50615 0.54939
0.33976 0.56403 0.62658
0.38023 0.52397 0.60375
0.30825 0.55775 0.55082
0.41719 0.49194 0.49934
0.46747 0.61990 0.60126
0.33149 0.57706 0.59187
0.41904 0.54588 0.51838
0.40150 0.54703 0.55111
0.25721 0.53680 0.44945
0.35055 0.52735 0.54226
0.35240 0.61820 0.52507
0.28695 0.55938 0.51229
0.37560 0.65943 0.55936
0.33680 0.54838 0.56941
0.27523 0.56535 0.49141
0.32898 0.61681 0.54868
0.29547 0.54079 0.59257
0.30206 0.53243 0.51194
0.36276 0.50199 0.51680
0.32522 0.55632 0.53128
0.42281 0.48675 0.45502
0.31252 0.47300 0.55383
0.44055 0.54129 0.61675
0.40935 0.56876 0.57029
0.41778 0.53695 0.66258
0.39340 0.44346 0.52495
0.35635 0.45721 0.53607
0.54921 0.45415 0.66326
0.44566 0.43847 0.55948
0.35024 0.68872 0.58720
0.36485 0.47014 0.52823
0.43486 0.59829 0.49230
0.37494 0.51853 0.57546
0.40913 0.54964 0.50103
0.35640 0.52730 0.56958
0.29623 0.48684 0.46442
0.48397 0.46054 0.53176
0.26923 0.59923 0.61429
0.31500 0.52034 0.48224
0.32398 0.62416 0.59597
0.37196 0.55472 0.57547
0.35855 0.60176 0.51809
0.31826 0.53790 0.51560
0.28507 0.49929 0.50564
0.33928 0.55598 0.48471
0.33857 0.45597 0.57937
0.29238 0.47752 0.56434
0.36792 0.59549 0.50278
0.43154 0.52447 0.67480
0.37219 0.49823 0.62544
0.34212 0.47296 0.58714
0.25845 0.67322 0.54588
0.29162 0.59102 0.46082
0.36783 0.51015 0.52204
0.28790 0.55321 0.51732
0.36860 0.48908 0.51406
0.35507 0.49073 0.43653
0.40413 0.53386 0.50251
0.38570 0.49183 0.53992
0.31699 0.56753 0.45805
0.31665 0.41257 0.56468
0.26088 0.58480 0.50388
0.50774 0.56393 0.60662
0.27738 0.54295 0.44444
0.39433 0.49400 0.58790
0.45392 0.49949 0.62570
0.38161 0.55672 0.58196
0.28800 0.48027 0.56087
0.37099 0.44111 0.46120
0.32071 0.64649 0.54912
0.40848 0.45327 0.54243
0.24507 0.53456 0.46373
0.38338 0.51155 0.44722
0.37495 0.59236 0.64805
0.43781 0.59764 0.49771
0.25395 0.58226 0.49352
0.46038 0.41061 0.61045
0.43271 0.46883 0.62670
0.31551 0.44294 0.63355
0.32617 0.57680 0.44471
0.37093 0.53202 0.54818
0.26773 0.58823 0.52537
0.36584 0.58283 0.47568
0.38612 0.62620 0.43702
0.25380 0.43366 0.44942
0.27490 0.66087 0.52342
0.40613 0.44055 0.55175
0.35293 0.53273 0.49696
0.30141 0.55139 0.50085
0.39061 0.49594 0.55640
0.35805 0.56617 0.59353
0.41174 0.43516 0.60868
0.33699 0.44933 0.52917
0.42545 0.56679 0.55696
0.35775 0.56943 0.59399
0.38201 0.44614 0.46568
0.32792 0.48745 0.43439
0.31716 0.59534 0.47722
0.30316 0.59654 0.64462
0.32300 0.43881 0.43802
0.31315 0.48602 0.63727
0.51058 0.47441 0.61291
0.36258 0.48950 0.64676
0.34113 0.46971 0.64049
0.35807 0.53005 0.48211
0.29906 0.53991 0.56732
0.31555 0.44488 0.58717
0.29396 0.58818 0.53332
0.35774 0.55966 0.54637
0.44730 0.55498 0.66210
0.30168 0.63156 0.54542
0.30809 0.51456 0.51078
0.33258 0.60948 0.60465
0.25056 0.53249 0.54922
0.36369 0.49132 0.52039
0.29246 0.56503 0.54265
0.28573 0.57823 0.47532
0.47663 0.43984 0.46636
0.40257 0.55308 0.50793
0.46391 0.54519 0.55637
0.34362 0.61981 0.45376
0.34435 0.42620 0.66578
0.26430 0.61919 0.57521
0.25858 0.55697 0.52729
0.37455 0.57479 0.47943
0.25293 0.56536 0.57855
0.37898 0.47109 0.51317
0.48544 0.43537 0.58073
0.35307 0.45334 0.57789
0.45273 0.48315 0.64905
0.34356 0.52916 0.58565
0.32885 0.51752 0.53649
0.30537 0.56039 0.47277
0.44877 0.36268 0.62372
0.36985 0.59049 0.49547
0.31876 0.55293 0.63291
0.22477 0.61067 0.54176
0.37823 0.56400 0.61422
0.41247 0.48764 0.66776
0.40461 0.58569 0.51648
0.42341 0.51803 0.69811
0.35309 0.55936 0.46751
0.35181 0.55783 0.58661
0.35890 0.51965 0.60958
0.37538 0.47593 0.54064
0.32010 0.62190 0.55225
0.31892 0.61269 0.57122
0.46150 0.52229 0.58911
0.41204 0.55471 0.64290
0.35021 0.54144 0.59409
0.36714 0.52810 0.62928
0.24982 0.54362 0.66344
0.46847 0.43808 0.52004
0.33811 0.54753 0.40685
0.32161 0.51868 0.38475
0.31804 0.53860 0.61340
0.34429 0.59703 0.54969
0.39919 0.58212 0.61807
0.39482 0.62953 0.52102
0.31344 0.51264 0.56207
0.41626 0.43947 0.53535
0.44084 0.44722 0.35321
0.26566 0.48825 0.52073
0.34191 0.50025 0.59025
0.34439 0.61433 0.50649
0.30537 0.60225 0.57333
0.25253 0.61064 0.54223
0.34184 0.57423 0.56891
0.38111 0.45984 0.52867
0.45762 0.51647 0.57436
0.38027 0.58311 0.58315
0.28262 0.63363 0.49202
0.36691 0.49646 0.57990
0.40629 0.50629 0.60187
0.36184 0.62631 0.58377
0.29290 0.63499 0.44298
0.26048 0.65317 0.58554
0.27990 0.56029 0.60533
0.30992 0.56434 0.45267
0.35922 0.55328 0.57048
0.33805 0.54415 0.54376
0.29430 0.60320 0.54895
0.21268 0.59683 0.50557
0.41755 0.47191 0.60382
0.31803 0.52856 0.52977
0.30592 0.58009 0.48641
0.30967 0.50472 0.61254
0.36302 0.56551 0.51074
0.27815 0.54651 0.55098
0.37847 0.53823 0.58922
0.43997 0.54381 0.61058
0.49004 0.58955 0.63689
0.38048 0.46527 0.57307
0.28038 0.62152 0.56535
0.24236 0.66744 0.56305
0.43980 0.49519 0.56609
0.31819 0.58901 0.43980
0.24419 0.64194 0.46281
0.33810 0.61374 0.53190
0.45788 0.48959 0.52683
0.34414 0.48842 0.53395
0.40339 0.51499 0.56259
0.28909 0.55374 0.62547
0.31667 0.61952 0.49381
0.20619 0.49340 0.61350
0.30155 0.48741 0.53943
0.40156 0.42342 0.59110
0.33646 0.48166 0.51874
0.26677 0.62285 0.43158
0.37239 0.51474 0.61117
0.46235 0.50898 0.53641
0.53063 0.57955 0.64944
0.46897 0.50659 0.55575
0.36249 0.46081 0.48711
0.43019 0.48645 0.62211
0.32637 0.58916 0.54074
0.32140 0.58480 0.49772
0.38345 0.51446 0.59472
0.38773 0.51730 0.58869
0.46557 0.42129 0.44135
0.37286 0.58697 0.60798
0.38669 0.43129 0.56892
0.43257 0.45184 0.59187
0.29967 0.57093 0.58673
0.40062 0.44941 0.57320
0.38163 0.50006 0.54928
0.33220 0.44413 0.49810
0.42884 0.42066 0.60008
0.21878 0.46398 0.53198
0.24718 0.62972 0.66106
0.27967 0.53038 0.48031
0.31452 0.49272 0.51148
0.26942 0.49186 0.52849
0.36321 0.47633 0.51277
0.37914 0.57963 0.53563
0.39294 0.67876 0.52341
0.36235 0.44646 0.41241
0.31501 0.43968 0.54277
0.33724 0.50862 0.64488
0.36463 0.52934 0.58093
0.37010 0.46409 0.52254
0.33472 0.51287 0.51166
0.32223 0.52195 0.65262
0.39072 0.56551 0.53482
0.35199 0.45933 0.61520
0.48543 0.38964 0.53993
0.30942 0.39051 0.60395
0.35989 0.43406 0.47258
0.38245 0.62258 0.46174
0.42500 0.48004 0.62246
0.27136 0.60200 0.67989
0.37624 0.57118 0.48165
0.42379 0.41600 0.46339
0.37058 0.52524 0.49368
0.37994 0.59392 0.58397
0.31911 0.58241 0.58932
0.34342 0.55332 0.54873
0.45361 0.56295 0.55346
0.44151 0.38039 0.54578
0.35074 0.65020 0.56358
0.38139 0.56280 0.62282
0.44481 0.45483 0.57780
0.36830 0.46857 0.52790
0.34172 0.57136 0.58342
0.43165 0.51112 0.66756
0.35979 0.57993 0.58115
0.49311 0.43615 0.62082
0.22004 0.62854 0.57024
0.39982 0.42039 0.60911
0.51932 0.44874 0.61666
0.31678 0.48933 0.46068
0.29318 0.63056 0.51068
0.40800 0.57124 0.56167
0.47842 0.40534 0.55392
0.44353 0.49270 0.50916
0.23374 0.52544 0.51973
0.20338 0.49044 0.56339
0.23171 0.48865 0.62186
0.35917 0.52157 0.49824
0.37657 0.50675 0.54150
0.26817 0.61796 0.51998
0.36674 0.63503 0.49630
0.33503 0.43755 0.48226
0.30400 0.47433 0.44650
0.29715 0.52290 0.55904
0.34911 0.53106 0.53534
0.30478 0.54426 0.63248
0.29228 0.58366 0.57263
0.37972 0.59715 0.56760
0.40093 0.40374 0.62213
0.22271 0.57017 0.43145
0.40595 0.56049 0.61925
0.36461 0.46402 0.50829
0.27827 0.55362 0.54633
0.31056 0.63811 0.54939
0.29196 0.55820 0.46610
0.34072 0.67067 0.54645
0.36797 0.52376 0.57112
0.37348 0.53251 0.44710
0.41308 0.55309 0.50780
0.35092 0.50812 0.53991
0.36445 0.55975 0.56603
0.42615 0.44846 0.54964
0.32204 0.50535 0.56222
0.32294 0.57147 0.59023
0.27610 0.55515 0.50485
0.33803 0.61189 0.57190
0.21136 0.52253 0.44778
0.25777 0.65034 0.52305
0.27269 0.53614 0.54194
0.32967 0.54274 0.52725
0.35330 0.62569 0.53287
0.31744 0.56926 0.57366
0.31205 0.37600 0.57008
0.48751 0.36792 0.48094
0.48527 0.45453 0.47954
0.26801 0.51028 0.62331
0.41714 0.51703 0.52059
0.50671 0.40036 0.55415
0.30095 0.56122 0.70918
0.36600 0.50964 0.52032
0.39152 0.49770 0.44105
0.36027 0.51898 0.63745
0.35472 0.52927 0.49149
0.46185 0.49582 0.49786
0.39770 0.45168 0.48026
0.43616 0.45462 0.61080
0.20059 0.71876 0.58592
0.45097 0.48228 0.60269
0.49432 0.44878 0.55868
0.37704 0.56787 0.59420
0.40721 0.61846 0.56133
0.29253 0.55370 0.48776
0.42225 0.44391 0.54515
0.28975 0.52134 0.49040
0.36248 0.45646 0.49582
0.28344 0.60047 0.66721
0.27380 0.54474 0.43976
0.37919 0.47291 0.46830
0.32702 0.55427 0.58088
0.37556 0.54501 0.53494
0.36336 0.51237 0.60559
0.41869 0.50780 0.48902
0.31250 0.55034 0.56492
0.41062 0.54974 0.64199
0.19413 0.65222 0.46226
0.27750 0.53182 0.60855
0.30168 0.47525 0.55426
0.23735 0.56441 0.44961
0.28070 0.51004 0.51054
0.39639 0.43857 0.61949
0.30859 0.41681 0.50880
0.30309 0.61132 0.47267
0.34540 0.54645 0.49864
0.35433 0.61589 0.54555
0.32115 0.52000 0.51151
0.37451 0.41738 0.53807
0.39889 0.44427 0.58527
0.36097 0.51456 0.49816
0.35128 0.51986 0.56120
0.25321 0.60636 0.66234
0.39216 0.54985 0.50970
0.25782 0.57082 0.54561
0.32492 0.58177 0.65958
0.28999 0.61562 0.48713
0.41575 0.55651 0.56079
0.27226 0.55636 0.52030
0.32604 0.56980 0.63501
0.41932 0.40366 0.59083
0.37846 0.53494 0.50726
0.23306 0.61553 0.51663
0.35741 0.55948 0.51427
0.46835 0.58741 0.50204
0.27808 0.52625 0.53309
0.30241 0.58359 0.51399
0.26761 0.56548 0.45699
0.37579 0.54512 0.55004
0.25764 0.60313 0.58310
0.37950 0.55711 0.65789
0.39719 0.58910 0.58230
0.46951 0.46432 0.59732
0.32383 0.56405 0.72062
0.27994 0.55973 0.58197
0.36571 0.48217 0.40458
0.30481 0.58133 0.56031
0.28396 0.57789 0.44513
0.30845 0.50128 0.56536
0.33305 0.41919 0.51363
0.37928 0.52795 0.50025
0.40581 0.45103 0.45169
0.32364 0.60667 0.62078
0.40990 0.53339 0.55413
0.34399 0.52573 0.63881
0.30990 0.47652 0.45207
0.37338 0.53209 0.58045
0.32515 0.59855 0.54961
0.39029 0.43536 0.49487
0.34782 0.47445 0.46039
0.41444 0.51609 0.59991
0.42504 0.42341 0.55470
0.48209 0.43471 0.59018
0.43269 0.58519 0.55107
0.41703 0.40721 0.61160
0.34718 0.47521 0.47155
0.30760 0.59876 0.47125
0.24130 0.58459 0.54197
0.36314 0.54390 0.57625
0.36149 0.46827 0.64163
0.37090 0.41590 0.61341
0.33981 0.45291 0.47711
0.33848 0.42527 0.46324
0.26329 0.53527 0.53934
0.40429 0.40338 0.67806
0.21644 0.60861 0.50291
0.25768 0.60276 0.50716
0.50781 0.49688 0.60114
0.34974 0.62908 0.53186
0.30182 0.52451 0.50492
0.33003 0.55282 0.61998
0.39645 0.51564 0.61480
0.37727 0.54862 0.62666
0.38989 0.48704 0.57758
0.30880 0.42465 0.48770
0.44481 0.46322 0.68008
0.32753 0.57612 0.46958
0.34170 0.58928 0.60956
0.36172 0.48935 0.58639
0.33212 0.45767 0.44456
0.38256 0.46956 0.53761
0.36276 0.57184 0.61035
0.37347 0.43518 0.56139
0.40979 0.54141 0.64104
0.29330 0.53425 0.58301
0.34608 0.62495 0.46806
0.26293 0.57819 0.52373
0.27932 0.61526 0.53065
0.36875 0.41476 0.56316
0.33008 0.56959 0.52026
0.43243 0.45708 0.49217
0.33709 0.59611 0.47710
0.42727 0.52008 0.55189
0.42367 0.31306 0.53846
0.28534 0.73863 0.46246
0.36825 0.56488 0.40321
0.36872 0.46705 0.48086
0.26372 0.55751 0.52697
0.41507 0.46559 0.56046
0.27082 0.56197 0.49526
0.39264 0.51578 0.57345
0.39136 0.53860 0.59057
0.29253 0.44415 0.55330
0.33626 0.55624 0.51057
0.33058 0.63206 0.51127
0.44261 0.51730 0.53077
0.33079 0.58989 0.51912
0.33076 0.56241 0.62745
0.35772 0.58453 0.68512
0.44145 0.58356 0.61841
0.39942 0.50469 0.55923
0.29845 0.65155 0.50512
0.38893 0.50070 0.57108
0.40720 0.41129 0.55670
0.37747 0.58917 0.54296
0.38995 0.44032 0.52586
0.33298 0.42011 0.33746
0.42327 0.49463 0.59199
0.31886 0.58910 0.52219
0.47016 0.58844 0.65039
0.32377 0.41964 0.42764
0.25471 0.53976 0.52118
0.25526 0.65292 0.43980
0.41862 0.48268 0.55695
0.32639 0.49819 0.55360
0.28016 0.59350 0.36680
0.41264 0.46931 0.52225
0.29686 0.52665 0.46253
0.32780 0.48864 0.50307
0.26265 0.64294 0.45219
0.33139 0.56836 0.61283
0.31411 0.47998 0.55584
0.31922 0.50044 0.50267
0.34635 0.58245 0.54275
0.37927 0.46735 0.60733
0.50742 0.43464 0.52549
0.27948 0.52082 0.52857
0.32894 0.52324 0.46360
0.31278 0.49904 0.61840
0.29673 0.60405 0.50930
0.36874 0.45967 0.52969
0.38532 0.59845 0.48569
0.30116 0.62495 0.45168
0.38166 0.54051 0.53418
0.49642 0.51069 0.56457
0.32123 0.64757 0.51400
0.25003 0.48306 0.52185
0.41791 0.49728 0.53856
0.25955 0.59278 0.56516
0.33449 0.56585 0.53546
0.35298 0.56185 0.62460
0.32871 0.65663 0.50749
0.38014 0.62639 0.50892
0.36683 0.47418 0.51547
0.35546 0.49914 0.55508
0.30455 0.49626 0.44197
0.32739 0.62558 0.50039
0.37400 0.38734 0.57084
0.30806 0.53088 0.55986
0.31261 0.58782 0.64682
0.37413 0.48455 0.51275
0.39427 0.66691 0.51599
0.21596 0.64290 0.41747
0.45300 0.38880 0.44114
0.30357 0.51028 0.63510
0.36482 0.56794 0.48311
0.35202 0.46866 0.55266
0.37394 0.55693 0.55877
0.37825 0.55246 0.53549
0.22672 0.74250 0.36084
0.23133 0.53056 0.61783
0.30155 0.55165 0.62438
0.40286 0.56440 0.59261
0.30144 0.60182 0.58980
0.39712 0.46078 0.62040
0.38908 0.46813 0.62848
0.32888 0.52503 0.60332
0.41283 0.49255 0.49763
0.28740 0.53607 0.56323
0.35814 0.53606 0.60635
0.40779 0.57497 0.52633
0.34009 0.54252 0.60495
0.32864 0.59294 0.62443
0.29184 0.54284 0.48275
0.37127 0.59945 0.61550
0.31648 0.53115 0.59393
0.35191 0.50388 0.61613
0.40826 0.43950 0.49377
0.32563 0.56751 0.47930
0.31364 0.49479 0.55955
0.32539 0.55720 0.59246
0.30080 0.55127 0.52750
0.28485 0.52123 0.59052
0.26488 0.55060 0.62760
0.36140 0.57322 0.64857
0.32271 0.47728 0.62843
0.39878 0.45777 0.64794
0.23517 0.53099 0.53224
0.36200 0.46658 0.58550
0.37011 0.50295 0.61884
0.39231 0.55908 0.61032
0.26088 0.50070 0.53809
0.30428 0.56816 0.59937
0.36603 0.53332 0.56436
0.21385 0.59332 0.47350
0.21721 0.70386 0.45802
0.44547 0.41079 0.57997
0.30813 0.49320 0.65584
0.45775 0.46650 0.58086
0.39384 0.39360 0.49953
0.42881 0.42730 0.56455
0.37311 0.49588 0.55958
0.31901 0.56838 0.59663
0.30507 0.55439 0.62583
0.35187 0.51988 0.52086
0.27114 0.52534 0.51535
0.21242 0.65435 0.51178
0.36753 0.43893 0.58499
0.33480 0.58239 0.50090
0.34693 0.55426 0.44537
0.28529 0.56588 0.42848
0.22359 0.55103 0.56772
0.20753 0.61621 0.59303
0.38070 0.58124 0.54243
0.23938 0.53799 0.51778
0.54305 0.39774 0.53617
0.31732 0.44771 0.50733
0.32588 0.51762 0.45314
0.34380 0.58567 0.47282
0.21857 0.59936 0.47962
0.27816 0.53628 0.60294
0.23954 0.54040 0.60613
0.51030 0.43188 0.55060
0.36020 0.52429 0.52152
0.35648 0.60594 0.50341
0.40112 0.49751 0.49906
0.34903 0.61948 0.49013
0.35129 0.55742 0.61638
0.31867 0.46313 0.51185
0.29686 0.60279 0.53588
0.42027 0.45637 0.52374
0.33336 0.59683 0.59058
0.31349 0.45821 0.52706
0.33236 0.68846 0.63159
0.37713 0.61013 0.51222
0.37838 0.47576 0.50873
0.39341 0.48616 0.49059
0.44862 0.47846 0.63224
0.36228 0.52193 0.56056
0.34765 0.51499 0.52740
0.29844 0.51924 0.55925
0.38312 0.54641 0.50968
0.47544 0.36568 0.58180
0.37974 0.50696 0.52544
0.21926 0.64514 0.53708
0.33826 0.50529 0.60449
0.29675 0.52746 0.51136
0.38530 0.54353 0.59620
0.33514 0.50965 0.55021
0.45245 0.51047 0.54958
0.34226 0.54004 0.51516
0.50270 0.51298 0.53729
0.31756 0.52644 0.51325
0.40824 0.49717 0.48590
0.45305 0.36685 0.57498
0.29466 0.56555 0.56897
0.41140 0.55070 0.51152
0.59076 0.56128 0.52102
0.38183 0.53628 0.56454
0.37319 0.53960 0.51939
0.39965 0.41233 0.52155
0.33882 0.51123 0.52981
0.27847 0.50035 0.55417
0.40544 0.48843 0.58468
0.49361 0.39928 0.64334
0.28210 0.53898 0.53566
0.35827 0.52148 0.61736
0.34677 0.60550 0.57109
0.35403 0.57680 0.49492
0.45500 0.43939 0.56753
0.35602 0.58563 0.56976
0.48029 0.49422 0.60266
0.32696 0.54625 0.58522
0.40743 0.41649 0.47281
0.24482 0.54288 0.65623
0.31862 0.52816 0.60457
0.39594 0.41041 0.51998
0.42005 0.45667 0.55168
0.34481 0.56900 0.49059
0.40448 0.56411 0.53235
0.27750 0.47462 0.63406
0.43035 0.53802 0.59203
0.56280 0.59542 0.65543
0.33674 0.46250 0.55272
0.30512 0.46101 0.46757
0.34314 0.51157 0.55373
0.46641 0.51774 0.53720
0.30023 0.50348 0.56825
0.50175 0.43894 0.60002
0.41268 0.56176 0.46632
0.25719 0.51091 0.54637
0.33720 0.48590 0.56103
0.33865 0.56193 0.57260
0.31729 0.48403 0.42192
0.34703 0.58876 0.52760
0.34658 0.47484 0.54542
0.45805 0.42104 0.58719
0.33055 0.55468 0.42928
0.25655 0.59207 0.44100
0.27458 0.48365 0.42440
0.45242 0.47981 0.61007
0.52644 0.49976 0.57527
0.46633 0.36427 0.60819
0.32423 0.54053 0.55448
0.37058 0.59043 0.46530
0.40067 0.56931 0.55946
0.36695 0.63742 0.67009
0.25669 0.55897 0.61695
0.31592 0.56163 0.56265
0.41512 0.49289 0.53981
0.33767 0.49544 0.54459
0.37042 0.58111 0.63183
0.36675 0.41818 0.48522
0.29140 0.62314 0.46537
0.29612 0.62201 0.43900
0.33239 0.56686 0.54642
0.29454 0.58187 0.50030
0.33989 0.50321 0.51720
0.28856 0.59141 0.59534
0.18806 0.68184 0.41749
0.47230 0.43079 0.61009
0.29131 0.49973 0.43997
0.39584 0.51582 0.60057
0.39039 0.56619 0.45052
0.33944 0.52086 0.59287
0.34269 0.55944 0.43710
0.46571 0.43268 0.58139
0.40851 0.52934 0.48377
0.33564 0.54304 0.53959
0.41338 0.48246 0.61919
0.28401 0.60437 0.57053
0.33797 0.50341 0.45309
0.37420 0.58672 0.54726
0.39993 0.61335 0.50198
0.27533 0.64261 0.61026
0.33366 0.56690 0.52243
0.36241 0.52223 0.48646
0.44937 0.66571 0.56598
0.38741 0.48522 0.50293
0.31977 0.60971 0.52423
0.40626 0.66856 0.54281
0.35453 0.46446 0.52650
0.37417 0.42198 0.50254
0.47099 0.44781 0.65474
0.29727 0.67234 0.52218
0.40306 0.38705 0.57069
0.37260 0.59639 0.57485
0.34460 0.43219 0.53860
0.44759 0.48289 0.58230
0.37263 0.47845 0.56011
0.36644 0.55848 0.58356
0.33515 0.49291 0.58337
0.27153 0.63758 0.63620
0.24619 0.49895 0.62389
0.32319 0.47796 0.53532
0.28298 0.57296 0.59836
0.28308 0.60524 0.44770
0.24226 0.60831 0.45238
0.29400 0.59002 0.41866
0.43825 0.58253 0.65809
0.44198 0.51738 0.50777
0.31272 0.64510 0.57391
0.38200 0.51429 0.55991
0.38327 0.55161 0.53076
0.31892 0.57092 0.64750
0.40714 0.56294 0.62489
0.22792 0.54127 0.71871
0.27143 0.58537 0.60617
0.35002 0.53590 0.54178
0.29112 0.53720 0.72913
0.53253 0.57174 0.57793
0.28071 0.57054 0.55822
0.34330 0.53811 0.53819
0.36517 0.42492 0.56511
0.46929 0.31535 0.54369
0.33645 0.52361 0.51455
0.32886 0.51219 0.50516
0.19079 0.61837 0.48170
0.40364 0.38500 0.52330
0.29203 0.45838 0.51673
0.41781 0.60238 0.57515
0.34995 0.58411 0.57710
0.36656 0.46833 0.54445
0.34172 0.55404 0.55916
0.32775 0.47717 0.56724
0.31980 0.54057 0.49698
0.37994 0.54048 0.48162
0.33350 0.50895 0.43137
0.32679 0.48913 0.53083
0.35971 0.63516 0.56924
0.37244 0.48353 0.60356
0.34984 0.59332 0.53718
0.30523 0.59391 0.49501
0.31677 0.64236 0.50833
0.43939 0.42558 0.57931
0.32214 0.58295 0.49014
0.28874 0.45600 0.51929
0.38678 0.52993 0.53311
0.31865 0.54411 0.63503
0.20783 0.69255 0.51089
0.30215 0.51600 0.46085
0.45830 0.60859 0.55399
0.31518 0.51872 0.59461
0.28423 0.54231 0.54364
0.32004 0.64659 0.42446
0.41925 0.57552 0.50645
0.27754 0.58240 0.60758
0.32326 0.56569 0.66408
0.33221 0.52587 0.42870
0.41956 0.45945 0.57933
0.50578 0.50561 0.56952
0.33868 0.52908 0.62280
0.39052 0.52789 0.56301
0.33390 0.60731 0.67533
0.37520 0.45347 0.53338
0.44284 0.52768 0.59341
0.39800 0.50089 0.38187
0.45649 0.51686 0.46079
0.43956 0.48581 0.56999
0.34482 0.58511 0.56752
0.34153 0.60784 0.60130
0.36013 0.49965 0.53624
0.25509 0.38892 0.60261
0.21765 0.61585 0.55214
0.30997 0.53458 0.51753
0.25981 0.66670 0.52579
0.28851 0.62276 0.50210
0.33761 0.59467 0.57825
0.37922 0.58925 0.62639
0.41843 0.51998 0.57970
0.44365 0.49322 0.49742
0.28501 0.56670 0.44879
0.38547 0.63809 0.53411
0.38097 0.61247 0.56865
0.31256 0.57147 0.48337
0.32301 0.60414 0.57395
0.30349 0.53794 0.51758
0.33897 0.46817 0.49954
0.35655 0.55734 0.59111
0.39352 0.53837 0.49743
0.49284 0.39251 0.53735
0.42478 0.42992 0.52729
0.37706 0.53376 0.53309
0.25024 0.62739 0.56631
0.30334 0.60718 0.60641
0.27833 0.52393 0.49162
0.36133 0.47364 0.61400
0.30780 0.54442 0.62850
0.26641 0.59674 0.48672
0.35424 0.45523 0.54608
0.31211 0.53201 0.64754
0.22828 0.62485 0.52092
0.35932 0.50689 0.58131
0.45988 0.45294 0.55660
0.30317 0.56654 0.57257
0.34476 0.60577 0.62742
0.34046 0.48917 0.55056
0.50008 0.50182 0.67748
0.24722 0.55496 0.64751
0.33395 0.47920 0.51575
0.34155 0.58936 0.57503
0.33377 0.50296 0.48850
0.28953 0.50991 0.62431
0.42811 0.47373 0.66413
0.32245 0.52371 0.53760
0.36275 0.56992 0.47861
0.36658 0.60318 0.59796
0.33561 0.58987 0.46183
0.32491 0.47901 0.66205
0.30623 0.61470 0.50028
0.29862 0.62000 0.50998
0.30627 0.49728 0.57234
0.34935 0.49205 0.57487
0.35129 0.50542 0.50407
0.37139 0.41801 0.56515
0.33740 0.53090 0.59206
0.30299 0.69937 0.56088
0.33802 0.49907 0.49738
0.31891 0.52102 0.62604
0.33530 0.43262 0.51426
0.42324 0.40050 0.53682
0.30609 0.58304 0.57336
0.33126 0.54136 0.56561
0.39434 0.45296 0.50828
0.36727 0.48718 0.55707
0.19884 0.70049 0.57388
0.38745 0.51875 0.42901
0.28566 0.56711 0.66159
0.42019 0.50972 0.52552
0.26816 0.54951 0.41667
0.41370 0.64603 0.52342
0.40575 0.43119 0.52020
0.47984 0.48264 0.58963
0.31231 0.57327 0.61463
0.29222 0.48867 0.56657
0.39209 0.45968 0.44235
0.33775 0.47036 0.46253
0.44159 0.37109 0.62001
0.52750 0.33863 0.53961
0.25014 0.56329 0.63966
0.32283 0.57320 0.59620
0.26534 0.57084 0.38544
0.49436 0.49440 0.53153
0.30525 0.50829 0.47342
0.52463 0.42116 0.62971
0.29501 0.52307 0.54966
0.45685 0.59897 0.67700
0.26029 0.63419 0.49114
0.28835 0.44516 0.47970
0.27620 0.59548 0.51793
0.41458 0.55779 0.62161
0.44481 0.45462 0.54606
0.42256 0.55681 0.58408
0.40482 0.51382 0.58094
0.22045 0.55410 0.60864
0.37662 0.44607 0.61235
0.39847 0.51917 0.57518
0.31645 0.52532 0.57181
0.44280 0.50318 0.58679
0.34823 0.57534 0.41993
0.34984 0.52414 0.49737
0.29913 0.61833 0.46476
0.24811 0.64004 0.47764
0.33071 0.50489 0.52563
0.38916 0.39839 0.54162
0.43508 0.58714 0.63130
0.28686 0.51945 0.43346
0.43897 0.51338 0.61970
0.25262 0.55247 0.56497
0.28277 0.63249 0.50004
0.26739 0.60920 0.62741
0.33694 0.52766 0.41882
0.25126 0.52359 0.46340
0.26795 0.59269 0.55050
0.31355 0.60329 0.58577
0.29582 0.43954 0.64512
0.37815 0.47162 0.58175
0.34334 0.57097 0.54946
0.46305 0.36834 0.56256
