20 13 1000 41721 3100
0.88434 0.60724 0.83201
0.14832 0.19130 0.89689
0.54481 0.54145 0.64023
0.79141 0.75109 0.99735
0.80008 0.59775 0.19627
0.78877 0.02332 0.50838
0.66080 0.28380 0.65308
0.23430 0.58918 0.52138
0.08728 0.61142 0.13620
0.29391 0.33437 0.21416
0.16754 0.14794 0.55317
0.91087 0.41911 0.82265
0.39472 0.17489 0.11789
0.45848 0.45120 0.58543
0.60763 0.42640 0.56779
0.56609 0.48441 0.60599
0.57666 0.40294 0.55651
0.53414 0.31017 0.63306
0.49908 0.46117 0.49931
0.56321 0.44699 0.62614
0.60005 0.54050 0.67864
0.47004 0.26852 0.49980
0.58588 0.45405 0.51565
0.42797 0.41811 0.52349
0.47571 0.45377 0.48523
0.64784 0.51495 0.60286
0.57137 0.45308 0.63159
0.53300 0.37688 0.50774
0.55336 0.36719 0.47695
0.43047 0.35535 0.50812
0.52990 0.41482 0.57060
0.54443 0.36879 0.53109
0.43546 0.34629 0.57974
0.43218 0.36799 0.49226
0.54526 0.35760 0.45025
0.47991 0.32444 0.37224
0.47286 0.40302 0.50858
0.45158 0.29523 0.50353
0.39519 0.36463 0.53000
0.36970 0.31299 0.58843
0.63086 0.46068 0.52626
0.60725 0.38900 0.60403
0.52325 0.47559 0.58923
0.44304 0.41595 0.49106
0.42795 0.38844 0.38425
0.59355 0.27079 0.54092
0.50055 0.38403 0.35390
0.62652 0.46089 0.43285
0.43263 0.39079 0.45942
0.57872 0.46511 0.53388
0.54284 0.42750 0.61250
0.62064 0.42767 0.71844
0.57239 0.42303 0.42662
0.69349 0.47555 0.69728
0.43653 0.37921 0.62791
0.47501 0.34910 0.51779
0.48511 0.48591 0.62283
0.42100 0.40264 0.46593
0.41912 0.44885 0.42499
0.48090 0.44337 0.53676
0.44219 0.40591 0.50936
0.42731 0.43658 0.50955
0.41753 0.37870 0.49955
0.53269 0.35397 0.58278
0.37354 0.29202 0.58928
0.44259 0.30924 0.49041
0.50166 0.34439 0.61446
0.50762 0.43051 0.55395
0.56536 0.46964 0.45442
0.49328 0.47589 0.60056
0.48438 0.43853 0.46971
0.30867 0.46160 0.32807
0.56111 0.43071 0.60593
0.57139 0.41405 0.63804
0.46634 0.38021 0.55457
0.43359 0.46049 0.58274
0.50597 0.36793 0.54396
0.51940 0.35751 0.51208
0.47649 0.40301 0.50843
0.64326 0.43244 0.62803
0.53330 0.45270 0.51181
0.46349 0.37657 0.52106
0.50198 0.36071 0.55604
0.61198 0.44701 0.44706
0.52243 0.42743 0.43529
0.41127 0.44593 0.51949
0.45716 0.46895 0.53682
0.65099 0.45174 0.50507
0.53803 0.36274 0.50762
0.50986 0.41001 0.51131
0.48358 0.38465 0.45873
0.54087 0.43181 0.59262
0.53061 0.41965 0.57983
0.53465 0.35546 0.57339
0.60106 0.40379 0.64804
0.49788 0.39557 0.35787
0.63449 0.39259 0.63585
0.62526 0.38506 0.50207
0.60548 0.48639 0.58915
0.38861 0.39668 0.44698
0.50864 0.41831 0.63684
0.47742 0.38550 0.54881
0.67665 0.47842 0.68797
0.43432 0.40180 0.44624
0.68226 0.46516 0.56130
0.57827 0.46986 0.63082
0.52405 0.31643 0.56877
0.42719 0.52717 0.57398
0.64086 0.56670 0.71762
0.59093 0.49116 0.61254
0.54191 0.42087 0.54717
0.45569 0.41708 0.48047
0.41229 0.34963 0.39537
0.68383 0.42869 0.66251
0.42343 0.38808 0.58567
0.47703 0.40903 0.53723
0.52079 0.50377 0.62388
0.46604 0.39533 0.43076
0.51912 0.50251 0.68769
0.65449 0.38638 0.63485
0.60540 0.42053 0.57448
0.51693 0.35546 0.52571
0.42246 0.50943 0.43785
0.48669 0.45648 0.71063
0.59817 0.43277 0.58553
0.47793 0.31501 0.59885
0.49108 0.37474 0.60216
0.52010 0.47230 0.62213
0.57872 0.53025 0.60272
0.57426 0.40367 0.56244
0.53927 0.34261 0.49265
0.42451 0.36127 0.57448
0.59004 0.43131 0.59576
0.45936 0.31952 0.64921
0.50697 0.39262 0.45580
0.52343 0.41026 0.56068
0.52124 0.30870 0.45555
0.53606 0.48151 0.49604
0.60210 0.42248 0.69556
0.47264 0.33952 0.51746
0.47239 0.39240 0.58583
0.46912 0.35667 0.56945
0.49592 0.40059 0.67194
0.61002 0.48976 0.62719
0.61175 0.51623 0.61868
0.58772 0.47923 0.61948
0.45697 0.33395 0.50499
0.53787 0.44346 0.53994
0.59937 0.37862 0.70581
0.59435 0.42903 0.48929
0.49939 0.47815 0.53013
0.45367 0.46293 0.54120
0.65522 0.54869 0.57999
0.40502 0.39233 0.52406
0.49086 0.43330 0.62801
0.57031 0.34239 0.55336
0.54783 0.45363 0.52415
0.53661 0.41430 0.56813
0.35655 0.34277 0.59166
0.56316 0.50431 0.63364
0.50499 0.35388 0.53639
0.54485 0.44644 0.51446
0.53640 0.30182 0.54162
0.46175 0.43415 0.50131
0.59955 0.42998 0.45347
0.60671 0.41000 0.57273
0.45871 0.31338 0.51839
0.59534 0.53525 0.60343
0.57535 0.32957 0.50547
0.57607 0.30264 0.51179
0.52383 0.41795 0.59969
0.49330 0.32082 0.65492
0.41320 0.50210 0.39822
0.54544 0.44183 0.45155
0.44232 0.42173 0.39859
0.46143 0.35846 0.54680
0.42675 0.45766 0.44525
0.46335 0.40120 0.46868
0.46510 0.32973 0.38503
0.50687 0.38797 0.53466
0.59591 0.32016 0.57033
0.52261 0.46351 0.59364
0.36717 0.32732 0.40677
0.50723 0.32047 0.49267
0.53381 0.39546 0.47910
0.45884 0.32309 0.50854
0.50476 0.34250 0.48701
0.47508 0.52281 0.51292
0.30793 0.43273 0.47831
0.41568 0.43193 0.45039
0.54849 0.39420 0.48130
0.43779 0.39481 0.59907
0.44419 0.37239 0.47421
0.47470 0.43705 0.43184
0.43150 0.44289 0.47591
0.54311 0.44755 0.57628
0.37313 0.49720 0.33629
0.58891 0.47723 0.48975
0.44068 0.37448 0.52851
0.41882 0.30351 0.48677
0.41379 0.47937 0.48742
0.61562 0.45039 0.56921
0.52470 0.46193 0.48584
0.53056 0.50388 0.46889
0.39230 0.42132 0.49937
0.50727 0.43065 0.44247
0.51142 0.36967 0.49606
0.55314 0.47021 0.59856
0.56095 0.45954 0.63942
0.39723 0.36217 0.54638
0.54643 0.38693 0.51224
0.52187 0.37099 0.50790
0.47597 0.41457 0.47013
0.44176 0.43389 0.54155
0.53206 0.52473 0.53609
0.50229 0.36893 0.46810
0.41962 0.38225 0.45919
0.64297 0.43141 0.65190
0.68716 0.41098 0.57737
0.42059 0.32286 0.38955
0.61783 0.44441 0.52358
0.44872 0.41671 0.44243
0.46763 0.45194 0.51180
0.50153 0.35330 0.53621
0.58940 0.42487 0.58921
0.48749 0.34611 0.53690
0.46931 0.41843 0.43051
0.66225 0.47881 0.66371
0.67102 0.48864 0.51741
0.46262 0.34050 0.43272
0.62485 0.45496 0.55756
0.54307 0.40632 0.53559
0.47028 0.34565 0.48952
0.38052 0.40986 0.56653
0.61204 0.46876 0.64307
0.52146 0.34693 0.48153
0.51407 0.54223 0.58651
0.67541 0.43472 0.58131
0.50712 0.43400 0.58841
0.49885 0.43109 0.61064
0.56302 0.40903 0.55254
0.59533 0.52879 0.69783
0.44894 0.41390 0.49790
0.44101 0.36073 0.60688
0.52661 0.45119 0.52245
0.48127 0.38487 0.53663
0.53363 0.44778 0.62456
0.45539 0.35530 0.55060
0.55380 0.39674 0.54480
0.46518 0.37061 0.52103
0.38764 0.38328 0.51222
0.63015 0.44600 0.61169
0.57491 0.40970 0.54809
0.59589 0.34977 0.52083
0.60212 0.41110 0.71235
0.39617 0.41583 0.62596
0.53100 0.52313 0.61568
0.48850 0.35645 0.52721
0.66823 0.30556 0.62025
0.53777 0.37475 0.52507
0.48467 0.46040 0.34709
0.55434 0.35345 0.52829
0.50266 0.45997 0.56678
0.53625 0.52303 0.67993
0.58771 0.32319 0.52913
0.53438 0.41857 0.59095
0.57941 0.42048 0.46863
0.64713 0.43821 0.67298
0.48970 0.31985 0.60498
0.41045 0.34201 0.64784
0.39932 0.37879 0.42875
0.54375 0.32507 0.60356
0.59970 0.44506 0.58435
0.50507 0.45020 0.56697
0.40163 0.37916 0.52506
0.47845 0.42567 0.57688
0.59192 0.34351 0.62274
0.68510 0.49558 0.65195
0.52114 0.45126 0.53471
0.45580 0.39711 0.53020
0.44301 0.37576 0.55264
0.67784 0.41287 0.61703
0.48825 0.47414 0.62960
0.56858 0.37808 0.54971
0.45814 0.41055 0.37606
0.64512 0.52320 0.46582
0.59004 0.43734 0.49799
0.56326 0.41604 0.66697
0.52686 0.30999 0.43452
0.65741 0.50848 0.67411
0.50228 0.38757 0.42114
0.54877 0.41560 0.63266
0.45334 0.49862 0.57748
0.43930 0.44083 0.56278
0.51035 0.41101 0.58467
0.62737 0.39529 0.56752
0.61101 0.40121 0.42949
0.54726 0.38195 0.60362
0.63969 0.30150 0.57641
0.49642 0.37601 0.62521
0.57014 0.39230 0.55909
0.54357 0.38983 0.58129
0.40010 0.32593 0.72290
0.45318 0.41371 0.56526
0.54713 0.39088 0.59089
0.48217 0.32750 0.48459
0.66273 0.46784 0.47371
0.54559 0.51192 0.58338
0.56287 0.36598 0.59590
0.47250 0.39384 0.56161
0.49545 0.40348 0.52784
0.54333 0.45803 0.52290
0.55917 0.48128 0.60133
0.48800 0.35670 0.59572
0.50014 0.44763 0.50858
0.52816 0.36059 0.61594
0.54712 0.38976 0.60548
0.59631 0.41623 0.58611
0.54116 0.44949 0.64997
0.49916 0.35687 0.70069
0.44389 0.37771 0.57221
0.55449 0.41903 0.59574
0.61705 0.39164 0.63607
0.43963 0.39333 0.54931
0.46154 0.38948 0.50855
0.58050 0.41328 0.48538
0.62508 0.50541 0.60165
0.47690 0.43907 0.53270
0.42951 0.36963 0.68064
0.49233 0.46209 0.54197
0.41871 0.48988 0.46124
0.56134 0.36052 0.50181
0.60923 0.37929 0.61662
0.60243 0.39442 0.53302
0.53614 0.46838 0.60487
0.60881 0.39881 0.63233
0.52225 0.40098 0.53281
0.29212 0.37194 0.52099
0.51577 0.47703 0.62364
0.55717 0.42796 0.51536
0.54851 0.43295 0.58433
0.64349 0.39989 0.62281
0.44969 0.40430 0.43113
0.56359 0.36742 0.54287
0.57310 0.44215 0.48520
0.56383 0.40175 0.50987
0.54450 0.51267 0.57564
0.59920 0.48389 0.63392
0.44998 0.48297 0.46571
0.74559 0.48296 0.74210
0.56392 0.42769 0.55804
0.54988 0.43416 0.66812
0.61105 0.37530 0.61129
0.59030 0.35167 0.52028
0.52819 0.34147 0.61417
0.40287 0.34498 0.45881
0.46879 0.46712 0.50554
0.54495 0.35849 0.57717
0.53508 0.45266 0.52867
0.38612 0.41884 0.51913
0.41972 0.41009 0.37845
0.45185 0.46815 0.49051
0.44485 0.27901 0.53843
0.46103 0.39723 0.53603
0.63499 0.36844 0.52170
0.43662 0.43181 0.44443
0.51547 0.38714 0.59862
0.37708 0.33825 0.51489
0.48847 0.48949 0.51621
0.52460 0.38122 0.48117
0.53131 0.39099 0.54397
0.45951 0.43950 0.54968
0.56548 0.44752 0.58895
0.50346 0.45363 0.57643
0.43292 0.44961 0.55955
0.45160 0.43920 0.49013
0.66249 0.37502 0.65155
0.53101 0.36204 0.46534
0.30397 0.46148 0.52911
0.64600 0.40421 0.61602
0.42330 0.42904 0.42026
0.46074 0.36183 0.50578
0.55878 0.44390 0.65246
0.54772 0.40876 0.56899
0.35332 0.33643 0.57649
0.47574 0.46631 0.45270
0.54735 0.45163 0.52290
0.58600 0.26187 0.49353
0.55008 0.40046 0.57770
0.58789 0.41808 0.54533
0.61887 0.38463 0.51090
0.52902 0.28284 0.65584
0.60771 0.49623 0.57369
0.63823 0.37790 0.57762
0.50506 0.33518 0.52231
0.40816 0.44567 0.54501
0.66457 0.41767 0.66808
0.70070 0.45453 0.66159
0.39954 0.35138 0.55289
0.48078 0.36640 0.62512
0.34356 0.35619 0.61246
0.43757 0.44098 0.44220
0.45761 0.34804 0.48097
0.38384 0.42161 0.63157
0.37856 0.46162 0.41915
0.52736 0.44608 0.46673
0.53819 0.28589 0.53293
0.63859 0.45398 0.64087
0.46634 0.41559 0.59413
0.59272 0.34028 0.60296
0.55051 0.55931 0.48070
0.63896 0.50237 0.63796
0.46222 0.36676 0.60870
0.59671 0.47916 0.49665
0.38500 0.38895 0.56002
0.53047 0.30689 0.45466
0.47540 0.46199 0.61804
0.56051 0.43951 0.65942
0.59254 0.39951 0.49189
0.61960 0.43804 0.66852
0.53181 0.42384 0.48617
0.37731 0.30719 0.58588
0.42525 0.46042 0.50516
0.38197 0.32968 0.60441
0.60068 0.41870 0.63945
0.40428 0.37547 0.45507
0.51992 0.44002 0.48700
0.55904 0.39894 0.57779
0.47385 0.32332 0.49790
0.52720 0.36638 0.61786
0.48260 0.41310 0.53523
0.47016 0.33523 0.53255
0.39821 0.50778 0.47460
0.45970 0.35999 0.40589
0.55355 0.33897 0.47245
0.57120 0.49360 0.66367
0.54125 0.40622 0.48652
0.39977 0.45261 0.50554
0.57367 0.45925 0.63943
0.57859 0.37650 0.54795
0.57434 0.30029 0.53717
0.49211 0.36694 0.47230
0.60545 0.40988 0.59081
0.59464 0.38306 0.49704
0.53057 0.44580 0.51148
0.48865 0.40452 0.40992
0.50750 0.46876 0.56218
0.38922 0.29043 0.62305
0.50858 0.45661 0.54113
0.52004 0.40017 0.63824
0.52822 0.46221 0.48649
0.68846 0.53332 0.75087
0.62876 0.46332 0.68414
0.55477 0.50687 0.61761
0.55211 0.44679 0.60198
0.59036 0.47694 0.59542
0.34641 0.44991 0.43171
0.44920 0.37699 0.49128
0.61578 0.53617 0.55714
0.46980 0.40180 0.54877
0.50933 0.41274 0.48918
0.63372 0.38794 0.55785
0.55673 0.41952 0.54554
0.55061 0.41046 0.53660
0.37730 0.37441 0.40801
0.44329 0.42658 0.51330
0.46421 0.46470 0.40769
0.46351 0.40054 0.56100
0.53942 0.43375 0.65923
0.53698 0.45401 0.61561
0.57325 0.45402 0.43923
0.53350 0.32688 0.49576
0.54256 0.29268 0.41862
0.46731 0.40499 0.59175
0.52832 0.25684 0.57964
0.36547 0.47859 0.40246
0.56817 0.45961 0.55470
0.53442 0.34432 0.54408
0.59580 0.33959 0.56601
0.48863 0.47315 0.64566
0.60484 0.44350 0.71713
0.58633 0.41438 0.68769
0.58890 0.50691 0.66136
0.46932 0.32912 0.59744
0.45043 0.38206 0.53445
0.53527 0.42686 0.58897
0.47894 0.47054 0.51163
0.37948 0.44837 0.43310
0.47467 0.36603 0.55209
0.51687 0.44443 0.63030
0.47353 0.32212 0.52384
0.57843 0.47256 0.51352
0.48692 0.39996 0.52702
0.44042 0.44261 0.53125
0.47102 0.36840 0.54871
0.56212 0.37059 0.56651
0.54585 0.45957 0.60104
0.48790 0.45600 0.56976
0.47297 0.36497 0.57266
0.54472 0.43870 0.57221
0.58434 0.41998 0.58536
0.52483 0.34923 0.42366
0.40096 0.45673 0.52680
0.49900 0.43309 0.53629
0.59044 0.45179 0.56747
0.50600 0.40043 0.51357
0.40633 0.43878 0.33705
0.47521 0.35827 0.44850
0.45623 0.43664 0.58483
0.51029 0.41360 0.60314
0.59649 0.37470 0.47389
0.47261 0.32007 0.44429
0.46233 0.40368 0.51550
0.65260 0.48523 0.54227
0.62172 0.42847 0.63910
0.58519 0.40841 0.63440
0.49474 0.41744 0.55316
0.46359 0.35444 0.50253
0.48600 0.33403 0.52197
0.50175 0.40344 0.48427
0.46903 0.30992 0.49001
0.50180 0.53286 0.66752
0.51776 0.50070 0.61787
0.54759 0.43165 0.55774
0.59432 0.37409 0.64496
0.52320 0.42812 0.53422
0.50086 0.40049 0.54577
0.51665 0.37619 0.62300
0.50049 0.39143 0.53879
0.54654 0.38699 0.61209
0.53579 0.38093 0.66436
0.58265 0.51943 0.64327
0.59536 0.46238 0.60513
0.50021 0.41210 0.74565
0.41499 0.38483 0.52732
0.65292 0.36115 0.60013
0.51373 0.38764 0.51818
0.54519 0.32012 0.54201
0.54760 0.44354 0.54187
0.45808 0.48908 0.70127
0.48465 0.41302 0.58409
0.47797 0.46072 0.62462
0.45764 0.34242 0.35208
0.41826 0.35979 0.60451
0.63196 0.39305 0.57536
0.59602 0.45230 0.71177
0.51427 0.40308 0.53596
0.32929 0.43872 0.34482
0.49004 0.40517 0.60106
0.52869 0.46808 0.61290
0.44019 0.36163 0.43286
0.51182 0.34907 0.54886
0.45274 0.43919 0.48950
0.56666 0.21308 0.51382
0.54301 0.36851 0.57890
0.49717 0.35377 0.68933
0.44754 0.40439 0.62029
0.52098 0.32149 0.49793
0.54278 0.41866 0.56699
0.55024 0.44850 0.49541
0.48067 0.48745 0.64462
0.58217 0.38798 0.66468
0.50067 0.38240 0.54828
0.50038 0.43418 0.45334
0.52790 0.45101 0.56562
0.44523 0.30589 0.46836
0.62770 0.42079 0.63404
0.36265 0.34644 0.40507
0.55442 0.42170 0.53507
0.49951 0.46452 0.44169
0.48362 0.44305 0.56407
0.46041 0.49245 0.64027
0.61826 0.43593 0.51829
0.58773 0.49735 0.64946
0.59162 0.42345 0.58863
0.42658 0.32826 0.45156
0.40583 0.33762 0.54934
0.61406 0.42311 0.60836
0.46295 0.42898 0.48904
0.62418 0.38270 0.60793
0.58132 0.43398 0.61097
0.56668 0.39784 0.65016
0.45989 0.30312 0.61184
0.61202 0.37656 0.59971
0.41844 0.43300 0.55405
0.42835 0.37743 0.52053
0.36568 0.43315 0.50835
0.69381 0.50866 0.71201
0.48545 0.43740 0.55359
0.43614 0.42809 0.45437
0.60113 0.48238 0.57379
0.43887 0.41899 0.32373
0.60828 0.44122 0.47258
0.41238 0.38095 0.33403
0.45846 0.35659 0.53164
0.56239 0.27267 0.59375
0.43676 0.37452 0.43182
0.42636 0.33486 0.49515
0.44644 0.38589 0.43784
0.53959 0.38924 0.41727
0.57478 0.39620 0.61829
0.50124 0.35169 0.54139
0.47541 0.48830 0.49462
0.50544 0.39199 0.62905
0.41548 0.32025 0.45613
0.59237 0.44420 0.64348
0.56374 0.48935 0.52754
0.47083 0.39055 0.47024
0.51596 0.47360 0.60509
0.44678 0.45812 0.41855
0.56078 0.40206 0.54609
0.35700 0.35923 0.59263
0.49518 0.33531 0.36462
0.55854 0.41514 0.59746
0.57969 0.42809 0.53432
0.51691 0.48286 0.46289
0.64210 0.42835 0.57361
0.42210 0.33069 0.60227
0.40354 0.27831 0.65179
0.44903 0.31364 0.61776
0.45035 0.38917 0.54419
0.41770 0.38800 0.49807
0.58295 0.39735 0.63172
0.55880 0.43251 0.51793
0.50169 0.35894 0.53156
0.60374 0.43997 0.38520
0.54326 0.40324 0.51206
0.57911 0.39377 0.59086
0.53299 0.43241 0.62680
0.56098 0.48414 0.62420
0.43326 0.33571 0.47405
0.43861 0.48545 0.46509
0.53178 0.42279 0.58037
0.54056 0.49954 0.60855
0.47708 0.38773 0.49922
0.43953 0.37525 0.56855
0.58583 0.41313 0.58856
0.33367 0.34128 0.51383
0.52202 0.34911 0.60346
0.60149 0.39478 0.52732
0.55967 0.41871 0.55327
0.41513 0.41896 0.63077
0.58480 0.34628 0.57299
0.49062 0.40590 0.52331
0.52683 0.43923 0.58186
0.49511 0.35574 0.65603
0.37017 0.48271 0.51337
0.55473 0.38008 0.59633
0.59315 0.42896 0.60257
0.53606 0.37113 0.63462
0.48032 0.42523 0.42237
0.47805 0.52062 0.45992
0.57396 0.36258 0.58250
0.56534 0.43672 0.60683
0.55197 0.36348 0.44643
0.57356 0.39023 0.65195
0.40441 0.37709 0.60883
0.49590 0.34760 0.59218
0.49914 0.40833 0.46467
0.50825 0.45475 0.50188
0.49355 0.34714 0.52479
0.55552 0.41186 0.51593
0.49792 0.42654 0.63574
0.46897 0.41862 0.46046
0.42867 0.32415 0.38403
0.39982 0.40514 0.40119
0.48939 0.30162 0.52483
0.60544 0.24072 0.50506
0.50722 0.32901 0.44392
0.45577 0.45480 0.50990
0.49803 0.40290 0.57710
0.43636 0.35409 0.45958
0.34732 0.30133 0.58075
0.57281 0.38920 0.58535
0.56807 0.38868 0.49572
0.51355 0.41685 0.49624
0.54484 0.45411 0.59844
0.60925 0.39384 0.54981
0.47569 0.40426 0.58381
0.60162 0.46127 0.66319
0.49140 0.33055 0.57103
0.47606 0.40832 0.64325
0.44014 0.45195 0.56433
0.50959 0.55745 0.41549
0.52963 0.51657 0.54095
0.56066 0.36498 0.55559
0.46421 0.40418 0.51824
0.37175 0.43192 0.50728
0.61432 0.41369 0.56333
0.63132 0.44526 0.62851
0.51685 0.38540 0.51865
0.66831 0.43972 0.57953
0.58214 0.45514 0.50562
0.66059 0.45172 0.72940
0.58016 0.43016 0.52256
0.51723 0.35351 0.45222
0.46612 0.38317 0.48164
0.60199 0.45850 0.57490
0.44735 0.36332 0.57587
0.49258 0.39856 0.56624
0.50555 0.40844 0.49336
0.51002 0.40992 0.51141
0.46092 0.35481 0.56832
0.57051 0.40408 0.57510
0.57674 0.52238 0.65295
0.45451 0.52971 0.49244
0.52543 0.42619 0.55458
0.59390 0.41508 0.51235
0.40075 0.52257 0.51986
0.55202 0.43743 0.65995
0.48679 0.45234 0.51172
0.56915 0.39611 0.59336
0.47154 0.46577 0.45149
0.36854 0.33371 0.40632
0.47082 0.38073 0.51888
0.62951 0.38981 0.47861
0.43926 0.36551 0.68168
0.63940 0.48221 0.66874
0.50275 0.27464 0.51550
0.46993 0.36455 0.59413
0.54059 0.42505 0.42264
0.42874 0.37095 0.39509
0.48301 0.31544 0.56194
0.46333 0.34708 0.46937
0.46741 0.49446 0.49981
0.46771 0.33331 0.42285
0.38400 0.37939 0.54273
0.41606 0.30896 0.51498
0.59546 0.44714 0.59811
0.30897 0.34452 0.55142
0.46059 0.34908 0.47793
0.62622 0.45584 0.39476
0.44033 0.35324 0.50677
0.50721 0.41466 0.58768
0.52786 0.44833 0.54156
0.42538 0.21879 0.48806
0.42612 0.30978 0.55384
0.47325 0.39457 0.46252
0.56077 0.33369 0.50929
0.65765 0.46976 0.61025
0.56181 0.53903 0.55691
0.54975 0.36961 0.49396
0.58894 0.37207 0.57018
0.49749 0.41745 0.52532
0.40579 0.49407 0.48349
0.48712 0.52484 0.46342
0.55653 0.37786 0.37338
0.45848 0.50269 0.42809
0.53480 0.42462 0.65502
0.55407 0.40757 0.56213
0.55149 0.48270 0.48451
0.57607 0.49413 0.62122
0.46240 0.33876 0.54106
0.50592 0.32445 0.49642
0.70343 0.31147 0.58083
0.42014 0.39326 0.52173
0.50744 0.40007 0.64385
0.47310 0.42116 0.48791
0.44948 0.32720 0.57483
0.59185 0.32775 0.50113
0.63232 0.44632 0.62461
0.54791 0.48905 0.54725
0.54441 0.32215 0.49068
0.63478 0.46039 0.56902
0.50186 0.37722 0.54064
0.48979 0.32657 0.70774
0.54884 0.36244 0.53839
0.49938 0.47298 0.44566
0.40786 0.45647 0.57098
0.44165 0.29074 0.59354
0.54084 0.48137 0.60983
0.48137 0.32996 0.58772
0.48828 0.33963 0.58268
0.59799 0.42567 0.57700
0.49593 0.38583 0.53268
0.56010 0.33221 0.54136
0.61234 0.41264 0.52720
0.47708 0.38644 0.58184
0.51281 0.25113 0.56770
0.55491 0.34173 0.56792
0.56623 0.46379 0.56261
0.40802 0.41980 0.50329
0.47459 0.43959 0.58405
0.42000 0.40178 0.48471
0.68973 0.36193 0.61730
0.42246 0.42882 0.40967
0.58039 0.39551 0.54314
0.56005 0.45966 0.63725
0.60826 0.44893 0.57094
0.53939 0.49246 0.51842
0.42741 0.39479 0.43052
0.46152 0.37237 0.57389
0.58942 0.40581 0.52562
0.45617 0.40282 0.43534
0.59238 0.38646 0.48536
0.56302 0.28384 0.49719
0.60650 0.43705 0.60158
0.67725 0.44485 0.62658
0.54554 0.33047 0.52689
0.55952 0.42515 0.59182
0.53019 0.42716 0.44257
0.62266 0.43138 0.66632
0.58055 0.38447 0.62338
0.42517 0.32190 0.76084
0.56574 0.48050 0.55088
0.43721 0.38849 0.59561
0.59480 0.23892 0.46108
0.64939 0.32020 0.48936
0.53952 0.34183 0.44566
0.66012 0.38524 0.67110
0.57035 0.48753 0.53683
0.50525 0.48880 0.66721
0.53863 0.37850 0.57633
0.46119 0.34689 0.34094
0.40659 0.43721 0.46947
0.55733 0.46221 0.57103
0.65053 0.40341 0.56758
0.36680 0.38704 0.50340
0.63703 0.52526 0.58275
0.62610 0.41494 0.48552
0.56240 0.44864 0.52265
0.61083 0.41341 0.47523
0.50419 0.48702 0.57187
0.43695 0.32406 0.42740
0.58842 0.35889 0.58524
0.55160 0.52510 0.60623
0.42089 0.36397 0.46442
0.58206 0.46419 0.45675
0.58750 0.33037 0.57886
0.54705 0.36001 0.49312
0.47079 0.35307 0.51581
0.45586 0.34298 0.61599
0.59131 0.26217 0.48874
0.50403 0.36395 0.48638
0.51931 0.40590 0.61221
0.70566 0.37683 0.62989
0.55472 0.52326 0.64222
0.62147 0.46125 0.54449
0.42077 0.26899 0.55265
0.54501 0.38262 0.40914
0.51012 0.52331 0.67072
0.62433 0.41899 0.45921
0.45274 0.37000 0.53052
0.49198 0.32213 0.62888
0.52958 0.40464 0.58823
0.50601 0.36760 0.52162
0.58339 0.46568 0.61844
0.59330 0.46369 0.55124
0.45343 0.29832 0.62414
0.53054 0.46329 0.70186
0.47286 0.36921 0.67700
0.49156 0.42553 0.51687
0.59488 0.43238 0.56881
0.49746 0.43148 0.47171
0.60561 0.36437 0.55964
0.51003 0.36160 0.46926
0.51611 0.47983 0.60944
0.51269 0.34907 0.46477
0.55710 0.46120 0.57621
0.43504 0.37635 0.48822
0.50780 0.41979 0.45106
0.56100 0.39432 0.56598
0.50173 0.52034 0.58348
0.28952 0.40929 0.54760
0.43356 0.31832 0.51255
0.60321 0.36997 0.53359
0.36207 0.42677 0.44578
0.53222 0.37218 0.53303
0.55068 0.35619 0.49063
0.58782 0.44209 0.56650
0.44323 0.34449 0.48029
0.63792 0.41249 0.57965
0.56178 0.33820 0.57987
0.43928 0.39902 0.50548
0.72164 0.43478 0.64522
0.54977 0.32242 0.50859
0.55603 0.38122 0.61098
0.47822 0.37899 0.51058
0.58056 0.40240 0.46724
0.46310 0.43287 0.49632
0.44747 0.47679 0.44614
0.38455 0.27598 0.62332
0.47881 0.39815 0.57990
0.47174 0.39445 0.48973
0.53518 0.50300 0.65720
0.63155 0.39023 0.68633
0.48471 0.44067 0.63878
0.54691 0.38371 0.55412
0.51021 0.42114 0.55404
0.39344 0.49003 0.48186
0.41893 0.44709 0.50509
0.48300 0.43108 0.51885
0.48356 0.39436 0.59745
0.49638 0.31423 0.50078
0.50906 0.35766 0.59650
0.60128 0.41990 0.66332
0.51299 0.35461 0.61673
0.60852 0.42650 0.45651
0.56113 0.35925 0.58346
0.45172 0.51528 0.52166
0.42996 0.48826 0.55886
0.41254 0.47367 0.51946
0.52424 0.44429 0.53541
0.46679 0.47530 0.55432
0.58056 0.48246 0.57940
0.46877 0.41081 0.41488
0.48641 0.41331 0.50937
0.53405 0.34713 0.46895
0.58627 0.36588 0.59734
0.57102 0.40066 0.63702
0.57360 0.38603 0.57776
0.57902 0.52188 0.63222
0.57296 0.45358 0.52147
0.48317 0.36595 0.51930
0.55253 0.35502 0.52864
0.64792 0.33588 0.61380
0.59694 0.33841 0.49552
0.52890 0.44266 0.51842
0.49798 0.41044 0.51865
0.57518 0.42731 0.65333
0.45081 0.34597 0.52506
0.48941 0.41053 0.58991
0.60767 0.48148 0.58945
0.49416 0.39263 0.54023
0.60245 0.44483 0.62218
0.46857 0.43988 0.51312
0.53045 0.47858 0.60796
0.40789 0.42107 0.52541
0.48894 0.29735 0.57354
0.39686 0.40389 0.70792
0.49536 0.49095 0.53314
0.61815 0.42930 0.61648
0.57515 0.46375 0.50940
0.41360 0.46597 0.52952
0.46611 0.32488 0.59766
0.36513 0.35436 0.55217
0.66199 0.46634 0.71296
0.52615 0.38101 0.52051
0.52865 0.43767 0.62210
0.55661 0.41952 0.52651
0.56377 0.32067 0.50671
0.45279 0.39396 0.58518
0.58458 0.39242 0.51322
0.65766 0.45153 0.61599
0.50434 0.37936 0.58767
0.44945 0.38904 0.46221
0.55588 0.41641 0.47784
0.62940 0.33751 0.44351
0.53563 0.44675 0.57718
0.40507 0.42923 0.44406
0.46332 0.40112 0.62627
0.66307 0.46989 0.64301
0.48722 0.37766 0.55048
0.45887 0.38575 0.47284
0.51666 0.42065 0.54927
0.42167 0.42396 0.50451
0.51753 0.33614 0.54627
0.52032 0.51461 0.63669
0.42178 0.35899 0.61995
0.50171 0.31428 0.58346
0.50787 0.38274 0.57336
0.39596 0.37749 0.50035
0.53526 0.31331 0.54553
0.50920 0.43670 0.66574
0.54746 0.41214 0.49939
0.53477 0.42081 0.59531
0.53600 0.51852 0.60966
0.46824 0.36737 0.41359
0.56512 0.48319 0.48501
0.56560 0.34270 0.62202
0.39043 0.43905 0.50662
0.41501 0.45538 0.48867
0.57320 0.40459 0.57922
0.48404 0.41304 0.51139
0.59946 0.42665 0.54667
0.61389 0.35796 0.52241
0.60778 0.46315 0.65417
0.60143 0.40077 0.68351
0.60413 0.41562 0.54033
0.45264 0.47005 0.58816
0.58924 0.44492 0.67608
0.60608 0.38497 0.57986
0.38781 0.39803 0.44500
0.59159 0.44103 0.55444
0.52518 0.44336 0.62665
0.44338 0.41083 0.57915
0.65537 0.31529 0.55391
0.61194 0.47928 0.64683
0.41492 0.49289 0.58109
0.56493 0.43906 0.56576
0.43924 0.40910 0.32362
0.54129 0.39722 0.68030
0.56792 0.43477 0.39920
0.55858 0.31834 0.54091
0.59230 0.30372 0.57288
0.42427 0.38547 0.56488
0.62411 0.36493 0.59392
0.43729 0.31827 0.61476
0.62245 0.51097 0.63610
0.47196 0.40317 0.64754
0.56795 0.43035 0.61866
0.51916 0.45804 0.51356
0.60249 0.47785 0.53102
0.56178 0.47207 0.60079
0.49604 0.43369 0.51740
0.34583 0.36783 0.37428
0.60899 0.35848 0.62015
0.57359 0.40316 0.59126
0.45324 0.44844 0.44110
0.48519 0.37690 0.42590
0.61379 0.45407 0.58780
0.38234 0.40988 0.50951
0.41749 0.35532 0.57727
