20 15 1000 10488 608
0.80525 0.32395 0.22622
0.85022 0.84193 0.97907
0.89690 0.02750 0.11923
0.07572 0.80593 0.25333
0.67221 0.57015 0.35333
0.38278 0.07899 0.44772
0.85660 0.47438 0.20899
0.40826 0.06295 0.11165
0.44696 0.37557 0.26138
0.29261 0.20526 0.19602
0.30855 0.68468 0.57917
0.00151 0.26455 0.54270
0.30104 0.56078 0.12307
0.92448 0.41094 0.63348
0.31926 0.22325 0.87191
0.30869 0.47841 0.39005
0.44968 0.39380 0.42726
0.47047 0.38762 0.42659
0.57646 0.35842 0.40473
0.48380 0.51927 0.29686
0.52057 0.44038 0.44672
0.61677 0.35221 0.36137
0.49702 0.29686 0.35026
0.47908 0.40675 0.30854
0.38235 0.36228 0.38175
0.56677 0.36885 0.41205
0.51539 0.42318 0.30740
0.50986 0.41541 0.38287
0.55585 0.44998 0.43897
0.45109 0.56143 0.46643
0.44030 0.36796 0.32339
0.54990 0.35392 0.55768
0.40324 0.38828 0.43278
0.44788 0.44744 0.49427
0.56713 0.42278 0.37391
0.56798 0.43060 0.54863
0.48402 0.33348 0.45209
0.66855 0.43274 0.47075
0.55112 0.37213 0.37875
0.40586 0.48443 0.37789
0.42424 0.43181 0.37148
0.42499 0.44203 0.49094
0.48027 0.43135 0.35168
0.65533 0.47970 0.50647
0.44468 0.38527 0.35843
0.43219 0.37757 0.43199
0.53651 0.34654 0.30001
0.56829 0.35446 0.32656
0.47645 0.39740 0.37987
0.45516 0.51573 0.49282
0.33305 0.35733 0.42228
0.60316 0.44037 0.41125
0.39383 0.39201 0.41334
0.41507 0.46109 0.45852
0.42163 0.40441 0.42873
0.52034 0.37575 0.32917
0.52473 0.41329 0.33200
0.41046 0.53963 0.47773
0.55653 0.40082 0.45829
0.50559 0.37572 0.34991
0.49837 0.39597 0.37003
0.51344 0.29322 0.27192
0.46775 0.42717 0.48603
0.43867 0.40964 0.34209
0.55031 0.53533 0.45966
0.47361 0.37507 0.49389
0.67179 0.34691 0.35094
0.40673 0.48476 0.47604
0.48617 0.41501 0.42964
0.51237 0.25879 0.41061
0.34541 0.35214 0.30566
0.55275 0.44224 0.41665
0.53299 0.38987 0.31396
0.39458 0.29815 0.28479
0.40255 0.29637 0.50257
0.62973 0.47131 0.52106
0.51070 0.34827 0.33675
0.46830 0.33708 0.42130
0.56287 0.33898 0.32244
0.58980 0.36588 0.35774
0.52280 0.28563 0.37085
0.61860 0.42060 0.35672
0.44362 0.37417 0.32125
0.53873 0.51377 0.49220
0.51223 0.36106 0.35342
0.51188 0.33714 0.35770
0.50308 0.40787 0.29294
0.55039 0.33440 0.28904
0.61914 0.32986 0.29996
0.47407 0.43872 0.39278
0.41005 0.35009 0.31640
0.47178 0.37611 0.36992
0.45443 0.53295 0.36836
0.35996 0.47226 0.31280
0.50325 0.49411 0.37337
0.46875 0.38137 0.44924
0.46867 0.44091 0.47435
0.47873 0.34422 0.34073
0.58611 0.42412 0.32943
0.50164 0.34417 0.40254
0.51755 0.54694 0.54520
0.50414 0.31911 0.32567
0.47888 0.45701 0.38832
0.48567 0.35163 0.38528
0.54639 0.33301 0.38697
0.59370 0.43418 0.45245
0.47599 0.37645 0.27044
0.34289 0.48469 0.38710
0.57455 0.33910 0.33169
0.40622 0.49370 0.42674
0.41694 0.38572 0.42256
0.57413 0.41710 0.40509
0.40077 0.36814 0.35029
0.52940 0.36995 0.34041
0.53199 0.44992 0.38404
0.75261 0.38825 0.30661
0.49077 0.31142 0.30858
0.39895 0.32175 0.31146
0.51520 0.45507 0.52808
0.60663 0.46631 0.42325
0.52438 0.27809 0.32316
0.55769 0.36811 0.38887
0.56505 0.36534 0.47539
0.55041 0.31625 0.38073
0.49116 0.36449 0.35289
0.60194 0.32132 0.26544
0.39320 0.46004 0.41391
0.42922 0.35352 0.41888
0.47924 0.34001 0.40204
0.47956 0.39736 0.40390
0.62983 0.46507 0.41658
0.47056 0.53790 0.49086
0.61058 0.34935 0.37716
0.46642 0.39259 0.29354
0.42183 0.40111 0.53184
0.47175 0.39990 0.38278
0.50350 0.39495 0.41734
0.54021 0.39145 0.34614
0.42258 0.53668 0.40419
0.60922 0.41771 0.44351
0.67243 0.49638 0.41632
0.43364 0.42629 0.27269
0.53685 0.47363 0.39425
0.66249 0.40664 0.45592
0.44358 0.29395 0.35600
0.46331 0.55311 0.45122
0.39441 0.42034 0.27697
0.37881 0.44352 0.49405
0.47797 0.28430 0.31166
0.48489 0.42534 0.38394
0.54399 0.38990 0.37282
0.39211 0.40250 0.32559
0.56754 0.37573 0.49537
0.46260 0.34198 0.29906
0.53636 0.55088 0.52798
0.56718 0.38494 0.41781
0.47591 0.37689 0.37702
0.54893 0.44020 0.37006
0.50690 0.39227 0.34033
0.30520 0.34191 0.37379
0.50190 0.53490 0.37201
0.40777 0.36732 0.31654
0.46383 0.46242 0.36013
0.55484 0.32527 0.40024
0.56262 0.36233 0.37650
0.48675 0.39892 0.30193
0.35765 0.41913 0.37437
0.52849 0.45038 0.28262
0.43857 0.37676 0.35905
0.53962 0.34764 0.29971
0.44330 0.34119 0.33284
0.66095 0.36416 0.33782
0.42184 0.41704 0.42783
0.49863 0.37611 0.35262
0.58468 0.40393 0.46649
0.55397 0.37492 0.37588
0.36607 0.49593 0.43869
0.47069 0.35158 0.41164
0.56298 0.49202 0.53436
0.38132 0.48023 0.33300
0.59172 0.47521 0.41372
0.52219 0.41281 0.42624
0.57418 0.25334 0.34354
0.53882 0.33427 0.36938
0.49200 0.38072 0.36097
0.45990 0.26876 0.39467
0.45832 0.33957 0.31644
0.46454 0.45463 0.31441
0.42220 0.35708 0.50864
0.35730 0.54543 0.39264
0.52540 0.38529 0.41020
0.54165 0.36559 0.40049
0.53266 0.30313 0.36159
0.43770 0.38923 0.39977
0.48563 0.36242 0.40216
0.50384 0.32203 0.31482
0.44801 0.43873 0.32324
0.53809 0.38117 0.41274
0.48991 0.54820 0.44714
0.43185 0.39442 0.46705
0.50462 0.37393 0.35306
0.46002 0.31198 0.27413
0.46318 0.36864 0.50218
0.37887 0.37550 0.39602
0.60879 0.35702 0.32333
0.47459 0.41475 0.36000
0.56650 0.40480 0.40004
0.57463 0.48305 0.35869
0.48836 0.34718 0.32867
0.54774 0.39271 0.42006
0.61585 0.35278 0.28268
0.50998 0.57293 0.58148
0.44916 0.38497 0.43783
0.51738 0.31052 0.40647
0.45333 0.38935 0.29255
0.57501 0.44225 0.39482
0.54507 0.39357 0.52037
0.56936 0.37330 0.36548
0.50389 0.41619 0.43336
0.57251 0.31495 0.28419
0.49786 0.38412 0.42433
0.54508 0.39399 0.33482
0.66673 0.54934 0.58239
0.60004 0.46509 0.36299
0.57567 0.37546 0.40121
0.50444 0.38464 0.44145
0.58490 0.24454 0.27077
0.56275 0.31518 0.34818
0.51240 0.31532 0.27255
0.58006 0.43966 0.32362
0.53348 0.42776 0.48984
0.50184 0.32748 0.34566
0.50940 0.34447 0.34451
0.48571 0.33444 0.28959
0.53321 0.42819 0.43037
0.46108 0.40024 0.39609
0.58178 0.42734 0.40051
0.45236 0.39098 0.33834
0.53933 0.36753 0.40072
0.53247 0.39189 0.35494
0.44845 0.37926 0.47507
0.54332 0.36695 0.39021
0.49211 0.34201 0.50911
0.46179 0.31531 0.51125
0.56330 0.41886 0.42476
0.60186 0.49684 0.51775
0.43216 0.34331 0.40448
0.48928 0.48329 0.46304
0.46706 0.33175 0.42090
0.47112 0.40681 0.38209
0.57236 0.40816 0.41760
0.54215 0.40155 0.40529
0.60935 0.48799 0.49671
0.54406 0.43617 0.48307
0.51132 0.36009 0.39919
0.43065 0.42392 0.41869
0.53144 0.42238 0.35343
0.51272 0.32869 0.34324
0.49490 0.42500 0.38139
0.41273 0.53394 0.41478
0.44305 0.31275 0.41643
0.61484 0.43560 0.38177
0.45957 0.33176 0.39389
0.46463 0.45669 0.41146
0.42485 0.44490 0.27427
0.50476 0.25231 0.34963
0.51448 0.38592 0.41284
0.49217 0.41567 0.38296
0.51645 0.35196 0.46358
0.44192 0.39010 0.37662
0.51471 0.38232 0.37472
0.45752 0.37212 0.40295
0.53128 0.27846 0.26846
0.43953 0.32513 0.48594
0.58317 0.48020 0.42753
0.50507 0.42069 0.38530
0.53155 0.41632 0.32528
0.59247 0.48159 0.37916
0.41870 0.38631 0.48065
0.40119 0.33882 0.31003
0.56454 0.36478 0.38862
0.61936 0.41905 0.46051
0.41726 0.36929 0.40436
0.41981 0.30075 0.42791
0.46840 0.41649 0.41253
0.53303 0.45753 0.42528
0.44316 0.42744 0.33484
0.58919 0.46308 0.45143
0.44879 0.39844 0.46062
0.49510 0.49418 0.31372
0.49240 0.45017 0.36463
0.43902 0.50452 0.33993
0.49735 0.31860 0.29473
0.49712 0.38383 0.45326
0.52036 0.38788 0.34915
0.47715 0.40841 0.42761
0.64449 0.30891 0.29936
0.58404 0.47137 0.47861
0.40028 0.42381 0.47326
0.48895 0.40518 0.43615
0.56156 0.37457 0.41721
0.37525 0.39164 0.50025
0.49944 0.35149 0.32804
0.44204 0.40567 0.31564
0.50374 0.45058 0.40037
0.45741 0.33864 0.42163
0.52650 0.38189 0.44934
0.54195 0.39717 0.42178
0.62290 0.54619 0.51158
0.47790 0.45877 0.31064
0.35055 0.36572 0.34521
0.44117 0.46626 0.31942
0.41483 0.44506 0.36987
0.46695 0.45550 0.43457
0.56165 0.34507 0.44947
0.54861 0.34293 0.44405
0.53223 0.37514 0.32285
0.46490 0.44115 0.29265
0.51720 0.39735 0.38704
0.52674 0.38082 0.40093
0.48403 0.36994 0.38011
0.56904 0.40631 0.38674
0.54040 0.47535 0.57328
0.49543 0.33715 0.30346
0.65031 0.36344 0.37473
0.50693 0.46020 0.34017
0.50424 0.38268 0.36368
0.54487 0.32585 0.39318
0.50359 0.41010 0.39316
0.43781 0.38104 0.46466
0.42894 0.49990 0.31024
0.51290 0.33512 0.29758
0.49264 0.31610 0.35829
0.40036 0.36676 0.40510
0.52748 0.39652 0.35169
0.65970 0.49922 0.55466
0.50723 0.44012 0.33897
0.60391 0.44983 0.48063
0.53710 0.37979 0.57452
0.52552 0.32620 0.36587
0.49153 0.38042 0.34549
0.45797 0.34477 0.33552
0.51867 0.39512 0.33055
0.57661 0.35393 0.46361
0.40169 0.32662 0.42158
0.66186 0.33825 0.43788
0.62721 0.50224 0.49775
0.53101 0.49274 0.44679
0.66996 0.30924 0.34010
0.53205 0.43037 0.35888
0.50101 0.26681 0.30043
0.45645 0.32707 0.32727
0.59184 0.37771 0.50718
0.47833 0.42694 0.32476
0.46733 0.40834 0.42134
0.44450 0.40728 0.37462
0.46528 0.41044 0.29480
0.56058 0.37949 0.32626
0.54787 0.52236 0.54389
0.42212 0.40065 0.40053
0.54889 0.33471 0.34029
0.45043 0.35860 0.29278
0.39475 0.44219 0.29169
0.43915 0.46501 0.47949
0.53086 0.41396 0.37307
0.48520 0.41257 0.39334
0.56513 0.50052 0.58160
0.62318 0.31680 0.32990
0.57802 0.31381 0.32015
0.56606 0.42754 0.35344
0.65588 0.31031 0.33832
0.47339 0.34929 0.30232
0.48105 0.28724 0.38582
0.56188 0.52993 0.57446
0.51484 0.42671 0.44560
0.44772 0.30960 0.36407
0.59121 0.39945 0.30064
0.45161 0.25764 0.42237
0.37606 0.49090 0.38285
0.48218 0.48741 0.39774
0.41956 0.40637 0.35082
0.53244 0.42250 0.35653
0.55204 0.35501 0.36550
0.51804 0.28048 0.29411
0.30486 0.41330 0.40154
0.47383 0.44630 0.42107
0.34009 0.37213 0.45029
0.55516 0.33692 0.36717
0.49277 0.38445 0.32199
0.58424 0.34587 0.29544
0.50532 0.43961 0.46811
0.67938 0.42194 0.35154
0.49670 0.43234 0.52855
0.41724 0.38666 0.30603
0.46329 0.38631 0.41608
0.59297 0.42947 0.48682
0.65205 0.40718 0.34725
0.56014 0.38866 0.34277
0.53690 0.44090 0.46636
0.55184 0.38418 0.43122
0.65537 0.50914 0.54512
0.54713 0.33514 0.36225
0.58702 0.35171 0.33453
0.60350 0.40112 0.36902
0.42960 0.30759 0.38117
0.59311 0.46396 0.48818
0.57907 0.33340 0.33931
0.58497 0.37936 0.32142
0.39101 0.34187 0.44354
0.51365 0.38653 0.35875
0.44718 0.50118 0.34175
0.46175 0.33032 0.46456
0.57092 0.39646 0.29263
0.46252 0.45583 0.43378
0.57477 0.46648 0.37824
0.52022 0.48375 0.52592
0.47075 0.38874 0.40181
0.40385 0.47910 0.36906
0.52794 0.40698 0.41440
0.62081 0.42208 0.51198
0.51322 0.40081 0.36136
0.57067 0.39599 0.45078
0.54112 0.43564 0.41430
0.58694 0.40724 0.45008
0.59644 0.47564 0.46897
0.55186 0.34391 0.34601
0.61992 0.43409 0.45275
0.59892 0.43666 0.45812
0.48106 0.33223 0.33613
0.48018 0.33819 0.31257
0.53090 0.41995 0.44281
0.63631 0.30223 0.34902
0.52642 0.38790 0.47474
0.53731 0.48637 0.37053
0.50908 0.58981 0.52215
0.48670 0.32088 0.45045
0.58557 0.34798 0.30371
0.47392 0.37609 0.38357
0.49744 0.53599 0.35350
0.52726 0.33591 0.33783
0.45713 0.33108 0.40270
0.51567 0.33875 0.27965
0.48790 0.65093 0.43372
0.55068 0.36839 0.38174
0.45859 0.53481 0.47907
0.40718 0.34876 0.38512
0.53641 0.37880 0.45802
0.51453 0.47216 0.37949
0.61495 0.44807 0.32478
0.48248 0.42138 0.28794
0.45488 0.32168 0.38108
0.50161 0.47419 0.44216
0.64514 0.50703 0.48907
0.43422 0.30556 0.38278
0.50011 0.43403 0.40676
0.48983 0.40780 0.30893
0.43855 0.27728 0.37604
0.43246 0.42788 0.37698
0.62368 0.43107 0.46969
0.63359 0.40922 0.36173
0.57174 0.49902 0.51518
0.54649 0.44353 0.33132
0.41582 0.34482 0.46954
0.38871 0.39221 0.51671
0.45161 0.34447 0.34432
0.49421 0.43199 0.38428
0.56004 0.39151 0.36975
0.48898 0.32163 0.46682
0.46479 0.46508 0.42356
0.46583 0.37236 0.38044
0.53673 0.35898 0.25775
0.43998 0.40232 0.52939
0.63208 0.40601 0.40138
0.47305 0.44005 0.35796
0.62670 0.40956 0.44951
0.51889 0.46432 0.38131
0.32033 0.37115 0.35090
0.56017 0.38991 0.38991
0.43551 0.36796 0.32915
0.64314 0.45322 0.45515
0.60106 0.32901 0.41009
0.44839 0.37816 0.40051
0.46340 0.36288 0.46951
0.50965 0.34372 0.40866
0.46681 0.46588 0.47287
0.46156 0.38381 0.39836
0.55466 0.44435 0.38141
0.48530 0.42817 0.48561
0.53570 0.55390 0.53216
0.52648 0.33958 0.41879
0.60977 0.47372 0.53238
0.55428 0.45651 0.33202
0.53303 0.32706 0.41919
0.55797 0.38014 0.36160
0.52854 0.44716 0.51510
0.53124 0.33273 0.41311
0.45255 0.30189 0.39083
0.47937 0.39619 0.40841
0.54369 0.30312 0.45729
0.56345 0.40626 0.37842
0.51027 0.44185 0.31258
0.43882 0.26430 0.39157
0.48227 0.35339 0.35704
0.47716 0.47858 0.36905
0.51649 0.35851 0.34420
0.46937 0.32355 0.23536
0.51224 0.40681 0.41563
0.39039 0.37188 0.33942
0.33716 0.36720 0.43338
0.40538 0.41307 0.45514
0.49341 0.36365 0.44109
0.41962 0.34044 0.36021
0.46108 0.26721 0.27822
0.45622 0.43157 0.40918
0.43130 0.43483 0.39738
0.47912 0.40085 0.40810
0.43117 0.42104 0.36728
0.58303 0.34729 0.32181
0.40956 0.43832 0.41801
0.47150 0.37352 0.41563
0.55812 0.43101 0.52359
0.58983 0.31832 0.37369
0.60777 0.38371 0.35877
0.48977 0.44088 0.45738
0.57358 0.33348 0.26599
0.41049 0.32754 0.32271
0.38549 0.49882 0.51972
0.52923 0.41576 0.41682
0.42415 0.30494 0.44136
0.50106 0.41897 0.37764
0.50248 0.39059 0.21864
0.50132 0.37859 0.34583
0.54869 0.34940 0.35855
0.48228 0.34964 0.48533
0.45788 0.45618 0.43869
0.57808 0.31660 0.41335
0.65479 0.45148 0.45008
0.59913 0.39744 0.36125
0.54825 0.39679 0.38865
0.49101 0.38833 0.36889
0.72542 0.39925 0.39179
0.50793 0.48511 0.40885
0.48078 0.38257 0.33430
0.46904 0.34968 0.33639
0.46053 0.44268 0.44133
0.44752 0.38409 0.38893
0.73098 0.33903 0.41940
0.60734 0.46258 0.51019
0.46008 0.36323 0.37123
0.40257 0.55542 0.37484
0.56891 0.31855 0.34251
0.55067 0.35560 0.40061
0.39535 0.42020 0.23134
0.53291 0.31738 0.26347
0.46124 0.29282 0.38767
0.42040 0.42341 0.44475
0.57521 0.36919 0.29274
0.43601 0.45268 0.35777
0.55156 0.48065 0.39405
0.51072 0.46128 0.33812
0.50854 0.43889 0.40895
0.35469 0.42349 0.49008
0.58648 0.34181 0.33281
0.57942 0.38663 0.45797
0.57470 0.44764 0.51140
0.54354 0.32930 0.38648
0.49839 0.42760 0.35800
0.62403 0.39934 0.32409
0.50920 0.40467 0.32902
0.52109 0.52451 0.38534
0.53591 0.48416 0.43762
0.39116 0.39595 0.47817
0.49482 0.38669 0.37656
0.50373 0.41743 0.39006
0.60023 0.42021 0.45289
0.48974 0.40925 0.30591
0.46301 0.28007 0.40727
0.52562 0.36115 0.47040
0.48981 0.30808 0.42355
0.50640 0.34334 0.36474
0.42441 0.42935 0.24555
0.65383 0.36480 0.41201
0.51679 0.41542 0.31162
0.56580 0.35401 0.42991
0.48509 0.38623 0.41481
0.39236 0.45160 0.38788
0.54272 0.35475 0.36535
0.49614 0.33974 0.33807
0.58583 0.49591 0.50655
0.37654 0.52719 0.31263
0.46895 0.40183 0.44874
0.51475 0.34218 0.35556
0.51501 0.30118 0.42710
0.45842 0.45111 0.37292
0.40119 0.43824 0.28518
0.59848 0.33777 0.33304
0.52335 0.33881 0.33349
0.50574 0.33452 0.39528
0.39292 0.36815 0.46200
0.63581 0.38679 0.32375
0.53173 0.37021 0.27261
0.42613 0.43887 0.31458
0.50265 0.24583 0.28434
0.43294 0.31136 0.36532
0.54003 0.41791 0.39810
0.41784 0.43748 0.36906
0.48504 0.35496 0.39764
0.45582 0.41609 0.36444
0.27978 0.42154 0.48440
0.36973 0.41799 0.47848
0.59658 0.45161 0.48815
0.57190 0.40453 0.52798
0.59121 0.34720 0.28540
0.51270 0.37431 0.42151
0.29281 0.54299 0.33183
0.57036 0.37996 0.27288
0.60731 0.36274 0.41333
0.47828 0.36038 0.53260
0.60303 0.39365 0.29966
0.50133 0.38858 0.46475
0.41969 0.52635 0.50897
0.51739 0.45834 0.43282
0.49261 0.37530 0.46641
0.55542 0.40003 0.36944
0.48987 0.38695 0.41703
0.36379 0.34986 0.33546
0.59254 0.30035 0.32679
0.61692 0.42243 0.23518
0.63308 0.36434 0.36470
0.44698 0.52673 0.33089
0.47851 0.32767 0.36644
0.50196 0.30003 0.36055
0.61020 0.41472 0.32885
0.52364 0.36199 0.48569
0.54767 0.39534 0.42739
0.50062 0.38845 0.35283
0.56772 0.38394 0.32879
0.46942 0.43274 0.47539
0.52882 0.34186 0.38245
0.52947 0.40305 0.37644
0.47221 0.36756 0.28002
0.55593 0.51214 0.50821
0.58013 0.41168 0.44931
0.38207 0.45970 0.32771
0.46235 0.44137 0.37868
0.57606 0.53065 0.55176
0.65963 0.30708 0.29321
0.45834 0.50110 0.39900
0.56157 0.27921 0.35360
0.52824 0.51464 0.47968
0.42871 0.30822 0.50647
0.48506 0.45517 0.34014
0.48983 0.37560 0.37891
0.53974 0.39123 0.36856
0.60723 0.43602 0.32740
0.53284 0.38051 0.43864
0.50011 0.35559 0.35921
0.58694 0.47004 0.42804
0.61702 0.44797 0.44436
0.41406 0.26360 0.32681
0.37739 0.36178 0.37181
0.52499 0.40763 0.43565
0.51602 0.50098 0.36297
0.53555 0.41887 0.39014
0.53342 0.41358 0.28992
0.48404 0.28344 0.41863
0.58145 0.45351 0.37707
0.48813 0.30201 0.46706
0.42932 0.43928 0.34842
0.40020 0.34937 0.30372
0.39565 0.30624 0.34608
0.43012 0.34113 0.46278
0.45243 0.28224 0.25803
0.44167 0.34206 0.27175
0.51880 0.32614 0.30406
0.60552 0.29662 0.43572
0.50669 0.38939 0.44826
0.53887 0.47898 0.34667
0.59156 0.44012 0.45386
0.54215 0.44507 0.41647
0.41066 0.40014 0.31066
0.56380 0.40904 0.31578
0.41074 0.39483 0.40554
0.60140 0.36466 0.31367
0.46418 0.36748 0.40376
0.56903 0.30323 0.32304
0.54181 0.37904 0.45291
0.61516 0.44187 0.38874
0.48570 0.39039 0.35121
0.49788 0.38962 0.46188
0.45817 0.45674 0.43196
0.54474 0.55671 0.46566
0.39822 0.30355 0.56309
0.58018 0.22129 0.28620
0.49254 0.47904 0.37075
0.64033 0.44591 0.36855
0.58421 0.52727 0.52281
0.50883 0.38264 0.40802
0.46635 0.28052 0.52860
0.34626 0.46923 0.31900
0.52462 0.40881 0.33379
0.54978 0.37736 0.34287
0.58731 0.33536 0.31389
0.46255 0.41822 0.49199
0.42666 0.41932 0.48307
0.38558 0.29419 0.43008
0.57704 0.41941 0.38938
0.47428 0.38716 0.35055
0.54830 0.37430 0.38648
0.43708 0.34142 0.36132
0.35914 0.39074 0.46935
0.49228 0.38628 0.34125
0.56660 0.47336 0.42134
0.46129 0.35817 0.29165
0.55917 0.30879 0.57639
0.54000 0.36291 0.42724
0.50032 0.45686 0.44628
0.43952 0.34465 0.34445
0.44944 0.31764 0.23841
0.58008 0.39205 0.43893
0.41995 0.39015 0.31492
0.48044 0.36086 0.33085
0.48732 0.40570 0.44205
0.59939 0.37652 0.37918
0.44589 0.52017 0.41784
0.40370 0.40477 0.33695
0.42907 0.32386 0.35894
0.45205 0.32053 0.38702
0.49056 0.30106 0.39032
0.52030 0.37334 0.37025
0.54473 0.42225 0.56534
0.50802 0.31895 0.41456
0.54547 0.40235 0.42302
0.55860 0.36865 0.32972
0.57341 0.33033 0.43779
0.52239 0.46071 0.36585
0.50087 0.39364 0.42117
0.55686 0.44828 0.46039
0.63424 0.42136 0.45583
0.42639 0.55712 0.37784
0.52547 0.37329 0.33298
0.63395 0.42152 0.44035
0.40685 0.38001 0.43260
0.39619 0.47378 0.44178
0.53751 0.42822 0.42362
0.44568 0.37247 0.36742
0.41141 0.32560 0.41806
0.48257 0.26370 0.26431
0.57068 0.50997 0.43146
0.55751 0.36120 0.36305
0.49078 0.43869 0.35320
0.47030 0.24277 0.26783
0.62376 0.43617 0.38322
0.44036 0.34701 0.36401
0.49986 0.50030 0.38574
0.50524 0.30837 0.28628
0.60971 0.21403 0.36633
0.54691 0.44689 0.35259
0.46937 0.41944 0.40809
0.45425 0.37285 0.40928
0.55573 0.47718 0.39200
0.57932 0.35672 0.32750
0.41017 0.25715 0.31295
0.42441 0.43128 0.57709
0.60634 0.39459 0.37747
0.52135 0.38683 0.40892
0.52071 0.38898 0.32667
0.55539 0.47948 0.49035
0.48634 0.41213 0.32553
0.56731 0.29091 0.33159
0.64291 0.55860 0.65348
0.42211 0.31124 0.29849
0.48013 0.32355 0.49448
0.53083 0.36866 0.45998
0.60648 0.42402 0.39391
0.47851 0.47986 0.40920
0.44585 0.37633 0.39468
0.42087 0.36861 0.34348
0.53301 0.31648 0.36571
0.48470 0.48881 0.42188
0.32712 0.42307 0.33404
0.60722 0.38063 0.32356
0.60474 0.45925 0.48081
0.57509 0.34544 0.36128
0.53167 0.36132 0.39141
0.58582 0.35596 0.32587
0.44152 0.35374 0.44869
0.43916 0.32417 0.30103
0.38082 0.44182 0.40767
0.40793 0.37233 0.32542
0.54575 0.38778 0.33153
0.46116 0.39294 0.37282
0.42492 0.47981 0.38866
0.54677 0.43614 0.34125
0.46821 0.42236 0.34024
0.51579 0.41247 0.37160
0.43223 0.43405 0.29501
0.47465 0.35432 0.29358
0.45181 0.37745 0.32726
0.42624 0.41832 0.37601
0.50370 0.36400 0.34163
0.47531 0.38704 0.35004
0.47030 0.37314 0.45299
0.49561 0.27356 0.30079
0.53740 0.42746 0.39603
0.46653 0.32979 0.45025
0.50825 0.38298 0.37185
0.50823 0.37303 0.47157
0.56224 0.33611 0.45489
0.49254 0.34893 0.57040
0.47543 0.35360 0.35741
0.32931 0.49140 0.37849
0.57667 0.60076 0.49663
0.46047 0.45435 0.40249
0.48000 0.43463 0.34788
0.45297 0.28506 0.36138
0.39823 0.53148 0.43463
0.62513 0.38219 0.37056
0.55096 0.36773 0.49543
0.36720 0.34719 0.36032
0.41390 0.34166 0.41345
0.50014 0.31787 0.43429
0.56918 0.42315 0.43678
0.47364 0.47946 0.41824
0.46365 0.33335 0.37195
0.38571 0.40721 0.40479
0.44911 0.40581 0.30198
0.48215 0.34964 0.32194
0.43778 0.40341 0.37212
0.41776 0.39583 0.41000
0.39996 0.48887 0.38650
0.60680 0.44728 0.44061
0.45217 0.39864 0.48448
0.52056 0.36092 0.29548
0.62067 0.49100 0.44839
0.48146 0.37005 0.35369
0.41115 0.34788 0.40855
0.48476 0.41937 0.43372
0.49649 0.42044 0.34816
0.52613 0.40658 0.47391
0.44841 0.48543 0.45686
0.43912 0.48205 0.39312
0.43996 0.46964 0.26606
0.47610 0.34431 0.40618
0.53829 0.43086 0.29751
0.34987 0.38516 0.41235
0.59010 0.46634 0.33860
0.38395 0.44434 0.36211
0.40696 0.53247 0.30819
0.54441 0.34315 0.34629
0.39391 0.34230 0.44703
0.58678 0.39342 0.41224
0.37124 0.38745 0.45828
0.59190 0.35498 0.37917
0.58855 0.29978 0.35435
0.46365 0.40365 0.50706
0.44600 0.51844 0.46824
0.44642 0.52469 0.30138
0.34188 0.37177 0.45608
0.72225 0.40627 0.52336
0.45306 0.25848 0.44294
0.47239 0.34574 0.33436
0.52408 0.41232 0.38130
0.19871 0.28205 0.48332
0.58953 0.35156 0.30388
0.44803 0.35419 0.43087
0.45932 0.29757 0.28731
0.47278 0.33027 0.42181
0.57049 0.36405 0.35215
0.55872 0.39633 0.38892
0.39683 0.37114 0.30789
0.50707 0.37918 0.35223
0.56296 0.37773 0.31611
0.46743 0.42209 0.44535
0.67378 0.36664 0.30318
0.59285 0.35671 0.27637
0.47114 0.42307 0.34000
0.44986 0.35689 0.32866
0.55035 0.38623 0.37760
0.50431 0.48755 0.42645
0.50078 0.40406 0.39279
0.59704 0.44639 0.41006
0.37302 0.38825 0.35917
0.47059 0.34565 0.38403
0.58107 0.30693 0.36206
0.61921 0.51831 0.57846
0.38222 0.40264 0.36032
0.49552 0.29988 0.33900
0.56546 0.53346 0.48833
0.32538 0.36797 0.36115
0.63791 0.51812 0.49157
0.51815 0.40053 0.34306
0.49717 0.54129 0.45342
0.45823 0.48162 0.42929
0.54820 0.37583 0.46882
0.44350 0.39599 0.41393
0.48226 0.53202 0.38655
0.44951 0.39982 0.28105
0.56640 0.37952 0.48230
0.68661 0.35394 0.38518
0.38968 0.39074 0.40819
0.49072 0.21483 0.44740
0.53552 0.43937 0.44333
0.47981 0.46259 0.44336
0.59184 0.41549 0.42521
0.50650 0.37132 0.36522
0.60819 0.35028 0.42012
0.43071 0.34200 0.33373
0.49811 0.47471 0.46329
0.56518 0.47948 0.47645
0.56704 0.42493 0.47611
0.50223 0.41726 0.39660
0.49319 0.44939 0.40206
0.58750 0.29884 0.38523
0.43142 0.37395 0.45678
0.69655 0.32450 0.34353
0.39453 0.49456 0.37925
0.66507 0.21035 0.33798
0.60206 0.45542 0.51283
0.38464 0.43930 0.37075
0.56140 0.44160 0.35439
0.46995 0.43033 0.38190
0.46228 0.37643 0.38837
0.47218 0.46614 0.41662
0.46058 0.38033 0.37641
0.61637 0.48177 0.43978
0.38589 0.35464 0.38851
0.36807 0.44582 0.43280
0.44308 0.36761 0.36112
0.43137 0.48279 0.36539
0.42600 0.51684 0.40654
0.49070 0.49032 0.45004
0.53481 0.30992 0.36768
0.41722 0.47526 0.25078
0.52661 0.41880 0.49816
0.54600 0.47866 0.37194
0.63088 0.42733 0.43268
0.48388 0.31274 0.44655
0.40780 0.50548 0.44301
0.47680 0.38356 0.33569
0.40345 0.41817 0.40121
0.44315 0.32986 0.34670
0.55991 0.38152 0.48683
0.58265 0.40310 0.31002
0.53934 0.34595 0.37895
0.49884 0.60107 0.42173
0.46007 0.49142 0.41901
0.49742 0.36024 0.36253
0.64831 0.35066 0.32135
0.50981 0.47416 0.44493
0.57688 0.32963 0.42515
0.45619 0.48152 0.39136
0.45285 0.36241 0.34058
0.51513 0.35980 0.29948
0.45108 0.33911 0.26568
0.47224 0.35871 0.34940
0.55355 0.53327 0.52318
0.48787 0.40908 0.35350
0.49650 0.40822 0.39795
0.56799 0.40778 0.29738
0.44894 0.34675 0.63121
0.56942 0.32061 0.32171
0.52544 0.53070 0.45945
0.54595 0.45421 0.48189
0.57057 0.45808 0.30173
0.50755 0.43572 0.53076
0.51899 0.48627 0.40603
0.52113 0.38047 0.32364
0.49418 0.39332 0.34244
0.51709 0.32721 0.37579
0.55043 0.45800 0.28952
0.46626 0.35888 0.29218
0.55651 0.43846 0.36329
0.57613 0.45763 0.44670
0.47392 0.35530 0.51839
0.53121 0.45650 0.29415
0.41898 0.45097 0.38378
0.43787 0.35271 0.39824
0.53551 0.28987 0.26636
0.55928 0.32333 0.36518
0.44901 0.32194 0.45655
0.38762 0.39686 0.50088
0.45376 0.46050 0.37224
0.33688 0.53641 0.33505
0.45958 0.45427 0.33843
0.49110 0.47380 0.40051
0.39983 0.32318 0.39042
0.36699 0.51639 0.28998
0.56279 0.33045 0.36302
0.59080 0.39025 0.32661
0.55337 0.40483 0.54003
0.57686 0.40087 0.41327
0.46418 0.34311 0.32147
0.38575 0.32330 0.44626
0.42018 0.40005 0.45244
0.53372 0.44662 0.47153
0.48401 0.38326 0.39384
0.51376 0.47746 0.49480
0.52634 0.30539 0.37639
0.49857 0.33040 0.46208
0.46151 0.35609 0.36639
0.38315 0.43490 0.34722
0.53972 0.41627 0.40172
0.47935 0.46637 0.41983
0.49592 0.40362 0.44700
0.47923 0.42064 0.46742
0.50874 0.30706 0.37322
0.46311 0.41580 0.45255
0.34661 0.47518 0.46298
0.57258 0.45984 0.44311
0.57401 0.33891 0.37020
0.46221 0.38420 0.40299
0.46520 0.34400 0.37011
0.50255 0.33858 0.33299
0.50316 0.43879 0.37251
