20 9 1000 17374 22
0.72889 0.82315 0.75755
0.65118 0.66266 0.52858
0.48245 0.48122 0.97585
0.24024 0.41522 0.28127
0.88611 0.95892 0.79472
0.82775 0.19807 0.95477
0.06473 0.37521 0.55199
0.59161 0.12307 0.37008
0.36202 0.82830 0.90639
0.58459 0.64352 0.68003
0.51390 0.57278 0.63429
0.47729 0.44057 0.60873
0.53538 0.62326 0.79156
0.44872 0.77349 0.83880
0.43013 0.43387 0.53387
0.70630 0.64089 0.72309
0.61449 0.72908 0.75445
0.51157 0.56354 0.69253
0.70628 0.50741 0.78521
0.60039 0.51765 0.64082
0.56321 0.55630 0.63343
0.49139 0.44835 0.61391
0.63924 0.74483 0.70640
0.55323 0.51059 0.67766
0.58881 0.34258 0.66101
0.49521 0.48790 0.62091
0.49425 0.63872 0.65520
0.54305 0.63912 0.62685
0.57652 0.42939 0.64308
0.63363 0.54820 0.65086
0.58291 0.59208 0.85400
0.50540 0.41523 0.69720
0.48186 0.42829 0.67234
0.51988 0.47843 0.54610
0.52590 0.51546 0.63057
0.55578 0.52407 0.74182
0.52891 0.57418 0.86150
0.52967 0.61640 0.72774
0.64002 0.60788 0.69287
0.53487 0.55987 0.50799
0.54517 0.70462 0.69571
0.55061 0.60014 0.65981
0.57877 0.61176 0.67595
0.64796 0.63932 0.66103
0.53530 0.68725 0.72949
0.67464 0.76780 0.74037
0.62108 0.48262 0.66753
0.59012 0.66397 0.72873
0.55592 0.53105 0.78535
0.53480 0.40762 0.66069
0.46630 0.48908 0.80706
0.56486 0.63463 0.71194
0.61627 0.67489 0.73674
0.64003 0.50875 0.79485
0.50632 0.54087 0.62693
0.43028 0.44989 0.67600
0.49685 0.44617 0.63361
0.53973 0.57961 0.75525
0.48773 0.60821 0.56632
0.58532 0.48260 0.62455
0.53362 0.45418 0.68021
0.67661 0.43917 0.78878
0.61821 0.47351 0.85675
0.47251 0.40357 0.64608
0.55803 0.43829 0.68130
0.52010 0.52248 0.75562
0.42472 0.49618 0.65493
0.55877 0.51745 0.74761
0.53058 0.52253 0.78060
0.65460 0.66122 0.74143
0.45742 0.48744 0.59355
0.62124 0.51969 0.80661
0.53126 0.54929 0.71399
0.66719 0.57228 0.72378
0.42825 0.42555 0.58990
0.50752 0.41983 0.47147
0.46825 0.69684 0.68473
0.58850 0.47868 0.72084
0.46239 0.61056 0.71768
0.63816 0.51375 0.77844
0.57234 0.69729 0.72525
0.48653 0.57166 0.67008
0.56935 0.50596 0.63951
0.56310 0.53483 0.71716
0.43833 0.41165 0.60040
0.52645 0.56189 0.69392
0.53542 0.47629 0.61713
0.48337 0.55903 0.64221
0.56983 0.52770 0.72709
0.50658 0.75820 0.80926
0.50363 0.27878 0.51824
0.48732 0.65220 0.68357
0.53180 0.53778 0.79943
0.65804 0.64676 0.74107
0.50463 0.62705 0.79845
0.55022 0.46120 0.74780
0.59252 0.36133 0.53997
0.56570 0.48007 0.75735
0.58753 0.37231 0.71418
0.62793 0.68048 0.73161
0.62002 0.62253 0.71198
0.42957 0.50498 0.72851
0.37463 0.50790 0.60365
0.67555 0.69276 0.75542
0.63896 0.67416 0.66066
0.44391 0.50630 0.61524
0.63562 0.30223 0.73389
0.54661 0.57756 0.71852
0.44641 0.57856 0.77874
0.65230 0.53569 0.78043
0.58754 0.40035 0.79271
0.46851 0.53954 0.65829
0.45401 0.59090 0.69034
0.74227 0.74763 0.71768
0.54652 0.38300 0.50083
0.68412 0.51902 0.78562
0.49504 0.48113 0.52654
0.34648 0.53859 0.64259
0.45442 0.56178 0.62688
0.58585 0.59471 0.76218
0.58784 0.58082 0.67329
0.56306 0.58775 0.71705
0.56225 0.53336 0.71975
0.55825 0.70496 0.79012
0.53467 0.61918 0.80423
0.54575 0.42546 0.57557
0.48504 0.50450 0.61049
0.60875 0.55938 0.79528
0.48086 0.50752 0.63782
0.55577 0.56365 0.88365
0.46355 0.46567 0.62615
0.63335 0.66288 0.62579
0.51280 0.54275 0.59289
0.49329 0.55164 0.52159
0.60592 0.59570 0.73007
0.63776 0.64055 0.73771
0.59565 0.60362 0.74036
0.44174 0.46775 0.63078
0.60159 0.63087 0.78090
0.55851 0.57556 0.63991
0.39850 0.55534 0.66525
0.62534 0.63110 0.80315
0.51178 0.44480 0.58154
0.34947 0.47513 0.53296
0.51243 0.45491 0.48749
0.39435 0.57939 0.70105
0.56975 0.60428 0.69371
0.66813 0.43729 0.76733
0.58810 0.61525 0.72747
0.50435 0.55163 0.59022
0.49991 0.57373 0.75421
0.57777 0.48374 0.69486
0.37159 0.53984 0.68950
0.51646 0.39165 0.55221
0.47656 0.56067 0.69720
0.59893 0.61644 0.62405
0.56330 0.58940 0.82580
0.52696 0.41398 0.56347
0.49421 0.51613 0.82862
0.52879 0.46246 0.57343
0.61173 0.58213 0.60369
0.48774 0.60234 0.72513
0.39461 0.47601 0.58281
0.32638 0.49913 0.59906
0.43882 0.44231 0.56117
0.42948 0.46410 0.55503
0.71224 0.64314 0.79820
0.60776 0.68960 0.79589
0.63451 0.69240 0.72646
0.52359 0.53366 0.67612
0.51078 0.47516 0.54545
0.53871 0.58246 0.60424
0.50997 0.62372 0.79906
0.41798 0.48429 0.66595
0.47206 0.58413 0.79605
0.49563 0.55824 0.66577
0.54011 0.58260 0.77373
0.50920 0.54282 0.67542
0.63664 0.64829 0.77183
0.52654 0.44283 0.66297
0.59072 0.60014 0.65195
0.56556 0.50286 0.84527
0.57612 0.49753 0.62339
0.48270 0.52142 0.72722
0.50857 0.47256 0.59281
0.66952 0.53504 0.74630
0.59719 0.60870 0.59221
0.63356 0.65165 0.79848
0.44955 0.46557 0.64433
0.58045 0.41889 0.74487
0.57225 0.54615 0.73776
0.56410 0.62160 0.60838
0.52485 0.57164 0.64351
0.52601 0.44453 0.58793
0.58477 0.56554 0.68630
0.47385 0.56764 0.69813
0.50313 0.60080 0.72363
0.53915 0.69979 0.78430
0.55281 0.58949 0.60883
0.64027 0.67097 0.67213
0.44435 0.49200 0.61823
0.57658 0.66939 0.70663
0.63861 0.54772 0.72410
0.52045 0.36086 0.65120
0.61567 0.70882 0.73424
0.57476 0.58373 0.70487
0.57213 0.56249 0.66983
0.37340 0.47591 0.60217
0.53347 0.38622 0.55696
0.69100 0.64708 0.74486
0.48137 0.55448 0.63199
0.58182 0.56100 0.65397
0.58701 0.60420 0.66353
0.51480 0.38650 0.63636
0.41019 0.50975 0.54168
0.49990 0.58652 0.81234
0.55359 0.58824 0.63275
0.59668 0.62634 0.81511
0.56670 0.50917 0.74059
0.54709 0.44832 0.69923
0.50737 0.48694 0.64107
0.59571 0.43374 0.75569
0.68604 0.49311 0.73760
0.53552 0.54765 0.63192
0.54253 0.59395 0.70399
0.47387 0.56666 0.65489
0.55808 0.56599 0.62815
0.48563 0.45774 0.59533
0.47245 0.45444 0.66409
0.66674 0.46606 0.66268
0.51287 0.39699 0.52854
0.49678 0.54487 0.79339
0.57078 0.60662 0.64223
0.61399 0.65821 0.76635
0.48292 0.39195 0.59458
0.39598 0.55904 0.74637
0.51150 0.48576 0.63201
0.46170 0.59667 0.65381
0.63270 0.46435 0.69773
0.54253 0.50328 0.67423
0.44405 0.42140 0.55020
0.51670 0.48811 0.53661
0.48948 0.47607 0.66454
0.42835 0.68882 0.68464
0.56923 0.56492 0.59438
0.57333 0.44565 0.80757
0.59983 0.68791 0.67315
0.61818 0.46281 0.54467
0.53655 0.47898 0.59799
0.56670 0.54405 0.68662
0.58751 0.59477 0.76116
0.53161 0.56808 0.79118
0.47969 0.47057 0.81427
0.61276 0.46897 0.63274
0.56611 0.61461 0.65217
0.41731 0.63082 0.72101
0.39104 0.46616 0.50577
0.68094 0.72200 0.76383
0.60142 0.67689 0.65721
0.50046 0.50430 0.61690
0.53003 0.39498 0.77157
0.60280 0.55712 0.69775
0.52680 0.45499 0.55384
0.50030 0.64827 0.73068
0.47541 0.50711 0.63337
0.58088 0.57830 0.59979
0.55499 0.34246 0.58434
0.47800 0.54418 0.65554
0.49943 0.70158 0.74625
0.65044 0.36260 0.80411
0.54654 0.48254 0.65498
0.48069 0.46889 0.54054
0.64954 0.52318 0.78875
0.59671 0.61077 0.70416
0.45346 0.62222 0.68724
0.43480 0.50829 0.69075
0.61543 0.51219 0.77402
0.44741 0.64686 0.70103
0.42505 0.57278 0.68857
0.55732 0.45449 0.58322
0.53740 0.47127 0.61913
0.56245 0.66554 0.64241
0.60662 0.59533 0.77308
0.46208 0.55154 0.65585
0.58122 0.58131 0.74227
0.47678 0.51313 0.64052
0.59508 0.46347 0.67195
0.59614 0.57482 0.60938
0.71974 0.65101 0.75824
0.58154 0.47532 0.80888
0.50092 0.49755 0.64143
0.47275 0.39185 0.57074
0.66944 0.59082 0.75337
0.63596 0.70278 0.76273
0.61671 0.67334 0.74367
0.62592 0.68031 0.70459
0.54231 0.52181 0.77091
0.57568 0.65774 0.73119
0.52083 0.53338 0.66423
0.56946 0.33949 0.58837
0.51595 0.36533 0.50721
0.59150 0.48039 0.67532
0.54849 0.57861 0.79101
0.33471 0.47702 0.47349
0.52050 0.43681 0.78717
0.62662 0.34143 0.69773
0.48739 0.57168 0.75220
0.65351 0.68354 0.73079
0.56183 0.42381 0.71410
0.53832 0.57899 0.71866
0.58494 0.46095 0.57090
0.41903 0.41294 0.70034
0.45686 0.67471 0.71574
0.61835 0.58092 0.65911
0.56190 0.54068 0.69458
0.55769 0.40868 0.73535
0.54470 0.67912 0.68498
0.53487 0.52994 0.69819
0.51707 0.36146 0.49019
0.52801 0.47348 0.69464
0.49364 0.60587 0.64581
0.59903 0.56424 0.74038
0.52716 0.56970 0.74613
0.62616 0.53194 0.83117
0.54955 0.57938 0.64487
0.59077 0.43492 0.61535
0.48953 0.49168 0.73446
0.52244 0.41756 0.61713
0.51200 0.46602 0.61046
0.54379 0.61072 0.62496
0.55160 0.61658 0.66407
0.55533 0.62031 0.78260
0.41791 0.53591 0.65926
0.61456 0.69739 0.82765
0.54089 0.57643 0.73600
0.53947 0.46294 0.89982
0.67454 0.50765 0.79017
0.44861 0.44878 0.48381
0.47368 0.49980 0.67840
0.49613 0.57507 0.65671
0.66518 0.64637 0.73847
0.64124 0.58951 0.65257
0.49443 0.52646 0.64085
0.36032 0.51445 0.66876
0.40994 0.48829 0.54820
0.49758 0.67943 0.87785
0.55237 0.61899 0.59379
0.57193 0.39474 0.56983
0.58643 0.44968 0.73246
0.58041 0.57299 0.63053
0.54331 0.64816 0.66407
0.57731 0.55167 0.66012
0.59451 0.40634 0.72572
0.61016 0.61819 0.74605
0.52940 0.63765 0.63820
0.48487 0.66782 0.80499
0.38478 0.38457 0.52237
0.64277 0.48741 0.80344
0.36530 0.47767 0.50661
0.46801 0.53759 0.86688
0.38081 0.55927 0.64874
0.60218 0.49025 0.69194
0.48152 0.54712 0.85350
0.67504 0.57149 0.83034
0.51072 0.60034 0.55516
0.46801 0.59479 0.78208
0.52098 0.55966 0.64760
0.53099 0.54164 0.61962
0.42606 0.55009 0.59037
0.43322 0.60533 0.72008
0.52699 0.38469 0.77187
0.49769 0.72082 0.83408
0.57052 0.50813 0.74676
0.48550 0.51657 0.76320
0.60914 0.40639 0.56688
0.57008 0.66635 0.79488
0.53290 0.58330 0.65876
0.47787 0.53659 0.74964
0.46307 0.49974 0.68128
0.45532 0.66364 0.82447
0.55440 0.58264 0.68379
0.48960 0.41856 0.56049
0.50281 0.57365 0.68007
0.52133 0.46836 0.65463
0.43736 0.51764 0.66512
0.47171 0.52872 0.66038
0.43879 0.51329 0.70533
0.59115 0.49849 0.64221
0.55816 0.42215 0.68964
0.59140 0.59729 0.77230
0.69281 0.60084 0.71579
0.56752 0.39422 0.52864
0.57069 0.55774 0.76566
0.48573 0.59435 0.64805
0.65239 0.66916 0.76801
0.58113 0.63955 0.69405
0.52840 0.48330 0.53186
0.55041 0.49567 0.70417
0.69654 0.75538 0.80553
0.46164 0.58937 0.56935
0.52663 0.53724 0.72982
0.52972 0.53868 0.76895
0.55749 0.61621 0.68035
0.48446 0.51845 0.79253
0.59370 0.57488 0.66303
0.60482 0.53168 0.78692
0.55499 0.47604 0.79738
0.65012 0.62355 0.82884
0.54794 0.69364 0.77848
0.60469 0.50693 0.68442
0.52431 0.48437 0.60549
0.50760 0.41815 0.75082
0.60202 0.31496 0.69137
0.54879 0.63571 0.71058
0.64507 0.61065 0.79339
0.47093 0.51029 0.65680
0.58396 0.72392 0.82598
0.58875 0.67336 0.71683
0.55115 0.51725 0.75014
0.62243 0.40897 0.56674
0.45385 0.50828 0.64367
0.49519 0.53305 0.63335
0.45808 0.53825 0.64073
0.57077 0.58914 0.83672
0.53915 0.54011 0.61138
0.61432 0.71332 0.82547
0.55377 0.59192 0.64186
0.57525 0.67431 0.71192
0.58157 0.58146 0.77889
0.46552 0.43785 0.65091
0.57727 0.60605 0.76372
0.63759 0.52275 0.75456
0.44975 0.60701 0.69002
0.60968 0.58737 0.71515
0.50913 0.62342 0.72318
0.51613 0.55369 0.58761
0.59824 0.46182 0.71052
0.50648 0.52487 0.53995
0.41317 0.32093 0.49543
0.56669 0.53225 0.72053
0.64977 0.54527 0.81649
0.51943 0.61589 0.70631
0.63103 0.60243 0.66430
0.63950 0.48501 0.71471
0.51375 0.74272 0.80948
0.76372 0.58630 0.80522
0.59279 0.61449 0.66906
0.52115 0.43128 0.65414
0.50466 0.60707 0.61641
0.58355 0.65990 0.65014
0.30006 0.44394 0.63106
0.46030 0.47796 0.72344
0.58584 0.50017 0.62187
0.52852 0.61684 0.58369
0.54532 0.47240 0.64633
0.67329 0.66770 0.77696
0.55543 0.47913 0.76597
0.73410 0.68599 0.71623
0.39798 0.63318 0.74232
0.62288 0.51965 0.65220
0.64210 0.63695 0.71849
0.53875 0.54958 0.67628
0.56595 0.37820 0.56673
0.47693 0.52011 0.62820
0.41813 0.47934 0.55159
0.54572 0.65155 0.68039
0.50019 0.51790 0.59173
0.67230 0.46030 0.76679
0.59729 0.67480 0.79228
0.48004 0.56435 0.64197
0.50478 0.50025 0.78202
0.49590 0.47629 0.57709
0.49143 0.60832 0.64805
0.44903 0.51898 0.63700
0.63255 0.43986 0.69244
0.55067 0.55358 0.64371
0.43409 0.58761 0.70816
0.50470 0.61035 0.62809
0.49555 0.58861 0.54396
0.47580 0.46569 0.75570
0.52293 0.53097 0.54668
0.66222 0.66944 0.67794
0.43807 0.58894 0.68464
0.60483 0.54131 0.67472
0.57259 0.43082 0.59958
0.57433 0.54618 0.69547
0.60622 0.34478 0.47615
0.52567 0.56784 0.60507
0.49908 0.55752 0.75184
0.49273 0.48159 0.65693
0.58124 0.49055 0.61281
0.52793 0.64224 0.79858
0.55776 0.56476 0.74684
0.58157 0.48839 0.61253
0.53960 0.53202 0.70419
0.54255 0.37105 0.66281
0.47070 0.42299 0.52665
0.52537 0.67961 0.68872
0.49837 0.62600 0.71921
0.61135 0.47804 0.72047
0.56260 0.43587 0.57748
0.53644 0.37244 0.70659
0.58037 0.51366 0.72559
0.46151 0.41681 0.64738
0.59762 0.62103 0.84782
0.57422 0.51413 0.64875
0.47806 0.64584 0.73608
0.44214 0.43861 0.67006
0.47511 0.56019 0.64850
0.56193 0.59889 0.60588
0.58360 0.67719 0.71236
0.70106 0.64451 0.74978
0.45872 0.46780 0.69420
0.59549 0.60795 0.70103
0.47503 0.50935 0.55898
0.62537 0.56111 0.80815
0.51825 0.60425 0.73708
0.57675 0.61714 0.82972
0.55870 0.61950 0.70603
0.69235 0.67722 0.77312
0.58830 0.35964 0.71444
0.44631 0.46664 0.56195
0.29461 0.48465 0.57717
0.58825 0.51750 0.80962
0.46831 0.50301 0.63992
0.43118 0.52401 0.60150
0.48200 0.69705 0.71892
0.45997 0.39446 0.59322
0.48470 0.42401 0.57965
0.42611 0.45676 0.55384
0.60365 0.64963 0.70270
0.43125 0.42020 0.61836
0.38583 0.50331 0.63832
0.59168 0.54923 0.74587
0.63926 0.42087 0.72672
0.59956 0.53309 0.68407
0.51896 0.48143 0.69358
0.61554 0.55747 0.76850
0.37267 0.49399 0.72808
0.35655 0.52578 0.66975
0.61920 0.39237 0.74157
0.58496 0.60876 0.64232
0.46435 0.53144 0.60088
0.60014 0.50242 0.70200
0.46027 0.49471 0.62007
0.38462 0.54290 0.63265
0.57770 0.44248 0.70210
0.49044 0.51334 0.63745
0.56001 0.54249 0.66919
0.52903 0.53410 0.67263
0.45463 0.55257 0.57619
0.54493 0.56196 0.69242
0.62748 0.36192 0.66376
0.40877 0.58417 0.74358
0.45801 0.50704 0.63926
0.58536 0.49533 0.74546
0.58279 0.50200 0.78625
0.42137 0.50616 0.63467
0.61079 0.59294 0.74601
0.61384 0.57877 0.86380
0.57237 0.55769 0.75055
0.42775 0.54707 0.58367
0.68447 0.54944 0.73496
0.42233 0.53174 0.65522
0.65032 0.60850 0.72266
0.43132 0.50857 0.80162
0.57674 0.57551 0.63988
0.60061 0.50411 0.63479
0.60031 0.53398 0.65992
0.47876 0.54332 0.67371
0.63174 0.48833 0.79845
0.57156 0.44355 0.81328
0.52197 0.51485 0.53441
0.45969 0.56249 0.57681
0.35539 0.51346 0.69622
0.38417 0.68426 0.73081
0.63943 0.67231 0.69548
0.53362 0.63706 0.80680
0.49499 0.54149 0.67510
0.62306 0.57101 0.68764
0.56207 0.44828 0.77896
0.63026 0.42936 0.65839
0.37316 0.43536 0.60598
0.54259 0.51000 0.64446
0.48082 0.53990 0.67363
0.44639 0.54171 0.55276
0.48545 0.57910 0.75545
0.60248 0.60111 0.66505
0.62486 0.57340 0.72924
0.49077 0.57656 0.61478
0.51776 0.61570 0.62701
0.49558 0.48415 0.72718
0.56215 0.60543 0.65776
0.60399 0.44023 0.69144
0.40234 0.47629 0.60885
0.63761 0.68639 0.66164
0.46200 0.66859 0.70596
0.49085 0.59362 0.72407
0.63617 0.62414 0.72013
0.58647 0.64727 0.67719
0.50494 0.60733 0.68374
0.51048 0.63042 0.73241
0.58063 0.34835 0.66392
0.47553 0.63887 0.63002
0.61521 0.59512 0.67150
0.64617 0.58445 0.73374
0.64229 0.72479 0.71922
0.62909 0.62788 0.72047
0.50305 0.42049 0.66778
0.54602 0.50693 0.61651
0.61558 0.60835 0.76636
0.69471 0.49827 0.73282
0.43979 0.46707 0.66065
0.50542 0.55857 0.80140
0.51296 0.62965 0.66098
0.46602 0.47772 0.65568
0.60943 0.41259 0.60190
0.50911 0.38504 0.50702
0.55114 0.43257 0.74412
0.63361 0.52360 0.57389
0.51683 0.50620 0.58176
0.60010 0.52728 0.53426
0.56660 0.52056 0.60814
0.46272 0.48845 0.67513
0.57167 0.58347 0.71105
0.47319 0.50790 0.68588
0.45475 0.46021 0.71063
0.56589 0.40360 0.60233
0.62801 0.62483 0.67452
0.66211 0.55122 0.73733
0.52949 0.54307 0.64668
0.56653 0.66087 0.61880
0.57037 0.60075 0.75489
0.50137 0.40189 0.65827
0.55454 0.55413 0.79302
0.50186 0.49993 0.66281
0.65081 0.59448 0.70979
0.52639 0.53618 0.68067
0.63767 0.46135 0.80823
0.62944 0.60344 0.69450
0.71714 0.70054 0.73321
0.36068 0.41739 0.56876
0.61382 0.40907 0.62828
0.53728 0.58568 0.68028
0.45417 0.63728 0.67510
0.42172 0.50737 0.67853
0.53316 0.41694 0.65948
0.55991 0.59536 0.80404
0.55895 0.65111 0.69952
0.49473 0.58057 0.66721
0.54873 0.60273 0.75242
0.49626 0.49262 0.57787
0.50677 0.59819 0.77966
0.51293 0.67791 0.78018
0.42632 0.49513 0.58264
0.56886 0.54827 0.66102
0.47527 0.48301 0.61181
0.52870 0.60575 0.64147
0.56514 0.49355 0.57301
0.48453 0.51042 0.62816
0.64123 0.60945 0.77209
0.55150 0.52309 0.74819
0.63436 0.56570 0.65382
0.49563 0.43761 0.65043
0.65153 0.70592 0.73947
0.65593 0.43028 0.81640
0.50269 0.67680 0.74114
0.63152 0.73652 0.69764
0.44945 0.54245 0.55393
0.71851 0.71459 0.74504
0.53128 0.40217 0.69923
0.64170 0.56439 0.75224
0.48821 0.58431 0.67718
0.63397 0.47476 0.67110
0.62743 0.63623 0.74307
0.47659 0.51214 0.67417
0.57321 0.53097 0.76976
0.56427 0.61491 0.70063
0.54938 0.48838 0.74252
0.58042 0.66382 0.70445
0.51103 0.61772 0.68218
0.46903 0.51169 0.65734
0.50910 0.69957 0.77371
0.44744 0.46116 0.65323
0.50471 0.45757 0.62853
0.45756 0.36803 0.72320
0.50602 0.52639 0.56822
0.47868 0.60818 0.66854
0.57570 0.57453 0.66987
0.51222 0.46790 0.72911
0.60910 0.55783 0.72248
0.51685 0.42863 0.66370
0.52842 0.59338 0.76729
0.54532 0.63064 0.68054
0.56479 0.55810 0.69996
0.67531 0.68655 0.69751
0.58330 0.51978 0.63990
0.50788 0.50426 0.72081
0.55718 0.42403 0.55504
0.49754 0.52911 0.67369
0.66555 0.70191 0.72609
0.61523 0.72655 0.63005
0.49331 0.52083 0.64020
0.60274 0.48574 0.76989
0.65453 0.59048 0.66920
0.31686 0.42411 0.61270
0.48734 0.46294 0.57718
0.67458 0.78402 0.73208
0.38323 0.49024 0.47078
0.35140 0.47685 0.58339
0.46866 0.58992 0.71681
0.35216 0.51110 0.61891
0.65436 0.54494 0.76071
0.52852 0.61607 0.66723
0.52456 0.49735 0.68944
0.65814 0.67165 0.76369
0.65615 0.58549 0.68558
0.62829 0.56376 0.73776
0.50399 0.48783 0.67663
0.59804 0.65143 0.63977
0.58167 0.57773 0.63057
0.37337 0.45950 0.56830
0.38284 0.47073 0.62443
0.58961 0.65882 0.67569
0.64999 0.39294 0.62822
0.55124 0.60342 0.55379
0.48076 0.54240 0.70531
0.41282 0.47960 0.67048
0.49093 0.55072 0.64887
0.41560 0.44736 0.56246
0.49677 0.45816 0.72299
0.62808 0.61070 0.73242
0.58597 0.58709 0.61753
0.45603 0.47638 0.54118
0.51872 0.40571 0.64933
0.55920 0.53160 0.79939
0.66141 0.66125 0.63505
0.32039 0.57524 0.64511
0.47517 0.58767 0.61546
0.49439 0.63046 0.68079
0.68993 0.52441 0.78050
0.56026 0.57336 0.79900
0.48302 0.57852 0.60447
0.67483 0.48906 0.80162
0.55912 0.56636 0.75380
0.50006 0.39193 0.68342
0.60619 0.62830 0.69574
0.50021 0.53485 0.62723
0.46925 0.52838 0.71215
0.42524 0.53396 0.67492
0.69614 0.62296 0.77018
0.50438 0.63774 0.76963
0.39979 0.49345 0.65212
0.49210 0.30949 0.55704
0.47543 0.43595 0.79816
0.61977 0.59903 0.67847
0.64873 0.43547 0.75623
0.53496 0.56885 0.82109
0.44086 0.48720 0.67387
0.56293 0.52930 0.71836
0.66315 0.53235 0.74640
0.48872 0.37257 0.52176
0.70273 0.72307 0.72135
0.58733 0.65476 0.69767
0.50520 0.57347 0.66470
0.57488 0.45199 0.75916
0.45707 0.61640 0.69160
0.45407 0.46599 0.64483
0.64128 0.54999 0.66937
0.56395 0.54156 0.67811
0.39963 0.46363 0.71652
0.52562 0.56704 0.70396
0.50434 0.46387 0.61269
0.49706 0.61976 0.58770
0.58357 0.62217 0.63231
0.52618 0.52934 0.72917
0.59541 0.64426 0.74659
0.60648 0.60369 0.63507
0.49385 0.61652 0.62665
0.47835 0.53432 0.53356
0.46176 0.59947 0.68004
0.53417 0.33390 0.68106
0.68194 0.62190 0.62448
0.65899 0.81998 0.74657
0.59841 0.52461 0.71230
0.52021 0.54611 0.77737
0.56431 0.54665 0.74036
0.51829 0.46187 0.69061
0.65437 0.40683 0.77593
0.50363 0.55604 0.61304
0.52264 0.63293 0.69853
0.56621 0.42683 0.66908
0.50208 0.50611 0.69969
0.59906 0.72313 0.72612
0.48124 0.43927 0.64541
0.60989 0.55526 0.64528
0.48271 0.71459 0.74771
0.56724 0.53897 0.69688
0.39038 0.56546 0.60800
0.56327 0.41216 0.74131
0.52812 0.48373 0.65178
0.62569 0.70717 0.70440
0.58458 0.55635 0.67920
0.68353 0.62307 0.73830
0.53563 0.44740 0.80997
0.54213 0.53689 0.74961
0.55467 0.48992 0.77829
0.56807 0.51584 0.68054
0.49696 0.59246 0.59549
0.62661 0.47563 0.59854
0.58699 0.46427 0.72546
0.37484 0.43500 0.61210
0.55001 0.68342 0.71374
0.55280 0.56872 0.59678
0.54407 0.52456 0.64898
0.46591 0.49471 0.56070
0.66026 0.48488 0.67888
0.69581 0.49726 0.78508
0.44415 0.67898 0.70778
0.58096 0.50934 0.71695
0.67801 0.46696 0.84936
0.50343 0.52745 0.67991
0.54108 0.51831 0.69693
0.46055 0.49639 0.66278
0.40466 0.54264 0.56815
0.48782 0.53094 0.62177
0.43803 0.40466 0.47357
0.61392 0.53062 0.65655
0.48837 0.47428 0.65070
0.52814 0.62408 0.60904
0.44891 0.47124 0.62801
0.53855 0.54354 0.73951
0.57654 0.55245 0.64108
0.47052 0.49809 0.68800
0.59922 0.46296 0.79571
0.46394 0.53036 0.63951
0.45923 0.44347 0.57082
0.39362 0.55836 0.69578
0.63162 0.57746 0.74692
0.61089 0.54916 0.68330
0.48668 0.50775 0.65366
0.55990 0.47684 0.64314
0.61748 0.62930 0.74317
0.53457 0.57240 0.75674
0.44958 0.56137 0.63568
0.56986 0.56568 0.81941
0.44941 0.48904 0.58934
0.56714 0.59167 0.75407
0.47004 0.55113 0.71894
0.41323 0.37744 0.52747
0.58865 0.49349 0.87517
0.56383 0.37204 0.54230
0.46056 0.53205 0.71780
0.59909 0.38816 0.66679
0.49050 0.54859 0.65198
0.34214 0.36042 0.58229
0.55153 0.52212 0.65390
0.65589 0.68753 0.78417
0.54195 0.57676 0.64586
0.55677 0.60479 0.78004
0.54143 0.61433 0.64378
0.74844 0.40637 0.82369
0.46663 0.50699 0.60678
0.59057 0.60896 0.71105
0.53135 0.50366 0.63077
0.48024 0.47903 0.60352
0.61125 0.67504 0.68050
0.48505 0.52012 0.65551
0.48881 0.44040 0.55887
0.59645 0.67693 0.80322
0.62387 0.75004 0.73028
0.49610 0.57451 0.70290
0.38296 0.43049 0.66157
0.64261 0.44379 0.59577
0.48310 0.65754 0.79073
0.40491 0.41742 0.63183
0.48753 0.55013 0.64306
0.58197 0.63564 0.65017
0.56722 0.62476 0.70106
0.51654 0.61000 0.68485
0.55989 0.54320 0.74189
0.66084 0.44655 0.76135
0.52164 0.61391 0.73430
0.52125 0.54772 0.66261
0.62155 0.48903 0.56375
0.47098 0.47602 0.73589
0.49226 0.40284 0.72243
0.50366 0.60944 0.73991
0.54065 0.65634 0.69777
0.53686 0.45716 0.60981
0.44195 0.50425 0.62180
0.48769 0.62390 0.71017
0.65924 0.68413 0.67834
0.66573 0.35007 0.82011
0.56413 0.68784 0.76313
0.60954 0.47044 0.74169
0.46969 0.66057 0.64800
0.68225 0.65724 0.80231
0.58107 0.69823 0.75285
0.72715 0.58238 0.70107
0.53540 0.51584 0.70963
0.31007 0.34790 0.45212
0.64217 0.52058 0.75072
0.47032 0.51956 0.50797
0.56586 0.62555 0.64688
0.43556 0.38355 0.51186
0.47404 0.38911 0.58945
0.53227 0.48548 0.60907
0.46174 0.39913 0.53088
0.68362 0.38399 0.83842
0.54162 0.39456 0.79655
0.52084 0.56172 0.75099
0.51625 0.52135 0.74109
0.55013 0.47076 0.62202
0.44347 0.40509 0.71820
0.58895 0.67696 0.76187
0.52718 0.57728 0.66880
0.40059 0.54618 0.63783
0.49721 0.51301 0.71851
0.57668 0.65749 0.78193
0.59111 0.59183 0.59528
0.53332 0.63658 0.74644
0.51621 0.63433 0.63602
0.51063 0.53601 0.69954
0.48184 0.58175 0.72378
0.59487 0.61139 0.65254
0.52564 0.54538 0.83873
0.50627 0.57371 0.66172
0.57902 0.51876 0.60448
0.54694 0.61600 0.78229
0.61260 0.62714 0.69115
0.49797 0.54376 0.72921
0.58315 0.65856 0.69301
0.47353 0.55499 0.69325
0.53296 0.53751 0.64169
0.51217 0.60084 0.62658
0.50582 0.52753 0.73738
0.52368 0.66530 0.72133
0.54943 0.54779 0.68699
0.55401 0.56164 0.64759
0.50245 0.34775 0.54193
0.51482 0.56400 0.73145
0.56671 0.51437 0.74982
0.59189 0.39623 0.78224
0.57599 0.65186 0.70879
0.53985 0.58587 0.72201
0.66189 0.73617 0.74583
0.44194 0.48933 0.59439
0.52755 0.60397 0.73603
0.50396 0.46369 0.71222
0.63532 0.57632 0.72327
0.45210 0.58125 0.65999
0.57606 0.46694 0.72883
0.61137 0.46298 0.74623
0.73078 0.53605 0.83944
0.63630 0.46757 0.68708
0.35442 0.52678 0.68393
0.45525 0.54194 0.63828
0.62488 0.44950 0.82985
0.47230 0.55428 0.69795
0.61267 0.56156 0.61713
0.58040 0.42469 0.74679
0.56128 0.60255 0.75920
0.67134 0.45221 0.74792
0.54844 0.63117 0.65920
0.55598 0.56839 0.76857
0.56458 0.49974 0.80635
0.42199 0.52256 0.75330
0.57059 0.49914 0.68407
0.50217 0.46741 0.69356
0.50041 0.59898 0.74389
0.52903 0.50311 0.61754
0.52655 0.47950 0.59347
0.45310 0.41939 0.76312
0.62013 0.51693 0.71030
0.50026 0.59276 0.69811
0.53677 0.53439 0.61395
0.58008 0.72933 0.74833
0.53259 0.61747 0.65551
0.66968 0.31823 0.75223
0.57296 0.52138 0.66806
0.66201 0.54896 0.71598
0.51636 0.48450 0.65523
0.44718 0.50789 0.68689
0.61366 0.72640 0.75831
0.54696 0.60149 0.73187
0.53774 0.35332 0.57725
0.46441 0.55652 0.65663
0.69470 0.67856 0.68290
0.55380 0.61798 0.80912
0.50136 0.46467 0.53709
0.57711 0.33619 0.57808
0.48909 0.50387 0.73192
0.48636 0.43563 0.62681
0.52427 0.53101 0.65879
0.58062 0.69869 0.74075
0.50105 0.47641 0.58681
0.56486 0.60594 0.57444
0.56082 0.62046 0.69528
0.60615 0.67182 0.66688
0.44171 0.41871 0.58988
0.58724 0.51125 0.62282
0.41766 0.50810 0.63113
0.46090 0.48444 0.56443
0.58065 0.48771 0.66445
0.64484 0.55617 0.66366
0.44512 0.54503 0.66156
0.46848 0.47767 0.64523
0.51252 0.75127 0.80478
