20 13 1000 11531 1335
0.21415 0.52016 0.64505
0.99226 0.33441 0.86650
0.90649 0.49287 0.23205
0.11444 0.36203 0.66542
0.26065 0.91585 0.04127
0.54403 0.03162 0.59687
0.40011 0.19691 0.95872
0.06264 0.66724 0.20272
0.71501 0.97298 0.73004
0.84995 0.72168 0.33574
0.15756 0.84604 0.02807
0.89816 0.87017 0.15614
0.78745 0.25598 0.85059
0.47407 0.54014 0.43543
0.39856 0.65153 0.31130
0.57281 0.61269 0.50285
0.62174 0.53294 0.48096
0.59759 0.61746 0.40314
0.47694 0.56054 0.44271
0.67359 0.52950 0.53592
0.62921 0.45930 0.55544
0.48712 0.54048 0.50040
0.58746 0.62487 0.44033
0.61343 0.63292 0.46604
0.64682 0.63606 0.37902
0.57174 0.51258 0.52477
0.59911 0.61560 0.42589
0.50450 0.63859 0.51098
0.57512 0.38794 0.65821
0.39545 0.52796 0.46409
0.55817 0.69203 0.26952
0.36075 0.53514 0.48736
0.53602 0.48176 0.47463
0.53996 0.51694 0.63495
0.70435 0.40073 0.65338
0.53569 0.46956 0.63666
0.43143 0.47716 0.47104
0.41964 0.71553 0.40174
0.45884 0.50814 0.50948
0.55505 0.73401 0.53103
0.43354 0.51579 0.49188
0.43423 0.61934 0.39042
0.56882 0.60095 0.38832
0.49322 0.53851 0.55590
0.64781 0.71377 0.53291
0.44108 0.55328 0.44328
0.48036 0.48399 0.60619
0.67217 0.45947 0.55163
0.51283 0.51468 0.50421
0.51387 0.50445 0.37530
0.68522 0.64029 0.49473
0.69597 0.47993 0.46963
0.61628 0.55648 0.44285
0.64615 0.46351 0.53450
0.57033 0.49316 0.45442
0.51753 0.42514 0.52708
0.63379 0.40934 0.66130
0.58529 0.44122 0.51287
0.42907 0.49903 0.43030
0.59587 0.62478 0.52304
0.59898 0.56683 0.37307
0.65305 0.52235 0.53735
0.56862 0.58123 0.45009
0.56666 0.52420 0.56752
0.60401 0.51612 0.50395
0.50305 0.51957 0.46580
0.60448 0.54957 0.56748
0.59240 0.51527 0.49977
0.42917 0.51836 0.51590
0.62285 0.41420 0.53924
0.35699 0.54802 0.47354
0.54393 0.64820 0.53030
0.55707 0.58435 0.49180
0.63658 0.50973 0.49580
0.45994 0.44016 0.48855
0.56125 0.49000 0.56267
0.66792 0.46262 0.49672
0.45629 0.60131 0.53895
0.58566 0.41885 0.62348
0.40448 0.57909 0.47020
0.54165 0.49430 0.59810
0.71123 0.55774 0.40011
0.67653 0.66768 0.36721
0.63714 0.62574 0.39959
0.58837 0.45236 0.56230
0.55454 0.68834 0.34026
0.76254 0.53729 0.61250
0.56589 0.58842 0.40880
0.52866 0.51983 0.46452
0.56937 0.46725 0.59454
0.44843 0.52936 0.51521
0.61432 0.58033 0.50792
0.46421 0.48106 0.53219
0.52657 0.53652 0.51872
0.55637 0.46431 0.65590
0.46779 0.51436 0.45800
0.40734 0.62656 0.46059
0.39935 0.47700 0.60800
0.50418 0.51352 0.48194
0.78861 0.61825 0.41696
0.57494 0.57277 0.38406
0.34112 0.50910 0.46700
0.50910 0.60468 0.42730
0.66717 0.64553 0.48349
0.56131 0.53826 0.53085
0.34672 0.51668 0.50872
0.46901 0.46171 0.55231
0.55655 0.52986 0.49581
0.37778 0.56069 0.41153
0.43093 0.46710 0.53629
0.43807 0.49089 0.49816
0.59245 0.70648 0.40150
0.54674 0.56801 0.53518
0.60901 0.58878 0.38529
0.54548 0.54179 0.47808
0.37454 0.56881 0.49288
0.59304 0.52655 0.52179
0.63847 0.44342 0.54602
0.49456 0.54155 0.54350
0.44117 0.66392 0.41005
0.50200 0.45147 0.55576
0.60424 0.58560 0.43042
0.36134 0.58670 0.53187
0.43577 0.56591 0.43047
0.37873 0.39518 0.69474
0.46363 0.72413 0.38475
0.60311 0.64803 0.40154
0.64761 0.58222 0.36531
0.49561 0.49096 0.41220
0.47226 0.54826 0.42262
0.70105 0.62927 0.47783
0.41206 0.54655 0.43429
0.34906 0.59523 0.38178
0.41651 0.60074 0.38414
0.39204 0.40652 0.57737
0.66740 0.59064 0.50750
0.39362 0.54903 0.42589
0.51549 0.66633 0.35513
0.43387 0.49636 0.51359
0.52130 0.69673 0.56569
0.53901 0.57880 0.45864
0.45660 0.53049 0.41307
0.50961 0.63715 0.42307
0.43224 0.58978 0.33309
0.31569 0.58511 0.42924
0.50864 0.54509 0.51798
0.52041 0.55872 0.52009
0.45208 0.55782 0.50363
0.48485 0.57215 0.40216
0.46185 0.59768 0.42970
0.40851 0.48873 0.46558
0.39807 0.62499 0.37192
0.53473 0.42184 0.59475
0.56230 0.43592 0.62874
0.51416 0.50568 0.47355
0.57015 0.48230 0.50078
0.49982 0.45809 0.58640
0.37878 0.47398 0.58983
0.49295 0.63358 0.38360
0.44428 0.49764 0.49251
0.50050 0.54512 0.58453
0.52694 0.56952 0.27682
0.65105 0.60109 0.51026
0.75325 0.37669 0.59076
0.52825 0.50098 0.54612
0.44882 0.48639 0.50507
0.32730 0.72511 0.25721
0.55882 0.49139 0.46160
0.47311 0.48299 0.55230
0.55280 0.52577 0.48392
0.32574 0.50139 0.58416
0.39015 0.52525 0.43824
0.53142 0.61911 0.34898
0.46294 0.55226 0.59085
0.49030 0.58761 0.32358
0.39697 0.53635 0.47224
0.61921 0.57789 0.36574
0.41027 0.48398 0.52180
0.59034 0.40072 0.58268
0.58518 0.45557 0.55832
0.59757 0.53078 0.59062
0.56856 0.68814 0.47548
0.49374 0.65515 0.47013
0.63839 0.54361 0.56495
0.52414 0.46579 0.62402
0.45691 0.70678 0.40067
0.31126 0.55313 0.50583
0.56427 0.58246 0.45278
0.60599 0.62076 0.33539
0.56596 0.62458 0.36858
0.55264 0.57957 0.49271
0.61174 0.75564 0.44947
0.51337 0.46689 0.49999
0.63476 0.63064 0.48275
0.50840 0.57408 0.53426
0.45335 0.55852 0.49741
0.55225 0.49175 0.46891
0.63175 0.55158 0.50482
0.51082 0.73391 0.33578
0.39816 0.61482 0.41091
0.62176 0.51079 0.49733
0.52811 0.54512 0.50330
0.43432 0.48331 0.60240
0.46474 0.46771 0.53346
0.46428 0.59700 0.45379
0.54677 0.40395 0.58028
0.42919 0.52079 0.56028
0.55147 0.54572 0.46042
0.51734 0.60359 0.42339
0.50043 0.40842 0.59685
0.46625 0.61361 0.38580
0.54767 0.46099 0.54836
0.59213 0.66568 0.48122
0.51349 0.51080 0.49467
0.39319 0.72732 0.31112
0.62404 0.60645 0.46270
0.42253 0.64208 0.34739
0.44071 0.49149 0.46973
0.46424 0.58111 0.42362
0.55287 0.64150 0.53339
0.54953 0.59927 0.34764
0.59900 0.59233 0.50905
0.67608 0.54710 0.53792
0.49887 0.55467 0.46259
0.76834 0.56558 0.51975
0.50968 0.46402 0.67357
0.52033 0.54967 0.58581
0.43566 0.63266 0.36418
0.49268 0.62485 0.34927
0.46955 0.61665 0.45556
0.54697 0.60450 0.36008
0.40853 0.62334 0.46772
0.51413 0.50010 0.62458
0.42284 0.62830 0.39657
0.80891 0.48024 0.64225
0.45580 0.41824 0.52186
0.55259 0.60811 0.53362
0.49100 0.60281 0.48295
0.46345 0.62237 0.48900
0.62578 0.49230 0.57104
0.44719 0.63729 0.47397
0.60502 0.48342 0.63725
0.69891 0.53191 0.47339
0.71486 0.58751 0.33662
0.40264 0.48737 0.46919
0.59447 0.68524 0.41587
0.47548 0.48887 0.47401
0.39511 0.70580 0.31052
0.45355 0.40626 0.55604
0.64668 0.59789 0.46156
0.58033 0.61900 0.35781
0.55112 0.50230 0.45788
0.46300 0.47665 0.49806
0.47449 0.52005 0.62155
0.49390 0.50232 0.52427
0.64341 0.52186 0.55804
0.60847 0.51018 0.52118
0.49153 0.57916 0.41996
0.66303 0.50523 0.54318
0.46210 0.44100 0.51485
0.52078 0.48052 0.50855
0.51210 0.62296 0.36324
0.59060 0.54643 0.44464
0.56865 0.55695 0.43131
0.62930 0.54599 0.50918
0.52162 0.54804 0.54103
0.50519 0.59036 0.41616
0.43572 0.51168 0.53087
0.51878 0.61310 0.37029
0.70663 0.52876 0.61509
0.49593 0.45790 0.59858
0.45358 0.59325 0.39437
0.44000 0.63853 0.36087
0.52364 0.42378 0.48746
0.46797 0.57914 0.46768
0.52937 0.43870 0.51624
0.63871 0.63372 0.54699
0.54543 0.53993 0.51413
0.56685 0.62660 0.42883
0.54197 0.61481 0.42088
0.50227 0.51622 0.53204
0.60880 0.48170 0.51364
0.45437 0.61952 0.43370
0.39624 0.53563 0.50586
0.53054 0.46105 0.58417
0.57401 0.59113 0.34737
0.57798 0.56755 0.48075
0.57038 0.62946 0.52385
0.55931 0.66065 0.33626
0.55168 0.68258 0.34116
0.52768 0.56577 0.55827
0.59025 0.48096 0.51396
0.43140 0.65863 0.36332
0.54456 0.68459 0.40123
0.67489 0.47543 0.61706
0.40921 0.50192 0.52692
0.50081 0.61359 0.48610
0.57259 0.61157 0.41409
0.42739 0.52440 0.47850
0.56468 0.53140 0.49534
0.51141 0.51374 0.50862
0.44622 0.50611 0.44986
0.53708 0.49872 0.57204
0.58258 0.67306 0.49816
0.60133 0.51506 0.62839
0.57080 0.56342 0.39609
0.43446 0.61271 0.33594
0.63718 0.58439 0.51835
0.60458 0.47020 0.57159
0.57740 0.56565 0.60958
0.58769 0.49503 0.52414
0.53020 0.41716 0.62516
0.66035 0.39317 0.49706
0.67581 0.44768 0.61338
0.74493 0.37427 0.68655
0.52414 0.60380 0.40128
0.49656 0.58302 0.50422
0.42274 0.66225 0.29571
0.48208 0.56694 0.46184
0.54342 0.55932 0.43836
0.56032 0.55616 0.41670
0.47710 0.55834 0.53843
0.48254 0.61056 0.48068
0.42408 0.44218 0.53519
0.46911 0.64884 0.36319
0.54353 0.56421 0.50475
0.53385 0.57477 0.54946
0.51105 0.53320 0.47152
0.67555 0.57820 0.48973
0.51250 0.55503 0.58718
0.71348 0.53363 0.66077
0.59330 0.54348 0.53369
0.43492 0.59547 0.48020
0.50957 0.64282 0.44049
0.57391 0.38252 0.54833
0.52785 0.38023 0.48644
0.47056 0.56170 0.43281
0.56190 0.44052 0.43032
0.58316 0.49705 0.51123
0.59746 0.52427 0.44044
0.68046 0.50610 0.55114
0.41908 0.50372 0.49119
0.38746 0.49192 0.61677
0.40108 0.53484 0.53440
0.54728 0.55981 0.52288
0.54968 0.43426 0.68316
0.47115 0.61103 0.46555
0.50424 0.68880 0.32409
0.54856 0.57513 0.38958
0.64755 0.46626 0.68863
0.41862 0.49905 0.54160
0.41282 0.45802 0.60398
0.64258 0.52708 0.46927
0.66749 0.40623 0.63644
0.45286 0.44734 0.56288
0.47050 0.59450 0.50926
0.53273 0.51518 0.42513
0.45223 0.59219 0.39708
0.42985 0.47589 0.56793
0.71332 0.57118 0.48965
0.66708 0.57343 0.43777
0.36572 0.47097 0.50590
0.57403 0.42116 0.61503
0.51649 0.60467 0.41048
0.64993 0.48515 0.50651
0.58122 0.29777 0.70347
0.49188 0.60639 0.54126
0.54944 0.41219 0.54195
0.57147 0.50060 0.46997
0.36779 0.56352 0.43399
0.46828 0.47656 0.52292
0.57188 0.62354 0.55611
0.55496 0.65709 0.42168
0.55080 0.56590 0.54019
0.46408 0.58285 0.54180
0.50422 0.55939 0.47478
0.46394 0.54473 0.46569
0.43882 0.61355 0.38467
0.41154 0.66942 0.35297
0.48931 0.50820 0.50209
0.57117 0.53120 0.57417
0.42294 0.50969 0.51298
0.62661 0.56973 0.58140
0.58776 0.56403 0.53053
0.50278 0.53439 0.47709
0.44408 0.42580 0.52275
0.50769 0.66368 0.35917
0.58471 0.58938 0.51772
0.51780 0.56288 0.47194
0.54810 0.42183 0.50171
0.67223 0.70920 0.42456
0.58965 0.60527 0.48133
0.54925 0.40717 0.67854
0.48193 0.43900 0.53604
0.40622 0.50508 0.50257
0.44421 0.50849 0.39273
0.63151 0.53575 0.50839
0.54730 0.40051 0.48175
0.55559 0.70422 0.28657
0.63404 0.50458 0.52309
0.61783 0.56310 0.48901
0.44138 0.54371 0.60520
0.58503 0.57273 0.39477
0.51684 0.56322 0.48025
0.68891 0.64382 0.40254
0.59852 0.63851 0.50146
0.43969 0.60516 0.32199
0.60648 0.56118 0.41095
0.43012 0.56469 0.46244
0.57504 0.61867 0.43505
0.54876 0.42062 0.62081
0.68316 0.60817 0.44374
0.62069 0.53600 0.41975
0.61956 0.43578 0.53364
0.55270 0.57441 0.46763
0.49492 0.39812 0.61241
0.36338 0.50739 0.52099
0.46228 0.73887 0.39009
0.62191 0.53877 0.46107
0.60777 0.52935 0.49908
0.39953 0.49130 0.53652
0.45014 0.53813 0.42519
0.71341 0.44841 0.51862
0.41032 0.55100 0.51917
0.46095 0.63433 0.46454
0.52612 0.60801 0.58457
0.40957 0.63779 0.44679
0.45289 0.56265 0.34616
0.59625 0.35642 0.67393
0.64274 0.45210 0.53091
0.61328 0.68715 0.43374
0.44854 0.46869 0.51289
0.55564 0.59698 0.41531
0.47039 0.51072 0.62842
0.62600 0.51187 0.59653
0.61494 0.46513 0.51723
0.49467 0.54687 0.64967
0.47305 0.46621 0.54170
0.37855 0.59561 0.39305
0.47639 0.67698 0.40439
0.49414 0.49202 0.44219
0.63303 0.57198 0.54667
0.39837 0.57344 0.52186
0.48849 0.71094 0.42545
0.66277 0.67631 0.54598
0.55962 0.56653 0.57563
0.63390 0.51529 0.53120
0.59946 0.45153 0.54122
0.38653 0.52060 0.44394
0.60082 0.60426 0.40019
0.43286 0.47518 0.53134
0.56379 0.41499 0.58813
0.49151 0.39182 0.52364
0.46014 0.55130 0.59690
0.57452 0.50760 0.61730
0.53583 0.61374 0.41466
0.60019 0.38845 0.64203
0.44089 0.49370 0.59517
0.68360 0.46078 0.45091
0.54482 0.57929 0.53468
0.57857 0.53151 0.49875
0.50473 0.56290 0.43819
0.65479 0.56268 0.50641
0.44578 0.58186 0.45557
0.36675 0.51521 0.50996
0.51152 0.56470 0.43059
0.63062 0.50407 0.49857
0.56541 0.54623 0.45259
0.42278 0.53173 0.45793
0.46381 0.50008 0.51115
0.59828 0.69847 0.52831
0.59066 0.52829 0.44160
0.61049 0.70431 0.44092
0.47401 0.53635 0.49853
0.58761 0.57752 0.50487
0.59127 0.54147 0.44657
0.46516 0.47295 0.58166
0.51124 0.39313 0.60466
0.54983 0.60608 0.37598
0.46469 0.59295 0.37817
0.57014 0.53222 0.57160
0.60074 0.57147 0.57519
0.48854 0.52874 0.60804
0.59496 0.45581 0.56926
0.51299 0.58371 0.45180
0.57936 0.63166 0.35189
0.44398 0.54054 0.53149
0.66633 0.55926 0.45702
0.70115 0.57850 0.42380
0.57651 0.57102 0.60143
0.48610 0.63215 0.38729
0.56713 0.40461 0.64844
0.65794 0.68048 0.55027
0.41812 0.57641 0.49554
0.51727 0.58611 0.43836
0.50608 0.57782 0.44639
0.58551 0.60847 0.47158
0.51336 0.59449 0.46224
0.57432 0.49872 0.56217
0.61370 0.50007 0.59992
0.62608 0.53097 0.51548
0.53468 0.51722 0.52674
0.63480 0.59195 0.47040
0.64337 0.61392 0.42273
0.53305 0.72018 0.45684
0.61095 0.55633 0.39651
0.58861 0.54932 0.41504
0.46405 0.61614 0.42532
0.45282 0.59177 0.46702
0.41231 0.62537 0.40197
0.47687 0.48337 0.42995
0.61215 0.43570 0.60723
0.42311 0.60450 0.42549
0.59825 0.62421 0.38871
0.73133 0.72586 0.32811
0.40541 0.51162 0.43276
0.45644 0.46267 0.56008
0.54189 0.56126 0.51740
0.64878 0.45060 0.58924
0.41587 0.48557 0.44407
0.61925 0.56695 0.56151
0.46919 0.67976 0.29079
0.57627 0.50684 0.44000
0.52046 0.51442 0.53997
0.61739 0.62444 0.39474
0.51453 0.38639 0.64483
0.65450 0.48708 0.60757
0.48175 0.49411 0.60153
0.46871 0.54541 0.38624
0.56996 0.73724 0.54272
0.44545 0.69747 0.41563
0.33903 0.52804 0.49495
0.43624 0.57677 0.53042
0.50109 0.50022 0.51773
0.33936 0.50357 0.56934
0.50928 0.62344 0.48706
0.67819 0.50874 0.46426
0.47817 0.60605 0.61274
0.30787 0.56003 0.46048
0.44602 0.49177 0.45120
0.46489 0.46405 0.59186
0.63846 0.69999 0.43904
0.57923 0.58949 0.52516
0.57156 0.51350 0.52868
0.49900 0.57029 0.50605
0.54594 0.61795 0.42665
0.56701 0.57289 0.49902
0.60831 0.47768 0.57812
0.53335 0.68275 0.37339
0.51348 0.52739 0.49295
0.48211 0.40008 0.68423
0.49085 0.58507 0.43714
0.49183 0.47405 0.56958
0.61290 0.59156 0.49605
0.50726 0.43585 0.68229
0.60468 0.51119 0.46751
0.38434 0.61272 0.33601
0.45798 0.67979 0.38199
0.49123 0.53439 0.47948
0.50551 0.47087 0.60769
0.57211 0.55131 0.50059
0.52283 0.70942 0.38178
0.52325 0.50642 0.53867
0.55686 0.40977 0.54990
0.56371 0.50185 0.64217
0.46717 0.49641 0.60528
0.36825 0.50629 0.53059
0.57053 0.47495 0.51676
0.42409 0.50015 0.42664
0.51787 0.55753 0.50860
0.58702 0.75566 0.47773
0.46050 0.52286 0.48436
0.47222 0.62073 0.36658
0.39998 0.52034 0.44346
0.58613 0.67449 0.46329
0.59974 0.44774 0.57858
0.63852 0.61151 0.41305
0.58786 0.47991 0.55745
0.61087 0.53016 0.45785
0.57303 0.49978 0.51140
0.56877 0.56478 0.47938
0.54547 0.49956 0.49039
0.30096 0.54657 0.39122
0.57148 0.54105 0.42186
0.38767 0.57317 0.46634
0.55647 0.47891 0.51087
0.47260 0.57215 0.41800
0.57423 0.40889 0.52363
0.42186 0.57634 0.45227
0.67836 0.59780 0.37638
0.44642 0.64989 0.48970
0.51650 0.46972 0.49017
0.68213 0.53928 0.51017
0.61900 0.35646 0.57464
0.48532 0.59552 0.40793
0.59992 0.45110 0.54226
0.61071 0.48125 0.64690
0.60446 0.66147 0.59884
0.70835 0.54088 0.59799
0.59698 0.49337 0.50089
0.69303 0.46780 0.57799
0.55967 0.48291 0.61196
0.46536 0.62558 0.48774
0.68138 0.58714 0.45909
0.50688 0.44819 0.55766
0.50372 0.59845 0.54081
0.55387 0.60180 0.51929
0.60038 0.51209 0.45640
0.56343 0.62279 0.40849
0.53527 0.64000 0.40064
0.61060 0.62845 0.38303
0.53867 0.58326 0.53143
0.52708 0.53079 0.46001
0.46716 0.67391 0.32946
0.61501 0.48665 0.53980
0.57557 0.45900 0.59854
0.48158 0.52624 0.41256
0.52844 0.74053 0.47644
0.42652 0.61730 0.29955
0.52177 0.64346 0.52126
0.58303 0.71962 0.56191
0.54144 0.61084 0.39257
0.58176 0.45577 0.48893
0.44774 0.62745 0.38276
0.56379 0.46967 0.64362
0.47419 0.55424 0.42143
0.62187 0.62947 0.43980
0.68988 0.49721 0.52208
0.58610 0.47705 0.52418
0.55916 0.50166 0.59465
0.58851 0.59377 0.47693
0.50159 0.58702 0.63619
0.51655 0.47774 0.57759
0.58922 0.53888 0.56465
0.50952 0.45119 0.58020
0.49903 0.51536 0.52942
0.49026 0.60254 0.40624
0.57613 0.54767 0.49520
0.50589 0.47490 0.50125
0.53744 0.39431 0.59580
0.59937 0.58374 0.44460
0.60387 0.46410 0.60182
0.49502 0.61800 0.33917
0.45289 0.60202 0.47495
0.59614 0.64479 0.34022
0.69792 0.63246 0.43989
0.34143 0.59479 0.32901
0.63442 0.43946 0.69507
0.71431 0.55736 0.43662
0.58857 0.51775 0.44011
0.61976 0.55664 0.56050
0.40152 0.51107 0.57458
0.55886 0.48837 0.60679
0.61791 0.52453 0.55603
0.49460 0.53932 0.55007
0.46300 0.61822 0.39510
0.65302 0.63565 0.38271
0.53407 0.37615 0.57247
0.59648 0.53474 0.52423
0.53421 0.69251 0.33802
0.57551 0.38440 0.56638
0.42924 0.54270 0.54455
0.54957 0.40920 0.51568
0.66367 0.43477 0.55601
0.53716 0.59122 0.45613
0.62219 0.40668 0.51461
0.49407 0.47081 0.49618
0.65160 0.45998 0.51824
0.59082 0.68305 0.39969
0.56706 0.63216 0.44354
0.52691 0.54987 0.50420
0.51924 0.42429 0.55065
0.55085 0.64194 0.33720
0.52120 0.50898 0.51185
0.49190 0.64579 0.47697
0.62325 0.50483 0.43390
0.47054 0.63879 0.47448
0.57343 0.52721 0.34684
0.59748 0.51263 0.54622
0.34902 0.42749 0.61227
0.46236 0.65372 0.33643
0.45548 0.47446 0.55713
0.69505 0.61055 0.46327
0.56155 0.58341 0.61440
0.53332 0.38639 0.60287
0.63642 0.61771 0.41492
0.48984 0.46611 0.59420
0.49984 0.53015 0.39549
0.48018 0.63588 0.33802
0.42258 0.56117 0.43874
0.51806 0.56987 0.43800
0.55067 0.62843 0.40824
0.47682 0.60807 0.41274
0.59755 0.58421 0.43050
0.63426 0.52698 0.49199
0.35762 0.57374 0.43259
0.48486 0.45999 0.61286
0.52195 0.60270 0.43349
0.44728 0.59653 0.47353
0.50196 0.56055 0.48786
0.42571 0.57313 0.43599
0.64373 0.59943 0.39382
0.53410 0.69928 0.44011
0.45125 0.55387 0.57640
0.53596 0.42204 0.57744
0.59454 0.54978 0.46009
0.46895 0.57406 0.46243
0.57236 0.68444 0.50008
0.48930 0.45541 0.45649
0.60576 0.50852 0.52237
0.61086 0.53629 0.55903
0.57857 0.51077 0.48434
0.50953 0.70677 0.40975
0.49771 0.63291 0.32019
0.46991 0.49623 0.52117
0.38931 0.52348 0.53942
0.53353 0.68172 0.34720
0.56657 0.46543 0.56130
0.57392 0.56366 0.45381
0.55956 0.62284 0.50646
0.46224 0.58557 0.38064
0.56301 0.51731 0.39280
0.65549 0.52174 0.61752
0.62224 0.60848 0.49678
0.59895 0.53512 0.60189
0.49426 0.50360 0.53792
0.34725 0.49133 0.55513
0.54792 0.57457 0.47342
0.61583 0.54732 0.51226
0.54298 0.46783 0.55990
0.34735 0.59156 0.36662
0.44698 0.54676 0.51434
0.45697 0.61567 0.37706
0.50321 0.51275 0.63294
0.62372 0.46875 0.56976
0.61696 0.43719 0.51379
0.46520 0.63478 0.34107
0.69719 0.56383 0.56823
0.65494 0.48528 0.51097
0.41144 0.45646 0.39148
0.46768 0.44833 0.54492
0.47807 0.61451 0.54576
0.61621 0.68385 0.34615
0.55084 0.54989 0.59187
0.51752 0.57449 0.44695
0.53366 0.51343 0.57271
0.63506 0.65427 0.44029
0.50779 0.55519 0.54047
0.61617 0.49610 0.58055
0.54882 0.60147 0.38049
0.46505 0.53236 0.44077
0.56005 0.67422 0.40841
0.47801 0.49178 0.57519
0.45664 0.52109 0.51111
0.51008 0.59809 0.39960
0.45561 0.68108 0.35793
0.53526 0.60381 0.36833
0.58293 0.51005 0.55510
0.38412 0.63043 0.44239
0.55215 0.56566 0.47740
0.61871 0.61020 0.34192
0.39958 0.48453 0.53509
0.59852 0.64181 0.34583
0.67819 0.47580 0.54022
0.66968 0.54947 0.47986
0.42601 0.47204 0.55540
0.47092 0.50744 0.62616
0.42773 0.51349 0.47466
0.58487 0.57455 0.52893
0.52647 0.62549 0.61015
0.44293 0.51565 0.54114
0.49493 0.56926 0.51035
0.60530 0.54211 0.53759
0.65464 0.54280 0.47166
0.72169 0.61975 0.35832
0.47726 0.67141 0.52189
0.65515 0.53326 0.64720
0.53768 0.54453 0.45556
0.60395 0.52253 0.47301
0.55904 0.51309 0.51350
0.48459 0.57929 0.35126
0.51887 0.61828 0.44117
0.57369 0.56488 0.40952
0.55792 0.52805 0.47525
0.54757 0.65302 0.40137
0.64007 0.43733 0.63280
0.49500 0.61397 0.45730
0.48997 0.56317 0.38664
0.50505 0.51937 0.53040
0.57017 0.47446 0.59673
0.40380 0.63288 0.36770
0.52938 0.49175 0.60427
0.68019 0.57249 0.48658
0.47196 0.49429 0.49197
0.58868 0.62686 0.34211
0.52517 0.57756 0.38864
0.43227 0.50720 0.53963
0.51098 0.51327 0.51988
0.40633 0.65832 0.33297
0.66960 0.60688 0.50403
0.51921 0.52596 0.54501
0.40477 0.59950 0.40783
0.47885 0.52046 0.51926
0.66994 0.68125 0.56913
0.70240 0.63179 0.46681
0.71964 0.37327 0.69543
0.58970 0.54229 0.59333
0.48989 0.60223 0.37635
0.61657 0.44570 0.49822
0.60926 0.63838 0.41407
0.47761 0.62786 0.48569
0.56879 0.63323 0.54653
0.68670 0.58812 0.52617
0.49909 0.49836 0.45900
0.57904 0.49991 0.54290
0.59184 0.52271 0.51810
0.60129 0.52436 0.58353
0.44485 0.49940 0.57759
0.55883 0.52369 0.68708
0.52249 0.53304 0.39596
0.50971 0.35157 0.61352
0.61516 0.54074 0.42335
0.50168 0.65906 0.36686
0.47102 0.61216 0.36472
0.63732 0.69704 0.26146
0.67890 0.68274 0.49971
0.59141 0.44127 0.67698
0.34892 0.67404 0.35015
0.51919 0.67859 0.51389
0.52618 0.66324 0.49709
0.45045 0.52285 0.48323
0.51782 0.52871 0.49958
0.34188 0.54416 0.40394
0.61917 0.41178 0.45577
0.49328 0.59452 0.35143
0.55354 0.50054 0.46280
0.54506 0.35236 0.57481
0.46452 0.48018 0.54048
0.59508 0.42534 0.67930
0.65478 0.63783 0.47398
0.50192 0.56358 0.42785
0.41792 0.57243 0.53851
0.41274 0.54703 0.57133
0.64931 0.59936 0.39812
0.58249 0.43540 0.69556
0.53132 0.51263 0.50589
0.67139 0.60879 0.61837
0.64533 0.56740 0.46448
0.51121 0.41678 0.57058
0.54637 0.50701 0.49353
0.58185 0.68781 0.45987
0.60265 0.50328 0.50708
0.54377 0.58056 0.46929
0.46120 0.63049 0.38790
0.52255 0.46705 0.62177
0.52442 0.51361 0.49055
0.47325 0.53067 0.48292
0.44307 0.56761 0.37995
0.51700 0.56516 0.57102
0.64115 0.48373 0.54924
0.64485 0.51224 0.55647
0.61004 0.49868 0.42910
0.44736 0.51506 0.53863
0.66480 0.48326 0.48378
0.48475 0.44008 0.56234
0.47622 0.46758 0.56007
0.51656 0.45206 0.54320
0.60944 0.59941 0.42963
0.60539 0.53594 0.47308
0.51569 0.53888 0.41507
0.58117 0.49165 0.55044
0.53831 0.48585 0.53159
0.58593 0.53280 0.54029
0.48511 0.69829 0.30006
0.62764 0.54930 0.51319
0.55410 0.64222 0.37824
0.68930 0.52242 0.50415
0.53215 0.59831 0.49392
0.46859 0.53634 0.51809
0.53705 0.66085 0.54975
0.59558 0.50193 0.62188
0.69916 0.58550 0.47873
0.47709 0.42915 0.53169
0.38400 0.53346 0.43173
0.42958 0.71548 0.34303
0.54766 0.57628 0.41437
0.49349 0.68602 0.28431
0.57306 0.51661 0.50552
0.64639 0.45699 0.59101
0.51048 0.56023 0.48777
0.56270 0.47063 0.56412
0.50309 0.56444 0.42549
0.53298 0.60034 0.57730
0.50696 0.60394 0.37715
0.53717 0.62534 0.45172
0.55176 0.59126 0.52719
0.55554 0.53920 0.57320
0.54012 0.45943 0.54033
0.43865 0.50679 0.48372
0.56098 0.57220 0.36708
0.52798 0.64099 0.56675
0.56213 0.51482 0.51732
0.60414 0.60524 0.58182
0.58988 0.52297 0.52841
0.57324 0.61343 0.37726
0.52734 0.65763 0.33516
0.50999 0.62947 0.37810
0.44621 0.56772 0.47828
0.57739 0.49714 0.53139
0.63403 0.59899 0.45804
0.50364 0.67977 0.52585
0.46082 0.72163 0.41520
0.61546 0.53994 0.62653
0.45465 0.64083 0.31985
0.66978 0.61201 0.53752
0.54977 0.61816 0.39315
0.55878 0.51010 0.59435
0.54665 0.51210 0.54750
0.64191 0.65383 0.46892
0.63928 0.65938 0.33537
0.45074 0.41576 0.53048
0.55235 0.45384 0.66864
0.52613 0.60031 0.43471
0.50074 0.53257 0.54473
0.48647 0.59437 0.48152
0.36725 0.66958 0.33853
0.72280 0.39699 0.64354
0.71670 0.59402 0.41758
0.59289 0.51658 0.55084
0.52979 0.52351 0.52526
0.45876 0.53656 0.56243
0.48232 0.56721 0.46683
0.28554 0.68240 0.27827
0.64023 0.61581 0.48689
0.51617 0.43262 0.50122
0.43217 0.54483 0.42520
0.41797 0.65625 0.48403
0.64958 0.52908 0.47373
0.54927 0.56714 0.51266
0.45476 0.51402 0.52422
0.55001 0.44488 0.62533
0.47442 0.54794 0.41589
0.59292 0.50979 0.52330
0.54928 0.71419 0.41686
0.58433 0.62090 0.33096
0.52827 0.44032 0.61419
0.58063 0.53119 0.49056
0.46203 0.70133 0.34521
0.35624 0.51693 0.47728
0.49797 0.66655 0.34050
0.52443 0.50225 0.50729
0.44113 0.64936 0.36702
0.56598 0.50060 0.59141
0.56583 0.56504 0.48119
0.57881 0.62921 0.40714
0.67362 0.63940 0.51681
0.63701 0.50316 0.49174
0.58540 0.61520 0.51006
0.50852 0.46752 0.43784
0.58684 0.60469 0.48849
0.44627 0.50140 0.57317
0.64357 0.56201 0.46750
0.49269 0.44127 0.45366
0.45092 0.56674 0.54045
0.75207 0.58700 0.52936
0.63439 0.51278 0.49744
0.59503 0.51801 0.58274
0.67842 0.59817 0.45950
0.59441 0.62102 0.52227
0.52351 0.48076 0.58030
0.54006 0.62436 0.35120
0.56138 0.70992 0.39098
0.57854 0.56245 0.47900
0.52406 0.63973 0.24741
0.55273 0.53934 0.45671
0.57516 0.42204 0.51334
0.52293 0.63914 0.38738
0.58340 0.56639 0.47293
0.54989 0.70090 0.39915
0.52885 0.53247 0.56478
0.46895 0.44287 0.64238
0.50077 0.38739 0.64104
0.60663 0.65352 0.41872
0.53071 0.53241 0.52803
0.59218 0.52338 0.57688
0.62575 0.58954 0.58028
0.47383 0.54844 0.52183
0.59540 0.47502 0.54071
0.47581 0.64350 0.34353
0.69270 0.52759 0.50367
0.43607 0.49697 0.59290
0.47494 0.55913 0.51162
0.55091 0.68461 0.44916
0.62289 0.67076 0.31146
0.56662 0.45955 0.60484
0.51068 0.54749 0.52538
0.70198 0.50936 0.53134
0.55020 0.45515 0.59032
0.45506 0.73739 0.32270
0.50526 0.45972 0.52339
0.65240 0.66418 0.45550
0.49469 0.52448 0.60593
0.54315 0.59745 0.41930
0.50507 0.62836 0.43052
0.49926 0.53065 0.52699
0.46366 0.67814 0.40071
0.48860 0.48823 0.57599
0.59158 0.53376 0.45398
0.60099 0.44200 0.53174
0.39277 0.54791 0.45866
0.46363 0.51921 0.51200
0.49270 0.52098 0.51160
0.51384 0.41744 0.57153
