20 15 1000 5401 118
0.91255 0.42765 0.15349
0.36129 0.67698 0.46541
0.66519 0.14818 0.52144
0.81087 0.20111 0.65977
0.39309 0.78520 0.14034
0.35831 0.47005 0.61575
0.94727 0.18891 0.37478
0.01604 0.24357 0.01540
0.75356 0.43215 0.65791
0.23004 0.90117 0.71451
0.07056 0.98970 0.07518
0.00763 0.68885 0.68144
0.32955 0.77601 0.45139
0.35287 0.32930 0.80646
0.48473 0.62185 0.04453
0.44899 0.52029 0.36967
0.43549 0.57984 0.39573
0.51679 0.51788 0.46406
0.56573 0.46816 0.46546
0.46720 0.49562 0.41843
0.49679 0.50016 0.43461
0.53900 0.45294 0.43253
0.53742 0.58922 0.42137
0.44014 0.51872 0.36598
0.44036 0.58205 0.36296
0.45226 0.46023 0.51849
0.38444 0.54536 0.44326
0.44876 0.58560 0.33872
0.35376 0.58899 0.48873
0.28673 0.61537 0.54841
0.51790 0.50319 0.47536
0.42168 0.51308 0.33919
0.37028 0.60795 0.43227
0.36469 0.67232 0.32809
0.23877 0.56453 0.24693
0.45616 0.49676 0.36557
0.39412 0.46750 0.42078
0.46980 0.55879 0.27631
0.38177 0.51790 0.42985
0.54616 0.52940 0.43574
0.48630 0.50669 0.29193
0.44833 0.52344 0.51987
0.42661 0.48697 0.43126
0.45340 0.47703 0.45661
0.37099 0.62452 0.55346
0.44411 0.60736 0.38162
0.58087 0.48892 0.39709
0.56579 0.43530 0.53493
0.52258 0.45787 0.50530
0.50225 0.49214 0.48696
0.47433 0.46752 0.29593
0.37123 0.63306 0.38013
0.41246 0.57390 0.40717
0.45964 0.50267 0.45859
0.32586 0.54430 0.50781
0.56565 0.44798 0.42095
0.38987 0.65172 0.42950
0.47307 0.51038 0.40411
0.42594 0.50515 0.42002
0.39139 0.58683 0.40681
0.38946 0.54101 0.38579
0.56792 0.42679 0.46003
0.35735 0.58795 0.46967
0.51665 0.57783 0.40060
0.47765 0.59774 0.33297
0.44657 0.47650 0.44791
0.47122 0.60943 0.36923
0.39811 0.63622 0.35359
0.46537 0.47458 0.45553
0.53181 0.48953 0.35965
0.48040 0.57527 0.38524
0.37947 0.48639 0.41367
0.61166 0.40569 0.50485
0.51474 0.49444 0.44047
0.42694 0.52294 0.38764
0.47001 0.54401 0.40546
0.45307 0.48766 0.37959
0.34778 0.55865 0.38429
0.34683 0.68701 0.35989
0.30242 0.61339 0.39584
0.35264 0.47316 0.45031
0.44095 0.47271 0.38653
0.54025 0.42298 0.41881
0.35851 0.46339 0.40755
0.50936 0.45645 0.53452
0.38542 0.57663 0.38235
0.46693 0.52713 0.42553
0.46051 0.54268 0.41578
0.41223 0.51536 0.51554
0.53363 0.44082 0.48689
0.44985 0.55321 0.54533
0.35251 0.64038 0.42341
0.48249 0.50683 0.45578
0.53739 0.39095 0.60184
0.59616 0.45516 0.53368
0.27366 0.64775 0.56731
0.43538 0.64209 0.41218
0.30666 0.51182 0.42973
0.53749 0.52249 0.46051
0.33255 0.62712 0.42981
0.54989 0.45684 0.37044
0.30739 0.55236 0.40152
0.43272 0.49661 0.38412
0.49232 0.49328 0.45620
0.34337 0.58390 0.48756
0.50963 0.49143 0.46166
0.43439 0.60199 0.34921
0.32594 0.65662 0.27829
0.41466 0.60665 0.28758
0.39104 0.50661 0.42063
0.54721 0.45745 0.47394
0.43232 0.60049 0.39186
0.45147 0.57827 0.52444
0.46830 0.55731 0.50019
0.45949 0.48578 0.47627
0.40590 0.57466 0.48500
0.37720 0.50090 0.39263
0.48346 0.51412 0.51658
0.41268 0.54128 0.49592
0.29946 0.56136 0.32911
0.31379 0.44120 0.29841
0.59729 0.41372 0.47641
0.38893 0.58161 0.47990
0.53801 0.39321 0.54371
0.36254 0.68754 0.30544
0.47441 0.55688 0.44832
0.46766 0.50334 0.49340
0.46346 0.50352 0.45528
0.43080 0.51932 0.43678
0.46586 0.55344 0.38139
0.31900 0.62126 0.41718
0.46366 0.46895 0.47964
0.44142 0.48595 0.42883
0.43241 0.63519 0.48634
0.33521 0.66587 0.31275
0.31476 0.38496 0.33337
0.30860 0.47598 0.30949
0.51977 0.42492 0.46643
0.40054 0.43106 0.37302
0.47371 0.55887 0.42311
0.49931 0.52877 0.33636
0.46580 0.52443 0.38032
0.34481 0.62671 0.52053
0.45243 0.65261 0.44773
0.62173 0.45061 0.41447
0.41517 0.59205 0.35910
0.56086 0.50716 0.38289
0.59556 0.48298 0.42956
0.49930 0.50216 0.40197
0.50273 0.54094 0.39983
0.52673 0.48196 0.42076
0.43965 0.49253 0.45684
0.38391 0.64892 0.34394
0.33724 0.47363 0.41522
0.46408 0.54053 0.37558
0.52125 0.47447 0.44394
0.39462 0.48814 0.49281
0.38377 0.58127 0.40546
0.49483 0.57472 0.34135
0.42125 0.47357 0.45096
0.50431 0.51290 0.35066
0.42799 0.61261 0.28555
0.39741 0.54194 0.43442
0.37118 0.60833 0.36076
0.36854 0.58131 0.27544
0.47207 0.45328 0.48082
0.40522 0.62745 0.38859
0.26546 0.60449 0.34940
0.45878 0.56588 0.38123
0.50243 0.51457 0.43595
0.52181 0.46080 0.41452
0.32528 0.57772 0.41823
0.39959 0.55087 0.36852
0.32615 0.61903 0.36339
0.33058 0.65272 0.34107
0.41207 0.47880 0.57281
0.35669 0.62974 0.40077
0.44104 0.47888 0.45423
0.41380 0.53562 0.52042
0.45695 0.59410 0.47650
0.40066 0.56247 0.52513
0.37161 0.66311 0.33975
0.34552 0.66176 0.34996
0.44882 0.53287 0.42470
0.50089 0.48439 0.52737
0.44439 0.45297 0.47882
0.50950 0.52787 0.46418
0.46690 0.53362 0.44833
0.52959 0.46442 0.53358
0.41399 0.51757 0.52822
0.50830 0.49214 0.48996
0.48934 0.48837 0.45835
0.40289 0.47444 0.45952
0.36416 0.55205 0.41634
0.44298 0.52640 0.41048
0.51621 0.43434 0.48320
0.30440 0.66848 0.38505
0.56593 0.45138 0.48625
0.51827 0.52609 0.48966
0.42226 0.50940 0.54016
0.55189 0.51484 0.31770
0.43498 0.56555 0.54008
0.47457 0.52190 0.37110
0.40614 0.48864 0.50922
0.61056 0.43993 0.48974
0.41861 0.48122 0.49802
0.42179 0.49869 0.42371
0.44343 0.59096 0.48033
0.43090 0.56033 0.39773
0.46699 0.53587 0.42831
0.45434 0.51196 0.48698
0.49696 0.54142 0.45595
0.54981 0.56659 0.35693
0.37216 0.48963 0.52649
0.39936 0.60575 0.40540
0.44504 0.40067 0.45169
0.41049 0.59979 0.46057
0.45509 0.46488 0.49463
0.49210 0.47063 0.53823
0.50397 0.49937 0.50953
0.65910 0.42269 0.45956
0.40798 0.50624 0.33089
0.48001 0.56502 0.42989
0.42689 0.58944 0.39824
0.53625 0.52193 0.35205
0.33366 0.62156 0.43521
0.59123 0.46040 0.42394
0.47931 0.45681 0.29204
0.45095 0.56317 0.48633
0.42686 0.56086 0.45651
0.36819 0.56766 0.40506
0.51414 0.55385 0.46386
0.58377 0.54138 0.42169
0.43706 0.53294 0.51052
0.45574 0.57198 0.43312
0.39907 0.45778 0.47695
0.29791 0.44702 0.35640
0.50493 0.53719 0.44355
0.39762 0.57218 0.43193
0.48768 0.46192 0.34604
0.45816 0.53248 0.54578
0.43896 0.42091 0.43856
0.48663 0.42246 0.26694
0.47571 0.55115 0.45877
0.49674 0.50831 0.44121
0.34292 0.49524 0.54314
0.37915 0.56531 0.44306
0.31766 0.66970 0.49395
0.55334 0.52495 0.43453
0.50229 0.49103 0.38283
0.54034 0.40986 0.45164
0.63203 0.41705 0.37167
0.49006 0.50941 0.36821
0.56312 0.39356 0.49816
0.39858 0.42916 0.30693
0.33453 0.66758 0.42825
0.36800 0.56414 0.44508
0.45482 0.41749 0.31984
0.40063 0.51186 0.40904
0.47482 0.45285 0.40091
0.50445 0.59184 0.29632
0.39490 0.61655 0.41529
0.46418 0.52396 0.49411
0.43849 0.54186 0.44087
0.47891 0.53698 0.48346
0.38165 0.53794 0.41768
0.35827 0.57917 0.35953
0.43373 0.43026 0.45728
0.29933 0.57536 0.46477
0.54925 0.40684 0.47458
0.51983 0.47983 0.44318
0.47518 0.57433 0.38633
0.44717 0.55095 0.45075
0.41273 0.56671 0.54351
0.40061 0.52580 0.56456
0.43612 0.55504 0.50605
0.33733 0.62267 0.40698
0.42451 0.48494 0.37976
0.46436 0.54162 0.42369
0.43106 0.55476 0.35731
0.42298 0.51160 0.55872
0.52958 0.46473 0.46875
0.47695 0.60041 0.31742
0.38942 0.56495 0.35418
0.42281 0.57361 0.48572
0.59420 0.45735 0.38440
0.64000 0.37555 0.46419
0.42525 0.53874 0.44233
0.46851 0.40173 0.45344
0.37210 0.61765 0.39773
0.57230 0.42564 0.47027
0.50429 0.47691 0.45380
0.45483 0.41548 0.38622
0.46195 0.47879 0.48680
0.59332 0.48488 0.34566
0.24331 0.62912 0.46580
0.55917 0.42376 0.48618
0.40427 0.50723 0.34546
0.52362 0.53262 0.44067
0.41721 0.51338 0.46525
0.44268 0.55483 0.42853
0.29049 0.70136 0.37754
0.33496 0.60580 0.44067
0.45417 0.56217 0.38137
0.28618 0.69038 0.35099
0.50514 0.48096 0.43617
0.39344 0.54224 0.36649
0.43565 0.45537 0.43646
0.46924 0.46813 0.48748
0.38914 0.56059 0.43267
0.54039 0.44821 0.40393
0.44966 0.56027 0.46704
0.34524 0.51688 0.48975
0.34874 0.54077 0.25996
0.60702 0.47702 0.38841
0.39838 0.63135 0.37172
0.44548 0.46936 0.50590
0.36738 0.61627 0.40007
0.62771 0.45070 0.38772
0.41198 0.55979 0.47625
0.45842 0.42637 0.47053
0.42124 0.56648 0.41250
0.40320 0.50366 0.51482
0.34733 0.62269 0.31058
0.51551 0.53145 0.39244
0.39655 0.55300 0.37458
0.40029 0.48586 0.53575
0.50561 0.51838 0.40948
0.37534 0.59390 0.54658
0.35746 0.46351 0.33300
0.58056 0.45895 0.37402
0.39096 0.49371 0.30922
0.39667 0.54551 0.46841
0.49800 0.58321 0.35599
0.28693 0.62040 0.53326
0.49176 0.47081 0.44085
0.33393 0.57926 0.35083
0.55881 0.45274 0.35757
0.47135 0.57635 0.31620
0.52552 0.52583 0.38592
0.47131 0.44767 0.42999
0.42148 0.57846 0.42263
0.57675 0.40177 0.37933
0.38010 0.59859 0.42567
0.60714 0.48872 0.40017
0.54207 0.46769 0.36078
0.46687 0.54679 0.40412
0.37238 0.52509 0.38157
0.53751 0.47620 0.46562
0.57175 0.51247 0.39433
0.51860 0.58633 0.41571
0.49355 0.56306 0.50673
0.48235 0.50222 0.29775
0.43115 0.52784 0.42853
0.46280 0.52404 0.43747
0.40811 0.59132 0.51549
0.38727 0.54865 0.40251
0.40576 0.48594 0.47425
0.41633 0.53012 0.37759
0.46149 0.57150 0.48090
0.43937 0.50140 0.54363
0.51844 0.47592 0.45917
0.56741 0.39323 0.56123
0.40289 0.44200 0.34684
0.43955 0.61767 0.49420
0.53711 0.46149 0.43682
0.48375 0.56944 0.49186
0.52191 0.57360 0.30465
0.37221 0.60029 0.49591
0.32671 0.51681 0.48120
0.31545 0.67761 0.31545
0.64564 0.43504 0.34624
0.43427 0.56023 0.37921
0.43372 0.57443 0.36138
0.25846 0.66392 0.35506
0.40318 0.60079 0.49634
0.47434 0.50319 0.44188
0.37225 0.54463 0.43201
0.49020 0.52571 0.37406
0.49885 0.57493 0.48436
0.35786 0.55484 0.39983
0.51034 0.55299 0.40974
0.41760 0.49307 0.39448
0.43929 0.46797 0.54715
0.43550 0.57332 0.38760
0.35339 0.58230 0.51119
0.49640 0.55520 0.48890
0.43733 0.48461 0.33343
0.42458 0.48578 0.47610
0.40212 0.55823 0.40319
0.42085 0.57222 0.53009
0.58220 0.37325 0.42164
0.46161 0.49528 0.44786
0.40486 0.60996 0.44307
0.39209 0.49192 0.48827
0.32618 0.56962 0.46578
0.60427 0.43838 0.53650
0.39959 0.54641 0.40945
0.41499 0.55526 0.44215
0.57320 0.43066 0.44383
0.40656 0.55577 0.41652
0.39310 0.64841 0.39516
0.46854 0.49315 0.37064
0.50272 0.43238 0.51156
0.43198 0.54338 0.27260
0.32794 0.49905 0.27633
0.27918 0.61338 0.29795
0.43607 0.52367 0.45838
0.47782 0.51998 0.52123
0.47305 0.46907 0.50339
0.46816 0.52578 0.46519
0.60251 0.46029 0.44026
0.38426 0.46791 0.39160
0.41244 0.63367 0.33383
0.50914 0.48127 0.42836
0.58887 0.48542 0.34760
0.36558 0.43315 0.23886
0.64538 0.40270 0.53074
0.47765 0.46702 0.46450
0.34974 0.58273 0.45577
0.54688 0.42978 0.38867
0.36763 0.62219 0.47459
0.42652 0.53005 0.39943
0.47326 0.49216 0.43491
0.33844 0.54357 0.38438
0.52729 0.45426 0.33682
0.39267 0.61856 0.40926
0.46392 0.58251 0.30223
0.43432 0.51928 0.55562
0.47814 0.50259 0.37679
0.46603 0.55251 0.39142
0.45390 0.56266 0.49741
0.43274 0.43445 0.48353
0.49843 0.49979 0.41849
0.47536 0.54296 0.41181
0.32675 0.56764 0.35247
0.38805 0.59946 0.29248
0.61157 0.42636 0.44314
0.51296 0.51855 0.32966
0.32401 0.62009 0.37738
0.34966 0.54199 0.41569
0.45867 0.56733 0.38243
0.54220 0.52343 0.37403
0.35650 0.58904 0.39388
0.34574 0.67139 0.39018
0.32196 0.56878 0.43713
0.44150 0.54907 0.45635
0.46534 0.47437 0.47929
0.53545 0.49295 0.45513
0.40933 0.64080 0.31246
0.50689 0.51718 0.54064
0.47596 0.41385 0.53384
0.33907 0.48545 0.52954
0.43369 0.50491 0.50972
0.46712 0.58658 0.46468
0.37881 0.50486 0.45282
0.51241 0.51091 0.49451
0.46899 0.55349 0.53079
0.36858 0.54708 0.54823
0.50866 0.53114 0.43284
0.42467 0.50410 0.48154
0.47596 0.47263 0.46789
0.50261 0.59127 0.38759
0.31558 0.56814 0.45174
0.26790 0.67373 0.38059
0.50019 0.51199 0.43746
0.46833 0.40811 0.43990
0.39127 0.46776 0.40610
0.48399 0.43826 0.38184
0.36216 0.53241 0.28627
0.50150 0.47097 0.40999
0.35328 0.67253 0.21943
0.37893 0.56721 0.45359
0.52790 0.39615 0.53989
0.46617 0.48310 0.50748
0.34166 0.59425 0.44527
0.43140 0.57224 0.41144
0.51023 0.52480 0.36246
0.35410 0.61333 0.46319
0.30705 0.54145 0.34880
0.48186 0.46409 0.47846
0.53288 0.51068 0.44883
0.44247 0.50377 0.43674
0.40657 0.51339 0.44078
0.53440 0.51581 0.41349
0.35379 0.63051 0.40707
0.53254 0.48108 0.39083
0.37295 0.48955 0.49905
0.49158 0.46810 0.50676
0.42314 0.49884 0.49057
0.41409 0.62200 0.41463
0.42475 0.58139 0.44493
0.41643 0.51214 0.42366
0.31451 0.59644 0.28000
0.59936 0.42322 0.42760
0.37758 0.56102 0.46947
0.41639 0.61979 0.43318
0.37673 0.56077 0.45986
0.46082 0.47161 0.41805
0.36190 0.56747 0.46009
0.50271 0.55247 0.43810
0.38234 0.46168 0.50040
0.43769 0.49590 0.45824
0.40211 0.45185 0.45679
0.48988 0.49028 0.36402
0.61763 0.37751 0.50767
0.52012 0.42389 0.47883
0.36241 0.57881 0.40479
0.42442 0.55541 0.37099
0.50159 0.48955 0.39805
0.42002 0.62942 0.36575
0.36886 0.50760 0.40288
0.51039 0.43873 0.38840
0.46138 0.57418 0.29856
0.38657 0.54310 0.51017
0.48753 0.54311 0.32209
0.45869 0.58513 0.46987
0.53266 0.54491 0.59500
0.52105 0.50630 0.40759
0.44743 0.45549 0.48204
0.46179 0.53636 0.57464
0.44381 0.49151 0.53328
0.22932 0.54803 0.26653
0.44548 0.51608 0.28958
0.26520 0.62468 0.40126
0.59586 0.44523 0.39531
0.48590 0.45518 0.39773
0.47909 0.46402 0.52725
0.34305 0.62521 0.46830
0.39586 0.52999 0.48053
0.44535 0.47175 0.47022
0.47674 0.44751 0.43857
0.34671 0.55785 0.46793
0.61180 0.41034 0.44893
0.42098 0.46062 0.49225
0.37898 0.51122 0.46989
0.50977 0.51434 0.51543
0.43315 0.52001 0.39369
0.31762 0.53998 0.34704
0.49763 0.52096 0.46828
0.33971 0.64291 0.33531
0.49495 0.50368 0.40536
0.36100 0.53148 0.50367
0.43948 0.43367 0.46526
0.34545 0.56088 0.30675
0.53007 0.49724 0.41021
0.47737 0.50197 0.37886
0.40242 0.44655 0.53006
0.44548 0.42410 0.43119
0.41237 0.48152 0.21038
0.35996 0.59276 0.51014
0.43391 0.55634 0.43048
0.49498 0.57112 0.37896
0.53859 0.46361 0.46371
0.43101 0.40744 0.37768
0.43973 0.52333 0.39413
0.43546 0.59743 0.32158
0.49516 0.54445 0.34633
0.59981 0.37281 0.42698
0.46004 0.56842 0.40268
0.41655 0.51787 0.46215
0.46711 0.56585 0.38306
0.54853 0.55446 0.42510
0.54569 0.41210 0.44337
0.45632 0.52993 0.45380
0.39880 0.56556 0.41216
0.40681 0.52357 0.45172
0.50805 0.52314 0.51586
0.51629 0.49930 0.45422
0.41731 0.55965 0.48411
0.44659 0.52415 0.34248
0.56748 0.49409 0.42924
0.38363 0.59735 0.39706
0.44855 0.52921 0.41279
0.47448 0.52885 0.44493
0.41113 0.58922 0.51603
0.56535 0.51747 0.40090
0.42394 0.60742 0.39253
0.34937 0.64993 0.33231
0.45332 0.61076 0.44278
0.40491 0.63621 0.38815
0.33843 0.58236 0.37076
0.41060 0.60441 0.49978
0.39160 0.57562 0.42319
0.37545 0.55586 0.40563
0.31207 0.62516 0.46748
0.42494 0.57704 0.34370
0.42246 0.63138 0.48352
0.41050 0.44271 0.36398
0.37262 0.60725 0.34932
0.40414 0.37861 0.45797
0.55709 0.50984 0.38556
0.57952 0.45485 0.51864
0.43883 0.45808 0.50125
0.51343 0.52584 0.35606
0.53814 0.50550 0.31005
0.42239 0.52561 0.44795
0.60777 0.43060 0.39940
0.51095 0.43332 0.41838
0.53859 0.38117 0.47827
0.46947 0.51079 0.40886
0.45317 0.47144 0.48524
0.39748 0.62631 0.48724
0.57513 0.44329 0.41521
0.37594 0.51116 0.34834
0.60830 0.52187 0.37510
0.33133 0.58004 0.43503
0.37485 0.57388 0.47957
0.39138 0.51938 0.43729
0.36292 0.60663 0.50778
0.38735 0.57842 0.50300
0.52136 0.54190 0.42491
0.42046 0.63247 0.42979
0.36274 0.45500 0.52409
0.50088 0.44530 0.52337
0.51987 0.47674 0.44435
0.37767 0.60251 0.42813
0.48508 0.44382 0.41368
0.52290 0.50099 0.39808
0.33784 0.49885 0.32560
0.44898 0.55956 0.43796
0.34471 0.48299 0.42619
0.53285 0.48278 0.37900
0.37303 0.53072 0.46712
0.48676 0.59331 0.44939
0.50527 0.56688 0.32138
0.45905 0.55074 0.38737
0.45011 0.56670 0.49612
0.40843 0.60581 0.40761
0.42954 0.60015 0.39969
0.41890 0.55175 0.47590
0.55089 0.45100 0.36374
0.46791 0.54592 0.37150
0.41630 0.46515 0.46103
0.46975 0.54647 0.31287
0.38735 0.52832 0.40646
0.42983 0.43520 0.49458
0.41639 0.61512 0.42429
0.32371 0.61672 0.52152
0.43475 0.51721 0.38452
0.48130 0.48417 0.38377
0.54797 0.46519 0.43356
0.40639 0.52850 0.35646
0.59117 0.49942 0.30029
0.39200 0.51094 0.38257
0.43178 0.46762 0.44612
0.41812 0.63719 0.40044
0.53430 0.40815 0.52578
0.53448 0.51655 0.45743
0.40290 0.44833 0.44901
0.41516 0.51932 0.37787
0.43603 0.53770 0.41746
0.28330 0.58442 0.27931
0.52328 0.40061 0.51334
0.50121 0.46988 0.44482
0.40528 0.56142 0.45330
0.33449 0.43725 0.35933
0.49621 0.40758 0.51221
0.39149 0.45115 0.58219
0.47902 0.42748 0.43080
0.39228 0.60830 0.52299
0.41243 0.60190 0.46372
0.44038 0.51636 0.55200
0.51010 0.46365 0.46178
0.42422 0.56373 0.50483
0.57742 0.47897 0.38941
0.47922 0.40938 0.36227
0.50366 0.48886 0.47566
0.43325 0.54504 0.46354
0.45335 0.49563 0.42582
0.40798 0.53608 0.45649
0.46393 0.49177 0.52101
0.45151 0.58196 0.44247
0.44719 0.49439 0.39092
0.43956 0.60432 0.38114
0.56209 0.41403 0.46355
0.32437 0.59601 0.47907
0.49232 0.53985 0.44798
0.42541 0.56514 0.41091
0.53534 0.53305 0.37444
0.39375 0.60154 0.43732
0.39909 0.46027 0.51688
0.46467 0.51180 0.55667
0.41018 0.62383 0.46852
0.40427 0.52119 0.41517
0.30873 0.68447 0.38423
0.43938 0.60251 0.49230
0.48174 0.47762 0.51070
0.43364 0.55411 0.51160
0.49622 0.52949 0.52308
0.45254 0.48921 0.38314
0.35403 0.52837 0.46285
0.31576 0.53742 0.32302
0.34414 0.49967 0.32450
0.42491 0.60836 0.33048
0.27039 0.56171 0.35158
0.39015 0.50736 0.44531
0.43187 0.56544 0.35452
0.40807 0.54141 0.40336
0.35609 0.63890 0.51194
0.45426 0.53638 0.39679
0.55614 0.48204 0.39184
0.34036 0.67119 0.33443
0.44679 0.44815 0.34799
0.41008 0.56275 0.44244
0.45352 0.44655 0.51545
0.35903 0.62358 0.43953
0.46282 0.42077 0.30290
0.40503 0.61568 0.33318
0.48038 0.51479 0.44697
0.36487 0.62455 0.42438
0.34893 0.58365 0.48220
0.40605 0.55271 0.46576
0.38198 0.61607 0.28534
0.41430 0.61565 0.35752
0.45170 0.54505 0.26453
0.44826 0.44624 0.40561
0.30576 0.63807 0.36539
0.33941 0.54140 0.38511
0.43367 0.59065 0.42027
0.62216 0.45773 0.25021
0.42193 0.51080 0.36683
0.42241 0.55639 0.45085
0.45998 0.53307 0.44544
0.56330 0.40620 0.35621
0.60183 0.43917 0.48015
0.38026 0.55433 0.33860
0.46498 0.55937 0.40688
0.38302 0.60518 0.36156
0.50650 0.37467 0.46275
0.43919 0.44643 0.53404
0.39992 0.65621 0.49831
0.51210 0.51804 0.43998
0.40768 0.56935 0.42088
0.35532 0.56005 0.46993
0.49679 0.57649 0.31800
0.52216 0.48288 0.43070
0.51365 0.52271 0.55231
0.50361 0.44654 0.36023
0.40190 0.52888 0.39058
0.39532 0.60153 0.36880
0.39115 0.53504 0.47567
0.39819 0.52466 0.41213
0.44288 0.44937 0.44573
0.37220 0.48463 0.52342
0.43750 0.51983 0.48902
0.50775 0.43915 0.39970
0.47457 0.48259 0.44693
0.41500 0.51060 0.38792
0.43271 0.55285 0.38097
0.43049 0.39604 0.33564
0.42008 0.53432 0.40434
0.38238 0.65876 0.38891
0.38710 0.51816 0.35136
0.49252 0.49739 0.47691
0.34290 0.66341 0.53613
0.45718 0.57595 0.42614
0.44807 0.53481 0.34547
0.46113 0.57605 0.44058
0.48615 0.46460 0.55330
0.41291 0.55364 0.44090
0.57026 0.49682 0.29213
0.49897 0.48350 0.48898
0.39171 0.51769 0.35624
0.39726 0.62526 0.40339
0.41437 0.59163 0.33263
0.41057 0.61408 0.35045
0.37908 0.47809 0.39898
0.48608 0.47989 0.42171
0.50141 0.49158 0.46634
0.47799 0.46661 0.40449
0.47670 0.53574 0.41804
0.44195 0.49423 0.51331
0.38571 0.54327 0.50032
0.42747 0.56347 0.35754
0.45776 0.54786 0.47989
0.45701 0.58836 0.48891
0.49906 0.49537 0.46362
0.42889 0.54265 0.40552
0.64703 0.46515 0.44871
0.42248 0.52481 0.27622
0.59922 0.51127 0.34813
0.42349 0.51975 0.44355
0.46739 0.57292 0.41552
0.45934 0.51794 0.52394
0.47478 0.46257 0.36937
0.35294 0.58832 0.41942
0.49701 0.44458 0.42558
0.42068 0.48371 0.45704
0.41637 0.51312 0.53198
0.36660 0.63011 0.48798
0.57434 0.48630 0.33203
0.36204 0.47119 0.35520
0.43602 0.56588 0.42839
0.44175 0.56592 0.44113
0.32870 0.71680 0.24877
0.46905 0.54725 0.46780
0.42346 0.59691 0.29041
0.47748 0.42455 0.46118
0.52193 0.49864 0.42602
0.51635 0.52440 0.40712
0.29863 0.55783 0.47938
0.39968 0.58993 0.45129
0.29376 0.58240 0.40926
0.43898 0.53310 0.45937
0.46420 0.55991 0.42606
0.45747 0.44902 0.44688
0.53537 0.53279 0.35478
0.36737 0.51686 0.28657
0.34642 0.65989 0.37937
0.53763 0.48668 0.41354
0.48988 0.50701 0.41840
0.35471 0.46473 0.34119
0.50590 0.55968 0.35766
0.53098 0.51739 0.41526
0.65576 0.40539 0.49493
0.45544 0.51466 0.51038
0.50455 0.48897 0.49697
0.51613 0.48117 0.43723
0.40935 0.52374 0.38345
0.60476 0.46787 0.39686
0.34469 0.52087 0.42699
0.45394 0.48343 0.37285
0.46486 0.33778 0.43063
0.42193 0.53897 0.49770
0.45196 0.49433 0.43575
0.47386 0.56314 0.41300
0.45805 0.55960 0.40170
0.35256 0.68037 0.41138
0.35673 0.54433 0.33519
0.57788 0.43195 0.39561
0.47421 0.59426 0.43286
0.41562 0.51550 0.37619
0.46948 0.58902 0.38227
0.44867 0.44526 0.46740
0.46556 0.45565 0.44789
0.39184 0.52951 0.39068
0.54923 0.50832 0.38598
0.51744 0.48305 0.29621
0.39772 0.48366 0.35717
0.46259 0.51743 0.43858
0.48839 0.49117 0.49541
0.31668 0.62704 0.31358
0.44877 0.45879 0.46115
0.58781 0.40354 0.43218
0.62731 0.46159 0.38922
0.59816 0.42244 0.48233
0.48422 0.51421 0.38318
0.51288 0.47112 0.34251
0.50288 0.47342 0.51277
0.39600 0.48298 0.49298
0.27052 0.53453 0.29980
0.44919 0.42777 0.44858
0.40098 0.43508 0.38623
0.57842 0.48309 0.41437
0.47204 0.55240 0.36537
0.56445 0.45864 0.36198
0.35852 0.53099 0.29603
0.49309 0.49611 0.53068
0.40326 0.59937 0.49569
0.48323 0.48660 0.55070
0.52530 0.47693 0.47061
0.55555 0.43176 0.40679
0.46935 0.49068 0.33742
0.35045 0.58496 0.56448
0.53051 0.47424 0.46574
0.39617 0.61691 0.39987
0.47926 0.55729 0.34811
0.42911 0.44115 0.37126
0.53857 0.47734 0.40771
0.42104 0.57822 0.39757
0.49471 0.54411 0.38583
0.44820 0.44072 0.47031
0.31500 0.64829 0.45268
0.58783 0.49589 0.42229
0.52527 0.44973 0.50769
0.47657 0.52787 0.33366
0.44326 0.61113 0.37962
0.42373 0.54606 0.48224
0.47387 0.55111 0.41229
0.32219 0.61330 0.47373
0.53336 0.52913 0.32847
0.41684 0.55546 0.40852
0.53188 0.47109 0.40480
0.58377 0.43086 0.47073
0.50996 0.46953 0.49503
0.40732 0.65088 0.50793
0.36113 0.66116 0.30006
0.50671 0.52052 0.39223
0.58628 0.42149 0.41926
0.29956 0.70390 0.30865
0.46173 0.52720 0.62028
0.58681 0.43510 0.42168
0.42428 0.65665 0.52574
0.54685 0.43960 0.50227
0.28469 0.54998 0.34563
0.47617 0.52926 0.45104
0.44492 0.55495 0.44377
0.34719 0.59585 0.54347
0.63130 0.46224 0.41451
0.49314 0.53520 0.42096
0.50441 0.48557 0.43494
0.47995 0.49882 0.46676
0.40425 0.48499 0.38937
0.46791 0.52778 0.51114
0.30449 0.55161 0.40414
0.49953 0.54082 0.45185
0.32618 0.55310 0.46898
0.44467 0.43459 0.45927
0.42510 0.58251 0.43655
0.47363 0.49598 0.51065
0.44186 0.54937 0.40955
0.55664 0.44390 0.39433
0.38173 0.42957 0.34511
0.52074 0.51234 0.43548
0.31742 0.61755 0.46708
0.46165 0.56231 0.41527
0.38322 0.59361 0.39102
0.28614 0.69988 0.46469
0.57012 0.48144 0.35269
0.48482 0.59625 0.37590
0.46895 0.57580 0.38675
0.42350 0.50694 0.47144
0.59048 0.37937 0.44332
0.43893 0.48467 0.41580
0.59242 0.43934 0.46970
0.44869 0.61205 0.35901
0.53819 0.48505 0.39703
0.55570 0.50106 0.38365
0.41883 0.46724 0.36712
0.30737 0.58135 0.45046
0.39342 0.61817 0.38448
0.59294 0.48783 0.41933
0.46338 0.49756 0.29233
0.30682 0.53670 0.27972
0.19461 0.38847 0.22052
0.34185 0.64754 0.35457
0.40933 0.52001 0.44562
0.58979 0.47225 0.37005
0.41206 0.63219 0.43053
0.30918 0.56277 0.44862
0.35680 0.61082 0.46466
0.46874 0.51271 0.31472
0.48388 0.55490 0.41274
0.45392 0.55282 0.42341
0.53635 0.52125 0.46058
0.33613 0.48828 0.49226
0.59553 0.48795 0.37802
0.50823 0.47736 0.41737
0.45270 0.49151 0.46242
0.44547 0.51437 0.40313
0.37830 0.53146 0.37730
0.35971 0.60990 0.40841
0.45928 0.56004 0.47378
0.48300 0.49617 0.45549
0.54119 0.51191 0.38943
0.46421 0.44607 0.46814
0.43162 0.61977 0.44255
0.40040 0.63045 0.38738
0.40144 0.61361 0.39259
0.48799 0.42145 0.34323
0.46605 0.56354 0.46138
0.42286 0.54052 0.52840
0.58722 0.44646 0.42858
0.46895 0.53581 0.48557
0.41742 0.56644 0.41359
0.49545 0.42949 0.48838
0.43413 0.54771 0.41124
0.43536 0.50035 0.44128
0.33340 0.56135 0.39689
0.41811 0.47181 0.45259
0.59175 0.45430 0.54989
0.47476 0.54965 0.42160
0.55513 0.46922 0.42729
0.55338 0.43486 0.47508
0.37160 0.60799 0.38042
0.37152 0.57643 0.33288
0.56889 0.50937 0.37406
0.40890 0.50543 0.39681
0.44926 0.47096 0.52051
0.40002 0.62187 0.49710
0.46836 0.57982 0.30787
0.46144 0.53795 0.35952
0.48552 0.49164 0.40255
0.43991 0.48022 0.48087
0.43466 0.55359 0.51735
0.56071 0.49581 0.48124
0.44999 0.40612 0.40953
0.37833 0.61373 0.32304
0.47064 0.50377 0.39118
0.37816 0.48891 0.29880
0.41229 0.58303 0.45720
0.38375 0.59898 0.41450
0.52139 0.50159 0.50739
0.48357 0.51632 0.42098
0.37449 0.51633 0.36370
0.53500 0.43891 0.43980
0.52181 0.54578 0.35511
0.52516 0.48685 0.49911
0.44571 0.55772 0.51203
0.40009 0.53942 0.34399
0.57273 0.51794 0.49616
0.52051 0.56005 0.49252
0.47923 0.48931 0.40913
0.40612 0.56280 0.35540
0.48342 0.59874 0.42320
0.48942 0.45955 0.52473
0.30800 0.56510 0.41964
0.63042 0.42498 0.40458
0.47576 0.53377 0.42707
0.40661 0.46499 0.54766
0.39165 0.64002 0.45032
0.47018 0.53773 0.43203
0.44094 0.54023 0.32866
0.36457 0.56218 0.44945
