20 6 1000 16999 8004
0.29642 0.75786 0.30859
0.58066 0.40684 0.90853
0.94779 0.68780 0.33462
0.12743 0.24210 0.56401
0.29184 0.02832 0.18477
0.95564 0.05373 0.66527
0.73600 0.38004 0.53359
0.52857 0.38783 0.47766
0.69539 0.18953 0.46400
0.54005 0.35986 0.42768
0.46753 0.28886 0.64145
0.38262 0.33918 0.48938
0.49254 0.40573 0.47986
0.58040 0.41342 0.40021
0.43301 0.29856 0.43380
0.71023 0.44549 0.62061
0.64148 0.30291 0.55721
0.76397 0.30237 0.54780
0.62153 0.36466 0.63136
0.40962 0.18448 0.27864
0.77903 0.27404 0.65823
0.46636 0.39379 0.55277
0.40024 0.38479 0.34195
0.60422 0.24776 0.56415
0.46934 0.47114 0.43829
0.34579 0.17582 0.36290
0.27759 0.42849 0.46240
0.55900 0.34870 0.62804
0.33462 0.26129 0.29854
0.43646 0.42035 0.57654
0.41904 0.22366 0.31700
0.46592 0.41636 0.41471
0.61269 0.28308 0.49756
0.44529 0.49731 0.44943
0.60504 0.35650 0.69142
0.53212 0.42951 0.57202
0.54868 0.44852 0.48432
0.84979 0.63348 0.36518
0.40856 0.40560 0.49220
0.46127 0.30965 0.54159
0.47367 0.51588 0.39439
0.60471 0.37052 0.41258
0.57586 0.32215 0.57900
0.44022 0.26084 0.62016
0.57884 0.36695 0.61765
0.85729 0.45895 0.46624
0.66074 0.51404 0.51129
0.69934 0.48847 0.54254
0.52805 0.40329 0.47868
0.46930 0.24381 0.42619
0.59131 0.34712 0.47912
0.31756 0.28485 0.39332
0.46802 0.39133 0.52181
0.34585 0.42508 0.46327
0.29937 0.37792 0.38815
0.65312 0.37778 0.62309
0.59760 0.42731 0.43982
0.43099 0.18219 0.46953
0.71129 0.25511 0.58072
0.51503 0.35852 0.51448
0.69628 0.41195 0.64372
0.50080 0.36915 0.46575
0.52907 0.25443 0.45072
0.69455 0.45116 0.56864
0.85163 0.54535 0.43536
0.45050 0.30258 0.60725
0.46023 0.34000 0.49017
0.66769 0.36594 0.43910
0.57044 0.32671 0.60464
0.51585 0.38597 0.44181
0.34825 0.30185 0.51250
0.45731 0.31630 0.50105
0.49329 0.33547 0.60018
0.28790 0.17963 0.44312
0.45738 0.36222 0.46635
0.42217 0.13976 0.33805
0.38528 0.50825 0.42322
0.59525 0.40729 0.47907
0.43881 0.35730 0.58538
0.45674 0.25746 0.56727
0.40915 0.30102 0.40365
0.63190 0.35194 0.55030
0.52611 0.44628 0.46529
0.60724 0.51551 0.48558
0.60339 0.30164 0.42776
0.58674 0.36532 0.67302
0.52936 0.50355 0.41603
0.70988 0.29426 0.60511
0.43247 0.41825 0.54509
0.73403 0.18201 0.56698
0.76727 0.47939 0.45584
0.63442 0.51238 0.50141
0.64198 0.45018 0.52831
0.46389 0.42591 0.36214
0.44646 0.36910 0.61664
0.64125 0.19082 0.55148
0.75998 0.51399 0.47365
0.61791 0.41338 0.37729
0.66257 0.31233 0.50640
0.39349 0.31285 0.60948
0.53704 0.39900 0.67230
0.43059 0.35070 0.48501
0.34077 0.44468 0.39374
0.47138 0.32651 0.40717
0.53262 0.31832 0.55753
0.59268 0.42883 0.43453
0.66330 0.55947 0.40185
0.47268 0.45450 0.56468
0.51357 0.42206 0.70037
0.62820 0.43182 0.31356
0.63135 0.41741 0.55617
0.47834 0.22015 0.49891
0.59108 0.28986 0.43980
0.61618 0.49365 0.47695
0.63110 0.34024 0.43700
0.45112 0.43110 0.55314
0.65885 0.47234 0.38315
0.48961 0.44431 0.40322
0.71736 0.31232 0.49434
0.64721 0.28169 0.54648
0.41468 0.40849 0.55335
0.62524 0.33586 0.58101
0.43581 0.31498 0.55420
0.45449 0.34733 0.52383
0.57629 0.32315 0.42438
0.51703 0.40455 0.39963
0.67960 0.22614 0.54366
0.65387 0.49686 0.43454
0.41601 0.30400 0.60918
0.48842 0.30473 0.45974
0.48436 0.42212 0.39057
0.60074 0.34899 0.56816
0.66641 0.39341 0.41463
0.73664 0.55811 0.35281
0.58756 0.42169 0.35469
0.42992 0.42856 0.47002
0.55852 0.35339 0.39759
0.55659 0.42464 0.39419
0.51308 0.35555 0.44881
0.58642 0.54264 0.40027
0.35934 0.42068 0.51028
0.52808 0.34952 0.46660
0.45216 0.35823 0.66252
0.47982 0.30101 0.56182
0.30923 0.29114 0.46544
0.82477 0.51797 0.43580
0.42543 0.45699 0.39544
0.46514 0.44018 0.35640
0.37711 0.39495 0.52529
0.39252 0.21673 0.33575
0.65571 0.52027 0.44030
0.33472 0.32134 0.65970
0.72415 0.42582 0.49127
0.52222 0.41549 0.45740
0.30560 0.34089 0.39577
0.37914 0.39625 0.63306
0.65007 0.50988 0.50752
0.66576 0.41376 0.53827
0.53194 0.42605 0.44225
0.59230 0.30108 0.52897
0.37886 0.27091 0.49097
0.57078 0.29173 0.54355
0.48975 0.35550 0.39642
0.51001 0.23769 0.42069
0.37856 0.13994 0.29168
0.76946 0.19250 0.55282
0.44275 0.20564 0.38743
0.68669 0.37800 0.52550
0.40069 0.24753 0.39379
0.56584 0.50843 0.47348
0.74494 0.25721 0.61582
0.39972 0.26718 0.50167
0.48008 0.50388 0.52064
0.72313 0.21494 0.69402
0.57904 0.42183 0.47020
0.64271 0.48400 0.49977
0.43021 0.35660 0.48602
0.62250 0.20064 0.53803
0.43362 0.45787 0.49831
0.35573 0.26801 0.55760
0.49571 0.39401 0.39287
0.64971 0.49866 0.43869
0.47351 0.37621 0.49343
0.54054 0.13839 0.46260
0.54156 0.49143 0.51224
0.37395 0.19781 0.57223
0.65771 0.46176 0.35666
0.51532 0.26429 0.61138
0.76260 0.46125 0.43582
0.68476 0.50709 0.37123
0.50577 0.49759 0.49437
0.52523 0.32857 0.53178
0.51626 0.26969 0.42077
0.64199 0.25218 0.58291
0.45971 0.31777 0.42679
0.68099 0.44597 0.61478
0.60851 0.37896 0.46477
0.25630 0.25275 0.53956
0.57167 0.18401 0.51187
0.43587 0.38821 0.47063
0.34805 0.48238 0.45055
0.55392 0.43844 0.51719
0.48429 0.33224 0.37585
0.38854 0.26744 0.42215
0.43680 0.22291 0.55507
0.53765 0.33902 0.42685
0.42897 0.25250 0.50869
0.56312 0.27262 0.52477
0.35799 0.20883 0.47450
0.47467 0.49517 0.40473
0.46902 0.23196 0.42506
0.67589 0.46568 0.51510
0.49383 0.49503 0.45144
0.49970 0.24533 0.54932
0.76788 0.38905 0.60239
0.33182 0.43990 0.45113
0.50898 0.39623 0.56168
0.52064 0.32872 0.54391
0.48275 0.30748 0.41190
0.26266 0.42075 0.50435
0.55418 0.18725 0.46436
0.68253 0.34444 0.44341
0.35173 0.23034 0.38776
0.50221 0.41520 0.47668
0.68263 0.23029 0.59315
0.49707 0.36020 0.64882
0.44837 0.27048 0.44540
0.68816 0.38293 0.50290
0.28596 0.28163 0.58761
0.62479 0.37835 0.46541
0.73951 0.55840 0.34880
0.60197 0.43220 0.48026
0.53242 0.46823 0.43625
0.62905 0.27549 0.53666
0.59096 0.38119 0.54801
0.52337 0.27831 0.44950
0.60844 0.40522 0.64412
0.38366 0.29729 0.46355
0.31329 0.19389 0.42223
0.59778 0.37155 0.56847
0.44783 0.37957 0.58888
0.64453 0.35908 0.52033
0.64665 0.55387 0.37518
0.65711 0.32635 0.54268
0.51716 0.44176 0.34263
0.31954 0.35237 0.52658
0.27197 0.29724 0.46344
0.61728 0.50426 0.45426
0.55975 0.55648 0.41560
0.62008 0.33416 0.52885
0.31148 0.28961 0.46453
0.47323 0.19094 0.45563
0.73250 0.14453 0.55757
0.53839 0.18425 0.34354
0.47888 0.30946 0.61534
0.68077 0.53353 0.59147
0.57535 0.30884 0.46144
0.67655 0.40782 0.40544
0.38379 0.49899 0.42471
0.55775 0.45025 0.44770
0.63867 0.25223 0.53892
0.50527 0.53823 0.57494
0.49183 0.32731 0.41364
0.54044 0.45176 0.46637
0.47071 0.32583 0.47094
0.35837 0.43010 0.51361
0.33841 0.39392 0.46646
0.83301 0.35546 0.53878
0.46586 0.39452 0.49054
0.45996 0.25562 0.47749
0.57540 0.44687 0.60212
0.41131 0.41666 0.53355
0.57040 0.66230 0.36800
0.58847 0.58355 0.36932
0.64247 0.37490 0.43557
0.68042 0.49009 0.63479
0.65792 0.17988 0.53990
0.43042 0.41736 0.43107
0.39195 0.20776 0.35370
0.54677 0.36913 0.51876
0.77231 0.54484 0.41007
0.56292 0.56351 0.45589
0.62016 0.63614 0.44642
0.40667 0.65565 0.38416
0.26718 0.31380 0.45295
0.46334 0.36164 0.39879
0.42007 0.31871 0.51249
0.59897 0.38511 0.67497
0.57111 0.38311 0.57599
0.45617 0.38505 0.48743
0.33898 0.14775 0.27017
0.76978 0.48473 0.42084
0.54500 0.30614 0.66609
0.26388 0.36046 0.50579
0.35149 0.30648 0.51626
0.57107 0.43226 0.60553
0.59376 0.19440 0.51123
0.48021 0.20566 0.57773
0.38104 0.46619 0.51817
0.53807 0.43272 0.60993
0.57418 0.27103 0.50246
0.68856 0.28188 0.54355
0.48811 0.25660 0.47306
0.68884 0.31558 0.71446
0.70049 0.15287 0.62958
0.34549 0.21031 0.45726
0.53624 0.34872 0.69557
0.48751 0.30002 0.54899
0.41734 0.35257 0.43539
0.71387 0.29996 0.48035
0.53834 0.36200 0.74230
0.54778 0.36592 0.49038
0.69921 0.39144 0.49212
0.52631 0.40957 0.54368
0.39867 0.30918 0.41840
0.51378 0.35009 0.62954
0.58340 0.47373 0.54922
0.52011 0.54417 0.38461
0.55788 0.22811 0.49111
0.39296 0.33449 0.48085
0.42607 0.54950 0.40034
0.38948 0.23637 0.53949
0.78145 0.35729 0.41729
0.36913 0.25728 0.33539
0.55669 0.31926 0.46005
0.79619 0.54518 0.42184
0.60722 0.38380 0.47824
0.68336 0.17676 0.50769
0.43928 0.38515 0.48892
0.47887 0.27582 0.59246
0.55736 0.33422 0.48108
0.70224 0.39474 0.67851
0.59149 0.34831 0.33547
0.50091 0.30565 0.51006
0.48486 0.17501 0.49669
0.51687 0.24662 0.50962
0.62095 0.40351 0.53864
0.51239 0.60569 0.33531
0.66266 0.37670 0.59280
0.66184 0.40855 0.40187
0.65735 0.52602 0.41512
0.29883 0.28255 0.51490
0.41939 0.39564 0.33218
0.73428 0.17560 0.60671
0.67832 0.49448 0.50069
0.28969 0.20764 0.31624
0.57511 0.35587 0.49827
0.45359 0.58587 0.51632
0.74980 0.35978 0.60359
0.47932 0.43811 0.66763
0.20096 0.26528 0.52407
0.55766 0.42235 0.49036
0.39401 0.59307 0.35308
0.54168 0.52855 0.46675
0.36591 0.22802 0.31712
0.51571 0.37358 0.50121
0.40137 0.39376 0.53265
0.41967 0.23698 0.38354
0.59080 0.20073 0.54134
0.61329 0.40533 0.65296
0.38885 0.27722 0.49256
0.70379 0.35766 0.58125
0.45173 0.29236 0.39077
0.38003 0.14201 0.32751
0.32945 0.32030 0.48072
0.76602 0.54254 0.37284
0.50051 0.28463 0.39557
0.35060 0.35135 0.56001
0.51018 0.44404 0.57233
0.44959 0.32676 0.44606
0.64218 0.51113 0.43444
0.71044 0.43850 0.49055
0.36681 0.43164 0.39631
0.48659 0.29971 0.44446
0.75216 0.21877 0.53241
0.52865 0.51570 0.51558
0.84176 0.36646 0.49450
0.55959 0.36556 0.69680
0.43686 0.41073 0.43852
0.61343 0.41240 0.60975
0.58984 0.30172 0.68331
0.60765 0.40915 0.56680
0.50346 0.32051 0.52064
0.72514 0.21710 0.52217
0.54587 0.51305 0.34454
0.49204 0.25759 0.32307
0.63987 0.34384 0.44088
0.49583 0.41204 0.63637
0.48659 0.20173 0.57623
0.29936 0.69102 0.33119
0.68711 0.47021 0.45309
0.69206 0.26031 0.54848
0.38213 0.23311 0.50416
0.51077 0.32207 0.40873
0.42370 0.15049 0.40544
0.65497 0.15058 0.57478
0.60014 0.52455 0.48398
0.41065 0.36603 0.58875
0.39985 0.53775 0.53602
0.42787 0.28290 0.47039
0.36471 0.38243 0.43322
0.24624 0.25530 0.39878
0.55764 0.35404 0.56734
0.61982 0.22171 0.57488
0.73221 0.36628 0.49825
0.40246 0.42000 0.46009
0.44728 0.45843 0.40304
0.38074 0.25827 0.52480
0.63280 0.54113 0.48154
0.56803 0.19958 0.43355
0.42070 0.39145 0.42706
0.54523 0.37684 0.68135
0.38308 0.31551 0.46763
0.67980 0.25937 0.58914
0.36164 0.36757 0.51645
0.47052 0.41894 0.43259
0.62798 0.18946 0.46165
0.38837 0.31828 0.41424
0.58492 0.33394 0.51672
0.63565 0.47636 0.49440
0.62722 0.21007 0.60265
0.57433 0.39207 0.50583
0.41206 0.34272 0.62923
0.64597 0.28036 0.68229
0.70572 0.61040 0.43201
0.54032 0.43608 0.40012
0.76283 0.54344 0.41027
0.52640 0.45654 0.45182
0.48236 0.22194 0.27195
0.29626 0.53164 0.39437
0.56494 0.44766 0.31986
0.36282 0.24378 0.29952
0.49080 0.35624 0.63788
0.69088 0.30965 0.52343
0.40276 0.39933 0.50647
0.72983 0.30673 0.65211
0.56863 0.36300 0.59158
0.28635 0.35414 0.35372
0.57761 0.38530 0.46956
0.68265 0.20411 0.53783
0.49713 0.32815 0.55320
0.41204 0.40617 0.34146
0.51779 0.44443 0.61799
0.45539 0.27542 0.53188
0.55577 0.48393 0.35428
0.37918 0.20522 0.57482
0.51150 0.52250 0.50409
0.41520 0.63144 0.32953
0.64287 0.45803 0.41350
0.66205 0.62486 0.40866
0.60430 0.40656 0.55523
0.75365 0.24412 0.58630
0.32148 0.38544 0.41542
0.54534 0.49123 0.56951
0.75656 0.29455 0.56868
0.40519 0.36556 0.50174
0.56070 0.39645 0.43106
0.39600 0.46534 0.50017
0.68419 0.33474 0.61760
0.53335 0.58193 0.37168
0.27100 0.39983 0.48901
0.55019 0.35132 0.37253
0.45627 0.62157 0.36633
0.60397 0.30917 0.74394
0.51628 0.51250 0.54049
0.69531 0.43361 0.56567
0.53901 0.31252 0.57950
0.64237 0.42241 0.49775
0.39755 0.31707 0.45571
0.46513 0.31577 0.34786
0.36914 0.41094 0.43742
0.50340 0.25210 0.43462
0.48906 0.15319 0.42468
0.70737 0.35795 0.49522
0.53168 0.44398 0.67808
0.39974 0.28078 0.42951
0.49884 0.62091 0.42741
0.69012 0.38182 0.45843
0.44724 0.34125 0.62211
0.28282 0.29353 0.44681
0.59726 0.18261 0.52216
0.56026 0.39651 0.60477
0.44740 0.35666 0.54531
0.43855 0.46455 0.47217
0.45998 0.41272 0.56209
0.62067 0.42035 0.47285
0.40933 0.35976 0.44551
0.46542 0.52639 0.50710
0.57610 0.35510 0.62622
0.34533 0.54435 0.41481
0.73875 0.45097 0.59567
0.47297 0.36175 0.53398
0.41183 0.27229 0.56678
0.39700 0.40117 0.50174
0.62258 0.31119 0.38048
0.33305 0.37391 0.51626
0.75245 0.35195 0.61850
0.52595 0.31185 0.51268
0.69871 0.30918 0.51167
0.47032 0.29204 0.63856
0.56834 0.65300 0.33501
0.52943 0.60729 0.39098
0.33871 0.19230 0.31465
0.58642 0.37383 0.60685
0.45023 0.40431 0.54283
0.35218 0.27950 0.32014
0.48711 0.40743 0.44319
0.58257 0.40504 0.70364
0.75201 0.14700 0.61624
0.50142 0.47521 0.41252
0.63979 0.42212 0.34138
0.67964 0.48439 0.41927
0.57779 0.20307 0.53107
0.46982 0.46968 0.33200
0.46963 0.43528 0.55948
0.74639 0.13519 0.51117
0.58085 0.46583 0.52952
0.53685 0.29285 0.41597
0.49303 0.34711 0.47383
0.84430 0.33879 0.54015
0.48482 0.40429 0.45244
0.64934 0.31875 0.49688
0.52857 0.24208 0.41608
0.46858 0.34262 0.38539
0.77155 0.44288 0.46608
0.37843 0.51353 0.38320
0.37057 0.35050 0.42337
0.49017 0.21384 0.38431
0.69425 0.16583 0.64081
0.82845 0.39518 0.46548
0.61609 0.44074 0.52196
0.43105 0.24536 0.47099
0.39612 0.23072 0.38735
0.76983 0.34734 0.55689
0.39805 0.41207 0.58529
0.32411 0.15372 0.32025
0.42481 0.17680 0.44275
0.44956 0.26665 0.44637
0.44437 0.25950 0.36172
0.42208 0.39613 0.42223
0.52699 0.30609 0.45871
0.74550 0.42627 0.54392
0.48652 0.42038 0.49327
0.44547 0.40234 0.47915
0.60813 0.35222 0.59583
0.72687 0.34331 0.64786
0.41563 0.35310 0.47988
0.51445 0.51389 0.54278
0.41637 0.35939 0.55051
0.49647 0.24356 0.44834
0.28460 0.37475 0.45160
0.60589 0.25606 0.60843
0.27935 0.33253 0.50213
0.43462 0.55988 0.42476
0.58681 0.34269 0.56355
0.52494 0.43405 0.54212
0.72496 0.27448 0.57835
0.43124 0.33369 0.49691
0.44785 0.27446 0.44881
0.34115 0.51544 0.45307
0.41302 0.40086 0.35454
0.57317 0.26847 0.55217
0.75908 0.55522 0.48509
0.41996 0.47896 0.50870
0.33978 0.33473 0.38823
0.38106 0.33621 0.49376
0.36475 0.25432 0.44365
0.32610 0.38042 0.52384
0.33893 0.47098 0.49818
0.67484 0.22592 0.56975
0.57525 0.33483 0.47322
0.76727 0.13376 0.54730
0.55726 0.27589 0.53232
0.59330 0.37017 0.62248
0.43547 0.49577 0.34940
0.40093 0.47799 0.29851
0.34022 0.37751 0.48949
0.83814 0.21072 0.58808
0.43200 0.25503 0.51161
0.76822 0.21649 0.58128
0.82026 0.50121 0.42871
0.44398 0.29195 0.49058
0.66691 0.27331 0.66067
0.65334 0.37740 0.61832
0.41354 0.43401 0.45240
0.53814 0.53430 0.42028
0.83720 0.28721 0.51352
0.61840 0.21875 0.47141
0.68630 0.47862 0.69327
0.53105 0.27995 0.54789
0.57536 0.27590 0.61112
0.39053 0.57796 0.46391
0.39978 0.51580 0.51136
0.36614 0.24764 0.49708
0.44471 0.28571 0.54442
0.72162 0.49742 0.51235
0.28155 0.46506 0.37655
0.30640 0.28155 0.50297
0.46719 0.27870 0.52968
0.67638 0.23970 0.44425
0.44082 0.40407 0.52810
0.50179 0.38702 0.34884
0.65300 0.31320 0.56427
0.51317 0.38147 0.69190
0.44048 0.25879 0.37017
0.42737 0.30205 0.42544
0.37529 0.44804 0.32780
0.46921 0.39376 0.69320
0.59047 0.38271 0.33620
0.56233 0.43316 0.48161
0.44219 0.42293 0.43842
0.60686 0.38814 0.57393
0.51254 0.38112 0.60826
0.75870 0.38605 0.57731
0.85441 0.24153 0.58487
0.63782 0.12916 0.48954
0.48036 0.38109 0.61505
0.63257 0.34108 0.60822
0.63840 0.47404 0.62359
0.59967 0.31388 0.58550
0.55339 0.30851 0.56008
0.53356 0.58184 0.51719
0.42386 0.33077 0.47832
0.79063 0.42220 0.50572
0.62141 0.50687 0.48479
0.44121 0.41091 0.47725
0.69893 0.29367 0.60426
0.68422 0.22498 0.56016
0.51537 0.35211 0.49354
0.61333 0.27578 0.54801
0.53730 0.39127 0.41792
0.78555 0.44703 0.46550
0.53862 0.32487 0.49734
0.56194 0.36572 0.82887
0.43180 0.56353 0.43844
0.69430 0.42576 0.47532
0.46209 0.53330 0.35188
0.60472 0.44804 0.55935
0.54378 0.26335 0.52227
0.48231 0.41806 0.63252
0.39144 0.49269 0.32180
0.56000 0.27552 0.50417
0.76809 0.23339 0.61064
0.49690 0.42024 0.62692
0.44236 0.56686 0.47135
0.69050 0.51843 0.56901
0.56765 0.38688 0.51376
0.81087 0.10971 0.60852
0.36842 0.50078 0.37172
0.51410 0.29822 0.53713
0.73432 0.21165 0.53390
0.64880 0.16018 0.57376
0.36635 0.27972 0.66358
0.54097 0.28576 0.64694
0.58250 0.47316 0.32277
0.72282 0.45972 0.58300
0.58979 0.42947 0.55820
0.43261 0.33612 0.61815
0.65313 0.45748 0.50052
0.75285 0.28423 0.71386
0.33718 0.27542 0.43818
0.64368 0.40152 0.37527
0.58668 0.52824 0.42499
0.52627 0.30205 0.58550
0.48690 0.18263 0.51327
0.42082 0.37171 0.45495
0.58650 0.38341 0.53530
0.53260 0.23970 0.54085
0.42888 0.41980 0.51846
0.30901 0.37244 0.60576
0.46697 0.43125 0.44390
0.45830 0.35243 0.51958
0.51706 0.31115 0.41166
0.79558 0.35546 0.50307
0.51684 0.50253 0.36357
0.59068 0.31525 0.61587
0.48393 0.43383 0.48770
0.37658 0.47873 0.34157
0.40519 0.39282 0.51182
0.49390 0.32504 0.54929
0.48454 0.30313 0.50491
0.48826 0.40290 0.45379
0.60905 0.54381 0.40207
0.54966 0.56944 0.42801
0.75598 0.22449 0.55676
0.86245 0.56611 0.41139
0.26136 0.41032 0.49599
0.82709 0.25501 0.61776
0.50321 0.25314 0.50505
0.56168 0.46213 0.59471
0.35899 0.44748 0.36353
0.78954 0.11794 0.58774
0.35063 0.38974 0.48406
0.38480 0.60242 0.37831
0.50991 0.28425 0.35528
0.57824 0.44628 0.52402
0.49313 0.29897 0.60922
0.41624 0.65470 0.36084
0.42728 0.48187 0.52325
0.44394 0.43653 0.42086
0.58938 0.38122 0.55198
0.56764 0.21813 0.47273
0.34700 0.23970 0.41994
0.48329 0.30326 0.58328
0.57352 0.43408 0.57935
0.65017 0.45153 0.34304
0.42691 0.35534 0.63412
0.46663 0.18952 0.49714
0.47966 0.43259 0.54719
0.37002 0.16952 0.36809
0.40648 0.45100 0.55642
0.44544 0.51287 0.42338
0.55385 0.51088 0.42445
0.54195 0.54371 0.42069
0.63612 0.38645 0.52167
0.49793 0.17283 0.47663
0.68044 0.44627 0.38337
0.51493 0.47331 0.58228
0.74016 0.56160 0.59515
0.21520 0.33215 0.50033
0.38234 0.42091 0.45135
0.50637 0.31127 0.66254
0.62172 0.41989 0.64412
0.39063 0.17911 0.28502
0.47589 0.34156 0.39049
0.51561 0.10906 0.42535
0.54192 0.33696 0.39893
0.67982 0.22817 0.60085
0.47145 0.53734 0.43910
0.69381 0.34156 0.51883
0.57767 0.34081 0.48063
0.61502 0.31983 0.58175
0.67895 0.37744 0.54379
0.41795 0.19093 0.42909
0.56605 0.35388 0.59862
0.76941 0.39320 0.57193
0.47523 0.52583 0.58408
0.39561 0.28427 0.51443
0.72559 0.15137 0.55683
0.51249 0.41640 0.56400
0.42500 0.48920 0.40534
0.53239 0.47929 0.45211
0.66112 0.25701 0.57854
0.37108 0.27781 0.54994
0.55874 0.18853 0.48161
0.62858 0.35110 0.58605
0.39865 0.25851 0.45135
0.40491 0.33639 0.64152
0.31880 0.35857 0.39623
0.63384 0.36412 0.75057
0.60022 0.19174 0.42531
0.74480 0.26685 0.61333
0.58024 0.39659 0.54729
0.56274 0.43062 0.64502
0.70369 0.35883 0.50385
0.49289 0.30692 0.50193
0.63194 0.35072 0.50738
0.76593 0.19376 0.54311
0.70502 0.38850 0.69246
0.60677 0.23214 0.57849
0.56947 0.35052 0.65054
0.38934 0.48316 0.43459
0.67830 0.30064 0.48293
0.53931 0.41877 0.46647
0.44943 0.34447 0.49290
0.25237 0.26306 0.52389
0.38801 0.24567 0.42570
0.51366 0.30560 0.46941
0.54350 0.26360 0.53841
0.46092 0.24686 0.49803
0.33915 0.55822 0.42887
0.65556 0.30179 0.48698
0.39348 0.17955 0.55256
0.68390 0.41031 0.45779
0.62176 0.40206 0.43999
0.45478 0.41038 0.55514
0.41022 0.30885 0.58601
0.74478 0.24334 0.53739
0.59398 0.65617 0.37276
0.58971 0.26981 0.51644
0.41051 0.34961 0.53206
0.52238 0.35592 0.63443
0.62222 0.40511 0.55095
0.60712 0.24717 0.60123
0.28217 0.34507 0.50737
0.51521 0.41156 0.56090
0.78674 0.25741 0.50973
0.54540 0.25644 0.37967
0.57002 0.18887 0.44692
0.58514 0.31744 0.43039
0.65256 0.11980 0.54111
0.54656 0.30127 0.68635
0.52870 0.47057 0.49631
0.70561 0.28406 0.55676
0.32388 0.48450 0.39178
0.60959 0.30970 0.38614
0.50690 0.48478 0.41591
0.55209 0.40593 0.55546
0.52323 0.29743 0.56043
0.35153 0.37944 0.36920
0.54154 0.34648 0.67174
0.53466 0.39359 0.48867
0.52953 0.55493 0.44782
0.34455 0.23296 0.51587
0.51728 0.39100 0.44376
0.49338 0.44749 0.49751
0.57295 0.48449 0.37141
0.75863 0.30449 0.50765
0.60993 0.35962 0.59270
0.58700 0.18224 0.46331
0.54488 0.51066 0.49208
0.52024 0.27883 0.66096
0.44383 0.49086 0.45933
0.52221 0.34441 0.44518
0.36562 0.40211 0.46511
0.42358 0.27361 0.46954
0.62815 0.43618 0.67298
0.39641 0.29869 0.57783
0.52944 0.35315 0.51062
0.56365 0.30577 0.70226
0.86547 0.25124 0.55402
0.49385 0.40177 0.76823
0.50729 0.54095 0.46104
0.84240 0.27481 0.53052
0.46656 0.22192 0.45822
0.61051 0.36242 0.76885
0.39876 0.39455 0.56427
0.74186 0.47990 0.36440
0.37915 0.42855 0.42168
0.71529 0.42996 0.37995
0.46970 0.36945 0.41863
0.53968 0.37089 0.66461
0.53669 0.51255 0.52109
0.67999 0.18825 0.54647
0.50141 0.56860 0.45205
0.69298 0.30648 0.68143
0.53337 0.39486 0.39927
0.61372 0.33258 0.45429
0.51147 0.27974 0.48318
0.64603 0.40726 0.63711
0.75071 0.32553 0.59462
0.54986 0.30548 0.55239
0.65201 0.49242 0.39823
0.72431 0.44044 0.43285
0.48877 0.47101 0.59159
0.63932 0.33025 0.53769
0.73553 0.33401 0.54022
0.57571 0.44887 0.68696
0.45685 0.40001 0.62507
0.50225 0.46971 0.42976
0.75050 0.12461 0.58163
0.45901 0.37734 0.55846
0.78400 0.33850 0.58729
0.80964 0.35841 0.56053
0.36225 0.32737 0.57347
0.58420 0.49772 0.41442
0.45098 0.34020 0.51882
0.56951 0.39447 0.40896
0.49153 0.32827 0.53375
0.31270 0.24599 0.40020
0.53994 0.46413 0.47925
0.49802 0.51727 0.54713
0.49672 0.27083 0.46149
0.55344 0.33987 0.55909
0.69397 0.39339 0.48761
0.64283 0.43104 0.35910
0.41477 0.41539 0.41820
0.61317 0.53169 0.36212
0.40658 0.18467 0.45611
0.43757 0.22987 0.49010
0.42343 0.24107 0.39542
0.32360 0.24114 0.57000
0.58670 0.42707 0.44826
0.40353 0.14247 0.44368
0.44866 0.20537 0.36667
0.50554 0.33957 0.48528
0.47228 0.41910 0.57100
0.55801 0.33067 0.44230
0.58616 0.39778 0.63334
0.34603 0.59503 0.39322
0.63395 0.18607 0.54236
0.33590 0.36166 0.49789
0.45184 0.37165 0.52358
0.33752 0.27191 0.49073
0.63112 0.32639 0.48965
0.68157 0.36672 0.57650
0.64033 0.26991 0.38532
0.53713 0.30201 0.52276
0.56658 0.37375 0.40321
0.47383 0.39205 0.38057
0.67718 0.53867 0.55595
0.52709 0.35432 0.44813
0.36209 0.47648 0.39710
0.52445 0.45413 0.53133
0.45508 0.38965 0.33274
0.45969 0.44405 0.51895
0.51766 0.38710 0.73489
0.49246 0.26262 0.55554
0.43180 0.51916 0.38352
0.55484 0.46687 0.58833
0.54954 0.09006 0.42586
0.55162 0.34473 0.47847
0.42914 0.30581 0.43311
0.72783 0.43616 0.54565
0.35485 0.35163 0.52069
0.55643 0.23787 0.45632
0.50192 0.30497 0.55082
0.51850 0.27133 0.50768
0.51345 0.41301 0.50847
0.36905 0.37208 0.61029
0.44497 0.36070 0.48917
0.53945 0.31146 0.72214
0.56386 0.38795 0.42123
0.56362 0.33761 0.32443
0.53139 0.29318 0.32753
0.53502 0.41311 0.71822
0.50346 0.43815 0.45837
0.59873 0.17495 0.51656
0.46562 0.43010 0.51119
0.44322 0.43216 0.37637
0.63665 0.29581 0.53423
0.50081 0.34472 0.43278
0.45842 0.45240 0.48044
0.69864 0.39622 0.35768
0.65119 0.44370 0.47945
0.40197 0.40693 0.44005
0.41688 0.55138 0.46712
0.65991 0.45785 0.42016
0.30073 0.50045 0.32978
0.38388 0.32991 0.59170
0.41338 0.29147 0.34625
0.60693 0.45269 0.48791
0.38977 0.31384 0.48107
0.51639 0.42383 0.52611
0.48223 0.34919 0.68630
0.65021 0.42063 0.57907
0.52087 0.38898 0.62738
0.48968 0.55377 0.53068
0.45345 0.48620 0.41749
0.39362 0.39149 0.49337
0.50593 0.40433 0.63561
0.32314 0.27506 0.32042
0.75218 0.57582 0.41193
0.41772 0.37798 0.51102
0.76450 0.55751 0.36791
0.43816 0.26305 0.41357
0.41083 0.26066 0.43846
0.67507 0.53087 0.46131
0.50185 0.37255 0.41063
0.38909 0.32832 0.34219
0.51107 0.40773 0.61049
0.50695 0.51131 0.60929
0.43439 0.44313 0.47630
0.90128 0.10814 0.61349
0.57974 0.33493 0.61185
0.60783 0.26331 0.67728
0.63192 0.29107 0.45761
0.39688 0.12735 0.30770
0.42233 0.52829 0.46245
0.55811 0.59584 0.47289
0.53166 0.32810 0.50713
0.58172 0.33103 0.51669
0.45828 0.32261 0.54624
0.62976 0.42628 0.64089
0.65584 0.30657 0.61781
0.73408 0.49332 0.44445
0.47402 0.36967 0.56544
0.40751 0.21203 0.48045
0.71204 0.22287 0.49334
0.68529 0.26210 0.58389
0.67117 0.45354 0.54218
0.75788 0.55732 0.50350
0.63003 0.22710 0.52534
0.36350 0.24928 0.39950
0.66578 0.41799 0.47497
0.67456 0.29477 0.53923
0.40058 0.63607 0.43859
0.55927 0.31488 0.72891
0.61192 0.41313 0.45779
0.39405 0.23897 0.56645
0.52481 0.27129 0.47247
0.68083 0.17357 0.47067
0.33718 0.48999 0.48823
0.72376 0.19264 0.57280
0.42553 0.23687 0.42267
0.37470 0.32788 0.50785
0.50371 0.33228 0.70669
0.36825 0.30707 0.44559
0.56701 0.63891 0.35861
0.62914 0.47630 0.41476
0.65589 0.45546 0.59553
0.55095 0.23246 0.56875
0.33482 0.43428 0.41591
0.50572 0.27585 0.49554
0.72430 0.39358 0.50950
0.68646 0.53394 0.36679
0.47805 0.61348 0.35312
0.39829 0.23575 0.40160
0.55962 0.35452 0.44062
0.56285 0.36054 0.54215
0.59679 0.54900 0.45717
0.65564 0.43297 0.50691
0.47640 0.32251 0.58549
0.39966 0.17943 0.42813
0.66953 0.52721 0.40135
0.60075 0.38040 0.58486
