20 13 1000 18981 30
0.68826 0.61881 0.77251
0.81798 0.00854 0.57912
0.83415 0.41795 0.95037
0.75179 0.39468 0.70079
0.97395 0.94008 0.45705
0.62623 0.26821 0.37303
0.98953 0.10391 0.89098
0.40407 0.85529 0.48609
0.89669 0.95112 0.39160
0.07601 0.30593 0.32497
0.01588 0.61062 0.02212
0.36658 0.42648 0.23013
0.48777 0.78269 0.79573
0.57673 0.46993 0.59590
0.63961 0.50942 0.53538
0.62948 0.57220 0.56965
0.63073 0.42323 0.50276
0.68830 0.45324 0.58300
0.58104 0.49416 0.50158
0.65683 0.47583 0.51603
0.65610 0.67476 0.52064
0.64129 0.56503 0.56581
0.60460 0.62606 0.51088
0.68654 0.49222 0.54810
0.41103 0.53917 0.41710
0.53424 0.45698 0.52635
0.68140 0.60532 0.53517
0.48695 0.42667 0.40171
0.64062 0.54471 0.51204
0.59868 0.52794 0.60132
0.72561 0.52792 0.62396
0.58218 0.43529 0.50629
0.55929 0.53699 0.46260
0.67750 0.54121 0.57763
0.65396 0.49525 0.59230
0.68140 0.47202 0.57315
0.56786 0.49642 0.46455
0.67691 0.53035 0.49134
0.57184 0.66896 0.50518
0.67872 0.42005 0.56891
0.52472 0.59509 0.48191
0.68874 0.67192 0.66871
0.62000 0.52384 0.51276
0.66278 0.41070 0.61457
0.49478 0.52682 0.47296
0.58437 0.49895 0.54283
0.42932 0.40587 0.40116
0.54766 0.52988 0.46772
0.67920 0.36290 0.60149
0.68878 0.45907 0.61294
0.66346 0.40757 0.49138
0.66466 0.42510 0.57191
0.73791 0.55497 0.61213
0.67945 0.41346 0.53924
0.70998 0.49945 0.61204
0.74986 0.62120 0.60702
0.69952 0.54482 0.63546
0.63741 0.48772 0.62985
0.58909 0.63478 0.42604
0.69303 0.64609 0.60066
0.60930 0.50706 0.63387
0.73896 0.53442 0.53132
0.46674 0.46893 0.42899
0.72600 0.48875 0.57715
0.65169 0.65812 0.45215
0.62638 0.60253 0.49359
0.62952 0.54535 0.53759
0.66060 0.55509 0.56048
0.67213 0.51351 0.74654
0.46812 0.53876 0.46400
0.70557 0.46951 0.69155
0.61275 0.52316 0.56364
0.68948 0.42534 0.60254
0.65093 0.50780 0.66083
0.54263 0.53701 0.50116
0.60284 0.59938 0.51751
0.71799 0.43397 0.63203
0.65370 0.37282 0.58735
0.34904 0.56796 0.24393
0.72177 0.47203 0.66667
0.66737 0.34268 0.51702
0.63689 0.53829 0.53875
0.68225 0.48068 0.56485
0.67442 0.48466 0.63699
0.62367 0.37280 0.52765
0.70791 0.51568 0.65781
0.72769 0.54798 0.55912
0.55400 0.55941 0.63111
0.60612 0.45951 0.49312
0.70724 0.53634 0.51475
0.63678 0.60908 0.55456
0.42238 0.40355 0.46768
0.53188 0.46337 0.54533
0.36530 0.63213 0.39042
0.60560 0.49230 0.64225
0.54838 0.55995 0.45785
0.61754 0.33401 0.53077
0.60694 0.51424 0.50021
0.54465 0.48411 0.50634
0.65175 0.51140 0.54527
0.65207 0.54725 0.59118
0.59442 0.38190 0.54461
0.66834 0.46091 0.52646
0.73176 0.51146 0.53206
0.66125 0.43383 0.66882
0.65363 0.60109 0.62382
0.62260 0.35883 0.53830
0.60455 0.52313 0.60285
0.60800 0.66643 0.61487
0.63930 0.67972 0.47980
0.62557 0.49184 0.50937
0.51800 0.47246 0.48969
0.70495 0.61867 0.51254
0.46073 0.50237 0.42772
0.47521 0.50830 0.47354
0.67145 0.52843 0.62209
0.62287 0.56935 0.54244
0.62507 0.46925 0.46202
0.71518 0.66058 0.65351
0.58205 0.49654 0.57476
0.60774 0.44505 0.54928
0.57529 0.59781 0.55962
0.55212 0.43613 0.48661
0.64283 0.50034 0.55073
0.65640 0.52243 0.50295
0.69437 0.37270 0.56393
0.53036 0.49501 0.46330
0.74823 0.60929 0.56617
0.59759 0.48065 0.47402
0.48769 0.52854 0.46998
0.53038 0.65860 0.53707
0.56788 0.48936 0.49061
0.65018 0.57918 0.51945
0.67738 0.64171 0.55558
0.69339 0.53516 0.65884
0.67806 0.39444 0.55598
0.61645 0.61565 0.58568
0.55274 0.57568 0.48298
0.69221 0.49783 0.63585
0.47632 0.47089 0.50054
0.68513 0.58250 0.53713
0.60239 0.51482 0.45335
0.68943 0.69043 0.45473
0.69079 0.43343 0.60000
0.72693 0.72365 0.48016
0.55306 0.46461 0.50936
0.61352 0.55935 0.56619
0.65635 0.65177 0.48498
0.47892 0.55574 0.50132
0.55024 0.58829 0.61425
0.58922 0.53232 0.43682
0.49901 0.51743 0.48679
0.58534 0.60061 0.49880
0.58153 0.54278 0.48413
0.58045 0.47813 0.51013
0.50271 0.52900 0.52008
0.67893 0.44017 0.52877
0.65062 0.50133 0.66604
0.51548 0.48384 0.46823
0.53272 0.60193 0.48886
0.54512 0.44703 0.55151
0.66335 0.45646 0.55357
0.71023 0.41493 0.65919
0.60190 0.47309 0.60541
0.62347 0.51151 0.57518
0.65641 0.33298 0.56019
0.59561 0.46012 0.52906
0.68775 0.51640 0.55529
0.52994 0.49233 0.44217
0.46683 0.54307 0.53402
0.43173 0.52794 0.40620
0.51199 0.55884 0.40475
0.64643 0.59284 0.60092
0.58402 0.51247 0.53544
0.43287 0.40120 0.48350
0.57030 0.54346 0.43306
0.66839 0.49542 0.63754
0.56426 0.44226 0.53447
0.74998 0.52044 0.62672
0.62007 0.66211 0.57861
0.52479 0.51379 0.50394
0.74452 0.52355 0.63791
0.56208 0.58529 0.50252
0.43480 0.50864 0.43700
0.62316 0.51205 0.52954
0.55735 0.45197 0.53994
0.68574 0.47572 0.59623
0.61932 0.55859 0.47243
0.79052 0.70932 0.52544
0.48086 0.60022 0.60593
0.59731 0.41012 0.51075
0.57887 0.57866 0.55838
0.67081 0.47602 0.59800
0.67183 0.56661 0.65359
0.70013 0.47778 0.53430
0.66676 0.31004 0.50083
0.62261 0.44113 0.54411
0.49245 0.47627 0.40439
0.47861 0.59015 0.45833
0.68349 0.62410 0.55191
0.67180 0.48215 0.55396
0.55322 0.47247 0.41318
0.55328 0.59456 0.43555
0.64986 0.50450 0.53249
0.59931 0.57241 0.49558
0.66306 0.42931 0.66441
0.40063 0.54062 0.47342
0.54055 0.55230 0.51255
0.70004 0.47861 0.63605
0.52489 0.60722 0.42774
0.66802 0.58849 0.58394
0.66108 0.68882 0.43792
0.58719 0.39018 0.53449
0.65727 0.64466 0.46934
0.65651 0.34768 0.51957
0.63824 0.44951 0.60315
0.68671 0.57139 0.46446
0.64256 0.58223 0.50319
0.53512 0.46793 0.55098
0.69046 0.61061 0.60915
0.58251 0.38167 0.50238
0.61175 0.42223 0.51278
0.66306 0.59313 0.57650
0.67809 0.62125 0.57221
0.71328 0.55644 0.66896
0.75349 0.51877 0.58544
0.56360 0.51409 0.55277
0.62678 0.46362 0.62859
0.53720 0.50015 0.49758
0.68009 0.51704 0.60835
0.59901 0.52648 0.46106
0.57457 0.40363 0.54738
0.59603 0.67584 0.56619
0.58356 0.45706 0.49324
0.52872 0.54778 0.44959
0.60452 0.53016 0.52323
0.64149 0.54659 0.48867
0.58296 0.50587 0.60595
0.56222 0.55152 0.52286
0.67739 0.39255 0.54563
0.63706 0.45442 0.62861
0.57578 0.58973 0.47082
0.64551 0.48105 0.58524
0.65298 0.53840 0.67631
0.75973 0.52305 0.63628
0.62397 0.52512 0.64646
0.64144 0.48681 0.59762
0.69638 0.46375 0.65154
0.73848 0.42031 0.57981
0.48280 0.50972 0.37752
0.73927 0.38739 0.63563
0.69715 0.30497 0.62805
0.45154 0.57020 0.43185
0.78014 0.37416 0.67151
0.46684 0.54155 0.42994
0.61574 0.51440 0.63617
0.54442 0.52375 0.50711
0.64047 0.43162 0.63959
0.49407 0.60071 0.49081
0.82084 0.26963 0.73041
0.62244 0.45113 0.63019
0.59883 0.49787 0.53180
0.55042 0.46603 0.48775
0.71479 0.43679 0.57011
0.47367 0.53268 0.48507
0.55997 0.55218 0.51746
0.64897 0.42374 0.59272
0.36581 0.50887 0.33923
0.71842 0.52340 0.60157
0.68247 0.46938 0.70931
0.61979 0.54291 0.53979
0.54810 0.49397 0.43235
0.62304 0.49430 0.52307
0.48713 0.54503 0.42229
0.51614 0.54086 0.47836
0.53683 0.55102 0.50536
0.61025 0.70459 0.58255
0.48606 0.52276 0.53857
0.65184 0.46774 0.51162
0.77756 0.34210 0.67040
0.78520 0.51727 0.63877
0.65223 0.51118 0.64367
0.49409 0.55076 0.50902
0.57223 0.59940 0.52435
0.43705 0.50205 0.42101
0.75396 0.35181 0.52532
0.65019 0.53438 0.43373
0.58842 0.48698 0.53255
0.54761 0.47634 0.48504
0.71868 0.50882 0.58077
0.58869 0.52219 0.45296
0.58958 0.37082 0.60674
0.65518 0.59303 0.64728
0.66883 0.53089 0.50887
0.58491 0.47241 0.55493
0.26337 0.52621 0.24883
0.60204 0.40081 0.47575
0.54527 0.62426 0.47490
0.50916 0.57389 0.50219
0.71609 0.65195 0.56077
0.46409 0.52508 0.45035
0.63577 0.53404 0.59509
0.62909 0.66084 0.54451
0.72224 0.44832 0.50102
0.64731 0.53654 0.50859
0.73629 0.56112 0.59906
0.64741 0.58534 0.55887
0.59919 0.36514 0.52059
0.49002 0.49597 0.44601
0.67081 0.49494 0.58158
0.71744 0.42810 0.57065
0.49135 0.54851 0.43788
0.61757 0.40687 0.56420
0.62230 0.63430 0.52820
0.54928 0.47510 0.47660
0.60565 0.34776 0.56627
0.66863 0.43134 0.52873
0.52818 0.62668 0.49505
0.59381 0.55854 0.64799
0.47194 0.56613 0.39875
0.68143 0.42663 0.61400
0.68755 0.38071 0.56903
0.58582 0.54420 0.51659
0.46228 0.52793 0.39894
0.73214 0.63337 0.46396
0.57426 0.48771 0.43008
0.70870 0.47568 0.64996
0.64834 0.57912 0.61532
0.62180 0.53303 0.52451
0.69801 0.46955 0.59365
0.67892 0.45909 0.58030
0.63734 0.42736 0.54276
0.58603 0.51665 0.53906
0.77303 0.51862 0.73470
0.65261 0.62762 0.69870
0.67177 0.66529 0.62751
0.63864 0.51556 0.56849
0.69083 0.47662 0.61948
0.58727 0.42941 0.46969
0.57474 0.52987 0.52568
0.68171 0.65752 0.41038
0.59367 0.40811 0.52189
0.73965 0.62027 0.59836
0.59235 0.52354 0.45769
0.63084 0.43112 0.48896
0.67490 0.42794 0.66785
0.64097 0.62919 0.50876
0.57716 0.57754 0.58208
0.61057 0.59427 0.51007
0.51744 0.44719 0.52190
0.79055 0.56260 0.61768
0.63606 0.54054 0.60600
0.55022 0.47287 0.50619
0.70735 0.65784 0.48202
0.68440 0.46119 0.55053
0.57928 0.45668 0.62995
0.62030 0.49460 0.59548
0.67640 0.58025 0.60448
0.56135 0.51492 0.52584
0.75915 0.53042 0.63176
0.55973 0.50283 0.53244
0.42677 0.54280 0.41440
0.64818 0.42738 0.57924
0.78106 0.45081 0.54347
0.57459 0.52804 0.50044
0.45450 0.44456 0.39471
0.58116 0.50945 0.48425
0.45465 0.50235 0.49442
0.58047 0.44904 0.53462
0.67081 0.40269 0.57591
0.62993 0.59252 0.58877
0.61841 0.50762 0.55570
0.61125 0.48792 0.60015
0.63260 0.56724 0.64249
0.77634 0.49786 0.65219
0.68060 0.57320 0.65115
0.53238 0.49079 0.59350
0.71459 0.48539 0.59705
0.47028 0.55359 0.43534
0.54587 0.49038 0.56552
0.68361 0.51875 0.60105
0.66838 0.51575 0.63584
0.55572 0.54150 0.55834
0.59333 0.55698 0.53834
0.74381 0.47556 0.60437
0.63908 0.65397 0.44847
0.69659 0.47101 0.59682
0.49001 0.54009 0.57807
0.61590 0.52822 0.67168
0.57296 0.44822 0.47602
0.52018 0.51437 0.46924
0.56110 0.45114 0.56226
0.72018 0.64598 0.51031
0.65279 0.48598 0.54629
0.78368 0.28811 0.70224
0.75168 0.48440 0.76649
0.66950 0.43079 0.58285
0.57420 0.42357 0.53134
0.66751 0.47787 0.54684
0.54330 0.47813 0.53879
0.62165 0.52950 0.49334
0.42064 0.43146 0.49266
0.73172 0.59534 0.55507
0.62543 0.42562 0.48852
0.51938 0.35077 0.56374
0.63422 0.60338 0.59578
0.73625 0.57244 0.65022
0.55893 0.45968 0.45818
0.57972 0.53633 0.49092
0.66990 0.50855 0.52587
0.66809 0.62242 0.52663
0.81789 0.47305 0.63466
0.55019 0.40076 0.43636
0.61200 0.61714 0.50609
0.67635 0.41564 0.57103
0.57147 0.56684 0.46341
0.68968 0.38391 0.64337
0.58658 0.50749 0.51544
0.69216 0.35435 0.57207
0.64406 0.44589 0.61319
0.55400 0.49707 0.50528
0.65464 0.35939 0.54376
0.55075 0.54529 0.53600
0.47584 0.56721 0.47819
0.57873 0.47787 0.52957
0.47459 0.42136 0.57946
0.46065 0.51892 0.43787
0.65743 0.50529 0.54390
0.67360 0.38048 0.57582
0.64231 0.52391 0.57178
0.68990 0.41631 0.54225
0.72549 0.43139 0.66778
0.72140 0.45309 0.62928
0.69330 0.51738 0.53679
0.51207 0.65412 0.46727
0.59357 0.44187 0.56038
0.61857 0.51491 0.56908
0.50733 0.46866 0.47043
0.68837 0.50463 0.62524
0.60770 0.54537 0.50040
0.63038 0.49157 0.50090
0.83076 0.36740 0.71676
0.43508 0.46830 0.40068
0.43710 0.46618 0.44773
0.61929 0.38404 0.55229
0.75085 0.53611 0.60801
0.70822 0.56599 0.62302
0.72673 0.54961 0.58080
0.71575 0.34077 0.66440
0.66572 0.56766 0.54481
0.68956 0.47080 0.64040
0.44091 0.59465 0.44087
0.48138 0.53268 0.41202
0.69354 0.67225 0.58758
0.59573 0.61252 0.48664
0.55618 0.60766 0.56082
0.57878 0.44697 0.58832
0.70838 0.52949 0.64525
0.60843 0.43890 0.55717
0.71842 0.42986 0.55108
0.69917 0.49024 0.61143
0.58010 0.68068 0.67856
0.55344 0.53690 0.50902
0.53301 0.49732 0.45177
0.59492 0.56642 0.40043
0.56707 0.49816 0.55694
0.56004 0.66291 0.54886
0.53142 0.39186 0.48544
0.44739 0.49853 0.47100
0.55415 0.49263 0.47316
0.63255 0.51405 0.56992
0.64646 0.46951 0.52250
0.44221 0.60234 0.40893
0.68585 0.42782 0.64806
0.64670 0.49377 0.62094
0.54520 0.45782 0.50993
0.65894 0.47351 0.59956
0.65372 0.57896 0.65244
0.54539 0.55202 0.50762
0.66435 0.36378 0.55683
0.61831 0.59831 0.56767
0.66359 0.67168 0.54896
0.62784 0.44958 0.55231
0.58375 0.45849 0.48555
0.54261 0.42228 0.55124
0.51709 0.64868 0.44329
0.64207 0.53629 0.57342
0.66418 0.57874 0.62138
0.49036 0.49468 0.42477
0.50745 0.67565 0.53845
0.56888 0.53380 0.48899
0.67584 0.45016 0.69475
0.57761 0.45788 0.59549
0.53787 0.47059 0.49874
0.67010 0.57655 0.54939
0.67949 0.57255 0.64193
0.61983 0.42824 0.59991
0.67816 0.39717 0.53258
0.54411 0.45041 0.44595
0.64138 0.44675 0.54490
0.66766 0.44920 0.65261
0.62020 0.62554 0.64914
0.54381 0.51611 0.50182
0.69185 0.61062 0.51377
0.61144 0.42619 0.55798
0.62074 0.47801 0.53393
0.64465 0.55997 0.56990
0.50830 0.46322 0.51046
0.62530 0.54179 0.49689
0.56985 0.58095 0.52096
0.68804 0.60706 0.46991
0.58870 0.61157 0.58146
0.62517 0.49195 0.57246
0.57048 0.47693 0.50698
0.58926 0.44383 0.54970
0.65929 0.55147 0.54857
0.81857 0.41322 0.69068
0.48235 0.46352 0.43650
0.66541 0.43841 0.64220
0.74007 0.62919 0.56955
0.65415 0.50271 0.50353
0.71835 0.34785 0.66820
0.59597 0.53342 0.52516
0.65673 0.59394 0.63678
0.44442 0.53222 0.46046
0.52630 0.45609 0.49838
0.58816 0.57254 0.44046
0.60154 0.41803 0.56571
0.65841 0.51328 0.61854
0.57765 0.56212 0.53373
0.59215 0.51553 0.45798
0.60911 0.51258 0.50278
0.65509 0.45616 0.54392
0.66833 0.54903 0.54433
0.48687 0.47093 0.42037
0.65125 0.33552 0.58141
0.70178 0.60629 0.54040
0.45823 0.57719 0.42837
0.65147 0.50717 0.50400
0.56345 0.50433 0.56381
0.63786 0.55997 0.52322
0.51456 0.60606 0.50462
0.71081 0.47389 0.66289
0.61792 0.38438 0.54741
0.59194 0.48515 0.48777
0.67106 0.47218 0.53009
0.48929 0.46743 0.39980
0.45449 0.64945 0.47696
0.56704 0.59109 0.56072
0.47942 0.57319 0.43989
0.68871 0.60249 0.49898
0.53235 0.50939 0.46291
0.49329 0.51331 0.36186
0.59476 0.57667 0.52168
0.66014 0.43858 0.55607
0.54622 0.65388 0.50362
0.77440 0.51134 0.60765
0.59453 0.50838 0.54952
0.76096 0.48678 0.64238
0.64027 0.60083 0.50702
0.58588 0.52622 0.50559
0.55038 0.58801 0.49392
0.65346 0.56991 0.53806
0.52000 0.41256 0.45097
0.74913 0.53182 0.57302
0.69218 0.49769 0.64734
0.69035 0.60879 0.52687
0.62776 0.47392 0.51480
0.61627 0.51756 0.56338
0.75853 0.53954 0.65156
0.61543 0.54213 0.50798
0.66798 0.28126 0.60829
0.65579 0.64860 0.64940
0.58163 0.54583 0.54376
0.56998 0.62226 0.64596
0.65051 0.60619 0.53339
0.65091 0.42799 0.61378
0.69098 0.50170 0.68104
0.64108 0.55369 0.51718
0.59471 0.53766 0.52291
0.60695 0.59915 0.52528
0.68051 0.46739 0.61414
0.53853 0.55513 0.39892
0.30032 0.57672 0.29836
0.52839 0.47364 0.60277
0.71692 0.51939 0.48963
0.59362 0.55179 0.54334
0.59987 0.50044 0.55712
0.62071 0.56127 0.66933
0.62630 0.56515 0.62630
0.55619 0.44535 0.49816
0.64140 0.48413 0.56686
0.66812 0.62671 0.49417
0.61422 0.51057 0.57337
0.60662 0.41138 0.50980
0.63354 0.56992 0.62506
0.70614 0.55240 0.60302
0.48365 0.50803 0.35579
0.80227 0.58655 0.58581
0.61888 0.53399 0.63927
0.61528 0.54859 0.52003
0.64215 0.57543 0.48808
0.69649 0.48334 0.57912
0.63935 0.58528 0.56570
0.67398 0.35059 0.55123
0.55662 0.55459 0.52693
0.53333 0.54688 0.50217
0.63834 0.51280 0.64883
0.52470 0.58868 0.45038
0.60445 0.36375 0.56384
0.59664 0.46405 0.53296
0.71442 0.62601 0.68021
0.53272 0.44077 0.53493
0.62554 0.55473 0.54893
0.49136 0.51074 0.48800
0.59174 0.49870 0.55207
0.55060 0.48722 0.45854
0.68082 0.34848 0.53928
0.64037 0.43971 0.50677
0.54742 0.43623 0.51858
0.51789 0.53207 0.48360
0.46112 0.53723 0.43243
0.49693 0.51586 0.44340
0.61989 0.38170 0.48476
0.67943 0.39292 0.56267
0.50397 0.55395 0.54631
0.64275 0.58346 0.54823
0.46961 0.47304 0.48615
0.59716 0.49165 0.52091
0.74166 0.59608 0.61902
0.62256 0.59243 0.58151
0.67210 0.55197 0.62180
0.54485 0.53231 0.56088
0.46272 0.56394 0.55862
0.60484 0.70095 0.42390
0.64924 0.51839 0.59914
0.64622 0.37941 0.67501
0.71834 0.62924 0.60113
0.51568 0.59263 0.46897
0.70674 0.54638 0.59776
0.62942 0.51776 0.61329
0.58189 0.53878 0.49033
0.63376 0.46652 0.60019
0.60581 0.37796 0.58662
0.65083 0.45226 0.56938
0.65919 0.62768 0.63057
0.60708 0.52181 0.46367
0.49992 0.47036 0.51578
0.54067 0.54475 0.45473
0.66781 0.69850 0.41535
0.68072 0.57858 0.47326
0.61591 0.39585 0.57723
0.60696 0.38298 0.62437
0.56101 0.51536 0.49671
0.54231 0.64138 0.62459
0.62855 0.50733 0.50311
0.61993 0.40887 0.51700
0.56411 0.50813 0.55060
0.53618 0.49733 0.54297
0.55625 0.58172 0.55302
0.49623 0.42986 0.46171
0.67780 0.42470 0.63375
0.75272 0.45593 0.68401
0.43615 0.49610 0.36471
0.50821 0.65088 0.49954
0.53193 0.63958 0.48154
0.49853 0.55305 0.42292
0.73591 0.54865 0.60551
0.45142 0.58795 0.41563
0.58731 0.46652 0.55604
0.65198 0.40741 0.53452
0.58211 0.50460 0.46904
0.60497 0.44938 0.51910
0.64778 0.48459 0.56280
0.71019 0.52083 0.61423
0.64135 0.57491 0.45978
0.61221 0.43798 0.57742
0.64056 0.46250 0.58054
0.77099 0.55052 0.62910
0.74112 0.48907 0.63701
0.68607 0.47246 0.58598
0.55828 0.42232 0.51465
0.63585 0.61010 0.52198
0.36920 0.42789 0.36449
0.59448 0.53558 0.61604
0.51707 0.51929 0.48056
0.52349 0.51184 0.60809
0.63888 0.48217 0.63773
0.64214 0.56763 0.61993
0.52097 0.53181 0.43437
0.52398 0.53313 0.51969
0.72515 0.36260 0.66048
0.70119 0.60076 0.57431
0.57609 0.45257 0.44255
0.47609 0.43799 0.43539
0.65866 0.55578 0.55486
0.62799 0.50255 0.62958
0.68399 0.55276 0.57464
0.56191 0.61497 0.54506
0.67745 0.51732 0.51304
0.61889 0.58538 0.52989
0.67675 0.41966 0.57086
0.56046 0.51095 0.51871
0.39802 0.53839 0.46783
0.65808 0.54529 0.49066
0.64876 0.33968 0.57134
0.48058 0.48255 0.37882
0.51585 0.50384 0.50636
0.57619 0.51767 0.46470
0.58741 0.53529 0.48720
0.45702 0.53280 0.47637
0.70951 0.55552 0.56349
0.60602 0.56464 0.49196
0.66296 0.42937 0.55775
0.56433 0.46642 0.60571
0.52238 0.55287 0.44062
0.51842 0.61590 0.42541
0.69288 0.40521 0.62065
0.54332 0.56371 0.43981
0.56828 0.57019 0.46159
0.65647 0.58946 0.63887
0.39691 0.49318 0.39497
0.62147 0.55933 0.53052
0.59344 0.59119 0.50015
0.62198 0.46755 0.61592
0.65118 0.43027 0.61284
0.48256 0.53749 0.44175
0.64356 0.61067 0.47187
0.77925 0.47833 0.51325
0.63318 0.57055 0.44618
0.52619 0.50840 0.51873
0.64905 0.49234 0.59277
0.67664 0.58696 0.66603
0.61651 0.55548 0.52693
0.55709 0.43048 0.44693
0.50469 0.55059 0.49596
0.59298 0.54501 0.58172
0.63934 0.58222 0.49357
0.65749 0.62015 0.63046
0.65244 0.46618 0.60101
0.57393 0.43784 0.50935
0.70913 0.52234 0.54870
0.57589 0.40516 0.57999
0.67749 0.53120 0.55039
0.62606 0.48636 0.49460
0.68732 0.39405 0.65172
0.59183 0.68276 0.60098
0.47642 0.45624 0.46830
0.58977 0.53707 0.45568
0.43524 0.50690 0.35235
0.69466 0.51912 0.55360
0.60440 0.53083 0.59793
0.63572 0.56427 0.48529
0.62792 0.44794 0.41172
0.57527 0.43435 0.49452
0.58662 0.50067 0.62259
0.65093 0.47165 0.59668
0.60399 0.55730 0.50367
0.49923 0.47693 0.42889
0.52431 0.51747 0.47175
0.66008 0.64927 0.54618
0.72292 0.31501 0.65719
0.60909 0.61473 0.56293
0.62491 0.71659 0.55532
0.60330 0.53653 0.58236
0.65254 0.53875 0.52740
0.46278 0.47096 0.38886
0.73185 0.50955 0.62632
0.55077 0.42507 0.53256
0.51193 0.45528 0.47803
0.51078 0.53316 0.48395
0.67927 0.43376 0.59093
0.58746 0.56257 0.43052
0.61975 0.52114 0.55637
0.65863 0.43699 0.61781
0.58070 0.51034 0.47777
0.54520 0.49814 0.54806
0.52931 0.49847 0.56018
0.63171 0.55598 0.58842
0.67570 0.65028 0.47169
0.67991 0.56303 0.53745
0.63841 0.52999 0.66695
0.66956 0.49515 0.56512
0.65916 0.61166 0.51929
0.66012 0.43860 0.54545
0.75085 0.38029 0.61127
0.53582 0.53333 0.46243
0.71269 0.40722 0.55598
0.72433 0.52090 0.58301
0.65497 0.61590 0.62575
0.71096 0.57851 0.44748
0.48243 0.47316 0.45755
0.55359 0.62843 0.51343
0.57605 0.55487 0.47849
0.59518 0.50166 0.57267
0.61998 0.48180 0.59398
0.59781 0.48806 0.55493
0.67496 0.52873 0.59824
0.67617 0.53884 0.63787
0.69160 0.55824 0.54108
0.52932 0.49381 0.47464
0.63571 0.42520 0.50898
0.53453 0.50096 0.45707
0.67509 0.57333 0.62049
0.66078 0.50344 0.59727
0.49992 0.49219 0.41503
0.56092 0.56250 0.49404
0.71621 0.70020 0.55829
0.59386 0.54330 0.54479
0.52789 0.40622 0.50331
0.70026 0.46479 0.63772
0.47804 0.68853 0.40078
0.54705 0.53739 0.45102
0.59531 0.57460 0.46385
0.49800 0.58610 0.41994
0.70719 0.49123 0.56149
0.53579 0.68035 0.53259
0.50407 0.44267 0.46795
0.54414 0.62520 0.45870
0.77928 0.35921 0.70494
0.63831 0.40770 0.55157
0.55164 0.47405 0.50644
0.45778 0.61109 0.36017
0.74861 0.50866 0.59383
0.62500 0.46258 0.60134
0.61524 0.55100 0.57054
0.62449 0.52127 0.62924
0.61329 0.44036 0.49170
0.74164 0.61993 0.58772
0.70238 0.52642 0.62947
0.56015 0.47738 0.54761
0.67501 0.61831 0.57411
0.60348 0.63248 0.46698
0.66079 0.41433 0.58740
0.58725 0.43602 0.53085
0.65370 0.42638 0.56894
0.55106 0.48338 0.55796
0.57965 0.53586 0.46201
0.59447 0.58665 0.65287
0.57361 0.52323 0.58294
0.69165 0.43458 0.62037
0.65282 0.55782 0.61469
0.80707 0.74829 0.47559
0.48531 0.47286 0.57024
0.62297 0.49824 0.51300
0.62814 0.45431 0.51208
0.48679 0.51998 0.46575
0.60657 0.64654 0.50930
0.61993 0.53793 0.53607
0.42292 0.47438 0.47602
0.49008 0.54395 0.38375
0.73560 0.42134 0.60441
0.68575 0.34726 0.60025
0.66803 0.51410 0.50928
0.62029 0.58998 0.62669
0.74575 0.44225 0.59518
0.65808 0.48051 0.59836
0.72717 0.49736 0.62421
0.72108 0.62669 0.50231
0.55746 0.64835 0.35062
0.44686 0.58511 0.47421
0.57330 0.50214 0.46046
0.67966 0.58182 0.63396
0.63144 0.57360 0.49530
0.56684 0.49158 0.59685
0.64705 0.53534 0.54845
0.74888 0.48668 0.72956
0.61138 0.49107 0.54005
0.65340 0.45647 0.52061
0.56870 0.61944 0.49768
0.56530 0.50415 0.58772
0.44471 0.54058 0.43766
0.67570 0.53809 0.53225
0.67995 0.38237 0.53444
0.50009 0.45834 0.52619
0.61583 0.40809 0.52852
0.69747 0.65517 0.49954
0.64962 0.61611 0.49982
0.58302 0.65938 0.55971
0.78308 0.34102 0.60602
0.58626 0.50766 0.53348
0.68898 0.57043 0.57221
0.67502 0.46870 0.55611
0.61065 0.47305 0.56938
0.66141 0.55405 0.43084
0.50051 0.46980 0.51314
0.46765 0.61750 0.49615
0.47262 0.38102 0.42440
0.64969 0.66334 0.57824
0.68688 0.45039 0.53521
0.61168 0.71080 0.51860
0.48956 0.48409 0.44374
0.62637 0.63235 0.39944
0.62906 0.49701 0.52298
0.54919 0.49021 0.43533
0.56760 0.51196 0.42443
0.61734 0.37917 0.54377
0.64894 0.55284 0.62175
0.61847 0.40041 0.50983
0.67422 0.48734 0.63348
0.60931 0.47542 0.48399
0.68859 0.63878 0.53655
0.71931 0.52318 0.61171
0.62771 0.57402 0.62585
0.49214 0.49437 0.43684
0.59372 0.51774 0.53956
0.63301 0.36349 0.57571
0.70510 0.57109 0.56953
0.62397 0.64368 0.41250
0.46952 0.41632 0.43353
0.65998 0.50990 0.58613
0.56948 0.48425 0.47368
0.60933 0.46872 0.45742
0.59574 0.52363 0.56441
0.70522 0.42454 0.63911
0.77131 0.54194 0.56622
0.66867 0.43602 0.55908
0.64631 0.46435 0.49193
0.47907 0.50949 0.52886
0.59209 0.56270 0.49295
0.69231 0.40066 0.59534
0.64276 0.50741 0.57972
0.63490 0.53564 0.53963
0.68823 0.37055 0.58801
0.67628 0.42915 0.52288
0.41298 0.49152 0.42978
0.64954 0.52604 0.46951
0.68191 0.54271 0.54268
0.70963 0.56872 0.50978
0.62028 0.46685 0.59568
0.70848 0.56655 0.47753
0.59722 0.49090 0.57034
0.61813 0.46748 0.63122
0.57924 0.46440 0.47409
0.60463 0.54817 0.50873
0.65459 0.44908 0.61309
0.63993 0.64435 0.54353
0.70893 0.46418 0.55569
0.56993 0.42600 0.46990
0.63851 0.48347 0.46418
0.71535 0.44733 0.50088
0.60099 0.53887 0.53245
0.63029 0.53119 0.49731
0.72403 0.48856 0.57365
0.61620 0.53205 0.57039
0.78604 0.61218 0.54029
0.65248 0.45041 0.57950
0.60586 0.49961 0.61242
0.59580 0.63872 0.46087
0.52951 0.44212 0.49102
0.48448 0.53567 0.55528
0.76925 0.54294 0.57428
0.62686 0.53933 0.53708
0.63803 0.48100 0.51617
0.36921 0.57120 0.34382
0.56813 0.41457 0.57062
0.54222 0.55867 0.51860
0.70704 0.43577 0.60065
0.57825 0.56196 0.53401
0.54971 0.54186 0.54331
0.55440 0.55574 0.55389
0.56402 0.52589 0.51366
0.73970 0.50756 0.55379
0.69860 0.38615 0.60857
0.57597 0.56314 0.51305
0.53001 0.50103 0.43395
0.63066 0.46247 0.58965
0.61582 0.51297 0.49867
0.50838 0.40282 0.50249
0.61195 0.50308 0.55294
0.51348 0.67202 0.57511
0.75351 0.61115 0.48135
0.76910 0.56904 0.56148
0.73620 0.62331 0.53336
0.58277 0.55447 0.60433
0.67706 0.55347 0.49371
0.53712 0.59355 0.50699
0.52456 0.58380 0.54587
0.67899 0.44531 0.62301
0.62075 0.58158 0.58251
0.67246 0.40407 0.55800
0.79153 0.53856 0.63097
0.64030 0.48456 0.62151
0.67841 0.41928 0.62254
0.57788 0.52309 0.52976
0.60837 0.52316 0.50706
0.62960 0.58905 0.47467
0.46620 0.50258 0.42944
0.70302 0.47421 0.70236
0.59728 0.53584 0.57366
0.48744 0.56082 0.42216
0.71784 0.56713 0.47613
0.51583 0.52650 0.53340
0.59361 0.54080 0.56173
0.70587 0.37499 0.60343
0.42148 0.48579 0.44681
0.57245 0.56002 0.60737
0.66047 0.46757 0.67794
0.47918 0.55132 0.41878
0.61445 0.58903 0.63975
0.48198 0.57626 0.38221
0.64326 0.56061 0.52799
0.44911 0.41040 0.39018
0.59782 0.43592 0.50158
0.55612 0.62883 0.47897
0.55862 0.49357 0.55688
0.50190 0.42854 0.51372
0.61029 0.46094 0.56706
0.65581 0.52568 0.53145
0.54919 0.58762 0.42208
0.59652 0.60824 0.51512
0.68329 0.54529 0.60596
0.67781 0.58347 0.64908
