20 5 1000 6807 97
0.99850 0.82676 0.73025
0.94136 0.04433 0.34090
0.04944 0.93215 0.79464
0.09183 0.58959 0.47556
0.97369 0.76035 0.06067
0.43409 0.54299 0.53092
0.72458 0.76087 0.38985
0.56465 0.67641 0.48329
0.36002 0.71589 0.59550
0.46945 0.62179 0.34432
0.62786 0.63215 0.45689
0.82281 0.61592 0.41874
0.51652 0.66964 0.45047
0.15102 0.64077 0.50894
0.63807 0.41965 0.45055
0.72989 0.69121 0.34646
0.76532 0.59873 0.35514
0.73620 0.79293 0.43602
0.41668 0.65189 0.50874
0.67078 0.62146 0.49722
0.61215 0.81969 0.34723
0.32476 0.67859 0.62382
0.58929 0.66576 0.62304
0.70749 0.47544 0.45053
0.68613 0.75437 0.33839
0.49275 0.69423 0.54684
0.82712 0.26316 0.42006
0.83466 0.66300 0.60272
0.88357 0.65040 0.25994
0.72637 0.39042 0.36888
0.55511 0.58737 0.41902
0.36397 0.64321 0.38923
0.73234 0.62632 0.31352
0.53505 0.66489 0.43500
0.61199 0.62160 0.41483
0.71488 0.58148 0.50890
0.42592 0.66463 0.41022
0.40528 0.69501 0.62087
0.43235 0.80442 0.54224
0.48315 0.61018 0.42045
0.60166 0.82690 0.56650
0.73578 0.71871 0.24152
0.35614 0.61720 0.55522
0.25907 0.80146 0.62459
0.57135 0.61427 0.47326
0.65358 0.69541 0.62699
0.62280 0.66432 0.54753
0.37907 0.71723 0.52455
0.81108 0.74113 0.36844
0.71666 0.62438 0.51765
0.82718 0.78688 0.65937
0.91022 0.48573 0.33833
0.61521 0.51914 0.36708
0.87769 0.74747 0.36671
0.80010 0.71150 0.54966
0.81060 0.68298 0.39082
0.29232 0.81547 0.71071
0.40536 0.55115 0.53826
0.70110 0.73435 0.61950
0.51623 0.56249 0.37934
0.76821 0.48475 0.43091
0.60997 0.71449 0.52728
0.44478 0.54710 0.46737
0.52921 0.77925 0.36649
0.62522 0.47865 0.43634
0.78819 0.79056 0.67176
0.62620 0.48687 0.51645
0.45558 0.68284 0.50310
0.75011 0.73952 0.38512
0.82416 0.56369 0.29016
0.58355 0.57282 0.39627
0.47362 0.68539 0.48978
0.69174 0.62546 0.40263
0.90668 0.51926 0.51938
0.74749 0.75846 0.56432
0.42232 0.74323 0.65731
0.59507 0.62442 0.43753
0.67876 0.76535 0.32246
0.77554 0.43100 0.42361
0.53855 0.67266 0.49386
0.49566 0.72273 0.61464
0.71816 0.58111 0.28984
0.32365 0.64415 0.45734
0.51064 0.50551 0.44721
0.32665 0.73585 0.52167
0.63615 0.51812 0.54138
0.64381 0.71840 0.54219
0.51337 0.63568 0.47384
0.58237 0.65398 0.52187
0.67216 0.68380 0.61953
0.57495 0.51988 0.51732
0.56410 0.79813 0.45395
0.63336 0.40100 0.51984
0.70704 0.61756 0.59446
0.40764 0.58121 0.52608
0.40621 0.74716 0.67122
0.55968 0.69070 0.49311
0.68088 0.65935 0.44389
0.57188 0.62086 0.41824
0.65315 0.74169 0.64295
0.33264 0.66242 0.54230
0.70759 0.70492 0.63747
0.56521 0.79393 0.69201
0.44659 0.66591 0.60332
0.33254 0.61871 0.46737
0.71365 0.54925 0.39289
0.35038 0.63777 0.38208
0.72781 0.54048 0.45449
0.59014 0.57263 0.31155
0.75950 0.50868 0.46224
0.57080 0.79181 0.52648
0.68681 0.78212 0.62470
0.61626 0.71307 0.62127
0.52624 0.49087 0.55513
0.34801 0.67419 0.53814
0.73252 0.38305 0.36638
0.66493 0.75278 0.50876
0.72861 0.77381 0.57005
0.42456 0.77208 0.53555
0.38327 0.51179 0.51524
0.40791 0.62152 0.48473
0.65057 0.62112 0.61995
0.57015 0.68949 0.63198
0.80956 0.81796 0.62005
0.51765 0.74960 0.40777
0.47546 0.67706 0.52661
0.83593 0.75950 0.59638
0.73259 0.41856 0.42232
0.77596 0.65348 0.26358
0.80581 0.69605 0.54526
0.88944 0.51729 0.46236
0.70699 0.58121 0.47745
0.62321 0.57649 0.55454
0.70564 0.42794 0.38869
0.34779 0.54367 0.46970
0.75929 0.38596 0.42456
0.35947 0.73859 0.60825
0.95935 0.65535 0.20091
0.63190 0.73347 0.35960
0.54460 0.77999 0.66082
0.75133 0.29217 0.43031
0.59905 0.66382 0.59475
0.25298 0.60484 0.51552
0.77278 0.84387 0.67863
0.48519 0.47124 0.43071
0.49979 0.49882 0.55461
0.82662 0.46409 0.46855
0.66411 0.35089 0.48856
0.27298 0.57446 0.47906
0.58196 0.74435 0.57052
0.27202 0.67087 0.49961
0.82315 0.32133 0.32778
0.42047 0.65334 0.51344
0.64393 0.41039 0.39487
0.67729 0.76968 0.44514
0.36582 0.75789 0.67795
0.39141 0.66984 0.58790
0.72209 0.76725 0.50055
0.69782 0.71316 0.50640
0.88593 0.60824 0.43293
0.29383 0.62195 0.44785
0.57412 0.58400 0.58128
0.74776 0.55773 0.55171
0.59325 0.45356 0.40362
0.77967 0.40993 0.40010
0.45880 0.62622 0.51789
0.87406 0.27368 0.35455
0.28291 0.70978 0.64381
0.82428 0.46139 0.44279
0.37846 0.68388 0.60797
0.26248 0.59371 0.49163
0.70546 0.62512 0.47249
0.85008 0.66437 0.26822
0.80290 0.69208 0.28023
0.76854 0.43569 0.39161
0.89036 0.65942 0.29038
0.55335 0.55681 0.48176
0.77248 0.48577 0.37251
0.12278 0.69349 0.57485
0.86679 0.51442 0.24891
0.62777 0.74504 0.59022
0.78091 0.69525 0.24638
0.59965 0.43571 0.43697
0.81380 0.71035 0.56312
0.87116 0.51657 0.33245
0.41393 0.68612 0.52451
0.84289 0.46890 0.35613
0.81418 0.76610 0.40281
0.68976 0.73002 0.41373
0.95546 0.72076 0.09860
0.61099 0.71110 0.41441
0.49514 0.71409 0.65237
0.58934 0.52301 0.47503
0.72837 0.80675 0.56666
0.70880 0.51980 0.53349
0.59704 0.68270 0.63156
0.74346 0.72021 0.62338
0.36682 0.65100 0.41437
0.34081 0.57861 0.51681
0.66668 0.41103 0.50537
0.66743 0.80862 0.58914
0.55721 0.56292 0.38356
0.76152 0.77003 0.46676
0.51880 0.59304 0.56067
0.71532 0.68126 0.39456
0.78205 0.49756 0.39718
0.41376 0.68032 0.57551
0.42711 0.69147 0.59981
0.56583 0.66955 0.60863
0.62987 0.64981 0.47230
0.62381 0.63077 0.39988
0.67184 0.64911 0.29460
0.42491 0.62181 0.56250
0.63988 0.65912 0.42897
0.64431 0.42708 0.46869
0.39677 0.69494 0.58083
0.40814 0.67836 0.62843
0.68719 0.74036 0.44028
0.77841 0.65166 0.44484
0.74336 0.32924 0.42905
0.52621 0.61660 0.53781
0.48652 0.68506 0.60772
0.44545 0.59463 0.50819
0.55414 0.48898 0.45413
0.23497 0.76541 0.57876
0.88311 0.54626 0.49528
0.73086 0.48442 0.40987
0.47689 0.67521 0.41877
0.82172 0.19900 0.39105
0.74035 0.47630 0.45978
0.63275 0.35594 0.44327
0.66725 0.47741 0.41247
0.84170 0.39083 0.40309
0.72164 0.72627 0.57667
0.82857 0.46463 0.52918
0.61580 0.41884 0.46477
0.82680 0.18115 0.38534
0.44970 0.79419 0.68358
0.60647 0.67319 0.45405
0.72364 0.72731 0.33278
0.70285 0.50509 0.34110
0.71704 0.61918 0.37589
0.63454 0.72533 0.43080
0.56769 0.79163 0.54528
0.52907 0.67933 0.58828
0.86647 0.72231 0.24025
0.79485 0.62171 0.52156
0.28784 0.86319 0.73623
0.78180 0.47889 0.47463
0.63732 0.37932 0.45510
0.73862 0.77341 0.45718
0.57850 0.67392 0.51111
0.62075 0.49105 0.48566
0.16200 0.70750 0.56314
0.30808 0.63954 0.59417
0.61343 0.73996 0.52672
0.64931 0.80555 0.69624
0.75214 0.49208 0.49305
0.54866 0.74728 0.53968
0.72442 0.56617 0.47885
0.38928 0.77299 0.58262
0.88538 0.78412 0.54822
0.81737 0.50441 0.50465
0.12466 0.88562 0.72597
0.76323 0.67354 0.62167
0.41106 0.69958 0.50903
0.57689 0.63130 0.46796
0.66577 0.60009 0.47061
0.83819 0.39248 0.39419
0.90451 0.71253 0.47432
0.28867 0.63860 0.44486
0.39415 0.71314 0.50732
0.82264 0.48901 0.45083
0.84200 0.49816 0.35535
0.47766 0.69681 0.53587
0.64820 0.47878 0.53777
0.74679 0.69427 0.62855
0.75853 0.71273 0.44347
0.50885 0.65437 0.59390
0.62643 0.60944 0.44251
0.72020 0.63384 0.38472
0.45095 0.58223 0.48641
0.68139 0.60003 0.53854
0.41232 0.62373 0.50622
0.86538 0.78069 0.59206
0.54017 0.67328 0.51245
0.66393 0.78809 0.67232
0.83641 0.77166 0.32660
0.37390 0.64744 0.47784
0.57646 0.62256 0.51905
0.25724 0.70563 0.48499
0.33213 0.70763 0.52787
0.78491 0.72810 0.58091
0.50296 0.61251 0.51887
0.80063 0.64282 0.48895
0.51116 0.47320 0.44813
0.66563 0.59143 0.35543
0.53018 0.73851 0.40809
0.44920 0.58334 0.43725
0.49031 0.75064 0.48377
0.39124 0.83751 0.57667
0.45630 0.73913 0.59310
0.54214 0.71402 0.60551
0.85836 0.61260 0.27680
0.59618 0.72221 0.50740
0.93370 0.77880 0.61908
0.62622 0.70294 0.36841
0.54490 0.49527 0.44573
0.60103 0.68218 0.52790
0.57489 0.65107 0.59665
0.37805 0.80316 0.53205
0.59386 0.63209 0.39039
0.47109 0.67315 0.50967
0.49852 0.56458 0.59192
0.70430 0.46020 0.38482
0.81389 0.73998 0.65125
0.63640 0.58757 0.46680
0.73942 0.45367 0.37353
0.74361 0.72151 0.27189
0.53387 0.71726 0.50247
0.40337 0.56149 0.47088
0.66846 0.60514 0.42745
0.80712 0.58106 0.41138
0.69660 0.77533 0.53129
0.58249 0.67895 0.49869
0.38885 0.72317 0.59102
0.91212 0.71378 0.66225
0.33082 0.71426 0.66431
0.33861 0.65374 0.56534
0.64425 0.75227 0.67681
0.53370 0.65421 0.61337
0.69246 0.47321 0.45575
0.60959 0.76217 0.44577
0.85617 0.45255 0.38332
0.69627 0.78304 0.42759
0.37190 0.78528 0.52626
0.53007 0.68901 0.50846
0.93804 0.41126 0.28511
0.44559 0.84049 0.64526
0.84697 0.73228 0.60430
0.41753 0.60825 0.58292
0.84917 0.63061 0.28933
0.74169 0.76035 0.52572
0.80303 0.81786 0.59666
0.61684 0.57169 0.49355
0.50864 0.69429 0.62916
0.59502 0.63735 0.54089
0.71677 0.80630 0.47999
0.30556 0.63313 0.59623
0.55445 0.68515 0.58158
0.86963 0.34039 0.33770
0.69963 0.72912 0.57971
0.52452 0.67577 0.50743
0.50040 0.70984 0.60258
0.69347 0.37678 0.43132
0.50898 0.64133 0.56637
0.82269 0.63110 0.37736
0.18459 0.82127 0.66167
0.46956 0.66658 0.54653
0.77122 0.73129 0.57720
0.81681 0.39580 0.46545
0.35447 0.67651 0.48768
0.81903 0.64699 0.48082
0.49354 0.67089 0.55455
0.74298 0.52181 0.50213
0.54419 0.68939 0.42804
0.80211 0.49775 0.41683
0.25647 0.75431 0.60573
0.48159 0.76538 0.51673
0.89774 0.48226 0.23331
0.84763 0.55104 0.49215
0.73851 0.67228 0.38057
0.34150 0.77410 0.70877
0.34550 0.80350 0.50552
0.49013 0.85467 0.74113
0.61864 0.40262 0.46877
0.80760 0.41782 0.42654
0.76854 0.69718 0.59233
0.32205 0.77722 0.62552
0.57067 0.62554 0.41576
0.71079 0.59023 0.44587
0.76810 0.37327 0.37019
0.65481 0.80289 0.53578
0.30537 0.65961 0.46013
0.54724 0.76327 0.65309
0.44964 0.77772 0.69928
0.31477 0.58702 0.45605
0.54997 0.55793 0.48554
0.77633 0.36466 0.41027
0.68699 0.51415 0.49523
0.71731 0.74818 0.25173
0.67975 0.69427 0.53792
0.85938 0.55696 0.57334
0.68057 0.62837 0.46331
0.75418 0.28720 0.37179
0.42503 0.72044 0.45533
0.70709 0.58099 0.40544
0.57555 0.65188 0.51964
0.80366 0.52376 0.34906
0.81200 0.50658 0.43429
0.70309 0.74538 0.52447
0.44775 0.59116 0.45488
0.36764 0.62961 0.45189
0.81602 0.57226 0.50078
0.48169 0.59833 0.54881
0.44885 0.69163 0.46564
0.54646 0.60754 0.56872
0.38503 0.64864 0.53672
0.18164 0.84071 0.68731
0.49374 0.71071 0.53617
0.52795 0.49896 0.54747
0.65385 0.74920 0.63774
0.36071 0.78240 0.63842
0.43887 0.51572 0.50024
0.65371 0.68220 0.45577
0.86950 0.72543 0.51413
0.40811 0.70432 0.56945
0.80326 0.75204 0.26154
0.76746 0.26171 0.43032
0.73863 0.30237 0.43968
0.68490 0.70163 0.51104
0.66343 0.53987 0.44602
0.11798 0.77773 0.64230
0.37742 0.72650 0.64484
0.89067 0.73863 0.64811
0.78027 0.39962 0.42774
0.46629 0.69292 0.61828
0.35120 0.66323 0.56708
0.60470 0.65799 0.49145
0.55883 0.72280 0.40289
0.24479 0.77964 0.56539
0.69210 0.62141 0.55549
0.90576 0.73226 0.52605
0.73492 0.61737 0.33278
0.62092 0.78540 0.59084
0.39919 0.70226 0.60695
0.31746 0.77644 0.70438
0.54702 0.64810 0.57446
0.38616 0.74541 0.57406
0.72903 0.69785 0.54594
0.73779 0.70792 0.55897
0.18512 0.76731 0.60681
0.66858 0.68732 0.55098
0.90345 0.70807 0.46222
0.86281 0.69254 0.23277
0.59497 0.62671 0.55699
0.94100 0.59363 0.52563
0.59373 0.53881 0.39428
0.68684 0.72369 0.38939
0.39416 0.71877 0.59133
0.74402 0.66590 0.54165
0.35639 0.71817 0.65040
0.28393 0.60672 0.48060
0.60317 0.50917 0.44587
0.46968 0.78055 0.50418
0.95168 0.68310 0.65329
0.78592 0.63602 0.55097
0.55475 0.56860 0.35327
0.62427 0.70511 0.57317
0.39257 0.49140 0.43732
0.58834 0.76731 0.49632
0.77807 0.82270 0.71465
0.21867 0.82204 0.64719
0.24265 0.73196 0.64912
0.65027 0.75524 0.55022
0.36782 0.70731 0.49639
0.41532 0.72967 0.54926
0.46497 0.55908 0.47228
0.49064 0.49956 0.40426
0.52182 0.58468 0.54494
0.53935 0.58971 0.36330
0.53796 0.53865 0.47925
0.40512 0.63055 0.58832
0.44163 0.69362 0.60259
0.83823 0.64105 0.52610
0.73653 0.44927 0.48933
0.68881 0.55420 0.42754
0.45657 0.79588 0.64983
0.66162 0.59699 0.56966
0.77055 0.24636 0.40519
0.77463 0.46652 0.46525
0.56142 0.67710 0.57190
0.68057 0.69686 0.59156
0.71429 0.38065 0.43678
0.63068 0.65074 0.54149
0.59991 0.45970 0.53220
0.60233 0.57662 0.43716
0.29888 0.64216 0.52399
0.49105 0.61680 0.34422
0.39657 0.77398 0.63207
0.84876 0.81232 0.67201
0.57133 0.38478 0.38084
0.75726 0.45839 0.51236
0.59733 0.81001 0.67729
0.50878 0.65390 0.57854
0.68884 0.81207 0.66533
0.70993 0.75638 0.59208
0.43040 0.65914 0.57440
0.75570 0.31238 0.38463
0.44010 0.57880 0.46664
0.23425 0.73465 0.67818
0.85585 0.71999 0.25152
0.79212 0.72572 0.37570
0.22848 0.79844 0.70105
0.66336 0.70339 0.49831
0.80782 0.49501 0.51549
0.41008 0.71641 0.50086
0.89980 0.43626 0.39624
0.59974 0.73425 0.56994
0.62504 0.75160 0.49880
0.74464 0.51998 0.42503
0.83168 0.30799 0.38476
0.88096 0.73765 0.30429
0.55081 0.68640 0.36933
0.84628 0.71565 0.57727
0.42879 0.72159 0.54999
0.51165 0.46053 0.38816
0.63211 0.74775 0.53142
0.68031 0.71646 0.53192
0.63436 0.60650 0.55447
0.75102 0.75579 0.36534
0.53840 0.79717 0.68845
0.34020 0.76323 0.54539
0.59833 0.36049 0.45274
0.61208 0.59435 0.40115
0.76935 0.68524 0.41975
0.31846 0.84746 0.72074
0.72123 0.53991 0.50441
0.64395 0.68459 0.28024
0.80426 0.41322 0.31828
0.88391 0.79650 0.35739
0.36976 0.80414 0.56237
0.37567 0.71963 0.60551
0.68781 0.49660 0.42771
0.71553 0.74890 0.49542
0.86547 0.67484 0.48785
0.62394 0.42343 0.33975
0.51083 0.65838 0.38542
0.74611 0.53950 0.52655
0.84573 0.65579 0.58626
0.54989 0.69321 0.49069
0.25351 0.61255 0.50783
0.50035 0.53982 0.49861
0.92240 0.46812 0.33617
0.58590 0.51703 0.51706
0.26686 0.66722 0.50358
0.63542 0.70325 0.39723
0.68112 0.56332 0.33866
0.62423 0.47550 0.48595
0.67833 0.77550 0.60115
0.59446 0.57571 0.39616
0.60425 0.62980 0.35778
0.72273 0.75826 0.36328
0.56821 0.39062 0.48162
0.42905 0.81623 0.69657
0.65412 0.70619 0.47742
0.42307 0.69911 0.58317
0.52695 0.73957 0.61088
0.65430 0.62874 0.58164
0.59498 0.69859 0.38686
0.56930 0.66371 0.33797
0.77436 0.61513 0.27130
0.45127 0.83532 0.55881
0.63811 0.74313 0.45770
0.42593 0.66213 0.57651
0.68454 0.78418 0.48641
0.69673 0.75003 0.38798
0.62944 0.71607 0.66391
0.70131 0.72565 0.48270
0.43989 0.63432 0.54754
0.64900 0.76465 0.50101
0.54350 0.80501 0.43612
0.35005 0.77066 0.59432
0.56196 0.63717 0.56201
0.78232 0.46350 0.46385
0.38956 0.72578 0.59857
0.35183 0.62926 0.45580
0.68969 0.67658 0.60239
0.72744 0.40342 0.44115
0.49765 0.54563 0.46478
0.89399 0.65467 0.30890
0.85584 0.71685 0.50931
0.44323 0.54004 0.44685
0.76485 0.55674 0.52357
0.62441 0.50560 0.45414
0.58087 0.70306 0.60270
0.69473 0.68414 0.43967
0.50729 0.63621 0.57032
0.24894 0.65017 0.54618
0.63157 0.35348 0.41286
0.65176 0.58902 0.41772
0.58982 0.53953 0.41854
0.50883 0.60745 0.51735
0.89485 0.77086 0.54829
0.81159 0.66974 0.34249
0.17889 0.64191 0.51378
0.63373 0.42386 0.48634
0.69772 0.72169 0.41500
0.73382 0.47967 0.36029
0.57589 0.76005 0.48297
0.78929 0.73231 0.48856
0.45712 0.64034 0.48521
0.56807 0.66163 0.33401
0.47524 0.74129 0.60321
0.82583 0.65058 0.62679
0.79464 0.44154 0.39250
0.68328 0.28849 0.38133
0.64969 0.45331 0.41469
0.76820 0.58425 0.41265
0.72268 0.26832 0.42284
0.67470 0.52147 0.50642
0.83410 0.67942 0.47097
0.73237 0.72463 0.56634
0.42833 0.78623 0.60729
0.48063 0.64607 0.47530
0.52933 0.60571 0.60594
0.61702 0.59559 0.44620
0.63255 0.77005 0.40062
0.78954 0.77661 0.62636
0.37446 0.73669 0.50101
0.31604 0.87804 0.73637
0.33663 0.75704 0.58874
0.40776 0.80321 0.50228
0.55867 0.47596 0.48188
0.60072 0.61531 0.52276
0.83880 0.54459 0.37237
0.61203 0.70626 0.52033
0.71568 0.51466 0.52834
0.56968 0.74991 0.67914
0.55537 0.61810 0.44731
0.52179 0.72676 0.51451
0.19985 0.82790 0.66459
0.62377 0.79468 0.39305
0.87033 0.56602 0.30220
0.28416 0.74699 0.56319
0.34420 0.50819 0.49525
0.36746 0.67597 0.45054
0.44760 0.66905 0.57657
0.47839 0.63506 0.42274
0.91622 0.73471 0.61728
0.24945 0.86511 0.62675
0.24615 0.72074 0.61698
0.34179 0.81857 0.65295
0.44654 0.66185 0.41130
0.71092 0.72062 0.27809
0.40095 0.42681 0.44745
0.26251 0.75982 0.62881
0.42322 0.66728 0.50705
0.65455 0.62665 0.47535
0.72393 0.67262 0.32006
0.53702 0.66892 0.50335
0.44694 0.65476 0.59789
0.66649 0.69141 0.33301
0.54247 0.46176 0.47223
0.72158 0.40550 0.47556
0.69825 0.72667 0.61933
0.27099 0.70449 0.63684
0.50893 0.60644 0.41087
0.79702 0.71418 0.32926
0.26884 0.65404 0.52635
0.74658 0.75286 0.66226
0.43994 0.71062 0.41743
0.80720 0.60139 0.47062
0.54403 0.53698 0.55811
0.73607 0.37082 0.40587
0.73975 0.51878 0.37373
0.78859 0.55821 0.27229
0.34097 0.75601 0.63643
0.79368 0.71095 0.54877
0.55433 0.71511 0.65330
0.61790 0.40492 0.40351
0.78442 0.78233 0.43995
0.52628 0.73712 0.59884
0.92984 0.59064 0.54682
0.60453 0.64896 0.40422
0.31325 0.64161 0.48244
0.71771 0.75808 0.58317
0.46610 0.79031 0.49790
0.39311 0.60435 0.47327
0.72313 0.73660 0.66278
0.71456 0.43079 0.32995
0.35840 0.79867 0.56360
0.49224 0.61550 0.46330
0.58071 0.69663 0.58664
0.67538 0.67173 0.62736
0.37119 0.69681 0.54943
0.86505 0.65089 0.51482
0.81893 0.81262 0.64228
0.68757 0.43344 0.44993
0.82932 0.69896 0.35785
0.81089 0.65821 0.51299
0.73849 0.71656 0.31994
0.17860 0.73327 0.61252
0.25170 0.73424 0.59465
0.77958 0.66618 0.35637
0.77300 0.46142 0.42391
0.59893 0.53772 0.50945
0.70745 0.74325 0.48466
0.19143 0.63476 0.49194
0.41920 0.63734 0.46307
0.63303 0.58960 0.53614
0.73655 0.67901 0.24777
0.46438 0.76469 0.67573
0.91233 0.49895 0.20934
0.85277 0.45739 0.36378
0.49939 0.63685 0.57057
0.91944 0.64898 0.37761
0.56640 0.51740 0.48969
0.33687 0.83714 0.61090
0.77512 0.49948 0.50098
0.78265 0.50406 0.43446
0.68857 0.54966 0.32836
0.49397 0.70060 0.49762
0.78387 0.66519 0.46888
0.55495 0.61006 0.55418
0.69373 0.35337 0.39515
0.70672 0.69834 0.34501
0.88702 0.69950 0.35355
0.34182 0.67083 0.50305
0.80619 0.77642 0.56900
0.93343 0.80332 0.50259
0.44294 0.61769 0.47309
0.59047 0.64229 0.55943
0.47394 0.46665 0.48167
0.56049 0.68258 0.46871
0.37718 0.58999 0.47230
0.44170 0.74299 0.58176
0.38654 0.75376 0.56138
0.67606 0.34102 0.43461
0.83097 0.60581 0.40189
0.65263 0.74380 0.45116
0.68619 0.76819 0.39875
0.56220 0.42713 0.50411
0.84490 0.67384 0.40789
0.64877 0.53015 0.40006
0.65012 0.52057 0.35782
0.29777 0.69879 0.51694
0.77225 0.67629 0.21128
0.86301 0.52651 0.22224
0.58844 0.54195 0.36849
0.82886 0.76922 0.35644
0.74540 0.72112 0.42531
0.71425 0.61216 0.40175
0.50666 0.72549 0.56335
0.61872 0.75579 0.57721
0.29121 0.82688 0.69684
0.40910 0.65322 0.43392
0.32403 0.62213 0.49024
0.30935 0.70521 0.59884
0.80088 0.48078 0.49913
0.53927 0.67254 0.56681
0.64622 0.64760 0.45214
0.71441 0.69036 0.63007
0.64276 0.62845 0.58761
0.60410 0.70899 0.64115
0.54699 0.55071 0.43651
0.87720 0.78016 0.54262
0.65529 0.56080 0.55314
0.44911 0.67951 0.48744
0.45261 0.50162 0.48049
0.50199 0.59756 0.58831
0.83908 0.47897 0.33339
0.84871 0.31220 0.35751
0.22614 0.80313 0.67482
0.58361 0.61281 0.51194
0.32948 0.72568 0.56304
0.82355 0.65989 0.37003
0.64687 0.76668 0.51287
0.57315 0.73083 0.52727
0.75510 0.43138 0.49479
0.63055 0.65252 0.57139
0.84186 0.65325 0.41749
0.52132 0.59150 0.51973
0.72798 0.70488 0.37883
0.51355 0.65821 0.33038
0.72726 0.39512 0.48150
0.88081 0.61630 0.19824
0.61867 0.58737 0.40505
0.59481 0.68095 0.44938
0.72590 0.50021 0.31256
0.73203 0.40598 0.34074
0.45876 0.58559 0.37885
0.61537 0.80853 0.54908
0.85941 0.17690 0.38611
0.59961 0.72905 0.65521
0.86067 0.61478 0.59158
0.72774 0.35444 0.43672
0.61753 0.62744 0.49595
0.64721 0.68220 0.36455
0.55748 0.78785 0.52391
0.81627 0.24635 0.39740
0.11549 0.81664 0.68997
0.90410 0.79333 0.63969
0.24430 0.78777 0.68670
0.91742 0.74186 0.17789
0.68171 0.50513 0.47475
0.74625 0.63650 0.49803
0.57317 0.59401 0.53192
0.63844 0.50740 0.46894
0.72044 0.57418 0.43996
0.40112 0.77412 0.54150
0.46286 0.58959 0.43502
0.62839 0.44590 0.44655
0.89513 0.79498 0.67036
0.69200 0.55890 0.39016
0.49905 0.59782 0.56339
0.49773 0.46350 0.44454
0.53372 0.76465 0.50444
0.30472 0.70551 0.59520
0.90159 0.70262 0.15184
0.29587 0.56242 0.45572
0.63266 0.61734 0.43171
0.26280 0.67337 0.51875
0.92529 0.59146 0.53666
0.59123 0.62850 0.55647
0.55303 0.76492 0.48406
0.72483 0.63088 0.59604
0.71319 0.52481 0.41778
0.25992 0.61629 0.52766
0.37077 0.77251 0.55159
0.59057 0.72638 0.54984
0.52629 0.55972 0.42501
0.71497 0.72156 0.59260
0.56713 0.57540 0.52116
0.56430 0.77165 0.41067
0.71695 0.68078 0.57764
0.60631 0.75939 0.39268
0.84740 0.79303 0.69140
0.81105 0.69942 0.51774
0.88018 0.72371 0.63147
0.80881 0.64264 0.35106
0.75597 0.73775 0.65326
0.66911 0.49718 0.42339
0.65983 0.55391 0.40846
0.66577 0.39723 0.36383
0.68435 0.56069 0.37906
0.41351 0.71643 0.56238
0.56810 0.59877 0.46654
0.47471 0.77378 0.59138
0.78245 0.30696 0.36228
0.58890 0.75456 0.57411
0.86186 0.48100 0.43357
0.60019 0.77537 0.59841
0.90628 0.79266 0.56862
0.21918 0.83984 0.65928
0.85825 0.35101 0.43562
0.67434 0.55564 0.33699
0.42382 0.70541 0.63651
0.51540 0.68116 0.60162
0.47435 0.61873 0.41016
0.81082 0.49725 0.35932
0.40715 0.70795 0.48068
0.54819 0.56818 0.44032
0.80103 0.65383 0.43334
0.79958 0.76975 0.33715
0.53079 0.79294 0.62060
0.74808 0.68479 0.31638
0.22441 0.83990 0.67491
0.52440 0.68462 0.33907
0.59744 0.40771 0.40652
0.78923 0.74693 0.63401
0.76533 0.62024 0.47413
0.62187 0.74563 0.35892
0.84389 0.72169 0.24990
0.48201 0.76023 0.51511
0.67304 0.58176 0.29787
0.70099 0.69457 0.60979
0.72030 0.36244 0.36546
0.71478 0.74323 0.61580
0.51966 0.63582 0.44178
0.27446 0.63639 0.54437
0.64344 0.68916 0.62627
0.66568 0.67582 0.35710
0.80636 0.42997 0.38788
0.62125 0.81147 0.61780
0.62977 0.68811 0.45796
0.75500 0.64366 0.58270
0.61674 0.66400 0.31068
0.24734 0.82605 0.69223
0.47965 0.52410 0.45091
0.20249 0.65880 0.53749
0.84709 0.19037 0.37672
0.83762 0.53759 0.46198
0.65496 0.68658 0.40224
0.42513 0.59450 0.58153
0.94847 0.76239 0.18265
0.45963 0.70856 0.52138
0.42350 0.72291 0.50036
0.28628 0.83663 0.71777
0.58037 0.50357 0.46285
0.66569 0.47566 0.35999
0.62612 0.52677 0.51512
0.64732 0.54783 0.53876
0.80595 0.76509 0.63021
0.52680 0.63905 0.57417
0.62226 0.51897 0.50991
0.34323 0.73867 0.60535
0.54639 0.77551 0.41091
0.56724 0.59898 0.38790
0.89086 0.61563 0.61182
0.62296 0.58921 0.49812
0.73166 0.65581 0.62042
0.62103 0.59364 0.45553
0.63109 0.72395 0.33260
0.90941 0.61801 0.19458
0.54015 0.61541 0.48433
0.69035 0.71675 0.42641
0.56258 0.47496 0.39395
0.41301 0.82812 0.56714
0.43214 0.77289 0.61886
0.34552 0.77197 0.59700
0.36887 0.62321 0.52638
0.64528 0.38939 0.45460
0.75095 0.68096 0.50380
0.70686 0.69546 0.42968
0.58052 0.70461 0.57493
0.85210 0.72175 0.16648
0.76857 0.48387 0.50248
0.36701 0.70380 0.66068
0.50396 0.51353 0.52703
0.73800 0.77739 0.48104
0.65093 0.38533 0.43240
0.70290 0.67604 0.55904
0.75450 0.29553 0.42132
0.70265 0.75268 0.30997
0.67011 0.69070 0.66425
0.32944 0.81733 0.70505
0.68782 0.75612 0.45723
0.72684 0.45625 0.33239
0.32713 0.79140 0.58498
0.57154 0.68596 0.49037
0.74092 0.60773 0.48861
0.54539 0.72866 0.50649
0.75118 0.51836 0.32991
0.62525 0.46424 0.49946
0.50375 0.76756 0.40962
0.42673 0.65409 0.54598
0.44026 0.69713 0.52318
0.84739 0.68833 0.50002
0.84876 0.42346 0.44061
0.73129 0.47776 0.35934
0.78081 0.44642 0.35379
0.65107 0.74304 0.35744
0.35386 0.56469 0.50811
0.35214 0.64497 0.46667
0.86468 0.40037 0.34247
0.77462 0.24081 0.38774
0.52627 0.69946 0.34394
0.86686 0.60586 0.38886
0.74014 0.39493 0.37658
0.88668 0.51918 0.47647
0.93970 0.73512 0.47037
0.59454 0.55493 0.33826
0.38406 0.72164 0.57450
0.73050 0.64825 0.60090
0.55587 0.53009 0.45178
0.59104 0.52893 0.46914
0.82603 0.62435 0.44166
0.52174 0.65198 0.38616
0.30645 0.64463 0.55032
0.63777 0.69512 0.44195
0.32668 0.74093 0.61349
0.65231 0.62831 0.37275
0.40683 0.80844 0.52228
0.75000 0.59437 0.43894
0.85436 0.52673 0.36383
0.49637 0.78514 0.58924
0.59966 0.58543 0.40179
0.14329 0.64522 0.52052
0.49565 0.70786 0.41063
0.43529 0.70476 0.54583
0.67506 0.53742 0.33856
0.22286 0.75903 0.62654
0.84324 0.56849 0.39193
0.70711 0.59278 0.56040
0.39647 0.59470 0.43234
0.29195 0.63903 0.51162
0.95656 0.57783 0.52660
0.76144 0.53629 0.51825
0.42489 0.72964 0.39580
0.73449 0.58972 0.32265
0.39413 0.72205 0.57068
0.28489 0.68844 0.56944
0.77495 0.77257 0.67112
0.88136 0.50767 0.50617
0.38901 0.73424 0.65581
0.58769 0.53270 0.43918
0.78633 0.42302 0.28762
0.52211 0.53850 0.48039
0.49722 0.76537 0.55577
0.45654 0.70194 0.40504
0.63089 0.70208 0.61562
0.68569 0.43592 0.43661
0.86052 0.74092 0.53699
0.70688 0.74516 0.65157
0.28281 0.84215 0.65749
0.45476 0.70211 0.57541
0.71667 0.69106 0.53628
0.14284 0.77494 0.65319
0.69391 0.36476 0.42236
0.85603 0.50384 0.42080
0.65418 0.72642 0.38453
0.60334 0.46982 0.35482
0.87210 0.34169 0.44931
0.69218 0.61515 0.53980
