20 9 1000 18623 196
0.94227 0.57499 0.50796
0.31927 0.63273 0.97765
0.36248 0.77050 0.72314
0.21128 0.72903 0.57315
0.60794 0.71909 0.54503
0.83467 0.10416 0.23201
0.58575 0.94797 0.58544
0.42444 0.32274 0.55338
0.81480 0.53050 0.39083
0.53315 0.63170 0.62944
0.59677 0.42092 0.46320
0.47718 0.58123 0.66858
0.63415 0.57058 0.55039
0.53041 0.61684 0.53746
0.47462 0.61255 0.54981
0.74195 0.49955 0.42145
0.59580 0.62892 0.55490
0.51371 0.61530 0.57734
0.53794 0.63767 0.53068
0.54604 0.63386 0.60353
0.59411 0.64024 0.53707
0.46192 0.62210 0.64626
0.39689 0.68722 0.65872
0.51736 0.58135 0.63881
0.74596 0.51134 0.46381
0.51671 0.55557 0.52114
0.65496 0.57991 0.55325
0.61636 0.66094 0.57027
0.62710 0.54410 0.52564
0.49453 0.66482 0.59626
0.47811 0.62068 0.70201
0.76160 0.55238 0.49634
0.58412 0.53496 0.49040
0.52749 0.51041 0.52165
0.53932 0.58447 0.59325
0.61983 0.60844 0.54164
0.55405 0.61903 0.56739
0.50532 0.57847 0.56252
0.64169 0.61855 0.54067
0.67838 0.44215 0.47420
0.59106 0.60850 0.55050
0.44968 0.67852 0.65026
0.73551 0.47242 0.42063
0.61838 0.55821 0.54859
0.46883 0.66513 0.65493
0.58161 0.69498 0.61538
0.48459 0.57625 0.51908
0.73084 0.53243 0.48116
0.56696 0.50653 0.49535
0.45344 0.64503 0.55959
0.59141 0.58522 0.55510
0.53362 0.59045 0.54730
0.56694 0.61403 0.58561
0.58693 0.49631 0.50718
0.45396 0.59656 0.64098
0.59022 0.53793 0.55765
0.48274 0.55303 0.57350
0.48578 0.53028 0.63075
0.55058 0.44073 0.52336
0.50930 0.61687 0.53419
0.66274 0.55136 0.53287
0.59995 0.80899 0.58315
0.37673 0.63859 0.74370
0.47478 0.64299 0.61733
0.53529 0.64404 0.53688
0.65017 0.43139 0.45395
0.50300 0.52481 0.54097
0.75576 0.55265 0.52372
0.49415 0.52784 0.59542
0.39138 0.61160 0.65153
0.56393 0.73443 0.58458
0.67290 0.73135 0.57824
0.51854 0.56558 0.63226
0.54030 0.62147 0.57137
0.55628 0.69111 0.57694
0.65556 0.39470 0.45480
0.63590 0.59564 0.56592
0.53959 0.48608 0.48983
0.65902 0.56085 0.51317
0.50809 0.59299 0.57473
0.55669 0.55081 0.59346
0.55011 0.51906 0.53929
0.67885 0.48797 0.48978
0.45950 0.74063 0.67835
0.54523 0.62661 0.61438
0.51807 0.64391 0.65494
0.48142 0.57835 0.57641
0.79176 0.51204 0.49374
0.65286 0.59138 0.51943
0.57230 0.66108 0.54860
0.60731 0.58654 0.56518
0.37270 0.56842 0.61932
0.70008 0.59762 0.53623
0.65146 0.59239 0.51393
0.43682 0.56095 0.71490
0.62602 0.63395 0.57714
0.46798 0.62473 0.60639
0.44979 0.66212 0.65516
0.54942 0.58427 0.53577
0.40603 0.63715 0.56054
0.60799 0.45466 0.45211
0.53059 0.48791 0.54158
0.53027 0.48828 0.53019
0.59350 0.48456 0.57653
0.52876 0.52049 0.52028
0.59269 0.57816 0.54960
0.54122 0.53183 0.65417
0.51746 0.50821 0.60268
0.53286 0.59833 0.71660
0.59640 0.67968 0.59002
0.63311 0.43644 0.43321
0.59373 0.69488 0.58144
0.60921 0.42308 0.48556
0.36858 0.68054 0.61611
0.60473 0.55828 0.52202
0.69455 0.58471 0.53719
0.64018 0.57564 0.50713
0.73033 0.58255 0.56245
0.59799 0.61790 0.57561
0.63337 0.67248 0.56585
0.72774 0.51382 0.51062
0.51437 0.62651 0.62810
0.46012 0.55349 0.58419
0.58288 0.60613 0.53592
0.46866 0.67275 0.65117
0.46989 0.66547 0.65875
0.57992 0.61538 0.57626
0.63252 0.71734 0.52505
0.51347 0.49656 0.58778
0.49943 0.55822 0.56228
0.51649 0.57654 0.55803
0.47407 0.63449 0.59254
0.55450 0.55471 0.59095
0.72046 0.63332 0.54304
0.50270 0.65543 0.63883
0.58507 0.56775 0.53514
0.62668 0.45949 0.47383
0.58506 0.69287 0.55832
0.49156 0.66597 0.55410
0.55647 0.58118 0.62314
0.71327 0.30261 0.38646
0.56400 0.71984 0.52826
0.59343 0.59860 0.57223
0.43588 0.67790 0.63340
0.54368 0.56754 0.69849
0.55432 0.60290 0.52275
0.52908 0.63914 0.55492
0.69155 0.47985 0.45652
0.49384 0.74134 0.59594
0.52189 0.75222 0.62599
0.52598 0.60500 0.64462
0.64746 0.54070 0.50935
0.59356 0.48314 0.49628
0.61843 0.54559 0.56996
0.56113 0.60423 0.62918
0.44212 0.63897 0.62522
0.35734 0.69578 0.57687
0.56452 0.65850 0.53287
0.50554 0.71085 0.59116
0.61532 0.47539 0.49521
0.57721 0.70154 0.57782
0.57231 0.51373 0.53176
0.57814 0.57496 0.60769
0.45120 0.66001 0.68364
0.68758 0.57759 0.55914
0.60660 0.45848 0.47635
0.53290 0.61884 0.56881
0.62055 0.54619 0.51318
0.51224 0.72236 0.66412
0.53027 0.50630 0.54672
0.43395 0.70668 0.65738
0.65422 0.48033 0.50709
0.52873 0.61276 0.60976
0.59679 0.52872 0.52436
0.55202 0.65067 0.60627
0.57675 0.54543 0.54823
0.51418 0.54381 0.68586
0.56962 0.58408 0.53441
0.56627 0.52739 0.61790
0.48846 0.60821 0.70898
0.61679 0.49468 0.50447
0.61417 0.64537 0.61818
0.50202 0.62291 0.61952
0.47064 0.52999 0.68235
0.52141 0.56307 0.59458
0.45179 0.65515 0.61066
0.57911 0.58091 0.50837
0.62601 0.67381 0.54016
0.53916 0.65745 0.55276
0.69879 0.53200 0.44257
0.65240 0.56307 0.57834
0.50331 0.60646 0.56203
0.57392 0.61500 0.61119
0.51033 0.60796 0.55516
0.50374 0.62992 0.60420
0.65613 0.60465 0.65314
0.47446 0.71650 0.63398
0.60164 0.49470 0.56123
0.53355 0.60239 0.62702
0.63865 0.50368 0.46852
0.47265 0.65528 0.60265
0.53271 0.66421 0.58298
0.58482 0.53602 0.52826
0.54354 0.63475 0.58481
0.56654 0.59735 0.53558
0.62989 0.67097 0.51750
0.65451 0.65728 0.55220
0.72691 0.34798 0.38413
0.42768 0.70268 0.61414
0.66914 0.42549 0.44754
0.51443 0.64038 0.59252
0.58540 0.65627 0.55941
0.49768 0.74378 0.62830
0.66851 0.49196 0.47067
0.54781 0.53607 0.53730
0.56650 0.52686 0.50513
0.55841 0.52799 0.59728
0.54636 0.52534 0.52055
0.42159 0.65780 0.55071
0.64880 0.65346 0.57798
0.67783 0.65050 0.53416
0.56139 0.65949 0.56438
0.65279 0.67864 0.52356
0.57242 0.66150 0.59507
0.75923 0.40026 0.43491
0.62857 0.52985 0.50086
0.49133 0.59858 0.65887
0.53330 0.64241 0.59881
0.66616 0.62422 0.50853
0.49800 0.61766 0.61243
0.49903 0.62466 0.53966
0.49972 0.64322 0.62281
0.54515 0.72245 0.56468
0.57891 0.63315 0.52852
0.59810 0.40833 0.50101
0.64343 0.54880 0.47490
0.42833 0.59015 0.53957
0.50890 0.60133 0.51660
0.43242 0.61022 0.60938
0.57183 0.63909 0.66633
0.47313 0.64640 0.63107
0.50820 0.59030 0.62151
0.54311 0.44217 0.52819
0.57446 0.38225 0.48821
0.49611 0.57870 0.69441
0.60421 0.51958 0.50719
0.67157 0.53157 0.47021
0.49258 0.71303 0.66878
0.57719 0.47666 0.51999
0.58431 0.62408 0.55178
0.49753 0.65825 0.60305
0.57331 0.61661 0.55487
0.43601 0.59790 0.61451
0.69523 0.47436 0.44269
0.57652 0.69797 0.57053
0.64868 0.61345 0.56191
0.60982 0.55186 0.51967
0.56986 0.56810 0.53311
0.52022 0.71716 0.58320
0.46342 0.52185 0.70971
0.61516 0.52894 0.51365
0.64044 0.65754 0.54698
0.51065 0.61831 0.64250
0.58643 0.55800 0.54319
0.56857 0.52216 0.59602
0.52005 0.72573 0.57524
0.46363 0.62310 0.63898
0.55186 0.57354 0.67945
0.46291 0.70183 0.59627
0.60790 0.50221 0.46620
0.49097 0.64807 0.62486
0.53675 0.63708 0.53581
0.57242 0.67077 0.57137
0.66032 0.57717 0.54351
0.56484 0.56344 0.55003
0.52476 0.63821 0.55902
0.54849 0.63305 0.59360
0.58439 0.56390 0.59638
0.45583 0.66294 0.63273
0.53808 0.60071 0.64263
0.59510 0.60869 0.55340
0.65518 0.55124 0.50432
0.53139 0.73018 0.62554
0.45470 0.62478 0.69515
0.68166 0.63464 0.55272
0.67004 0.56135 0.49106
0.52454 0.59161 0.56841
0.60610 0.49991 0.46469
0.53810 0.54101 0.48931
0.56901 0.59033 0.58213
0.53450 0.64667 0.59901
0.56690 0.58411 0.50718
0.58308 0.59862 0.54903
0.67189 0.59448 0.52472
0.56833 0.59676 0.57961
0.51337 0.45547 0.50968
0.67761 0.57754 0.53974
0.60770 0.62259 0.58669
0.58238 0.57828 0.53830
0.58867 0.37505 0.49658
0.53966 0.49254 0.58081
0.57396 0.58804 0.62099
0.53317 0.60590 0.60095
0.74121 0.46007 0.46875
0.69132 0.58006 0.51559
0.44101 0.68674 0.59161
0.46800 0.53282 0.66280
0.49527 0.60484 0.54505
0.50105 0.56657 0.57305
0.38199 0.69200 0.67031
0.54844 0.59282 0.51290
0.50777 0.57659 0.57264
0.53074 0.65792 0.57476
0.47263 0.69182 0.57199
0.53634 0.68826 0.57842
0.56154 0.59215 0.51499
0.58361 0.59806 0.55086
0.44385 0.70203 0.62824
0.48616 0.68748 0.65098
0.73509 0.48313 0.48480
0.49882 0.65190 0.63345
0.42005 0.54333 0.54958
0.68099 0.49332 0.45643
0.46431 0.66148 0.60798
0.61189 0.61098 0.58230
0.56132 0.64274 0.61349
0.59408 0.62358 0.54012
0.46441 0.67547 0.62713
0.47336 0.71885 0.61733
0.60494 0.42808 0.52769
0.58204 0.59556 0.51297
0.52132 0.66277 0.61998
0.45360 0.68928 0.67688
0.56916 0.64943 0.56088
0.47073 0.64799 0.57264
0.58759 0.55453 0.50719
0.68423 0.60492 0.52531
0.49192 0.61510 0.61885
0.64912 0.53858 0.52020
0.56719 0.56036 0.55438
0.66528 0.52872 0.47146
0.69706 0.62970 0.56510
0.65127 0.52398 0.53046
0.70735 0.48314 0.49121
0.49488 0.73487 0.63340
0.69087 0.50708 0.49324
0.57973 0.44332 0.43853
0.51485 0.58572 0.56061
0.59387 0.57505 0.51916
0.55924 0.64766 0.68001
0.54164 0.50632 0.56746
0.53405 0.65567 0.62144
0.64196 0.49343 0.47858
0.50792 0.67146 0.70901
0.65339 0.60675 0.54951
0.68794 0.64991 0.56533
0.43678 0.68170 0.65865
0.68989 0.54310 0.50829
0.53819 0.65639 0.59396
0.64265 0.63383 0.50240
0.57995 0.54705 0.53503
0.54270 0.58801 0.58896
0.76172 0.59878 0.50476
0.43030 0.65849 0.59621
0.69971 0.60711 0.55481
0.46039 0.65268 0.59036
0.58200 0.52360 0.54900
0.48376 0.68645 0.62447
0.49740 0.62070 0.72765
0.69389 0.55439 0.51414
0.56603 0.56131 0.54577
0.50053 0.68611 0.60515
0.62699 0.56051 0.62175
0.44801 0.65277 0.71694
0.57318 0.60553 0.54084
0.50905 0.63400 0.58508
0.54025 0.65811 0.57904
0.68891 0.58116 0.48543
0.55811 0.51073 0.49884
0.48608 0.68329 0.67863
0.61344 0.58072 0.52001
0.42513 0.65535 0.65136
0.45681 0.79399 0.64429
0.55020 0.56083 0.52204
0.48342 0.63391 0.53386
0.61603 0.54869 0.51389
0.60843 0.52992 0.49695
0.49788 0.56868 0.58166
0.66567 0.59813 0.58683
0.70991 0.48826 0.48139
0.52309 0.65813 0.55150
0.74352 0.36239 0.43897
0.53225 0.63342 0.59776
0.47917 0.63568 0.65379
0.63560 0.55261 0.55048
0.56147 0.60165 0.53921
0.63878 0.60480 0.56366
0.51265 0.70499 0.60960
0.66891 0.52075 0.50542
0.60011 0.52577 0.51649
0.52132 0.65117 0.58159
0.61057 0.49267 0.49345
0.61546 0.58382 0.51219
0.59003 0.56201 0.55080
0.57825 0.43994 0.44262
0.58980 0.59132 0.52224
0.44680 0.56984 0.54653
0.70298 0.48349 0.44475
0.52270 0.66253 0.56842
0.62743 0.70487 0.55296
0.59822 0.58573 0.55753
0.60932 0.64402 0.52979
0.64759 0.64010 0.61455
0.59723 0.61910 0.51900
0.53597 0.58913 0.54636
0.64599 0.54939 0.55097
0.60626 0.62646 0.53313
0.62207 0.49481 0.45189
0.54659 0.59128 0.57192
0.53800 0.60727 0.58972
0.39355 0.67081 0.71848
0.77552 0.49154 0.49609
0.61439 0.61110 0.70761
0.44696 0.67689 0.57962
0.48152 0.65764 0.59400
0.70106 0.53726 0.47445
0.58980 0.55591 0.56057
0.65483 0.55490 0.48326
0.56126 0.59684 0.55685
0.56551 0.64515 0.67036
0.54274 0.60086 0.51962
0.57417 0.57074 0.55223
0.48752 0.69556 0.63014
0.61342 0.52016 0.53010
0.50006 0.54609 0.57434
0.54204 0.60667 0.60307
0.61008 0.54462 0.48273
0.58947 0.57661 0.50258
0.53434 0.61019 0.65266
0.48954 0.65413 0.59717
0.62978 0.58107 0.57198
0.50569 0.66216 0.64571
0.58350 0.64034 0.60986
0.44577 0.65769 0.71128
0.57333 0.53202 0.48184
0.49800 0.56181 0.66972
0.50616 0.54514 0.57441
0.56243 0.67122 0.62478
0.51623 0.63118 0.59399
0.53695 0.56206 0.56886
0.54137 0.55112 0.59035
0.72059 0.49366 0.44117
0.47413 0.62764 0.61427
0.61264 0.65478 0.55954
0.54513 0.43474 0.56992
0.57149 0.59363 0.56571
0.68131 0.59199 0.51345
0.66449 0.67408 0.54072
0.51500 0.56904 0.58082
0.45955 0.62597 0.66707
0.35371 0.60305 0.65473
0.51599 0.53208 0.54995
0.50671 0.61031 0.54735
0.50310 0.59987 0.69337
0.50564 0.72258 0.67725
0.54271 0.79170 0.60022
0.52886 0.68485 0.63517
0.66757 0.44503 0.43296
0.40978 0.58699 0.72182
0.59169 0.51511 0.56288
0.62588 0.68007 0.56300
0.57883 0.53312 0.49580
0.66548 0.55643 0.50783
0.55795 0.54332 0.52473
0.56554 0.54134 0.58720
0.75883 0.58791 0.53592
0.56405 0.67344 0.59513
0.69185 0.58213 0.48487
0.50233 0.66021 0.58337
0.59544 0.63188 0.60552
0.49418 0.58286 0.61108
0.59305 0.55249 0.53435
0.68372 0.49597 0.47884
0.53083 0.57466 0.63406
0.60038 0.60075 0.55082
0.66603 0.55482 0.58056
0.57348 0.52418 0.55954
0.55056 0.72274 0.57988
0.51789 0.64480 0.62878
0.64760 0.58738 0.55929
0.64432 0.47386 0.46015
0.51611 0.58775 0.68008
0.52934 0.61264 0.56902
0.65111 0.62589 0.54653
0.56330 0.61734 0.55540
0.49887 0.68815 0.61521
0.64593 0.52584 0.55550
0.54394 0.68412 0.63787
0.54809 0.54557 0.58309
0.51259 0.64531 0.54773
0.51720 0.67281 0.57222
0.53649 0.54754 0.62367
0.70299 0.54962 0.59141
0.62385 0.62109 0.49964
0.73107 0.55580 0.47353
0.65519 0.60315 0.55184
0.63395 0.58703 0.49132
0.51023 0.59617 0.63531
0.53487 0.59025 0.58653
0.55642 0.63862 0.67175
0.40440 0.62942 0.63985
0.60806 0.69667 0.54774
0.56103 0.58645 0.59923
0.63604 0.65864 0.50728
0.43172 0.65928 0.66140
0.49544 0.67853 0.66601
0.64061 0.50947 0.48926
0.70460 0.45624 0.41743
0.55580 0.74662 0.66157
0.77281 0.62320 0.52088
0.53458 0.53350 0.49852
0.57361 0.57210 0.52476
0.60210 0.44320 0.50319
0.52149 0.64953 0.60503
0.51527 0.57129 0.71200
0.65976 0.40400 0.41463
0.53796 0.72406 0.60232
0.62098 0.50570 0.45551
0.57741 0.53981 0.54898
0.64625 0.54702 0.51023
0.51665 0.67309 0.61177
0.72520 0.59422 0.53997
0.60144 0.63027 0.49252
0.44013 0.68803 0.70956
0.52177 0.57048 0.57100
0.51174 0.56664 0.53796
0.52861 0.71265 0.55027
0.44127 0.65328 0.72153
0.59357 0.70143 0.54485
0.61783 0.60709 0.51289
0.53190 0.61107 0.60538
0.65736 0.43402 0.44339
0.59164 0.58571 0.57199
0.51782 0.55674 0.50029
0.57177 0.63415 0.54468
0.69208 0.61475 0.52300
0.58638 0.67961 0.57409
0.59374 0.54512 0.59307
0.56983 0.64932 0.61930
0.51099 0.53800 0.55041
0.55341 0.64750 0.56469
0.67064 0.57562 0.51100
0.45592 0.70078 0.67629
0.62885 0.50222 0.47521
0.69569 0.50785 0.51264
0.48302 0.71126 0.63341
0.68729 0.55137 0.46155
0.56906 0.60042 0.56276
0.60981 0.64601 0.56467
0.47423 0.65636 0.58991
0.63086 0.50116 0.44036
0.60712 0.57082 0.55352
0.56240 0.44880 0.51911
0.67780 0.63591 0.51787
0.57305 0.50699 0.51539
0.72441 0.43594 0.47205
0.68123 0.64169 0.52660
0.62398 0.49369 0.50233
0.56015 0.48449 0.60617
0.63733 0.46380 0.48151
0.61373 0.58058 0.50303
0.62905 0.57728 0.56711
0.62329 0.59273 0.58597
0.47595 0.64968 0.59386
0.52740 0.70169 0.62928
0.56931 0.67160 0.62189
0.60713 0.59243 0.52292
0.67282 0.53623 0.47791
0.52395 0.65176 0.57647
0.53274 0.60516 0.56983
0.59003 0.71474 0.58328
0.65245 0.50092 0.47403
0.66681 0.56812 0.48804
0.64979 0.48707 0.46121
0.66383 0.46925 0.48556
0.43897 0.64871 0.69176
0.63293 0.51614 0.58181
0.57044 0.63036 0.69832
0.68758 0.65052 0.56595
0.66248 0.51544 0.52474
0.47708 0.66838 0.71905
0.55495 0.47076 0.59930
0.53916 0.56276 0.64111
0.56242 0.67920 0.57365
0.50276 0.60430 0.64083
0.49946 0.67576 0.63710
0.51464 0.59313 0.61224
0.75484 0.39222 0.38470
0.57254 0.63468 0.55470
0.62301 0.53374 0.56499
0.62395 0.60933 0.51756
0.57977 0.44712 0.47593
0.54955 0.56124 0.62207
0.45952 0.57729 0.60148
0.44609 0.58320 0.56655
0.55603 0.58091 0.58747
0.56643 0.56357 0.57922
0.68342 0.47596 0.49375
0.47607 0.69502 0.61456
0.68806 0.43689 0.42867
0.66135 0.43964 0.46401
0.68114 0.51988 0.48254
0.59993 0.48812 0.48815
0.50774 0.49406 0.62762
0.60294 0.63961 0.56028
0.46916 0.60931 0.72496
0.55513 0.58707 0.57245
0.43580 0.65843 0.60157
0.54748 0.62477 0.60276
0.45287 0.62633 0.55255
0.52911 0.62292 0.59080
0.50645 0.52221 0.56709
0.68230 0.58382 0.47947
0.57663 0.68798 0.57379
0.53061 0.74906 0.64178
0.59933 0.59153 0.56033
0.62781 0.61343 0.63825
0.65579 0.57673 0.51149
0.55447 0.65732 0.58723
0.61835 0.47821 0.60443
0.54677 0.62972 0.49618
0.71203 0.51734 0.48349
0.63307 0.56294 0.50710
0.57079 0.61888 0.57571
0.61058 0.61316 0.51479
0.48234 0.54753 0.54835
0.51909 0.59777 0.56716
0.70886 0.55604 0.48939
0.68231 0.47598 0.47503
0.56059 0.68632 0.59652
0.50224 0.60362 0.61722
0.68351 0.65438 0.55314
0.60260 0.53504 0.49606
0.73192 0.59686 0.57620
0.57735 0.57498 0.52800
0.43196 0.63526 0.67561
0.51651 0.62706 0.59061
0.64891 0.58935 0.56022
0.59449 0.60760 0.53109
0.63402 0.67966 0.53378
0.53119 0.67410 0.54380
0.58885 0.64908 0.57403
0.63504 0.58885 0.51697
0.49686 0.52807 0.68884
0.56706 0.61720 0.56449
0.49398 0.52032 0.61294
0.62909 0.54238 0.47293
0.44731 0.62946 0.66509
0.47948 0.68928 0.62806
0.60373 0.65652 0.59793
0.55931 0.69001 0.54579
0.51873 0.58282 0.66186
0.46243 0.53538 0.64170
0.57100 0.48587 0.60677
0.44453 0.50716 0.58547
0.51572 0.61142 0.53000
0.65669 0.52995 0.51415
0.56340 0.65381 0.62261
0.68790 0.44706 0.43560
0.52609 0.63272 0.63255
0.50179 0.51567 0.58194
0.41960 0.66849 0.60940
0.79538 0.60323 0.55327
0.47044 0.67677 0.61603
0.45998 0.67730 0.65806
0.72544 0.56945 0.50175
0.60099 0.54759 0.51843
0.55024 0.61147 0.57885
0.38342 0.64918 0.61710
0.55932 0.65386 0.59078
0.46596 0.59541 0.60222
0.46464 0.68038 0.58541
0.49688 0.64735 0.62552
0.64262 0.62231 0.56297
0.54438 0.58921 0.57005
0.51351 0.62752 0.71604
0.63191 0.54810 0.52399
0.60011 0.56927 0.49099
0.56444 0.68590 0.64273
0.51100 0.65182 0.60647
0.50027 0.51275 0.59157
0.62992 0.55647 0.63464
0.56400 0.53649 0.53030
0.47119 0.53507 0.58147
0.63669 0.61950 0.61817
0.47648 0.53935 0.64151
0.42003 0.68173 0.57991
0.59835 0.58907 0.54676
0.56683 0.61171 0.57254
0.56932 0.58361 0.59860
0.58655 0.55404 0.55147
0.67098 0.62127 0.54158
0.59824 0.55098 0.53047
0.61951 0.45146 0.49238
0.65215 0.53111 0.54474
0.69137 0.34065 0.40937
0.62264 0.45072 0.44922
0.69542 0.56744 0.52347
0.55934 0.56887 0.54520
0.41530 0.60583 0.62083
0.49716 0.67534 0.55689
0.50396 0.54432 0.49425
0.61164 0.45539 0.45676
0.56925 0.65720 0.54462
0.63260 0.49580 0.53998
0.60987 0.62783 0.57205
0.65984 0.54665 0.48361
0.69419 0.53972 0.55318
0.54707 0.61415 0.52849
0.74042 0.61371 0.49324
0.67582 0.62212 0.55969
0.64977 0.41193 0.47223
0.50037 0.69259 0.69933
0.54164 0.65866 0.62473
0.46998 0.80230 0.64780
0.52417 0.39835 0.54109
0.66359 0.56551 0.51095
0.49336 0.62570 0.59839
0.50413 0.60054 0.60579
0.60355 0.47851 0.53268
0.50165 0.63361 0.67903
0.55426 0.53514 0.60393
0.63370 0.62471 0.62143
0.68863 0.41676 0.42662
0.53288 0.58781 0.60086
0.53826 0.62062 0.55978
0.49363 0.65783 0.57664
0.56090 0.69828 0.60273
0.52101 0.58893 0.66002
0.45538 0.61922 0.72818
0.58853 0.52065 0.50660
0.64206 0.48789 0.45149
0.41759 0.65605 0.65825
0.45021 0.60433 0.56777
0.60496 0.47812 0.45789
0.59059 0.55396 0.48670
0.48715 0.59557 0.69307
0.52886 0.63621 0.56265
0.65765 0.52471 0.47919
0.40683 0.62932 0.60304
0.51235 0.60027 0.71400
0.51485 0.57753 0.57129
0.42508 0.65587 0.58014
0.68200 0.39528 0.43105
0.55063 0.59226 0.54461
0.53540 0.67454 0.63351
0.54269 0.61519 0.61074
0.55248 0.54415 0.56434
0.50053 0.63063 0.59565
0.49733 0.55352 0.58528
0.53377 0.67091 0.59142
0.53189 0.54067 0.61450
0.64047 0.53511 0.56638
0.60660 0.66465 0.58337
0.60417 0.53448 0.49120
0.37752 0.66197 0.60365
0.58083 0.55484 0.52545
0.59943 0.56652 0.58870
0.56169 0.56982 0.57596
0.56277 0.51512 0.52103
0.57019 0.61760 0.55909
0.50532 0.62465 0.66729
0.54092 0.64277 0.64510
0.63225 0.49885 0.49905
0.51409 0.63703 0.60393
0.65877 0.58248 0.59027
0.52786 0.52133 0.59620
0.50480 0.62606 0.57482
0.52068 0.58350 0.53915
0.50378 0.58590 0.60281
0.47034 0.63327 0.59268
0.56403 0.57143 0.57353
0.50581 0.71787 0.66114
0.74148 0.51610 0.43741
0.66089 0.45894 0.46808
0.40960 0.70427 0.71422
0.55965 0.57107 0.58890
0.52732 0.65038 0.66457
0.59706 0.67149 0.53207
0.46861 0.67368 0.67968
0.51581 0.57539 0.58478
0.58977 0.60413 0.50479
0.51010 0.57834 0.59553
0.65213 0.55581 0.50050
0.48354 0.64675 0.64802
0.71505 0.40416 0.40980
0.72837 0.57423 0.49846
0.56460 0.59856 0.50675
0.58157 0.53132 0.51386
0.60752 0.54041 0.50169
0.46901 0.55551 0.65803
0.55326 0.43410 0.50959
0.54701 0.44973 0.50377
0.56540 0.65419 0.62985
0.60936 0.63978 0.55253
0.43413 0.63033 0.60650
0.45460 0.61355 0.57371
0.56583 0.63355 0.53598
0.54441 0.81257 0.60974
0.62361 0.67575 0.56986
0.46550 0.61094 0.69704
0.59181 0.69929 0.58211
0.42861 0.60592 0.65293
0.64273 0.64806 0.51817
0.63446 0.52933 0.51759
0.55070 0.74138 0.57864
0.44738 0.67698 0.67509
0.50350 0.65711 0.62775
0.61202 0.61553 0.53851
0.60153 0.63564 0.55061
0.56177 0.56466 0.61384
0.53680 0.64260 0.53840
0.55181 0.68512 0.58942
0.49763 0.59416 0.64980
0.63131 0.45211 0.48966
0.53652 0.54595 0.56473
0.56179 0.53147 0.47027
0.43833 0.62072 0.72625
0.46566 0.68820 0.67222
0.62761 0.58270 0.53667
0.51047 0.56369 0.59919
0.58062 0.64513 0.58818
0.53293 0.56190 0.61498
0.51246 0.62337 0.62548
0.61810 0.59994 0.49120
0.62091 0.62470 0.52946
0.50629 0.66197 0.58802
0.60175 0.56350 0.52326
0.48782 0.59161 0.59909
0.61079 0.61884 0.54936
0.60857 0.59333 0.54080
0.65585 0.67143 0.53709
0.43141 0.59664 0.70589
0.62346 0.52367 0.53846
0.53556 0.57137 0.62104
0.63040 0.60446 0.56722
0.70642 0.51463 0.49730
0.62320 0.59238 0.51040
0.48942 0.62204 0.67384
0.54678 0.52739 0.47306
0.50394 0.55628 0.54833
0.50011 0.64558 0.56480
0.50547 0.55529 0.53143
0.49376 0.64604 0.63634
0.51536 0.55456 0.53179
0.57325 0.57599 0.56320
0.63247 0.57319 0.48541
0.53574 0.45375 0.54049
0.64590 0.59702 0.50842
0.56864 0.50834 0.54161
0.68148 0.54348 0.56914
0.67550 0.57952 0.49934
0.63887 0.53858 0.50860
0.62814 0.54671 0.52220
0.66829 0.53046 0.52001
0.58259 0.65366 0.54075
0.61060 0.61157 0.52455
0.62144 0.59006 0.53859
0.49071 0.72563 0.65952
0.60788 0.64689 0.53146
0.59246 0.67123 0.56317
0.65707 0.59419 0.50177
0.60926 0.54692 0.54542
0.60758 0.54476 0.51980
0.51500 0.54372 0.58335
0.59261 0.58714 0.56346
0.52475 0.51721 0.65453
0.45532 0.70354 0.64458
0.54072 0.45789 0.55581
0.62371 0.44608 0.49164
0.60697 0.42976 0.47275
0.47307 0.58272 0.64828
0.63743 0.59680 0.53430
0.52389 0.52112 0.58529
0.57144 0.62647 0.56624
0.66152 0.52098 0.49078
0.53589 0.61871 0.69467
0.62143 0.38583 0.48353
0.63861 0.64422 0.58698
0.52560 0.66709 0.59893
0.63327 0.62972 0.51463
0.59922 0.39276 0.49661
0.60326 0.57086 0.50745
0.48767 0.69194 0.62536
0.55068 0.57269 0.52938
0.46317 0.60893 0.63557
0.49332 0.60887 0.65985
0.49845 0.58493 0.60172
0.54967 0.58986 0.54068
0.54640 0.51321 0.52372
0.50406 0.71607 0.63402
0.61447 0.60675 0.52460
0.42062 0.68173 0.55761
0.49580 0.53861 0.47672
0.57179 0.62603 0.52814
0.64720 0.58718 0.61721
0.43024 0.65446 0.75732
0.53271 0.57514 0.56984
0.63781 0.58505 0.49825
0.52833 0.64533 0.61295
0.49451 0.71907 0.63146
0.53542 0.57585 0.54564
0.56548 0.57715 0.56047
0.56348 0.51487 0.55137
0.51235 0.68938 0.53695
0.46734 0.60501 0.66779
0.54475 0.58507 0.55333
0.53866 0.79066 0.63443
0.73991 0.55277 0.48782
0.76579 0.51481 0.47555
0.51838 0.50719 0.62295
0.55668 0.55984 0.59423
0.68127 0.64203 0.50739
0.51049 0.63679 0.59978
0.74446 0.40262 0.43879
0.63473 0.55193 0.52755
0.56201 0.59411 0.53547
0.53200 0.62244 0.60217
0.53039 0.69508 0.61228
0.63509 0.45353 0.49348
0.54233 0.67509 0.57234
0.29322 0.69090 0.64364
0.65838 0.59087 0.49518
0.53860 0.60421 0.61108
0.55204 0.40592 0.49921
0.45438 0.76453 0.61601
0.44347 0.76618 0.64895
0.58569 0.64677 0.56112
0.66264 0.57934 0.53243
0.51706 0.58463 0.60458
0.57233 0.51693 0.52476
0.56040 0.46500 0.47931
0.53302 0.53469 0.65903
0.48327 0.64386 0.60671
0.50624 0.50861 0.54740
0.66661 0.59836 0.54182
0.41747 0.65454 0.59427
0.50770 0.63970 0.60261
0.52866 0.52848 0.55060
0.62495 0.54504 0.50779
0.54534 0.77466 0.55059
0.47662 0.69181 0.57430
0.48448 0.62004 0.52334
0.55332 0.46750 0.57932
0.56197 0.74454 0.61022
0.51832 0.66552 0.63593
0.59383 0.60147 0.55510
0.54227 0.63298 0.58869
0.59622 0.56566 0.55026
0.56610 0.51287 0.55116
0.62230 0.51713 0.55912
0.63802 0.42973 0.42689
0.50100 0.60822 0.55367
0.48076 0.61814 0.58807
0.43277 0.63601 0.62361
0.56417 0.59127 0.57744
0.59854 0.59978 0.56609
0.73054 0.47699 0.48525
0.63502 0.69044 0.51664
0.50879 0.53277 0.66256
0.64182 0.47040 0.47259
0.46594 0.58724 0.60078
0.61597 0.52993 0.51992
0.65269 0.52410 0.48609
0.44601 0.53447 0.64071
0.59334 0.58037 0.55803
0.49809 0.70174 0.56990
0.54736 0.56523 0.51876
0.58589 0.65999 0.57386
0.39835 0.70279 0.56603
0.60682 0.62031 0.55268
0.50120 0.61935 0.66808
0.58540 0.56651 0.60080
0.46606 0.65605 0.69221
0.58114 0.51103 0.60846
0.51858 0.52683 0.54872
0.55662 0.48339 0.53718
0.51559 0.54442 0.63546
0.48034 0.64773 0.69739
0.51516 0.53803 0.56116
0.58832 0.50713 0.50808
0.61735 0.68023 0.58272
0.51473 0.68389 0.54964
0.47826 0.53524 0.57260
0.56544 0.58255 0.54648
0.51722 0.48974 0.51800
0.50982 0.56869 0.54182
0.61712 0.49999 0.53010
0.47431 0.64617 0.56846
0.71367 0.53101 0.53985
0.59608 0.54144 0.55400
0.53408 0.60683 0.55035
0.57593 0.57422 0.58672
0.61418 0.61771 0.58606
0.55833 0.66837 0.57321
0.53926 0.67641 0.64271
0.61448 0.64806 0.56692
0.54217 0.68508 0.54708
0.72709 0.51277 0.44046
