20 8 1000 46081 558
0.17706 0.36234 0.41474
0.59642 0.05936 0.75375
0.29163 0.61935 0.74217
0.84112 0.01847 0.80608
0.31775 0.18552 0.17510
0.97483 0.32336 0.23846
0.97315 0.98455 0.98704
0.88589 0.48827 0.25794
0.70469 0.26751 0.65850
0.60246 0.37347 0.50528
0.73296 0.55572 0.64650
0.54946 0.32250 0.30247
0.70650 0.21387 0.62306
0.56574 0.28293 0.43217
0.71327 0.37868 0.45497
0.64988 0.37347 0.44779
0.46818 0.31199 0.58387
0.80044 0.43036 0.59423
0.63424 0.39252 0.36449
0.56268 0.43443 0.51437
0.63041 0.28557 0.69271
0.85131 0.32089 0.40361
0.54418 0.45472 0.62016
0.51972 0.25876 0.56842
0.55893 0.52085 0.73462
0.73898 0.29678 0.58064
0.68542 0.53575 0.75755
0.72477 0.31906 0.39220
0.75529 0.41937 0.38193
0.54002 0.24462 0.50890
0.55294 0.20453 0.61833
0.63006 0.27947 0.62084
0.52037 0.19042 0.58272
0.77116 0.58248 0.52665
0.69410 0.47761 0.52367
0.68092 0.34458 0.58445
0.38307 0.41673 0.58616
0.38204 0.31645 0.35386
0.57361 0.28963 0.48919
0.51111 0.38664 0.53989
0.55029 0.17346 0.52034
0.62791 0.25806 0.55564
0.62843 0.48432 0.52745
0.56565 0.31657 0.42155
0.66528 0.37484 0.41557
0.60519 0.32965 0.54333
0.58884 0.27704 0.56479
0.62992 0.23809 0.72091
0.75809 0.54469 0.47769
0.45013 0.44517 0.53168
0.49926 0.35016 0.53731
0.57840 0.55082 0.64784
0.67220 0.29278 0.53945
0.62460 0.32213 0.62158
0.49846 0.38133 0.54002
0.72214 0.44050 0.69757
0.74882 0.36487 0.48767
0.76911 0.51503 0.62238
0.61336 0.33751 0.48378
0.49113 0.32845 0.45073
0.71373 0.32528 0.48535
0.57606 0.30251 0.53974
0.59037 0.22926 0.55502
0.49961 0.39430 0.48087
0.64692 0.49807 0.72253
0.65651 0.43393 0.61611
0.75012 0.50903 0.43469
0.41348 0.46184 0.56299
0.57584 0.39980 0.41053
0.71343 0.31210 0.63456
0.58728 0.56821 0.72851
0.67543 0.27258 0.61096
0.54004 0.33133 0.43780
0.65760 0.54914 0.63167
0.57865 0.28631 0.55342
0.65603 0.28598 0.60817
0.61528 0.42785 0.55943
0.55607 0.20957 0.52094
0.42521 0.50438 0.63902
0.84577 0.41751 0.53336
0.61252 0.25619 0.49280
0.67782 0.31478 0.51225
0.56839 0.30432 0.40121
0.69261 0.48236 0.45880
0.45367 0.24879 0.58844
0.65973 0.27276 0.55393
0.70928 0.23560 0.50608
0.68580 0.44997 0.70509
0.65013 0.31314 0.61138
0.64959 0.21179 0.62313
0.82387 0.32100 0.54257
0.69057 0.40874 0.53978
0.50176 0.38077 0.40960
0.53651 0.37468 0.37445
0.59058 0.46408 0.48782
0.55369 0.42120 0.53232
0.64540 0.44631 0.43967
0.65610 0.50365 0.54578
0.45310 0.40306 0.55430
0.60449 0.34910 0.48359
0.77165 0.19053 0.58450
0.54398 0.24417 0.46925
0.65312 0.39205 0.55940
0.71752 0.40583 0.41580
0.58661 0.27476 0.37162
0.56899 0.31862 0.43499
0.66263 0.31139 0.70760
0.61657 0.32212 0.52038
0.66129 0.36112 0.49811
0.51776 0.45117 0.51754
0.54109 0.42227 0.50318
0.47843 0.24077 0.45963
0.83215 0.32432 0.47225
0.78495 0.40726 0.51972
0.69370 0.32416 0.50389
0.56242 0.27614 0.33084
0.70218 0.32715 0.65371
0.63276 0.36566 0.41204
0.64598 0.42176 0.58365
0.54863 0.23717 0.47233
0.56363 0.36378 0.46410
0.76485 0.41033 0.37578
0.78492 0.33126 0.39022
0.79240 0.39986 0.29508
0.61587 0.42406 0.39584
0.71845 0.69414 0.71382
0.67187 0.30259 0.63471
0.64856 0.34484 0.46599
0.59114 0.22595 0.37136
0.67625 0.25780 0.70040
0.67444 0.61410 0.70604
0.62367 0.50921 0.44850
0.63387 0.44002 0.59312
0.59797 0.27128 0.58790
0.61176 0.28431 0.56330
0.83818 0.60821 0.55293
0.66211 0.52513 0.59195
0.62365 0.63621 0.70689
0.51508 0.49103 0.58717
0.59549 0.30123 0.48865
0.67225 0.51015 0.50990
0.48577 0.35571 0.62764
0.47652 0.32017 0.39112
0.62285 0.25547 0.45603
0.50196 0.38453 0.56906
0.63089 0.24728 0.58563
0.77924 0.36834 0.54145
0.70748 0.37741 0.52978
0.56689 0.33523 0.37336
0.68539 0.33759 0.64506
0.71195 0.38665 0.47137
0.59893 0.33521 0.43353
0.49640 0.39490 0.62008
0.67654 0.32861 0.67408
0.53698 0.42262 0.58360
0.56162 0.35848 0.52554
0.62067 0.33991 0.44731
0.66322 0.38013 0.40117
0.57910 0.29736 0.44260
0.80785 0.40444 0.38385
0.48999 0.19327 0.47612
0.72158 0.40477 0.54672
0.68863 0.37070 0.64175
0.72816 0.27714 0.61516
0.70043 0.27350 0.53575
0.61525 0.38690 0.55280
0.72459 0.67351 0.72475
0.67948 0.59930 0.76734
0.60695 0.32838 0.49114
0.54147 0.25382 0.57797
0.49998 0.30972 0.36873
0.58985 0.47490 0.61299
0.56727 0.25400 0.66410
0.79158 0.38179 0.48404
0.65418 0.41875 0.52808
0.62875 0.42608 0.50614
0.48463 0.39434 0.45557
0.59476 0.38681 0.49863
0.59894 0.20774 0.44088
0.56746 0.42436 0.45065
0.50762 0.31619 0.60220
0.57555 0.40506 0.57989
0.78356 0.41576 0.62459
0.74430 0.18897 0.67096
0.60806 0.43323 0.53137
0.51123 0.40053 0.54197
0.44116 0.38629 0.61926
0.81764 0.35755 0.44188
0.58199 0.55055 0.63529
0.78031 0.38746 0.39156
0.66588 0.27605 0.62097
0.62432 0.40638 0.53219
0.68304 0.37494 0.54544
0.48906 0.25357 0.43631
0.44445 0.32702 0.56536
0.73352 0.41775 0.53919
0.71683 0.33813 0.54922
0.75819 0.38815 0.50340
0.54488 0.32524 0.51493
0.80089 0.31933 0.49646
0.66419 0.26561 0.64961
0.55995 0.31604 0.61844
0.57558 0.33798 0.57541
0.65758 0.32149 0.54782
0.65534 0.51481 0.66836
0.51677 0.30087 0.50561
0.42976 0.31498 0.43642
0.57951 0.54295 0.70566
0.75309 0.43641 0.43666
0.57068 0.32232 0.47566
0.63571 0.36210 0.60998
0.76246 0.53884 0.59252
0.55792 0.31844 0.53064
0.74767 0.54967 0.59035
0.77766 0.33947 0.56478
0.55372 0.28745 0.48159
0.71822 0.23602 0.62172
0.63357 0.25621 0.53966
0.70462 0.51703 0.67936
0.36407 0.43854 0.51953
0.65175 0.32332 0.38407
0.80894 0.26482 0.55416
0.61819 0.25540 0.55209
0.57047 0.18759 0.54871
0.64291 0.30078 0.58289
0.77476 0.35087 0.68893
0.68867 0.42776 0.50713
0.59742 0.29370 0.62093
0.69231 0.50517 0.45587
0.61624 0.50163 0.65619
0.76645 0.40429 0.40134
0.56649 0.27882 0.55462
0.54405 0.41261 0.54409
0.58458 0.45231 0.64506
0.62910 0.45813 0.68689
0.70771 0.33353 0.61212
0.78372 0.51624 0.77145
0.50694 0.40776 0.51430
0.73869 0.34331 0.56276
0.61821 0.45921 0.71499
0.58537 0.29972 0.65435
0.69737 0.42494 0.49556
0.43966 0.39794 0.46461
0.58655 0.41694 0.57747
0.68397 0.25112 0.62170
0.73191 0.50802 0.55668
0.62668 0.47181 0.68260
0.62996 0.38879 0.48001
0.79102 0.41610 0.51095
0.79629 0.45016 0.55400
0.60426 0.45143 0.50336
0.49224 0.24159 0.60537
0.49794 0.39258 0.67394
0.78797 0.52746 0.66104
0.65563 0.48518 0.44883
0.61737 0.28213 0.51671
0.61448 0.33763 0.66429
0.62339 0.47075 0.73381
0.75164 0.30150 0.65725
0.63286 0.24951 0.61434
0.71045 0.24800 0.67423
0.77895 0.59945 0.79848
0.84438 0.53224 0.62099
0.67532 0.40954 0.39040
0.63774 0.48015 0.55730
0.55988 0.35642 0.46466
0.71485 0.27293 0.74603
0.69486 0.37920 0.63974
0.53151 0.36429 0.41180
0.41685 0.33406 0.50255
0.51125 0.31178 0.46516
0.57238 0.33790 0.49486
0.52479 0.34073 0.58143
0.69758 0.29093 0.55198
0.77071 0.47071 0.58109
0.60381 0.17126 0.61035
0.57396 0.33068 0.66810
0.68133 0.20664 0.64744
0.51043 0.40241 0.53417
0.75507 0.37850 0.38607
0.54277 0.32963 0.45446
0.81033 0.46369 0.60327
0.72564 0.42604 0.36154
0.43191 0.33432 0.49239
0.59605 0.37005 0.54372
0.45816 0.32175 0.55515
0.61352 0.36662 0.48860
0.58271 0.46070 0.61046
0.83432 0.44806 0.39753
0.58024 0.26185 0.52661
0.63598 0.32414 0.48563
0.75168 0.34372 0.41574
0.63405 0.43568 0.55905
0.49927 0.32327 0.44892
0.57334 0.45965 0.53178
0.72947 0.39046 0.53176
0.77345 0.31845 0.48875
0.74988 0.51442 0.52693
0.76585 0.42397 0.37662
0.62867 0.31340 0.52498
0.69073 0.36439 0.38245
0.64523 0.28683 0.66087
0.64885 0.43673 0.44936
0.60703 0.44798 0.54530
0.60277 0.34105 0.59371
0.62090 0.49624 0.63273
0.81185 0.28201 0.37478
0.55162 0.58795 0.65248
0.69605 0.53542 0.64543
0.74255 0.46709 0.56433
0.70557 0.30338 0.52893
0.78257 0.55150 0.68245
0.46292 0.24134 0.36737
0.71096 0.48005 0.56357
0.72666 0.32500 0.66526
0.57835 0.18164 0.55049
0.56057 0.30144 0.38847
0.49914 0.41250 0.44098
0.83638 0.67710 0.77068
0.62125 0.36863 0.36823
0.59303 0.48739 0.57073
0.77892 0.58976 0.77821
0.58008 0.33438 0.56202
0.53467 0.31094 0.42736
0.72918 0.29717 0.51168
0.61111 0.37690 0.61109
0.50071 0.36545 0.48160
0.62643 0.35630 0.61523
0.65409 0.53695 0.50630
0.71821 0.50868 0.50794
0.69063 0.52146 0.57901
0.89587 0.44212 0.38120
0.43919 0.51206 0.61676
0.41181 0.29075 0.54358
0.61988 0.29148 0.66646
0.68693 0.30239 0.48077
0.61809 0.21731 0.64297
0.53008 0.39068 0.54434
0.66042 0.56268 0.63329
0.62395 0.34733 0.44758
0.65044 0.36221 0.45949
0.67765 0.42190 0.60723
0.51334 0.42661 0.52296
0.79735 0.44017 0.45678
0.47967 0.41215 0.43832
0.59336 0.39118 0.49047
0.69799 0.60999 0.61339
0.70851 0.28643 0.65322
0.71683 0.42589 0.49457
0.63361 0.37246 0.41813
0.52024 0.39897 0.66769
0.84658 0.57277 0.62763
0.54570 0.42851 0.60567
0.59757 0.44298 0.70554
0.78679 0.54751 0.65530
0.64695 0.34526 0.62468
0.61218 0.48478 0.59489
0.53380 0.44722 0.64043
0.69735 0.54800 0.67412
0.56765 0.46435 0.57419
0.65859 0.25569 0.60494
0.65078 0.61742 0.62934
0.60667 0.35553 0.50924
0.73223 0.36857 0.48100
0.70511 0.26309 0.69967
0.56035 0.26960 0.58565
0.74754 0.22430 0.67459
0.77674 0.19500 0.59456
0.55537 0.45338 0.60828
0.57797 0.34774 0.67629
0.56497 0.39820 0.51107
0.63525 0.18762 0.66159
0.72485 0.23344 0.69037
0.66053 0.57072 0.66307
0.69871 0.40628 0.70638
0.77979 0.22223 0.57578
0.64035 0.47184 0.72525
0.72642 0.41682 0.71179
0.34828 0.31752 0.47397
0.72497 0.33295 0.54907
0.82438 0.38351 0.42847
0.65956 0.45675 0.65692
0.58065 0.40394 0.42997
0.73214 0.45300 0.64231
0.51746 0.37787 0.43436
0.43797 0.57599 0.64065
0.61893 0.34629 0.58018
0.41148 0.36041 0.50206
0.65027 0.37135 0.56225
0.56255 0.24752 0.43241
0.80091 0.25332 0.60136
0.68472 0.42445 0.49332
0.51178 0.36418 0.36150
0.65794 0.28037 0.63091
0.75536 0.55798 0.59086
0.77863 0.26139 0.53872
0.79188 0.35654 0.48083
0.82088 0.22952 0.54972
0.65368 0.32503 0.69162
0.81948 0.63539 0.72871
0.61657 0.41068 0.55391
0.49201 0.27300 0.31213
0.58430 0.19357 0.55999
0.66584 0.29443 0.50368
0.56721 0.28982 0.63880
0.39211 0.31447 0.44722
0.76440 0.42364 0.72514
0.70743 0.38793 0.39042
0.57926 0.41341 0.63970
0.66726 0.44550 0.71185
0.70041 0.45397 0.67003
0.61138 0.25339 0.66963
0.58579 0.29156 0.68877
0.63113 0.53647 0.58389
0.52696 0.28281 0.42097
0.68712 0.51119 0.56914
0.60108 0.25409 0.64058
0.65462 0.50102 0.56878
0.58177 0.40764 0.48604
0.64078 0.52530 0.56296
0.71678 0.25070 0.46065
0.65253 0.31048 0.49488
0.47502 0.36483 0.50570
0.56906 0.25012 0.59788
0.61847 0.39545 0.50959
0.62319 0.41260 0.40160
0.65883 0.30015 0.50097
0.52705 0.36866 0.46071
0.73383 0.17370 0.71662
0.62323 0.32642 0.54240
0.61945 0.32624 0.63459
0.70813 0.30219 0.59852
0.70165 0.47129 0.64523
0.46476 0.37092 0.38727
0.62228 0.47693 0.61764
0.42930 0.43865 0.53201
0.67320 0.47109 0.60690
0.68028 0.45061 0.50475
0.66871 0.27110 0.59651
0.66437 0.37536 0.51858
0.63345 0.43734 0.44449
0.81160 0.42969 0.44437
0.61706 0.34538 0.55128
0.37437 0.35910 0.50736
0.44377 0.54223 0.70696
0.59941 0.28804 0.59592
0.76846 0.43736 0.45150
0.60697 0.40120 0.50136
0.55754 0.27961 0.59825
0.67029 0.29115 0.38668
0.71322 0.47060 0.74463
0.52318 0.38198 0.48138
0.50340 0.37290 0.56986
0.64294 0.55609 0.63009
0.60196 0.30140 0.38879
0.69974 0.37630 0.66061
0.53840 0.30737 0.56943
0.62343 0.42804 0.59746
0.56807 0.36025 0.37869
0.55194 0.42692 0.56177
0.59195 0.28807 0.38614
0.51877 0.30649 0.43146
0.68614 0.38682 0.48352
0.52790 0.42935 0.66672
0.67005 0.38536 0.40402
0.63168 0.57542 0.75996
0.72528 0.56438 0.67386
0.61056 0.24653 0.66722
0.68125 0.26234 0.43878
0.66986 0.41410 0.61395
0.53649 0.32103 0.30106
0.49221 0.29235 0.42800
0.67968 0.33956 0.50562
0.71207 0.20567 0.67409
0.73448 0.51621 0.52503
0.66221 0.33727 0.39010
0.71171 0.46073 0.53550
0.60312 0.35286 0.61346
0.77359 0.69702 0.76361
0.86373 0.66299 0.68434
0.68413 0.37652 0.54829
0.47480 0.25626 0.53527
0.54856 0.34809 0.60012
0.67884 0.43081 0.54297
0.64984 0.32623 0.64773
0.67521 0.19964 0.64752
0.57572 0.59504 0.70907
0.73339 0.33094 0.50719
0.60586 0.28221 0.44069
0.59785 0.39248 0.58086
0.70325 0.47007 0.67256
0.67500 0.30404 0.49864
0.67593 0.25781 0.60060
0.54627 0.39826 0.51074
0.75955 0.48644 0.56455
0.71875 0.27769 0.49727
0.72986 0.50617 0.56040
0.81544 0.41084 0.77822
0.72492 0.29271 0.42856
0.81851 0.33897 0.68398
0.86208 0.40015 0.49772
0.74791 0.33889 0.44267
0.62355 0.46525 0.61392
0.62044 0.17951 0.65198
0.69193 0.21141 0.60769
0.58627 0.50801 0.63595
0.67038 0.26901 0.47656
0.61133 0.41174 0.62797
0.70486 0.30570 0.37536
0.80836 0.27722 0.48721
0.73789 0.37414 0.45237
0.69031 0.35581 0.43668
0.51186 0.40250 0.50692
0.56461 0.52551 0.59425
0.82284 0.29616 0.49440
0.62168 0.32819 0.40215
0.52309 0.40924 0.56295
0.59523 0.37368 0.49091
0.68884 0.26156 0.73743
0.59229 0.43942 0.60861
0.72762 0.50829 0.63912
0.75009 0.38929 0.32098
0.65300 0.27759 0.45440
0.74241 0.38175 0.52741
0.72112 0.23321 0.61841
0.55870 0.40297 0.46528
0.71993 0.57503 0.74083
0.59814 0.40983 0.60144
0.34593 0.43617 0.49667
0.64298 0.46968 0.70129
0.45249 0.37563 0.61156
0.66274 0.43987 0.72677
0.47187 0.43028 0.55034
0.61810 0.38250 0.33134
0.65003 0.31141 0.51130
0.59061 0.33272 0.43670
0.66835 0.44389 0.49791
0.64146 0.49362 0.64470
0.79349 0.25011 0.54518
0.67815 0.49746 0.61690
0.79762 0.46083 0.66759
0.73333 0.30584 0.29196
0.61446 0.43624 0.47048
0.70070 0.21003 0.62996
0.59799 0.41280 0.47567
0.46551 0.33587 0.40398
0.42348 0.37652 0.50040
0.54672 0.41084 0.41809
0.67853 0.29176 0.49770
0.62492 0.45536 0.60792
0.48682 0.37987 0.51959
0.34633 0.36573 0.46618
0.70977 0.38952 0.50534
0.60253 0.28596 0.53053
0.59953 0.56480 0.66346
0.73100 0.31367 0.60473
0.61510 0.26496 0.47514
0.60238 0.46960 0.49831
0.60090 0.42395 0.50818
0.57668 0.19673 0.61588
0.76466 0.40171 0.46694
0.54176 0.37938 0.66788
0.72590 0.59954 0.59800
0.79545 0.27935 0.60935
0.54028 0.35487 0.41414
0.84306 0.32625 0.40761
0.64797 0.27306 0.49346
0.75039 0.40611 0.56866
0.55525 0.28903 0.67555
0.71062 0.27966 0.55502
0.67936 0.44870 0.54532
0.69734 0.42869 0.42667
0.73618 0.40850 0.67794
0.57688 0.31986 0.51385
0.60427 0.42350 0.53187
0.62587 0.17012 0.55521
0.70820 0.29988 0.60346
0.63437 0.32415 0.58176
0.64800 0.54444 0.56689
0.51297 0.36271 0.51416
0.71395 0.25414 0.48342
0.61591 0.34655 0.56813
0.83093 0.56147 0.77174
0.58137 0.31896 0.54162
0.77798 0.51088 0.45064
0.59871 0.33756 0.56617
0.81914 0.32580 0.39087
0.58493 0.35140 0.45906
0.71796 0.38285 0.47002
0.57320 0.35567 0.53998
0.71477 0.53554 0.64423
0.51240 0.28440 0.57062
0.65979 0.31840 0.67438
0.37547 0.31810 0.38256
0.46835 0.43011 0.60211
0.69600 0.44090 0.57278
0.62234 0.34334 0.60795
0.71753 0.28189 0.58525
0.56363 0.28357 0.55896
0.50078 0.39621 0.60810
0.57680 0.47783 0.49437
0.54067 0.25701 0.54715
0.61600 0.25853 0.50340
0.71171 0.29553 0.76102
0.56669 0.37899 0.53532
0.55462 0.39821 0.59496
0.59474 0.43462 0.53844
0.48126 0.46246 0.58576
0.65393 0.48973 0.52194
0.63686 0.20871 0.67006
0.64158 0.40443 0.68620
0.69236 0.33303 0.40277
0.59074 0.38130 0.49554
0.72077 0.39118 0.48805
0.67904 0.29638 0.60778
0.72064 0.21514 0.67596
0.55466 0.33582 0.35992
0.64860 0.36257 0.56464
0.77908 0.40850 0.77158
0.72609 0.54228 0.59051
0.75431 0.53038 0.62108
0.54700 0.32506 0.47115
0.63232 0.23952 0.38420
0.78054 0.45647 0.74107
0.58737 0.37813 0.37909
0.76213 0.41459 0.42591
0.67583 0.45077 0.46342
0.52779 0.25690 0.51988
0.54899 0.32030 0.53410
0.66764 0.37165 0.48376
0.85446 0.34850 0.35695
0.52312 0.33863 0.58975
0.62314 0.35679 0.52803
0.68351 0.44481 0.63583
0.74987 0.34943 0.65178
0.71287 0.68164 0.82281
0.63649 0.42456 0.58092
0.75468 0.52229 0.58140
0.60303 0.38872 0.62587
0.63397 0.25426 0.51232
0.55915 0.27379 0.51709
0.52796 0.45897 0.57456
0.80216 0.48195 0.64503
0.46748 0.28104 0.65385
0.52591 0.48452 0.54424
0.52324 0.28506 0.45158
0.46779 0.41676 0.62767
0.64712 0.46570 0.67268
0.72557 0.32223 0.58974
0.61028 0.28911 0.52260
0.50735 0.36663 0.49299
0.64123 0.40471 0.57340
0.51870 0.45024 0.59208
0.60099 0.42609 0.54148
0.67290 0.20262 0.63935
0.72968 0.21370 0.52374
0.60776 0.31187 0.51380
0.80983 0.70726 0.69285
0.60457 0.27549 0.49343
0.64275 0.53576 0.62501
0.54835 0.44612 0.54923
0.57397 0.35030 0.51519
0.75685 0.49575 0.62846
0.59341 0.29149 0.44159
0.58328 0.34596 0.47650
0.49323 0.24691 0.61500
0.69572 0.48469 0.67098
0.52005 0.30063 0.49045
0.49903 0.45636 0.52282
0.65759 0.27255 0.38556
0.76687 0.41413 0.59302
0.79084 0.37220 0.46413
0.59019 0.37616 0.56268
0.60229 0.31829 0.58429
0.52758 0.32302 0.49719
0.60804 0.37708 0.60376
0.72452 0.26267 0.64496
0.62875 0.43466 0.58445
0.47575 0.40888 0.45187
0.52659 0.24045 0.57726
0.68501 0.52520 0.50428
0.60287 0.17606 0.63589
0.69791 0.49027 0.52569
0.67576 0.41012 0.38413
0.55877 0.39821 0.39600
0.59678 0.21928 0.57783
0.54741 0.36861 0.60554
0.54615 0.44178 0.48981
0.65511 0.37760 0.60345
0.57611 0.32005 0.51131
0.52901 0.21428 0.56081
0.58451 0.22834 0.55162
0.65910 0.37910 0.46181
0.59215 0.24502 0.41582
0.57468 0.38107 0.46659
0.56675 0.54749 0.68130
0.69403 0.36635 0.45375
0.57018 0.41413 0.59261
0.55703 0.26203 0.35200
0.68026 0.40116 0.44567
0.52511 0.25285 0.34481
0.67369 0.28709 0.59726
0.49943 0.45950 0.52727
0.60159 0.52152 0.57835
0.60358 0.41007 0.47606
0.77070 0.65332 0.66771
0.57182 0.33200 0.49501
0.47506 0.30363 0.46494
0.73736 0.69413 0.79160
0.72376 0.29054 0.46890
0.63396 0.18181 0.64130
0.67172 0.27121 0.63319
0.66043 0.13069 0.71454
0.58359 0.32114 0.54283
0.70608 0.24712 0.54457
0.54271 0.46462 0.63754
0.57316 0.35679 0.47552
0.64897 0.46383 0.60567
0.67183 0.35943 0.48171
0.77687 0.35295 0.37516
0.72824 0.29923 0.65372
0.72287 0.52966 0.75060
0.75799 0.42360 0.57396
0.71173 0.38280 0.55374
0.71354 0.47330 0.66543
0.47391 0.38717 0.57038
0.54195 0.33379 0.46891
0.75221 0.32905 0.68049
0.58895 0.33149 0.64310
0.70445 0.29592 0.49548
0.76317 0.37630 0.61075
0.51423 0.33458 0.39984
0.56845 0.29335 0.51468
0.61300 0.33156 0.59801
0.71505 0.32182 0.43468
0.70117 0.28593 0.55992
0.56207 0.33386 0.45970
0.70649 0.45189 0.48645
0.68436 0.46743 0.49501
0.47998 0.22915 0.35157
0.71217 0.34126 0.53410
0.62479 0.27376 0.58910
0.62932 0.37316 0.60251
0.81207 0.44031 0.59904
0.56365 0.42901 0.60817
0.56779 0.21795 0.41092
0.56684 0.25476 0.58310
0.67717 0.34348 0.47775
0.72085 0.36981 0.36719
0.66392 0.37684 0.42910
0.69817 0.40459 0.40467
0.53686 0.31587 0.44205
0.73583 0.22846 0.46868
0.75458 0.41074 0.52289
0.66633 0.29568 0.55547
0.53245 0.40914 0.53105
0.80813 0.25446 0.48677
0.56442 0.44449 0.49922
0.71368 0.45757 0.58939
0.71662 0.41610 0.45864
0.68970 0.34648 0.45756
0.77352 0.51950 0.62841
0.75286 0.47655 0.59454
0.70352 0.37742 0.44510
0.69335 0.37486 0.72258
0.58681 0.39015 0.54703
0.64755 0.46704 0.43240
0.54728 0.39225 0.43438
0.78013 0.37175 0.55139
0.80544 0.36477 0.46396
0.77287 0.32195 0.43610
0.62819 0.36647 0.51918
0.68782 0.44378 0.57235
0.56321 0.49532 0.60353
0.65540 0.48225 0.63251
0.64397 0.29776 0.46261
0.69403 0.59014 0.73149
0.56967 0.27202 0.48965
0.59535 0.37774 0.47922
0.51719 0.40751 0.56671
0.67530 0.46775 0.68322
0.53822 0.55821 0.57861
0.38044 0.40670 0.47600
0.65668 0.41169 0.52126
0.55710 0.37039 0.58639
0.42830 0.34638 0.44748
0.52984 0.26788 0.32416
0.58109 0.39845 0.54217
0.55141 0.54131 0.64776
0.61612 0.40566 0.36223
0.47389 0.47344 0.62852
0.62031 0.51653 0.69806
0.60898 0.28782 0.63535
0.58303 0.40784 0.54249
0.52623 0.35539 0.61543
0.71492 0.56155 0.61187
0.83284 0.61424 0.71330
0.84550 0.45363 0.80090
0.54953 0.31166 0.34261
0.56414 0.31436 0.42344
0.67048 0.46606 0.64230
0.68637 0.29280 0.67597
0.79856 0.59337 0.57957
0.75273 0.55798 0.60462
0.42605 0.28723 0.52849
0.53828 0.41829 0.44672
0.63984 0.50862 0.66135
0.58953 0.44474 0.56036
0.54328 0.18696 0.60515
0.64912 0.44961 0.67713
0.71648 0.38136 0.41662
0.76878 0.47420 0.59231
0.63379 0.40674 0.56191
0.56194 0.32535 0.36662
0.71713 0.39204 0.40690
0.65246 0.35909 0.49370
0.62240 0.41815 0.44919
0.72659 0.25316 0.56115
0.62275 0.33843 0.46411
0.75728 0.47784 0.56524
0.70689 0.30759 0.63421
0.60657 0.29728 0.47964
0.67247 0.46543 0.56403
0.66299 0.42453 0.52779
0.77226 0.31467 0.41711
0.67941 0.27343 0.54252
0.85923 0.41876 0.40272
0.80725 0.70626 0.83564
0.45765 0.38956 0.58664
0.63654 0.23837 0.52998
0.79554 0.24888 0.67701
0.82502 0.74135 0.80691
0.74652 0.26492 0.62606
0.74109 0.44999 0.48279
0.68646 0.30370 0.48943
0.65640 0.30588 0.71565
0.72275 0.33005 0.57540
0.47754 0.38945 0.41238
0.63274 0.36987 0.54079
0.79948 0.32117 0.44727
0.57870 0.40691 0.44449
0.67689 0.22887 0.58452
0.61644 0.42482 0.53564
0.65020 0.28574 0.43690
0.48372 0.24521 0.53532
0.58139 0.24831 0.59683
0.60797 0.39778 0.43760
0.75511 0.51951 0.54031
0.72039 0.29990 0.48695
0.67072 0.42480 0.56267
0.61259 0.30695 0.58082
0.61575 0.23500 0.60775
0.57359 0.48942 0.64901
0.91519 0.61288 0.73462
0.59376 0.47555 0.64285
0.72560 0.22136 0.55287
0.68441 0.25774 0.65407
0.61989 0.29797 0.49703
0.58824 0.49465 0.49686
0.69918 0.34075 0.57353
0.79084 0.31400 0.39436
0.43476 0.28644 0.42163
0.57998 0.39634 0.59425
0.79965 0.35303 0.61283
0.85424 0.46256 0.33524
0.60405 0.54422 0.61837
0.38798 0.39278 0.52635
0.70376 0.64014 0.68653
0.61618 0.40654 0.65393
0.68644 0.37606 0.43920
0.60792 0.39764 0.54825
0.77878 0.35747 0.48842
0.66708 0.26612 0.66727
0.73952 0.34589 0.60430
0.66126 0.30905 0.39265
0.68214 0.34167 0.58462
0.51768 0.37532 0.43669
0.79349 0.27313 0.49552
0.66616 0.42758 0.70480
0.58391 0.32600 0.38955
0.77308 0.34538 0.46726
0.76104 0.55555 0.60406
0.54032 0.31368 0.44146
0.55170 0.34726 0.58873
0.74822 0.42999 0.47871
0.55753 0.31421 0.49635
0.70946 0.38294 0.46185
0.46458 0.28189 0.38595
0.46907 0.26065 0.50793
0.49835 0.31689 0.46298
0.55776 0.44296 0.60832
0.43390 0.31002 0.61485
0.57663 0.43451 0.45565
0.70555 0.35619 0.46851
0.61390 0.31142 0.34932
0.70030 0.51625 0.74134
0.61786 0.29211 0.64172
0.75815 0.57496 0.72854
0.52078 0.28171 0.39530
0.44959 0.30873 0.38083
0.58214 0.26590 0.61880
0.77199 0.29095 0.56629
0.74532 0.45513 0.54175
0.67254 0.31554 0.61560
0.61656 0.34409 0.59697
0.54374 0.36458 0.41076
0.57445 0.38195 0.52438
0.59610 0.50739 0.55868
0.54973 0.43137 0.58541
0.69617 0.31186 0.35325
0.64668 0.21774 0.55054
0.52980 0.38576 0.53171
0.46949 0.52267 0.54809
0.64680 0.45942 0.63378
0.60966 0.34876 0.63465
0.69845 0.57147 0.60730
0.65485 0.40916 0.52724
0.59959 0.26135 0.51519
0.68733 0.35619 0.53249
0.61266 0.35680 0.40544
0.66433 0.33579 0.45277
0.69525 0.27055 0.75997
0.59553 0.34320 0.49618
0.67128 0.29310 0.63468
0.63359 0.32079 0.39148
0.80693 0.42328 0.35166
0.77201 0.26485 0.49391
0.71955 0.39917 0.66787
0.53619 0.32989 0.40209
0.52191 0.26496 0.50176
0.69992 0.28464 0.58780
0.67970 0.38896 0.48420
0.71934 0.54963 0.67249
0.55880 0.27118 0.47379
0.65819 0.28416 0.51241
0.63649 0.50625 0.63273
0.57716 0.26771 0.67891
0.56796 0.44885 0.62911
0.43256 0.32652 0.55710
0.59593 0.24909 0.44146
0.79008 0.27085 0.56569
0.66538 0.26077 0.55223
0.69235 0.54688 0.57838
0.68529 0.35033 0.58715
0.58793 0.43810 0.48486
0.83694 0.48565 0.67399
0.76864 0.45217 0.45252
0.72104 0.49308 0.69582
0.75423 0.37320 0.44403
0.43284 0.36475 0.42552
0.75840 0.44174 0.34225
0.70609 0.28299 0.66244
0.62260 0.37847 0.43211
0.65417 0.40788 0.62894
0.71928 0.29727 0.42783
0.55800 0.34698 0.39028
0.61447 0.48908 0.63593
0.71366 0.56853 0.80063
0.74958 0.28035 0.65326
0.60260 0.28208 0.68689
0.51683 0.28041 0.54427
0.80081 0.38437 0.33609
0.62641 0.52778 0.58794
0.76512 0.25966 0.51958
0.76255 0.44204 0.45473
0.76268 0.44490 0.65221
0.53000 0.30146 0.53936
0.53858 0.46675 0.63842
0.65283 0.33133 0.72456
0.68539 0.25054 0.54718
0.64738 0.43714 0.56331
0.59901 0.28788 0.36588
0.68523 0.49090 0.54014
0.58579 0.52650 0.65793
0.61080 0.25054 0.55179
0.82702 0.32153 0.37865
0.66618 0.31126 0.54391
0.47786 0.45971 0.48539
0.53702 0.36594 0.47268
0.67477 0.46618 0.46717
0.67799 0.47482 0.72051
0.54749 0.55124 0.65535
0.46640 0.37553 0.57421
0.71152 0.45199 0.44621
0.49523 0.46127 0.50926
0.59597 0.42478 0.53803
0.70974 0.36929 0.43894
0.57658 0.51539 0.65013
0.70334 0.39851 0.68415
0.72158 0.35356 0.37182
0.83496 0.20567 0.48033
0.58356 0.34404 0.43243
0.50279 0.27728 0.58365
0.64869 0.33655 0.52267
0.68697 0.42151 0.59029
0.69289 0.36133 0.60553
0.51638 0.29071 0.61720
0.81904 0.44651 0.53950
0.61457 0.39892 0.62948
0.55560 0.23174 0.29142
0.86689 0.34100 0.46076
0.63089 0.43332 0.64474
0.35272 0.39175 0.44570
0.59663 0.36425 0.56614
0.65486 0.24457 0.53066
0.46892 0.26482 0.52178
0.70125 0.39306 0.43975
0.66891 0.23954 0.61147
