20 11 1000 5890 2929
0.57764 0.17654 0.89166
0.86801 0.46148 0.79213
0.73833 0.80822 0.75667
0.09191 0.42392 0.54607
0.03380 0.26760 0.01072
0.07649 0.93070 0.11433
0.50009 0.66172 0.94075
0.13728 0.43479 0.31558
0.56379 0.57146 0.65114
0.36600 0.92527 0.65354
0.00599 0.02694 0.18935
0.40424 0.40804 0.65352
0.32544 0.46005 0.45153
0.36696 0.45586 0.56501
0.30458 0.56024 0.50259
0.17891 0.49523 0.28715
0.34996 0.60767 0.51563
0.36614 0.43855 0.53705
0.32120 0.39969 0.44890
0.28717 0.49818 0.53703
0.28164 0.61079 0.47479
0.44345 0.56968 0.64251
0.41393 0.48730 0.45941
0.35779 0.67582 0.44543
0.26549 0.41550 0.33875
0.50717 0.49510 0.68623
0.42672 0.50300 0.65395
0.22083 0.60565 0.35178
0.51960 0.65637 0.67008
0.35361 0.61101 0.51984
0.24775 0.52294 0.45557
0.30076 0.38246 0.43509
0.35657 0.55867 0.56677
0.37999 0.65387 0.57641
0.31172 0.48318 0.45886
0.49943 0.62685 0.67234
0.44741 0.41119 0.62076
0.24840 0.51064 0.44185
0.44674 0.36681 0.63644
0.37310 0.59102 0.51369
0.20624 0.38088 0.41728
0.32141 0.51968 0.48382
0.52970 0.52155 0.68789
0.25852 0.59018 0.44011
0.38912 0.57841 0.55817
0.47488 0.55126 0.63888
0.31315 0.53015 0.45698
0.24416 0.51489 0.44821
0.34809 0.56705 0.54756
0.36493 0.60252 0.54648
0.56564 0.59978 0.64656
0.41463 0.53327 0.63593
0.47724 0.53206 0.63542
0.24833 0.58319 0.39643
0.35792 0.43027 0.64813
0.43266 0.48985 0.61792
0.35685 0.60071 0.50733
0.40560 0.56851 0.49712
0.52391 0.55171 0.60732
0.26700 0.59299 0.47163
0.46781 0.57327 0.58472
0.39332 0.61089 0.57526
0.45290 0.55923 0.53000
0.41482 0.42568 0.57076
0.24251 0.42044 0.51143
0.45021 0.61063 0.59476
0.51482 0.53569 0.70511
0.42257 0.53738 0.61311
0.30484 0.43885 0.46127
0.29783 0.53192 0.40943
0.38589 0.52206 0.61356
0.29782 0.45731 0.46025
0.44770 0.63913 0.63598
0.32433 0.48583 0.54778
0.37566 0.53945 0.60560
0.32037 0.40458 0.48783
0.29354 0.59698 0.51531
0.29305 0.54380 0.46893
0.45599 0.39887 0.51302
0.35782 0.51563 0.52443
0.38243 0.52038 0.55179
0.22080 0.36399 0.37818
0.38844 0.51282 0.58423
0.41104 0.56861 0.50641
0.28392 0.34355 0.48372
0.36930 0.66339 0.51825
0.40389 0.45365 0.63670
0.25145 0.45665 0.41366
0.31571 0.63734 0.43023
0.34013 0.67060 0.60467
0.33766 0.63447 0.46246
0.34459 0.53428 0.53649
0.39943 0.48703 0.57148
0.24125 0.51722 0.36261
0.31217 0.45685 0.44332
0.48963 0.60828 0.64895
0.31503 0.44352 0.52164
0.49128 0.49910 0.59968
0.17603 0.36618 0.34155
0.29678 0.45704 0.40823
0.36599 0.54553 0.62550
0.49240 0.50022 0.64602
0.31867 0.41371 0.57618
0.27343 0.38502 0.54878
0.40582 0.60187 0.52531
0.45443 0.56813 0.62978
0.36145 0.57113 0.60375
0.42637 0.36689 0.53770
0.34008 0.54392 0.56099
0.39301 0.54767 0.59787
0.29398 0.44643 0.41190
0.44109 0.46407 0.60465
0.22788 0.41634 0.47563
0.38346 0.47924 0.65435
0.31349 0.51725 0.48920
0.24625 0.72666 0.36014
0.34205 0.49732 0.44846
0.43468 0.59746 0.60641
0.40917 0.44553 0.57724
0.42877 0.59982 0.48738
0.39909 0.55834 0.52078
0.50384 0.64527 0.56701
0.30679 0.54684 0.42812
0.39670 0.37788 0.48400
0.18882 0.37574 0.31483
0.28713 0.41896 0.45729
0.34422 0.72204 0.48831
0.19029 0.45111 0.32490
0.30349 0.37046 0.55500
0.45335 0.54320 0.62606
0.44451 0.51281 0.61063
0.46010 0.68061 0.63226
0.23355 0.51595 0.36553
0.37796 0.66707 0.52351
0.33000 0.56672 0.55023
0.29862 0.47542 0.54159
0.34732 0.43906 0.50598
0.43595 0.41644 0.56929
0.33685 0.55157 0.50729
0.29314 0.50916 0.48036
0.25188 0.53308 0.37313
0.43470 0.64618 0.62150
0.31777 0.45905 0.48905
0.20992 0.38296 0.40406
0.39536 0.48897 0.56548
0.35448 0.39645 0.56339
0.30930 0.53761 0.53042
0.20307 0.38092 0.38097
0.32028 0.57256 0.56574
0.38317 0.60445 0.54921
0.26560 0.49974 0.37853
0.29331 0.44965 0.43888
0.21080 0.39512 0.35349
0.31258 0.43094 0.45953
0.34390 0.49372 0.55145
0.22987 0.70691 0.38272
0.25855 0.55252 0.41430
0.30623 0.44861 0.47123
0.51258 0.57402 0.63407
0.58428 0.58688 0.72193
0.31132 0.69336 0.52007
0.51055 0.58554 0.65391
0.34217 0.54483 0.49758
0.42360 0.66027 0.61897
0.47255 0.62443 0.59430
0.52906 0.50311 0.63369
0.48137 0.47569 0.64072
0.45088 0.57913 0.55524
0.45884 0.55077 0.56090
0.52742 0.53894 0.58915
0.43330 0.47660 0.57551
0.40824 0.39505 0.61820
0.24141 0.38892 0.40261
0.38687 0.63173 0.54381
0.36535 0.45195 0.55519
0.32195 0.64650 0.45895
0.35763 0.54133 0.61442
0.40671 0.53429 0.64710
0.50241 0.52312 0.66191
0.30676 0.52014 0.51845
0.29645 0.51579 0.46554
0.21092 0.38896 0.41416
0.30717 0.35910 0.53003
0.42344 0.53600 0.67363
0.44065 0.61788 0.62537
0.25823 0.42516 0.37616
0.43796 0.66577 0.56406
0.46722 0.64151 0.61709
0.34636 0.53017 0.54050
0.48740 0.50285 0.69950
0.43820 0.51874 0.60139
0.32455 0.71167 0.45846
0.36715 0.50933 0.50762
0.44938 0.60761 0.66504
0.39604 0.50171 0.55531
0.35919 0.51914 0.52247
0.27583 0.51437 0.51043
0.38839 0.72241 0.57500
0.28420 0.47640 0.37164
0.56672 0.60705 0.66325
0.39755 0.50066 0.60679
0.41029 0.66691 0.57358
0.29449 0.45365 0.44612
0.39177 0.51348 0.52201
0.23396 0.46395 0.35423
0.50176 0.49792 0.64887
0.36326 0.55936 0.65678
0.43227 0.51362 0.60695
0.27429 0.41770 0.49153
0.39049 0.51443 0.53095
0.37371 0.49323 0.53778
0.26627 0.43531 0.35871
0.31732 0.40835 0.56623
0.22710 0.39225 0.34493
0.37145 0.41548 0.58171
0.39994 0.60495 0.58777
0.39045 0.49942 0.56772
0.39436 0.58873 0.51002
0.42413 0.57437 0.60409
0.43679 0.51789 0.59772
0.34550 0.58683 0.48678
0.23275 0.42857 0.41794
0.31122 0.46142 0.46535
0.32188 0.56933 0.59685
0.37813 0.53016 0.52070
0.32626 0.51443 0.48524
0.34190 0.51248 0.58600
0.39799 0.42084 0.56477
0.18348 0.30366 0.34437
0.33824 0.39506 0.52518
0.36995 0.57609 0.59196
0.24213 0.51924 0.45377
0.26929 0.51113 0.38527
0.38929 0.51348 0.54922
0.24769 0.50193 0.37103
0.35928 0.51357 0.49862
0.33837 0.50193 0.59807
0.35516 0.42357 0.49990
0.42604 0.48449 0.60469
0.32994 0.36261 0.53628
0.34128 0.48440 0.51310
0.43135 0.64680 0.52953
0.36302 0.48828 0.57518
0.45108 0.60666 0.59561
0.48856 0.55362 0.58695
0.51678 0.50154 0.62883
0.37452 0.58887 0.53955
0.27951 0.46339 0.48581
0.43326 0.62400 0.59118
0.42977 0.57345 0.61960
0.38556 0.54718 0.57027
0.24539 0.35578 0.42533
0.36906 0.44507 0.46408
0.34800 0.43853 0.58753
0.30436 0.49654 0.51679
0.24848 0.41802 0.39994
0.35804 0.45580 0.52873
0.39472 0.49934 0.61461
0.29934 0.64415 0.58465
0.35806 0.51792 0.51616
0.26086 0.59760 0.44128
0.23536 0.57483 0.44723
0.22694 0.41414 0.40793
0.37960 0.44147 0.45100
0.31561 0.53252 0.51667
0.33281 0.43519 0.48524
0.32033 0.32718 0.45541
0.51338 0.42448 0.69292
0.24176 0.46571 0.55131
0.44443 0.69294 0.57174
0.31744 0.46482 0.59612
0.44771 0.51518 0.55364
0.36311 0.53546 0.54424
0.37179 0.45841 0.54937
0.32295 0.63536 0.51680
0.37097 0.53798 0.46773
0.31549 0.55319 0.47222
0.32887 0.46306 0.50570
0.44767 0.62250 0.65981
0.27751 0.60723 0.46312
0.23396 0.56725 0.37772
0.55704 0.62993 0.68987
0.41645 0.48139 0.53117
0.24615 0.30360 0.42863
0.20344 0.45648 0.29358
0.41127 0.51659 0.72688
0.27657 0.45077 0.46807
0.42625 0.41193 0.49801
0.48830 0.54986 0.61744
0.35935 0.51844 0.53479
0.43834 0.51370 0.70116
0.34254 0.59431 0.50781
0.38673 0.49898 0.52793
0.37680 0.42725 0.62024
0.26840 0.61544 0.45985
0.37665 0.59948 0.54382
0.37524 0.54964 0.57222
0.40493 0.55677 0.54409
0.49252 0.50427 0.68187
0.34234 0.63827 0.50100
0.49932 0.53945 0.63796
0.29561 0.48383 0.48203
0.40880 0.56625 0.61140
0.32379 0.55662 0.48574
0.27053 0.38548 0.32385
0.35791 0.48485 0.51566
0.37019 0.53736 0.60936
0.36470 0.48297 0.52219
0.28789 0.48941 0.51735
0.39580 0.63396 0.60967
0.27751 0.37000 0.46022
0.34348 0.41660 0.52673
0.43955 0.41100 0.52212
0.38869 0.54355 0.55828
0.40825 0.46386 0.54020
0.34889 0.47253 0.49854
0.39569 0.45323 0.54668
0.34347 0.52078 0.67093
0.54199 0.58858 0.65566
0.36999 0.43459 0.54225
0.41807 0.52384 0.55922
0.31643 0.49606 0.45788
0.39390 0.53914 0.57189
0.41918 0.50334 0.55259
0.36766 0.46101 0.47609
0.15785 0.53020 0.28126
0.35361 0.40245 0.53229
0.28745 0.49076 0.47060
0.36336 0.59191 0.50157
0.39845 0.40864 0.58548
0.26790 0.50690 0.53443
0.36914 0.36910 0.59363
0.42163 0.53628 0.62307
0.19859 0.41001 0.36554
0.40710 0.45309 0.55797
0.28179 0.65622 0.40242
0.41031 0.46071 0.59466
0.25502 0.48563 0.37040
0.32293 0.48438 0.55733
0.30784 0.54216 0.54624
0.42106 0.54613 0.67411
0.21145 0.47717 0.40539
0.54867 0.59193 0.64026
0.43762 0.61514 0.58602
0.26183 0.43804 0.56438
0.31282 0.52907 0.51945
0.25953 0.43761 0.41027
0.32011 0.52470 0.51928
0.40018 0.49749 0.56184
0.26996 0.54102 0.40886
0.34105 0.60275 0.53938
0.42966 0.45583 0.53791
0.38296 0.44878 0.57695
0.37342 0.51074 0.59379
0.52923 0.56033 0.73347
0.32632 0.61387 0.48441
0.42856 0.40669 0.63680
0.32221 0.57765 0.46353
0.29978 0.48023 0.53789
0.39483 0.39075 0.66987
0.41736 0.57246 0.52560
0.33651 0.43315 0.48483
0.22338 0.38191 0.36947
0.28411 0.60014 0.39523
0.46638 0.45924 0.59239
0.30916 0.54428 0.54770
0.30204 0.48014 0.52486
0.38933 0.53254 0.56184
0.50723 0.41917 0.66889
0.38179 0.53675 0.55527
0.15322 0.40951 0.30666
0.44961 0.56929 0.57841
0.28020 0.47641 0.54027
0.36138 0.59139 0.52403
0.45635 0.47659 0.56932
0.43952 0.55392 0.62809
0.30450 0.42851 0.58906
0.45911 0.46879 0.73251
0.34210 0.45102 0.59364
0.32067 0.44133 0.47890
0.47456 0.63752 0.62585
0.33743 0.53044 0.58664
0.37248 0.30859 0.57714
0.43104 0.51096 0.57080
0.33702 0.42639 0.56860
0.42027 0.59510 0.71480
0.43223 0.60215 0.55097
0.46382 0.63247 0.62729
0.46276 0.59530 0.64733
0.36991 0.59698 0.46029
0.27948 0.46413 0.45819
0.20929 0.52950 0.32550
0.42880 0.52887 0.65317
0.35119 0.63231 0.52039
0.38685 0.60704 0.63136
0.28590 0.34057 0.49568
0.35975 0.47000 0.51837
0.38064 0.57991 0.56764
0.52159 0.52634 0.62397
0.44991 0.66156 0.67095
0.27741 0.57554 0.52223
0.36076 0.48865 0.57112
0.43739 0.58707 0.58177
0.39350 0.51376 0.56158
0.32885 0.49073 0.50019
0.41814 0.56850 0.66711
0.35876 0.47542 0.56639
0.27361 0.48512 0.43328
0.32476 0.52852 0.43213
0.49258 0.58574 0.61391
0.31320 0.53620 0.49013
0.29793 0.50010 0.44668
0.25552 0.48045 0.48964
0.27913 0.54328 0.41338
0.34124 0.52863 0.56093
0.23511 0.42461 0.35591
0.43230 0.69265 0.64054
0.24485 0.56808 0.39978
0.47254 0.54025 0.62751
0.39491 0.51743 0.52661
0.50178 0.45750 0.63934
0.45530 0.57317 0.58341
0.42116 0.59723 0.58063
0.39211 0.60555 0.59987
0.50463 0.49119 0.67400
0.40480 0.56622 0.61325
0.34760 0.44680 0.57089
0.37009 0.53460 0.69695
0.23849 0.45340 0.38523
0.32683 0.52847 0.46113
0.32078 0.46679 0.46747
0.34509 0.46504 0.54903
0.30377 0.47148 0.46859
0.26026 0.62976 0.41863
0.22977 0.46546 0.45284
0.41895 0.55321 0.57302
0.45172 0.56084 0.56197
0.39868 0.40816 0.54779
0.30556 0.55869 0.45951
0.34732 0.63666 0.49711
0.39796 0.52477 0.56022
0.22941 0.42126 0.36164
0.48036 0.57760 0.69130
0.27918 0.50461 0.51290
0.41543 0.51278 0.56305
0.25685 0.52412 0.58535
0.32163 0.44985 0.40265
0.29254 0.49252 0.36946
0.31393 0.42685 0.50366
0.34344 0.39723 0.57200
0.46432 0.53552 0.61108
0.41065 0.64036 0.51794
0.37165 0.39655 0.51610
0.32675 0.50752 0.49124
0.33857 0.57089 0.53965
0.39169 0.58294 0.55411
0.34596 0.45340 0.48870
0.33887 0.38208 0.50073
0.34313 0.47080 0.51915
0.36318 0.51516 0.58840
0.34729 0.54812 0.64187
0.41596 0.65134 0.54724
0.29175 0.51716 0.47306
0.42486 0.59976 0.59166
0.26327 0.42029 0.35149
0.45128 0.57160 0.61055
0.25554 0.57713 0.42716
0.29810 0.48693 0.49432
0.31234 0.51543 0.48989
0.42773 0.44240 0.57048
0.41576 0.50150 0.53107
0.36778 0.50724 0.51504
0.27607 0.47880 0.41854
0.29026 0.44012 0.45306
0.33197 0.56753 0.45734
0.33048 0.35251 0.54640
0.43566 0.53779 0.60682
0.54359 0.59664 0.64427
0.33906 0.54363 0.51417
0.23339 0.33240 0.41533
0.42869 0.48301 0.57319
0.37755 0.46056 0.56442
0.25996 0.50407 0.39039
0.43622 0.58201 0.61004
0.30548 0.39012 0.46278
0.28922 0.51875 0.47686
0.30645 0.49698 0.48741
0.39134 0.59807 0.54217
0.37133 0.69260 0.49635
0.20940 0.33327 0.39698
0.20703 0.59605 0.33308
0.42645 0.51539 0.59809
0.29985 0.56675 0.47181
0.27040 0.41017 0.56414
0.23912 0.47179 0.44893
0.29939 0.48026 0.38234
0.30660 0.43851 0.43200
0.44802 0.60342 0.56363
0.50692 0.67653 0.62304
0.31701 0.67867 0.48208
0.48161 0.56039 0.66907
0.27157 0.41108 0.43184
0.34581 0.64365 0.46693
0.32665 0.46161 0.48152
0.30794 0.57660 0.38630
0.32269 0.53780 0.61562
0.37329 0.53542 0.62060
0.36806 0.52838 0.50287
0.45143 0.49793 0.62332
0.42514 0.47729 0.60780
0.23911 0.48991 0.41942
0.41912 0.44843 0.62999
0.50186 0.63794 0.65598
0.33550 0.57919 0.42908
0.48439 0.49204 0.63405
0.19307 0.43345 0.37793
0.33411 0.58440 0.53166
0.28902 0.61136 0.44922
0.51756 0.62251 0.66831
0.40094 0.53404 0.59450
0.44097 0.67816 0.63576
0.34945 0.43400 0.50699
0.38912 0.66242 0.55386
0.34386 0.54053 0.52056
0.45820 0.56029 0.59107
0.51320 0.40840 0.56159
0.40395 0.46617 0.59900
0.34535 0.67202 0.43895
0.42292 0.51179 0.66391
0.48694 0.57453 0.62877
0.36340 0.56794 0.49237
0.29930 0.46940 0.45170
0.32950 0.39128 0.49544
0.49356 0.52375 0.57344
0.40275 0.69866 0.55402
0.44441 0.53320 0.57818
0.44461 0.55538 0.64834
0.34590 0.57027 0.51338
0.34587 0.47600 0.50413
0.35164 0.47656 0.53329
0.30235 0.61948 0.54261
0.40283 0.41493 0.59957
0.42733 0.66340 0.58911
0.46147 0.45856 0.67225
0.35278 0.66044 0.51907
0.40188 0.49483 0.55300
0.46785 0.53187 0.66931
0.43947 0.45193 0.66446
0.38497 0.42566 0.47976
0.33766 0.52401 0.57515
0.15214 0.44412 0.34998
0.25947 0.37559 0.54196
0.28576 0.64458 0.49512
0.22215 0.55464 0.32471
0.37206 0.50630 0.51255
0.31956 0.59830 0.42447
0.34340 0.48721 0.52121
0.52711 0.54881 0.62484
0.49299 0.47238 0.59345
0.36985 0.44412 0.44671
0.32106 0.35839 0.44925
0.49077 0.56247 0.61157
0.49474 0.43835 0.68232
0.36941 0.45220 0.49848
0.42532 0.57801 0.56353
0.25496 0.43178 0.44457
0.50747 0.50560 0.63548
0.34417 0.54176 0.57427
0.23332 0.45084 0.41217
0.30833 0.39467 0.48080
0.36119 0.44329 0.50412
0.27732 0.38579 0.50071
0.49606 0.50989 0.67153
0.33021 0.49436 0.45692
0.28064 0.58228 0.40216
0.39337 0.46280 0.48008
0.29992 0.59204 0.43025
0.40011 0.56591 0.62264
0.44709 0.54438 0.70290
0.29557 0.53342 0.44101
0.46597 0.56411 0.58592
0.38799 0.56916 0.53249
0.43393 0.57592 0.61807
0.40452 0.63089 0.56400
0.47239 0.57249 0.67910
0.30632 0.34115 0.52647
0.45723 0.63454 0.70936
0.33874 0.68119 0.46400
0.27986 0.42474 0.48550
0.23665 0.44546 0.44120
0.45007 0.61757 0.63608
0.33212 0.49897 0.50515
0.38940 0.34784 0.66258
0.31291 0.47520 0.50256
0.36769 0.58861 0.56419
0.39844 0.51790 0.60626
0.30256 0.64261 0.42336
0.54999 0.62024 0.67228
0.33576 0.37926 0.47925
0.38884 0.50838 0.61658
0.35088 0.58262 0.47806
0.24478 0.37982 0.41241
0.28661 0.39857 0.35237
0.47953 0.56750 0.60418
0.29809 0.51047 0.55166
0.25843 0.60733 0.46339
0.46847 0.54878 0.71102
0.25834 0.59434 0.48922
0.33532 0.41342 0.53997
0.39040 0.57860 0.52550
0.37434 0.65678 0.56757
0.14340 0.45037 0.25020
0.34269 0.55256 0.55200
0.30391 0.49311 0.49301
0.50087 0.57088 0.63656
0.56263 0.61136 0.68164
0.25981 0.54935 0.41015
0.30906 0.55756 0.51068
0.33096 0.47012 0.60320
0.56522 0.60082 0.63503
0.35603 0.73337 0.47910
0.25607 0.58311 0.37983
0.31365 0.44051 0.39400
0.21620 0.33909 0.30578
0.33236 0.48524 0.59990
0.44719 0.49188 0.70437
0.29643 0.46023 0.39874
0.35038 0.66825 0.58302
0.38409 0.54066 0.55208
0.33511 0.52184 0.47598
0.25255 0.65035 0.47414
0.41106 0.60822 0.69436
0.27252 0.42517 0.46790
0.32301 0.42698 0.54915
0.28341 0.46643 0.41585
0.42576 0.47124 0.66670
0.36109 0.52084 0.53082
0.59844 0.53176 0.66909
0.52099 0.54447 0.68405
0.26314 0.46068 0.46497
0.44215 0.50376 0.58567
0.47327 0.61473 0.61585
0.35547 0.52605 0.49176
0.31771 0.53523 0.48513
0.33176 0.47171 0.46882
0.30244 0.32878 0.43010
0.26390 0.45422 0.40333
0.43324 0.51518 0.58948
0.33294 0.35598 0.45587
0.29135 0.50109 0.46005
0.27694 0.42243 0.42568
0.47591 0.58620 0.56054
0.39014 0.43948 0.51754
0.45997 0.52233 0.57473
0.21911 0.32704 0.41171
0.53455 0.46634 0.67742
0.48918 0.50436 0.64966
0.46620 0.52155 0.63971
0.28265 0.44852 0.47505
0.28231 0.63354 0.48428
0.42772 0.58447 0.54094
0.43689 0.65332 0.57224
0.26621 0.68699 0.45130
0.44535 0.52291 0.58075
0.43083 0.58544 0.58470
0.34330 0.63480 0.46768
0.34303 0.62249 0.59107
0.36783 0.73929 0.59099
0.31963 0.63071 0.57447
0.27539 0.41447 0.42808
0.48316 0.42690 0.67755
0.46340 0.46442 0.63249
0.33710 0.56893 0.60357
0.26469 0.39022 0.47600
0.40434 0.44194 0.60688
0.36133 0.42786 0.53840
0.49598 0.47149 0.63793
0.40460 0.49751 0.65804
0.44139 0.43568 0.57853
0.43152 0.54757 0.61968
0.40754 0.70121 0.61858
0.38997 0.54317 0.53730
0.34023 0.44484 0.46564
0.45212 0.60604 0.63165
0.49520 0.52852 0.69780
0.54110 0.49973 0.66936
0.29299 0.57679 0.45496
0.29695 0.43766 0.47893
0.31229 0.47983 0.52408
0.17287 0.58873 0.35992
0.52747 0.50961 0.59783
0.36729 0.60656 0.56417
0.44552 0.52068 0.53252
0.41726 0.49643 0.56711
0.58204 0.54406 0.64826
0.35876 0.50642 0.55228
0.41135 0.51286 0.61124
0.27202 0.55753 0.50088
0.43225 0.48753 0.59247
0.32547 0.46305 0.47664
0.28411 0.55471 0.48031
0.35242 0.50489 0.54158
0.35604 0.66461 0.50989
0.41174 0.53740 0.69936
0.36845 0.50417 0.53231
0.45900 0.60241 0.68497
0.46412 0.61742 0.59064
0.42036 0.57334 0.64146
0.37851 0.53862 0.63844
0.31875 0.56953 0.53333
0.20065 0.48296 0.32903
0.26767 0.51917 0.44597
0.44670 0.62804 0.54369
0.46496 0.56271 0.63016
0.34039 0.49007 0.47825
0.29878 0.38984 0.46102
0.36423 0.46863 0.57281
0.17619 0.54640 0.36456
0.35679 0.56933 0.52199
0.36658 0.40179 0.54411
0.45174 0.55860 0.58772
0.31263 0.57960 0.53218
0.31544 0.46174 0.44661
0.42788 0.61894 0.65457
0.30752 0.54257 0.46989
0.35327 0.41771 0.57391
0.25021 0.42999 0.44494
0.27274 0.42492 0.42462
0.39699 0.58331 0.53774
0.44368 0.61542 0.62475
0.35689 0.42537 0.46781
0.52626 0.57431 0.76410
0.30862 0.73064 0.41531
0.32151 0.53423 0.56503
0.40385 0.54613 0.58409
0.42512 0.47633 0.56877
0.38371 0.60957 0.60162
0.35753 0.44010 0.56627
0.35565 0.66277 0.44614
0.31457 0.60057 0.48979
0.54779 0.51751 0.71328
0.43538 0.51341 0.61247
0.61154 0.44958 0.71489
0.37873 0.58337 0.56862
0.38185 0.58537 0.56567
0.44205 0.48395 0.59152
0.52292 0.57008 0.73494
0.40568 0.52798 0.54920
0.37820 0.40538 0.63081
0.38557 0.64197 0.60496
0.41812 0.47015 0.61139
0.33767 0.49589 0.51528
0.30180 0.48419 0.49683
0.24106 0.58750 0.38121
0.47399 0.44273 0.62353
0.27149 0.38238 0.43808
0.39291 0.50379 0.53780
0.21395 0.43747 0.44154
0.42368 0.58797 0.55930
0.34374 0.42351 0.41791
0.47918 0.48614 0.69953
0.47687 0.45821 0.69373
0.31577 0.42304 0.42113
0.48228 0.45290 0.62573
0.39045 0.59185 0.57887
0.26866 0.51754 0.43543
0.50250 0.49821 0.61072
0.32989 0.38321 0.56342
0.34419 0.54657 0.47838
0.39104 0.50216 0.58395
0.47007 0.60585 0.57144
0.31470 0.47903 0.56181
0.39772 0.61092 0.52027
0.39395 0.54023 0.61935
0.45688 0.49695 0.73140
0.43395 0.52361 0.54292
0.42989 0.66134 0.47201
0.43484 0.64070 0.64372
0.24731 0.63999 0.42915
0.37680 0.50162 0.46041
0.29620 0.42532 0.46705
0.26820 0.40379 0.43434
0.30413 0.40569 0.53855
0.41166 0.49041 0.67094
0.31884 0.41325 0.55448
0.30555 0.60325 0.54498
0.38599 0.45686 0.54494
0.31957 0.62222 0.48602
0.32149 0.69457 0.50452
0.26056 0.51199 0.50491
0.25928 0.51655 0.40616
0.35713 0.58553 0.54969
0.33673 0.40721 0.52139
0.29755 0.48270 0.44780
0.33526 0.58093 0.50903
0.36454 0.53859 0.53254
0.29502 0.52252 0.42860
0.41734 0.70897 0.58053
0.33818 0.61870 0.54024
0.59242 0.62718 0.68970
0.38835 0.50617 0.51523
0.24698 0.51006 0.40398
0.38139 0.53035 0.51024
0.29681 0.47598 0.40062
0.39809 0.55461 0.58014
0.47359 0.51224 0.55558
0.43999 0.41799 0.66567
0.41428 0.36134 0.52869
0.29396 0.66394 0.43079
0.41656 0.42387 0.66400
0.26362 0.30152 0.45015
0.23123 0.40167 0.42538
0.26560 0.43292 0.31041
0.27514 0.58964 0.48410
0.37808 0.56558 0.57255
0.24752 0.42499 0.41311
0.50830 0.54292 0.73091
0.35123 0.65182 0.48818
0.34720 0.68413 0.46962
0.35536 0.63532 0.62995
0.46960 0.52639 0.67431
0.34003 0.43817 0.44594
0.39169 0.59416 0.57380
0.29655 0.38688 0.49795
0.45765 0.49895 0.65373
0.19520 0.49128 0.32564
0.47844 0.55278 0.63460
0.41356 0.55261 0.59989
0.30762 0.48350 0.52215
0.36263 0.55778 0.50185
0.34508 0.47457 0.45933
0.38489 0.38358 0.50367
0.36029 0.46430 0.51757
0.36731 0.46664 0.58491
0.33357 0.58076 0.47845
0.32779 0.55035 0.51535
0.32177 0.60696 0.50954
0.34727 0.50939 0.51709
0.30374 0.63638 0.45839
0.42503 0.64529 0.54077
0.23376 0.40361 0.43075
0.46173 0.60106 0.67495
0.49300 0.57552 0.62708
0.32534 0.47872 0.55359
0.23025 0.40556 0.44315
0.26932 0.43650 0.46320
0.29724 0.64554 0.44973
0.37107 0.48679 0.54680
0.34871 0.53817 0.46423
0.49958 0.50833 0.61166
0.40926 0.61254 0.63374
0.35190 0.62294 0.48514
0.28750 0.58443 0.53093
0.29645 0.44101 0.43654
0.32366 0.63012 0.58034
0.46256 0.61171 0.68363
0.34315 0.61114 0.48816
0.20254 0.41852 0.35053
0.34454 0.58347 0.52645
0.41568 0.52593 0.60248
0.28924 0.56962 0.43644
0.38853 0.48387 0.57610
0.41286 0.51939 0.59892
0.27395 0.52421 0.50285
0.22163 0.43287 0.37128
0.48010 0.49544 0.65768
0.50654 0.57200 0.62510
0.43438 0.52279 0.66980
0.50019 0.41990 0.60879
0.36465 0.56304 0.55076
0.37109 0.45258 0.50599
0.39095 0.41626 0.60196
0.36537 0.52886 0.58882
0.42922 0.52055 0.61979
0.40241 0.60330 0.51490
0.33639 0.49870 0.56052
0.38415 0.62376 0.49142
0.24250 0.50044 0.40489
0.41492 0.60298 0.66611
0.36699 0.43476 0.52960
0.35415 0.49953 0.52589
0.41198 0.64150 0.58583
0.51819 0.65856 0.70739
0.36428 0.52122 0.62094
0.36204 0.50690 0.54652
0.23331 0.56857 0.41097
0.39608 0.64344 0.53043
0.45905 0.48636 0.57550
0.26032 0.54792 0.38231
0.52112 0.55499 0.74539
0.49363 0.50118 0.66164
0.25672 0.38669 0.49658
0.31602 0.49378 0.43555
0.30065 0.55074 0.46486
0.37341 0.56580 0.55615
0.24892 0.45714 0.38991
0.29151 0.42041 0.48953
0.36599 0.65925 0.53876
0.38713 0.44147 0.60857
0.49378 0.69743 0.62601
0.30117 0.50031 0.44161
0.40377 0.69693 0.61513
0.32520 0.42674 0.43881
0.26713 0.59620 0.39953
0.26737 0.56619 0.44894
0.29911 0.53057 0.43646
0.38635 0.50304 0.57742
0.21685 0.56915 0.35816
0.44267 0.58548 0.54269
0.42676 0.52041 0.59664
0.37651 0.53856 0.60294
0.44492 0.59425 0.66001
0.41555 0.54191 0.54324
0.46311 0.52117 0.58562
0.46559 0.46907 0.65967
0.31664 0.47775 0.59000
0.33243 0.62407 0.58770
0.36771 0.38632 0.59257
0.30689 0.48653 0.52090
0.27896 0.61604 0.42021
0.27868 0.41732 0.45793
0.30906 0.37053 0.47456
0.35199 0.56353 0.57475
0.36641 0.51197 0.56000
0.38827 0.49776 0.57458
0.48863 0.51221 0.59252
0.39122 0.40568 0.53772
0.53393 0.62714 0.69692
0.23971 0.63799 0.31599
0.39614 0.50095 0.55988
0.27113 0.58966 0.43312
0.22618 0.65173 0.35092
0.48961 0.52249 0.60697
0.41273 0.61939 0.62118
0.28402 0.45506 0.41212
0.46296 0.61649 0.57351
0.35714 0.55973 0.51306
0.37410 0.46606 0.59365
0.34145 0.61944 0.48802
0.40230 0.53269 0.63421
0.34566 0.56938 0.49095
0.22102 0.52539 0.37055
0.54201 0.45060 0.66638
0.25017 0.32981 0.47696
0.38279 0.45784 0.55295
0.35184 0.63001 0.55441
0.39750 0.53561 0.50232
0.47171 0.54050 0.62330
0.36073 0.54699 0.51989
0.28382 0.46404 0.44752
0.17572 0.39724 0.33258
0.24667 0.35166 0.44711
0.49527 0.52071 0.64978
0.26797 0.54550 0.50790
0.52213 0.69089 0.66348
0.37622 0.51971 0.64904
0.32641 0.60698 0.43924
0.32673 0.39178 0.46874
0.28727 0.60239 0.46610
0.19007 0.31174 0.39253
0.53802 0.51788 0.63476
0.53607 0.44382 0.62265
0.23806 0.48008 0.32851
0.42189 0.53278 0.63286
0.37856 0.58819 0.56270
0.36823 0.61630 0.55532
0.19524 0.47224 0.33027
0.23628 0.36570 0.41106
0.44016 0.62405 0.64536
0.40093 0.53854 0.62404
0.32974 0.37255 0.46628
0.35903 0.53427 0.54735
0.37362 0.40214 0.55176
0.37194 0.50181 0.47355
0.33419 0.61972 0.47235
0.29106 0.54485 0.47056
0.33171 0.55388 0.58491
0.38984 0.56499 0.55635
0.32998 0.49341 0.57602
0.35893 0.58653 0.53796
0.50180 0.52560 0.58705
0.36351 0.50201 0.57006
0.16765 0.46520 0.36299
0.36486 0.67075 0.49667
0.43437 0.54515 0.60425
0.37576 0.67818 0.55038
0.46481 0.43581 0.70998
0.26966 0.42923 0.50145
0.30284 0.60527 0.50806
0.40334 0.49052 0.64081
0.31593 0.45310 0.48585
0.27118 0.59944 0.47899
0.41560 0.71161 0.59693
0.38565 0.64135 0.59741
0.24397 0.36145 0.46488
0.49364 0.60966 0.60259
0.35941 0.44775 0.49063
0.32798 0.52373 0.52053
0.35238 0.63151 0.50170
0.35759 0.56333 0.58486
0.49621 0.57080 0.62052
0.37493 0.52584 0.49754
0.25351 0.48567 0.36139
0.35906 0.61000 0.56757
0.23207 0.46173 0.39633
0.33369 0.45310 0.49418
0.22940 0.48519 0.43611
0.31347 0.60521 0.40988
0.24023 0.62285 0.35033
0.45984 0.63587 0.58752
0.34502 0.57707 0.55346
