20 18 1000 16123 890
0.41852 0.73716 0.87289
0.53516 0.54911 0.27980
0.37406 0.38970 0.99978
0.66250 0.91058 0.19421
0.91540 0.24194 0.76075
0.33045 0.17069 0.21971
0.37803 0.92172 0.83856
0.28243 0.37144 0.17091
0.78572 0.70498 0.70731
0.07837 0.36641 0.36199
0.38621 0.80101 0.85863
0.11885 0.55453 0.69503
0.82068 0.73426 0.16303
0.12873 0.28404 0.21190
0.49411 0.51878 0.08021
0.41645 0.09323 0.09998
0.52320 0.89575 0.52658
0.21429 0.73093 0.93567
0.41476 0.60324 0.59968
0.44492 0.57670 0.62159
0.43954 0.57499 0.45650
0.48470 0.64178 0.53405
0.52995 0.65349 0.31672
0.39843 0.57439 0.52310
0.33782 0.57291 0.52452
0.46539 0.58491 0.62611
0.38082 0.64409 0.73998
0.44714 0.65878 0.47310
0.46409 0.61034 0.46861
0.42426 0.53474 0.55786
0.51714 0.63239 0.45269
0.50025 0.64709 0.54221
0.49490 0.58279 0.43516
0.45557 0.56520 0.56897
0.37442 0.49153 0.44193
0.45167 0.55687 0.45067
0.40978 0.58131 0.44065
0.38115 0.61291 0.48511
0.35264 0.54428 0.46739
0.45343 0.61286 0.49321
0.48683 0.50411 0.41555
0.51429 0.57824 0.48976
0.38925 0.61249 0.61109
0.51355 0.64139 0.47355
0.44524 0.60095 0.43635
0.48496 0.56884 0.45976
0.43593 0.64262 0.50016
0.33346 0.51917 0.45227
0.43516 0.60010 0.48846
0.47488 0.57720 0.61154
0.44193 0.53535 0.47076
0.39670 0.51384 0.51957
0.46058 0.64821 0.67410
0.45337 0.65164 0.52888
0.48573 0.60817 0.55028
0.44760 0.41026 0.33378
0.40310 0.47336 0.40189
0.35632 0.44124 0.38079
0.42079 0.55888 0.46428
0.39908 0.61021 0.54830
0.50594 0.48883 0.47327
0.52849 0.47691 0.60650
0.44586 0.53232 0.44969
0.47334 0.54144 0.42007
0.45587 0.59868 0.60291
0.40311 0.50025 0.41054
0.48903 0.56136 0.48379
0.46335 0.63424 0.69404
0.34558 0.59225 0.62482
0.42429 0.58250 0.51491
0.51521 0.49884 0.62498
0.53265 0.66366 0.42385
0.47015 0.63547 0.44135
0.48275 0.59532 0.48585
0.40457 0.55547 0.52090
0.47340 0.53240 0.43260
0.47362 0.46752 0.41810
0.35881 0.56131 0.42482
0.43170 0.58435 0.53500
0.38477 0.48872 0.31837
0.41164 0.49937 0.42664
0.42609 0.60130 0.44891
0.47335 0.57611 0.58159
0.53470 0.61766 0.59102
0.52645 0.59699 0.50218
0.48498 0.60679 0.56176
0.34973 0.52805 0.51833
0.45762 0.76376 0.54699
0.37485 0.46086 0.38336
0.48666 0.59278 0.54838
0.40774 0.55315 0.62184
0.50316 0.62941 0.48351
0.53236 0.57004 0.57856
0.46890 0.58224 0.53976
0.42576 0.55733 0.64773
0.47359 0.53839 0.55076
0.39937 0.60759 0.50489
0.46328 0.46407 0.48972
0.39720 0.61498 0.55859
0.46787 0.58945 0.46746
0.42259 0.59824 0.44161
0.51169 0.51850 0.50536
0.37603 0.54210 0.48512
0.46997 0.61431 0.47307
0.34673 0.48607 0.42570
0.28534 0.46795 0.40385
0.42163 0.60366 0.58772
0.44245 0.52618 0.47567
0.49588 0.65996 0.52183
0.41873 0.58044 0.59507
0.30915 0.47516 0.46494
0.50628 0.55645 0.34940
0.39192 0.56403 0.50864
0.43242 0.54001 0.45598
0.48801 0.47534 0.36020
0.52175 0.60916 0.69241
0.48233 0.49477 0.62136
0.40864 0.51681 0.49565
0.47933 0.66337 0.48008
0.47276 0.52309 0.44823
0.48031 0.61742 0.43492
0.38358 0.61584 0.45046
0.39285 0.50486 0.38279
0.44998 0.55801 0.49283
0.36374 0.50499 0.45794
0.45029 0.49100 0.49354
0.45547 0.65663 0.52367
0.48610 0.63678 0.54240
0.42896 0.66561 0.53432
0.34641 0.55302 0.56446
0.32923 0.54939 0.45980
0.42287 0.45771 0.37749
0.47341 0.59990 0.65666
0.45573 0.57047 0.54959
0.50317 0.61957 0.54159
0.37725 0.56037 0.56361
0.37994 0.47664 0.42047
0.37351 0.56244 0.55743
0.46278 0.50684 0.34336
0.39413 0.45806 0.48073
0.44337 0.58377 0.42219
0.40829 0.55309 0.51964
0.44027 0.55983 0.41272
0.47256 0.57387 0.52562
0.41872 0.63818 0.51082
0.36163 0.59162 0.50196
0.38942 0.45241 0.43818
0.35292 0.52070 0.53277
0.34312 0.54583 0.52433
0.46813 0.37023 0.51804
0.42037 0.54324 0.46369
0.31028 0.43791 0.40267
0.43994 0.59242 0.59570
0.32874 0.43895 0.41148
0.46795 0.59603 0.50321
0.35722 0.58793 0.66294
0.36223 0.50575 0.54222
0.43477 0.53407 0.45412
0.39760 0.50421 0.55230
0.42045 0.55461 0.45690
0.45913 0.54116 0.42655
0.34022 0.55269 0.50388
0.44446 0.52651 0.49856
0.43650 0.55344 0.40546
0.50307 0.64683 0.52683
0.44737 0.59156 0.47714
0.46374 0.62332 0.54100
0.47972 0.58844 0.50276
0.39440 0.49999 0.46929
0.47176 0.56481 0.48817
0.36767 0.46886 0.46582
0.38426 0.44183 0.41670
0.39021 0.60618 0.51442
0.34229 0.62116 0.62961
0.55958 0.49049 0.55566
0.39484 0.52262 0.50326
0.45428 0.54566 0.39403
0.44003 0.65253 0.52671
0.46699 0.56402 0.48907
0.57191 0.61731 0.42998
0.39666 0.46124 0.53882
0.40778 0.50635 0.63824
0.40981 0.58323 0.53415
0.38813 0.62296 0.60241
0.37616 0.47285 0.51761
0.43621 0.64089 0.61889
0.44065 0.65137 0.54528
0.47440 0.51150 0.47243
0.48932 0.63719 0.52496
0.50686 0.53541 0.57633
0.43618 0.56173 0.45509
0.42630 0.46823 0.44542
0.38638 0.41698 0.44747
0.40603 0.59419 0.53468
0.50686 0.55685 0.51535
0.45175 0.58438 0.56712
0.34658 0.53611 0.49170
0.36737 0.47052 0.28876
0.54355 0.56388 0.61727
0.44715 0.52978 0.41416
0.53608 0.54603 0.48695
0.38635 0.52925 0.62759
0.43791 0.56117 0.47030
0.39992 0.59692 0.51318
0.39524 0.46579 0.38848
0.47552 0.65348 0.60263
0.39961 0.47684 0.44307
0.44326 0.51718 0.42486
0.38541 0.51612 0.50419
0.40477 0.60207 0.49173
0.31368 0.59603 0.55795
0.51361 0.60608 0.51373
0.36689 0.54721 0.49056
0.48192 0.60332 0.50315
0.46832 0.57195 0.44519
0.45213 0.54668 0.49122
0.51706 0.61812 0.37803
0.37670 0.54594 0.48508
0.39347 0.55654 0.50755
0.38125 0.56626 0.53878
0.38988 0.59611 0.49766
0.40399 0.50139 0.52116
0.42926 0.65211 0.58015
0.40257 0.56792 0.57130
0.41282 0.52878 0.50843
0.40721 0.47633 0.39880
0.32676 0.53813 0.53317
0.36807 0.59815 0.60038
0.48573 0.47050 0.43202
0.36097 0.45309 0.45080
0.39461 0.51633 0.53731
0.35902 0.47809 0.39198
0.40466 0.54348 0.53496
0.46161 0.52064 0.36349
0.44281 0.57434 0.53648
0.47336 0.57873 0.55160
0.42385 0.59389 0.55576
0.36580 0.52969 0.51199
0.44785 0.60701 0.57918
0.49589 0.55796 0.44554
0.33294 0.53397 0.50230
0.47685 0.59181 0.56259
0.42145 0.52028 0.50503
0.55252 0.41525 0.42211
0.41740 0.54731 0.51242
0.43725 0.52021 0.43464
0.40786 0.55667 0.49642
0.49756 0.48501 0.57271
0.47202 0.61023 0.52919
0.40992 0.54824 0.40214
0.36739 0.53159 0.47203
0.44276 0.49092 0.46227
0.41917 0.54214 0.46412
0.50574 0.58548 0.52859
0.43649 0.57990 0.43326
0.38802 0.36679 0.30706
0.48403 0.63220 0.51122
0.38850 0.67025 0.53511
0.49176 0.51532 0.42867
0.36759 0.47887 0.39650
0.43916 0.57744 0.39382
0.38027 0.46446 0.36917
0.44618 0.64634 0.64567
0.36138 0.57706 0.54495
0.40265 0.55146 0.51518
0.40736 0.45735 0.31085
0.50144 0.65859 0.43233
0.35998 0.58868 0.47221
0.43744 0.44813 0.47600
0.48951 0.58485 0.40549
0.34618 0.44665 0.43965
0.56545 0.64340 0.45843
0.39006 0.65479 0.66043
0.46436 0.61705 0.50498
0.49366 0.51341 0.51155
0.50655 0.58702 0.50460
0.32886 0.56338 0.56620
0.39725 0.53671 0.49820
0.48647 0.50826 0.43624
0.48089 0.46790 0.46988
0.54994 0.52424 0.52309
0.41697 0.40960 0.39734
0.30991 0.50563 0.52346
0.46964 0.49369 0.48625
0.46701 0.67624 0.68875
0.35455 0.53271 0.45230
0.42351 0.52374 0.41990
0.53101 0.57315 0.39145
0.48520 0.66947 0.54997
0.47245 0.51116 0.38764
0.39779 0.49516 0.50909
0.43231 0.50439 0.48982
0.39134 0.54489 0.47167
0.46076 0.51110 0.53161
0.48517 0.64458 0.55263
0.49670 0.50376 0.45560
0.44182 0.56727 0.45212
0.41706 0.53068 0.53063
0.42240 0.60339 0.54604
0.42280 0.58446 0.49821
0.45241 0.51074 0.54927
0.47686 0.67784 0.55799
0.41482 0.60576 0.63169
0.43224 0.55217 0.42554
0.42700 0.64030 0.59627
0.39138 0.53596 0.53857
0.42552 0.62453 0.41450
0.36356 0.58366 0.48465
0.40156 0.53667 0.51666
0.46062 0.59022 0.40640
0.42756 0.62919 0.68488
0.39570 0.49565 0.52528
0.41851 0.51477 0.47082
0.48273 0.63052 0.41688
0.35284 0.49064 0.35182
0.38558 0.58832 0.60577
0.48564 0.54315 0.51881
0.51527 0.58211 0.47347
0.49297 0.58261 0.45043
0.46137 0.57788 0.57181
0.51282 0.59541 0.40797
0.38999 0.50905 0.54258
0.41133 0.49326 0.53621
0.44979 0.55014 0.52361
0.52204 0.55203 0.56381
0.50674 0.54021 0.44937
0.44803 0.55972 0.43875
0.37479 0.54774 0.58220
0.44341 0.51795 0.55518
0.35323 0.50283 0.45553
0.37634 0.57121 0.50774
0.45576 0.55112 0.35022
0.44428 0.57472 0.42086
0.47271 0.63953 0.54487
0.37550 0.55589 0.54645
0.46822 0.59297 0.52467
0.39672 0.60937 0.54113
0.44029 0.49856 0.47164
0.41859 0.63096 0.47217
0.47437 0.59077 0.39662
0.54486 0.47418 0.54002
0.48678 0.66136 0.49962
0.32192 0.41224 0.42137
0.43600 0.57360 0.47153
0.50675 0.49658 0.41120
0.37968 0.49754 0.45348
0.51929 0.58896 0.44098
0.45863 0.53492 0.51789
0.45761 0.52515 0.39142
0.50192 0.61717 0.37999
0.44426 0.60335 0.51972
0.33210 0.53712 0.54937
0.44353 0.53035 0.60396
0.55538 0.56046 0.47005
0.38953 0.59394 0.60720
0.48510 0.62228 0.38550
0.44308 0.56535 0.63260
0.36885 0.40846 0.36630
0.39521 0.54059 0.50414
0.44789 0.54943 0.61051
0.43625 0.52167 0.50372
0.37949 0.58249 0.53886
0.49374 0.56388 0.48656
0.53861 0.59110 0.42516
0.43971 0.58965 0.58667
0.43852 0.64397 0.56411
0.52032 0.65581 0.47290
0.61241 0.51313 0.57230
0.37288 0.59399 0.57166
0.36197 0.50214 0.45463
0.46648 0.64671 0.56839
0.37477 0.48353 0.41971
0.42186 0.48588 0.45489
0.41303 0.61991 0.56232
0.35907 0.58916 0.61225
0.42522 0.54798 0.50971
0.40026 0.55001 0.58430
0.40317 0.55113 0.41216
0.41317 0.58911 0.44940
0.41685 0.39816 0.41276
0.39971 0.60013 0.51707
0.50992 0.58470 0.43371
0.34274 0.44114 0.49849
0.45935 0.63140 0.44582
0.44747 0.54844 0.45909
0.45486 0.73081 0.50200
0.45336 0.52714 0.47356
0.42172 0.64345 0.59974
0.41028 0.49144 0.47018
0.51063 0.53099 0.51045
0.41041 0.60221 0.58046
0.42406 0.54197 0.44658
0.52898 0.62496 0.37651
0.39550 0.56396 0.55875
0.52255 0.60709 0.50633
0.43053 0.49996 0.49332
0.44697 0.63824 0.54711
0.44242 0.49259 0.42570
0.46488 0.57616 0.35957
0.40240 0.49860 0.38332
0.43694 0.58920 0.50735
0.39430 0.54573 0.53483
0.47835 0.48977 0.31608
0.44908 0.52814 0.43103
0.46915 0.66219 0.54212
0.34801 0.51004 0.45321
0.50275 0.47372 0.52462
0.46801 0.50290 0.46552
0.49500 0.63702 0.57180
0.43481 0.52335 0.53347
0.46111 0.49400 0.34036
0.47902 0.54484 0.46936
0.52376 0.53867 0.54003
0.40012 0.52206 0.49149
0.41862 0.45118 0.40039
0.51635 0.53452 0.46304
0.46452 0.56325 0.43903
0.40878 0.51055 0.52003
0.45126 0.64549 0.50565
0.43778 0.62036 0.38958
0.52482 0.60746 0.53101
0.52730 0.66700 0.54101
0.35630 0.63011 0.59598
0.51029 0.55552 0.56511
0.46866 0.58269 0.42056
0.50662 0.61571 0.45297
0.46346 0.58073 0.50652
0.48205 0.55210 0.46033
0.43202 0.54833 0.53062
0.40819 0.64513 0.50358
0.51553 0.53154 0.51921
0.45011 0.53082 0.45615
0.44544 0.57365 0.42744
0.48724 0.52766 0.48844
0.43455 0.60901 0.50451
0.42971 0.58404 0.72561
0.43352 0.52710 0.46665
0.57351 0.58469 0.46006
0.41060 0.59943 0.66585
0.33866 0.52270 0.48305
0.33159 0.46215 0.50154
0.48018 0.64098 0.62940
0.39240 0.57626 0.48491
0.45737 0.59183 0.46528
0.35942 0.55078 0.58179
0.39694 0.48025 0.47577
0.53520 0.51961 0.52434
0.40952 0.52627 0.44086
0.42955 0.44561 0.44833
0.42119 0.56128 0.65254
0.37336 0.51853 0.49609
0.38836 0.62572 0.53169
0.47919 0.51550 0.52815
0.48944 0.54685 0.41424
0.42184 0.53636 0.30525
0.45606 0.43685 0.51897
0.47929 0.62741 0.52503
0.40217 0.65296 0.51566
0.48363 0.54537 0.54754
0.35663 0.47997 0.64307
0.43275 0.52813 0.41205
0.41378 0.61160 0.53348
0.41283 0.43901 0.41717
0.49050 0.60145 0.50097
0.44915 0.53517 0.39174
0.34325 0.49116 0.48352
0.42717 0.60793 0.58189
0.54691 0.47786 0.57095
0.39967 0.59239 0.51976
0.50364 0.50013 0.52460
0.50989 0.58023 0.40043
0.49211 0.61319 0.40233
0.36183 0.56032 0.46026
0.49531 0.61319 0.63533
0.44749 0.59164 0.55005
0.47782 0.59842 0.52156
0.35273 0.48358 0.40085
0.48414 0.55283 0.47077
0.45175 0.57318 0.47535
0.34420 0.53802 0.41266
0.50339 0.54713 0.53578
0.46744 0.63670 0.51188
0.47415 0.54551 0.58500
0.34344 0.50231 0.41776
0.45485 0.42133 0.50284
0.38471 0.53567 0.56302
0.39575 0.48543 0.42923
0.41551 0.56161 0.39775
0.44517 0.57279 0.52181
0.37453 0.52838 0.56708
0.41582 0.57006 0.50471
0.49035 0.64668 0.56618
0.43227 0.49755 0.46225
0.47405 0.52637 0.39786
0.34590 0.52408 0.51286
0.45698 0.56727 0.48759
0.47224 0.56990 0.47831
0.49847 0.53755 0.48916
0.46274 0.44624 0.46654
0.46042 0.61829 0.58222
0.43992 0.57608 0.49038
0.43136 0.62845 0.65214
0.41061 0.64524 0.59115
0.41502 0.51782 0.50728
0.44133 0.55030 0.54386
0.47230 0.65723 0.52466
0.50563 0.53043 0.54974
0.50671 0.61675 0.51988
0.36411 0.47844 0.56291
0.45727 0.52396 0.56291
0.42944 0.54964 0.40785
0.47102 0.58898 0.46325
0.42575 0.54412 0.57430
0.45335 0.56885 0.51041
0.39257 0.60231 0.51062
0.34974 0.51768 0.51136
0.39079 0.52176 0.47955
0.41062 0.51516 0.42774
0.54684 0.50755 0.57821
0.46972 0.55053 0.43338
0.34888 0.51974 0.45086
0.42204 0.48893 0.48692
0.37381 0.48379 0.47546
0.40827 0.48488 0.43679
0.47815 0.53555 0.38081
0.38556 0.54615 0.43722
0.48759 0.48222 0.42001
0.45057 0.66962 0.50345
0.50216 0.54509 0.35979
0.63014 0.48230 0.71810
0.41410 0.58773 0.60387
0.38740 0.49793 0.43897
0.49764 0.63092 0.43575
0.42992 0.64512 0.61953
0.40888 0.57996 0.49810
0.48749 0.55142 0.52536
0.37411 0.52651 0.53214
0.40909 0.46055 0.40408
0.50127 0.64647 0.51876
0.47139 0.46100 0.47862
0.36737 0.53528 0.50847
0.53939 0.63889 0.41232
0.47319 0.60443 0.49079
0.34099 0.61847 0.59920
0.41574 0.57166 0.51998
0.43441 0.57772 0.52234
0.32076 0.53236 0.48542
0.48876 0.52747 0.50076
0.46034 0.58558 0.57792
0.53008 0.46441 0.47984
0.32052 0.52952 0.56729
0.40644 0.59496 0.52136
0.41299 0.52252 0.52650
0.35281 0.54821 0.47025
0.44837 0.58126 0.49201
0.37521 0.47966 0.37577
0.39256 0.50871 0.55531
0.44582 0.54539 0.47556
0.38574 0.48505 0.48330
0.48446 0.50651 0.46361
0.43189 0.65960 0.63300
0.47304 0.57578 0.40883
0.51088 0.52931 0.53384
0.46233 0.52788 0.46726
0.49467 0.58837 0.40642
0.39825 0.59296 0.56292
0.50694 0.43412 0.56383
0.44483 0.53061 0.44630
0.43803 0.56560 0.52032
0.46067 0.44704 0.41683
0.48390 0.59381 0.47289
0.50676 0.52436 0.52648
0.41228 0.45146 0.47383
0.38294 0.57794 0.52161
0.46013 0.65165 0.54728
0.48621 0.57805 0.50131
0.47435 0.54636 0.43669
0.44706 0.40622 0.50376
0.48967 0.61420 0.55560
0.36605 0.57692 0.54912
0.33322 0.55570 0.59283
0.44149 0.56601 0.47164
0.42137 0.60737 0.66510
0.43153 0.54060 0.40221
0.43367 0.53091 0.37946
0.40481 0.61199 0.60316
0.44453 0.47883 0.44630
0.41500 0.55495 0.60223
0.56307 0.56757 0.50479
0.40919 0.57182 0.57764
0.50546 0.54953 0.47748
0.51499 0.48280 0.49359
0.48725 0.53935 0.45937
0.46574 0.64631 0.54246
0.33701 0.53357 0.50362
0.47126 0.53699 0.53064
0.47473 0.51025 0.43889
0.44683 0.59038 0.58044
0.41897 0.50213 0.53720
0.48284 0.58719 0.53003
0.47821 0.55774 0.48721
0.37719 0.59824 0.49036
0.51697 0.63297 0.54225
0.40472 0.51968 0.46421
0.42138 0.51781 0.34885
0.36754 0.52459 0.46412
0.42875 0.49304 0.46441
0.48335 0.54024 0.49660
0.43773 0.46594 0.38875
0.51212 0.53761 0.47111
0.47033 0.51778 0.54077
0.54168 0.63812 0.54306
0.42889 0.62860 0.56359
0.42768 0.56678 0.45621
0.45288 0.55272 0.39553
0.44231 0.57486 0.38006
0.52175 0.53535 0.41672
0.38454 0.51568 0.52449
0.40574 0.44209 0.50927
0.48106 0.64669 0.56694
0.41075 0.57952 0.65568
0.42833 0.53718 0.36475
0.47147 0.50263 0.46827
0.43008 0.52822 0.41122
0.41023 0.55782 0.43764
0.50745 0.60069 0.57123
0.44498 0.64756 0.60333
0.43731 0.54590 0.51623
0.53555 0.63491 0.55319
0.37817 0.56181 0.55391
0.43366 0.55487 0.38382
0.42601 0.58712 0.54495
0.42062 0.56971 0.52701
0.53499 0.56105 0.40910
0.46996 0.61805 0.52122
0.44396 0.41508 0.36297
0.50467 0.52672 0.47829
0.45556 0.53937 0.50521
0.45265 0.63918 0.60276
0.43815 0.62968 0.53496
0.42421 0.56865 0.53277
0.44597 0.50793 0.46639
0.51009 0.53183 0.64936
0.48721 0.63370 0.51922
0.40931 0.48258 0.52908
0.42187 0.48711 0.62114
0.46105 0.61827 0.45369
0.41595 0.45317 0.46614
0.43110 0.61642 0.57901
0.37224 0.56885 0.56654
0.45682 0.54667 0.47673
0.38677 0.50445 0.46533
0.51149 0.63965 0.42881
0.34357 0.51336 0.52132
0.43896 0.65471 0.53352
0.44972 0.64641 0.51487
0.39425 0.45656 0.47998
0.50282 0.45857 0.44663
0.42437 0.52727 0.43019
0.42466 0.54822 0.35638
0.39707 0.48637 0.52093
0.42711 0.50067 0.43113
0.41355 0.63672 0.59899
0.46246 0.51960 0.40986
0.42654 0.51917 0.43029
0.50179 0.52242 0.32417
0.43182 0.51389 0.46144
0.47203 0.64443 0.55919
0.44688 0.56809 0.45000
0.38685 0.55855 0.51056
0.40004 0.63567 0.56937
0.40789 0.54667 0.44348
0.46752 0.54435 0.51976
0.45966 0.53726 0.52116
0.36939 0.63949 0.54931
0.46050 0.56427 0.51116
0.48561 0.53880 0.50775
0.47264 0.55047 0.44761
0.43430 0.57987 0.54743
0.40627 0.49027 0.48254
0.48570 0.59005 0.40661
0.42669 0.63679 0.58421
0.39428 0.51469 0.50049
0.49824 0.62176 0.39734
0.39240 0.53799 0.59417
0.44405 0.52967 0.45881
0.53582 0.55692 0.64838
0.52377 0.46931 0.46294
0.44299 0.44460 0.44142
0.41364 0.52285 0.52323
0.33807 0.51229 0.66312
0.51914 0.54980 0.59178
0.42230 0.62861 0.51723
0.33674 0.52456 0.49269
0.37837 0.45166 0.46575
0.45619 0.60318 0.54202
0.39937 0.51987 0.48187
0.37024 0.41341 0.41142
0.33461 0.45348 0.50680
0.30659 0.48171 0.44950
0.44242 0.47507 0.44585
0.42046 0.55818 0.55894
0.45310 0.54467 0.52770
0.44372 0.46761 0.58336
0.44039 0.52883 0.39436
0.45012 0.53412 0.52996
0.46388 0.52400 0.64010
0.42406 0.56600 0.50434
0.40000 0.48989 0.43353
0.31813 0.54366 0.53228
0.42787 0.58140 0.47822
0.51836 0.59474 0.44044
0.41069 0.55340 0.55393
0.43246 0.55859 0.59089
0.41774 0.52404 0.42434
0.36543 0.58866 0.53463
0.40267 0.63124 0.56228
0.39340 0.57547 0.47453
0.53177 0.61162 0.41253
0.42308 0.55345 0.46510
0.43782 0.57929 0.43156
0.49037 0.54455 0.48251
0.50021 0.58785 0.53849
0.40561 0.46732 0.52139
0.44071 0.60318 0.55557
0.49004 0.61980 0.64356
0.45759 0.56047 0.50162
0.41043 0.55895 0.63252
0.58529 0.55737 0.57914
0.46428 0.51551 0.46824
0.37853 0.58193 0.72715
0.42335 0.63710 0.51729
0.37903 0.56078 0.43478
0.40490 0.50475 0.39289
0.48674 0.70458 0.50782
0.37080 0.47193 0.48940
0.39078 0.53111 0.56290
0.39926 0.62203 0.57201
0.43034 0.56064 0.45625
0.40096 0.58145 0.51450
0.43412 0.62634 0.51871
0.41845 0.53838 0.58701
0.47291 0.63250 0.51247
0.42658 0.53571 0.50262
0.42823 0.46944 0.48859
0.42966 0.63806 0.50329
0.30779 0.41258 0.39060
0.33848 0.50618 0.59797
0.29039 0.52442 0.55038
0.40857 0.58843 0.47136
0.46771 0.52337 0.47444
0.38431 0.52934 0.47349
0.53606 0.57657 0.53072
0.44476 0.55504 0.44823
0.39396 0.51516 0.56175
0.32844 0.54510 0.47691
0.47626 0.54728 0.53482
0.41619 0.60171 0.54347
0.42840 0.59941 0.46693
0.42489 0.61296 0.51582
0.43153 0.56561 0.43543
0.42744 0.52786 0.51892
0.47278 0.54355 0.61666
0.43212 0.49566 0.43753
0.49476 0.51757 0.45608
0.52488 0.55325 0.41966
0.40459 0.51701 0.39072
0.50303 0.52039 0.43568
0.46646 0.65225 0.56800
0.38334 0.63222 0.64018
0.40739 0.58159 0.42226
0.51659 0.64773 0.41309
0.33032 0.49457 0.50897
0.46992 0.49422 0.38227
0.52661 0.55517 0.42148
0.46533 0.57279 0.52613
0.35262 0.58602 0.59667
0.44874 0.63728 0.57073
0.35014 0.55886 0.52489
0.44070 0.56588 0.39181
0.42591 0.57110 0.41941
0.38236 0.60088 0.44812
0.41044 0.63228 0.60982
0.31399 0.46280 0.39070
0.49610 0.57509 0.46509
0.39298 0.58020 0.59406
0.40126 0.47912 0.39540
0.47716 0.43929 0.60584
0.42665 0.44766 0.47052
0.47826 0.55380 0.51826
0.49326 0.48000 0.32268
0.41486 0.45392 0.43342
0.41800 0.62103 0.59265
0.43455 0.56447 0.50634
0.47423 0.56392 0.44802
0.39388 0.60860 0.49095
0.48146 0.50962 0.27083
0.48470 0.57743 0.53185
0.38490 0.47173 0.39391
0.53938 0.57969 0.49811
0.50958 0.61542 0.47365
0.37101 0.53079 0.40638
0.50111 0.57542 0.38507
0.40689 0.55233 0.45575
0.42922 0.57235 0.60155
0.45660 0.60205 0.57285
0.33363 0.50245 0.49966
0.46147 0.53487 0.57291
0.42617 0.47462 0.38640
0.48915 0.44942 0.51538
0.43313 0.62948 0.47395
0.47059 0.57981 0.42012
0.45197 0.60760 0.55992
0.38309 0.50454 0.50820
0.32229 0.52454 0.51457
0.37229 0.57132 0.53696
0.49196 0.66139 0.51775
0.37053 0.47795 0.55300
0.40372 0.51447 0.48775
0.38930 0.52389 0.41967
0.40737 0.57795 0.73668
0.44754 0.52678 0.52019
0.46620 0.66156 0.50158
0.43292 0.44520 0.32869
0.42269 0.56155 0.41971
0.31504 0.49507 0.52920
0.54140 0.48101 0.44240
0.36097 0.51418 0.48536
0.37328 0.50316 0.41903
0.39133 0.61305 0.67528
0.39142 0.48349 0.49922
0.35227 0.48175 0.53391
0.47098 0.55491 0.44142
0.41873 0.48497 0.53144
0.40059 0.53028 0.56589
0.50996 0.47367 0.41591
0.50732 0.48685 0.57816
0.39906 0.59834 0.48528
0.50629 0.45613 0.52500
0.45283 0.56037 0.57327
0.50218 0.67859 0.50423
0.47799 0.50622 0.36295
0.46808 0.52914 0.57902
0.36877 0.52032 0.41255
0.37348 0.55196 0.51915
0.39989 0.53615 0.35057
0.35380 0.51334 0.41696
0.49184 0.45661 0.42369
0.45077 0.63886 0.46464
0.39290 0.48754 0.48690
0.47745 0.51089 0.49499
0.37002 0.56058 0.53685
0.40004 0.54288 0.38963
0.40710 0.57359 0.43683
0.48654 0.62272 0.45795
0.43476 0.60314 0.49852
0.38920 0.51508 0.46071
0.42096 0.51735 0.40824
0.42982 0.51260 0.45245
0.42342 0.47330 0.42682
0.46519 0.51215 0.57352
0.38270 0.51963 0.47826
0.41656 0.50975 0.48867
0.39626 0.50707 0.55217
0.52631 0.57039 0.39188
0.44229 0.56558 0.52541
0.45914 0.53311 0.40797
0.38752 0.56395 0.60365
0.47852 0.61191 0.44362
0.46016 0.64194 0.50763
0.42900 0.46530 0.48808
0.37597 0.58246 0.61611
0.48456 0.54375 0.47916
0.34396 0.54830 0.58386
0.40213 0.55292 0.45950
0.48984 0.54325 0.43640
0.48420 0.54682 0.37959
0.36733 0.69452 0.64526
0.50750 0.65186 0.49367
0.45997 0.44987 0.44690
0.39931 0.55440 0.63661
0.44737 0.58202 0.37619
0.50118 0.67192 0.60629
0.47115 0.54830 0.44590
0.42331 0.50562 0.39782
0.45177 0.56987 0.58360
0.32877 0.50762 0.56614
0.37345 0.51514 0.48007
0.39461 0.64756 0.57486
0.43380 0.61740 0.54543
0.45491 0.57346 0.48746
0.43824 0.53664 0.45915
0.36761 0.58677 0.56528
0.45730 0.60243 0.45156
0.49326 0.52259 0.49496
0.46938 0.62206 0.43724
0.39857 0.61836 0.51576
0.41061 0.62229 0.46147
0.42187 0.47829 0.55501
0.40983 0.56089 0.43961
0.46334 0.60597 0.48913
0.32863 0.53401 0.46271
0.45798 0.46561 0.34643
0.47271 0.75903 0.52589
0.34672 0.53437 0.45902
0.45077 0.65874 0.66512
0.43874 0.60252 0.58857
0.37237 0.47738 0.39189
0.45632 0.60265 0.67402
0.44454 0.58416 0.42260
0.38428 0.55913 0.49966
0.43740 0.62774 0.52680
0.41082 0.50109 0.46608
0.42044 0.52329 0.51007
0.43427 0.59976 0.60514
0.47693 0.54789 0.59063
0.45020 0.53067 0.35632
0.41005 0.46511 0.34059
0.47952 0.51415 0.56056
0.40247 0.56444 0.59569
0.41766 0.53565 0.51279
0.39977 0.66519 0.61743
0.31839 0.58475 0.58219
0.38413 0.55929 0.49318
0.43353 0.53735 0.45626
0.45545 0.43069 0.37701
0.39716 0.49904 0.43061
0.44046 0.53370 0.62748
0.44468 0.52886 0.42839
0.37487 0.56624 0.51267
0.50390 0.52700 0.54995
0.49232 0.55211 0.54970
0.37429 0.54569 0.47821
0.43943 0.57702 0.50744
0.38753 0.40964 0.39245
0.43091 0.54107 0.50821
0.32045 0.50764 0.54316
0.40530 0.61682 0.54871
0.37655 0.45209 0.49011
0.56855 0.55072 0.35087
0.46364 0.55536 0.47108
0.44279 0.60541 0.62548
0.50597 0.54984 0.54989
0.44539 0.57180 0.65320
0.44135 0.52725 0.47031
0.51326 0.63083 0.50662
0.45847 0.66469 0.54634
0.40648 0.52395 0.47459
0.45478 0.54485 0.45999
0.38307 0.62821 0.49572
0.46423 0.48463 0.49870
0.40004 0.65342 0.58965
0.38650 0.51637 0.38771
0.46967 0.59171 0.67669
0.41137 0.63944 0.54415
0.43371 0.51474 0.38987
0.42412 0.43114 0.42302
0.42175 0.51603 0.53275
0.52218 0.55407 0.54392
0.46989 0.45604 0.51604
0.35918 0.54114 0.45893
0.38381 0.55934 0.39062
0.40080 0.50383 0.57709
0.43970 0.54312 0.63194
0.45635 0.44787 0.53608
0.52071 0.57040 0.43005
0.39705 0.48635 0.31250
0.45702 0.59761 0.44711
0.44992 0.43418 0.42115
0.45114 0.58823 0.58661
0.44205 0.46357 0.37811
0.56942 0.52332 0.50614
0.51596 0.58824 0.37648
0.45821 0.64008 0.41576
0.43370 0.49891 0.54026
0.49309 0.47580 0.41398
0.50338 0.70455 0.49668
0.49239 0.63753 0.56757
0.41749 0.61844 0.49779
0.45044 0.60247 0.46901
0.45405 0.61376 0.55653
0.43941 0.49542 0.41272
0.42728 0.54172 0.50900
0.50514 0.57688 0.44479
0.52904 0.57684 0.60937
0.44466 0.56595 0.46539
0.43974 0.58473 0.57006
0.35500 0.54847 0.48628
0.38754 0.45045 0.44556
0.37086 0.53161 0.48697
0.31523 0.52791 0.53095
0.42007 0.52366 0.49085
0.44579 0.62698 0.52975
0.42629 0.58520 0.51803
0.54398 0.60911 0.45957
0.52061 0.53773 0.44083
0.45368 0.62824 0.50456
0.47238 0.59574 0.42305
0.33555 0.51881 0.47655
0.51202 0.52103 0.50381
0.47329 0.43061 0.33439
0.57703 0.54094 0.39844
0.37983 0.56960 0.53711
0.41273 0.65331 0.64846
0.47019 0.62022 0.49983
0.38761 0.55722 0.53980
0.48266 0.59783 0.51124
0.44744 0.56853 0.46790
0.39128 0.52674 0.49880
0.42266 0.56023 0.56376
0.54103 0.63015 0.34210
0.43891 0.53230 0.50079
0.46311 0.53408 0.64591
0.46286 0.69010 0.50303
0.48216 0.60911 0.58686
0.51356 0.60702 0.51419
0.50008 0.60964 0.56232
0.53746 0.61103 0.51190
