20 6 1000 5581 20
0.91314 0.90342 0.33452
0.23125 0.22118 0.78119
0.78754 0.01761 0.25088
0.33295 0.41936 0.16205
0.67932 0.21553 0.22285
0.58121 0.30579 0.79111
0.61740 0.21720 0.26817
0.69718 0.34334 0.32534
0.52920 0.28243 0.51005
0.48197 0.28755 0.40959
0.54585 0.23971 0.35017
0.53059 0.40460 0.31652
0.61432 0.30744 0.36918
0.59257 0.43165 0.32883
0.64252 0.28035 0.39954
0.68903 0.26983 0.32736
0.56626 0.22972 0.46882
0.55012 0.39715 0.42374
0.64196 0.31089 0.43855
0.56448 0.30707 0.36388
0.42299 0.33008 0.56659
0.67136 0.30998 0.40254
0.53982 0.29586 0.42664
0.58833 0.31153 0.46535
0.58849 0.26106 0.32366
0.64261 0.40185 0.45500
0.68761 0.35228 0.43983
0.57088 0.32349 0.37656
0.61928 0.37916 0.36293
0.56127 0.43363 0.41013
0.61783 0.22487 0.40543
0.56582 0.32427 0.48682
0.43430 0.35832 0.47350
0.47439 0.27807 0.51976
0.62567 0.19253 0.43062
0.62379 0.28077 0.44120
0.56157 0.25544 0.40971
0.74710 0.51847 0.38556
0.63787 0.54078 0.47491
0.64964 0.43969 0.44043
0.51281 0.35542 0.37063
0.48403 0.40055 0.51128
0.54330 0.29684 0.58290
0.66337 0.20974 0.49285
0.62001 0.52337 0.39883
0.48335 0.29020 0.65999
0.54432 0.27880 0.43888
0.48761 0.40137 0.43127
0.73455 0.43883 0.34120
0.54460 0.26819 0.48473
0.41967 0.30834 0.32995
0.76935 0.34902 0.33653
0.69459 0.28548 0.40568
0.54506 0.25762 0.32608
0.53614 0.21997 0.47722
0.49833 0.30251 0.59398
0.61351 0.29967 0.28316
0.60622 0.18772 0.46844
0.60090 0.20595 0.28895
0.50274 0.43109 0.34497
0.52121 0.25792 0.48206
0.53959 0.30950 0.43642
0.69030 0.19196 0.35533
0.59891 0.41116 0.43259
0.51219 0.41932 0.43749
0.50138 0.28669 0.63682
0.62123 0.27275 0.42293
0.37815 0.33397 0.42542
0.44523 0.28987 0.61304
0.61558 0.34128 0.42171
0.77116 0.37235 0.32251
0.52346 0.40853 0.43195
0.55991 0.28525 0.48760
0.55296 0.25709 0.61948
0.70327 0.31165 0.27279
0.43855 0.27864 0.48926
0.61051 0.25481 0.40153
0.65259 0.35397 0.45246
0.58365 0.28513 0.46029
0.44379 0.33949 0.36243
0.66266 0.18027 0.28341
0.56208 0.31605 0.52512
0.66510 0.50899 0.36969
0.57669 0.34641 0.42206
0.46376 0.29074 0.59507
0.60866 0.32633 0.42299
0.55770 0.28952 0.54735
0.40716 0.29361 0.62904
0.54827 0.28394 0.26899
0.52441 0.27553 0.44100
0.64636 0.39464 0.35884
0.63178 0.32158 0.41288
0.49329 0.26673 0.48346
0.50260 0.36161 0.41022
0.56810 0.25188 0.60343
0.63476 0.16602 0.37140
0.62554 0.44459 0.44026
0.75617 0.55404 0.39250
0.61677 0.47883 0.40298
0.51822 0.22413 0.36311
0.45986 0.30742 0.33798
0.60318 0.21866 0.33281
0.63324 0.34202 0.28645
0.73218 0.35038 0.32979
0.48455 0.27144 0.39250
0.53313 0.28309 0.28749
0.70420 0.42443 0.27388
0.65418 0.31026 0.36656
0.54940 0.37893 0.41787
0.60849 0.34441 0.40218
0.64934 0.18832 0.36605
0.66742 0.21638 0.42344
0.54048 0.38075 0.41516
0.61613 0.16823 0.38859
0.66856 0.33441 0.40362
0.63131 0.28261 0.30026
0.63430 0.27389 0.30703
0.47067 0.34594 0.40905
0.60431 0.37471 0.52134
0.61823 0.43221 0.44363
0.71150 0.43158 0.37104
0.64548 0.53426 0.26335
0.58823 0.34375 0.43549
0.57953 0.39559 0.38814
0.53400 0.26679 0.32843
0.63088 0.23313 0.34673
0.66763 0.31200 0.39307
0.73314 0.59193 0.39959
0.47705 0.33517 0.57569
0.72851 0.57812 0.36303
0.65833 0.28013 0.41879
0.75885 0.35636 0.34437
0.58951 0.18768 0.36569
0.58487 0.31008 0.53143
0.51519 0.39499 0.22784
0.70932 0.64983 0.43032
0.74687 0.60225 0.37061
0.56736 0.45397 0.40036
0.54794 0.29055 0.43458
0.61895 0.29361 0.35007
0.56742 0.35150 0.41252
0.48770 0.40346 0.39004
0.45865 0.32968 0.42482
0.64275 0.47332 0.37197
0.55674 0.38904 0.53616
0.44949 0.25160 0.53736
0.66117 0.35520 0.31784
0.61465 0.51550 0.41212
0.54061 0.30875 0.27739
0.53069 0.35563 0.48775
0.52194 0.45476 0.55653
0.52279 0.27507 0.39364
0.70558 0.39477 0.31720
0.49091 0.32363 0.46735
0.73623 0.49510 0.37408
0.49341 0.21752 0.49178
0.51353 0.38909 0.55253
0.35672 0.23757 0.64207
0.48166 0.45604 0.43905
0.55976 0.37318 0.46166
0.69651 0.34728 0.40537
0.61257 0.35539 0.39443
0.69784 0.38446 0.36220
0.61161 0.28583 0.51299
0.53547 0.35152 0.40400
0.52472 0.31485 0.57930
0.60123 0.26432 0.46545
0.57735 0.36894 0.44852
0.54900 0.30269 0.25791
0.62793 0.23267 0.41423
0.51204 0.37800 0.59350
0.51868 0.41174 0.36558
0.49161 0.28185 0.52655
0.54222 0.37993 0.43521
0.67618 0.47539 0.45279
0.58954 0.39600 0.42768
0.56844 0.32305 0.47891
0.63486 0.34008 0.38641
0.44297 0.42648 0.54540
0.55985 0.28640 0.36648
0.47668 0.31409 0.31285
0.68444 0.15295 0.29618
0.79205 0.64423 0.38221
0.62020 0.24969 0.34294
0.58217 0.32087 0.22922
0.62533 0.55102 0.47737
0.76594 0.61201 0.49924
0.72039 0.47167 0.42251
0.61626 0.19791 0.40538
0.57437 0.32060 0.60572
0.65725 0.40555 0.37974
0.53953 0.47626 0.37753
0.62358 0.20521 0.34656
0.60371 0.50749 0.39347
0.63659 0.27826 0.47716
0.52734 0.26021 0.36620
0.53243 0.23184 0.43768
0.71863 0.50682 0.43914
0.44731 0.40247 0.53517
0.58468 0.33589 0.37600
0.55177 0.38496 0.38663
0.45872 0.36990 0.44841
0.61879 0.28334 0.52186
0.61170 0.43498 0.36164
0.50050 0.31191 0.40155
0.40235 0.26259 0.72871
0.60912 0.38274 0.43057
0.74087 0.54844 0.48970
0.40751 0.29565 0.55581
0.64003 0.53370 0.49706
0.55050 0.27832 0.31529
0.64544 0.19609 0.30779
0.50804 0.33618 0.31180
0.62511 0.30671 0.28131
0.53321 0.47839 0.50176
0.50643 0.22717 0.44067
0.61945 0.22641 0.45227
0.66844 0.51347 0.47127
0.51869 0.41964 0.46714
0.46944 0.25612 0.35182
0.67207 0.39897 0.28592
0.52617 0.45049 0.31468
0.57748 0.30836 0.32519
0.40684 0.21686 0.60730
0.48797 0.21392 0.52011
0.51059 0.33271 0.42958
0.59320 0.37417 0.37588
0.51433 0.39109 0.38222
0.65091 0.41634 0.59307
0.52252 0.37534 0.39140
0.60331 0.40003 0.51870
0.57276 0.45273 0.41337
0.57660 0.34568 0.48768
0.59520 0.30618 0.46692
0.53505 0.37863 0.35624
0.54035 0.27239 0.45635
0.53759 0.32850 0.33967
0.53163 0.33142 0.51819
0.48828 0.32893 0.29373
0.61765 0.19081 0.29103
0.59095 0.29286 0.29888
0.43857 0.34913 0.47319
0.56650 0.35308 0.45683
0.65936 0.33277 0.33982
0.71235 0.59571 0.41115
0.57865 0.24614 0.44619
0.61113 0.21166 0.38698
0.53480 0.32896 0.57515
0.55335 0.33244 0.53497
0.43392 0.32880 0.48058
0.61553 0.44681 0.38148
0.62813 0.22460 0.30804
0.55635 0.25995 0.55734
0.62654 0.54251 0.33092
0.60964 0.33652 0.53649
0.47918 0.23573 0.51909
0.63406 0.33817 0.37444
0.70945 0.62288 0.30999
0.70749 0.61748 0.36642
0.72906 0.44147 0.34986
0.44113 0.19119 0.59553
0.80811 0.68433 0.36927
0.60665 0.42335 0.24525
0.62536 0.32562 0.41615
0.67352 0.24167 0.31176
0.55193 0.29252 0.40397
0.56246 0.30712 0.47473
0.49264 0.27478 0.49385
0.50526 0.24351 0.64355
0.61423 0.20703 0.32640
0.73780 0.39090 0.30687
0.86163 0.70896 0.33792
0.52994 0.24662 0.48747
0.64463 0.41002 0.42889
0.57884 0.41772 0.48200
0.59423 0.43984 0.43679
0.42009 0.27379 0.72721
0.58228 0.25994 0.30055
0.55908 0.29656 0.63543
0.40100 0.37548 0.31071
0.54849 0.37923 0.40309
0.52539 0.32008 0.56718
0.67201 0.48618 0.41009
0.69688 0.26353 0.28684
0.71041 0.51119 0.44919
0.71337 0.40545 0.33044
0.61238 0.43881 0.49941
0.60726 0.25522 0.53994
0.61658 0.30156 0.40610
0.70271 0.33754 0.32346
0.38336 0.29589 0.49461
0.63550 0.43249 0.35147
0.63641 0.41835 0.33638
0.81094 0.73087 0.37914
0.56181 0.31174 0.36779
0.70384 0.41817 0.48720
0.57837 0.40572 0.48363
0.54896 0.31235 0.52522
0.66781 0.23536 0.27707
0.45354 0.31189 0.46004
0.58681 0.33544 0.46070
0.58795 0.32960 0.60739
0.52631 0.29215 0.45460
0.57173 0.47495 0.48204
0.48632 0.25912 0.39458
0.58865 0.28472 0.43427
0.55712 0.34766 0.51645
0.61314 0.54418 0.43236
0.63591 0.46295 0.36913
0.54057 0.29391 0.65864
0.70890 0.56770 0.40656
0.60614 0.21128 0.53887
0.58919 0.39792 0.50634
0.46520 0.28336 0.60273
0.43009 0.30763 0.43435
0.45395 0.36320 0.54559
0.54708 0.26586 0.44977
0.57384 0.47961 0.45731
0.59784 0.34976 0.45241
0.52429 0.32916 0.25943
0.47366 0.25002 0.62493
0.52444 0.39950 0.32689
0.60770 0.23818 0.39383
0.50554 0.26092 0.44768
0.71693 0.47413 0.35603
0.43075 0.32700 0.55856
0.55742 0.29010 0.42179
0.65967 0.43634 0.44027
0.69045 0.33079 0.34436
0.71594 0.45781 0.48184
0.62319 0.42469 0.38843
0.58723 0.25998 0.41108
0.68062 0.38750 0.27842
0.52894 0.39062 0.51696
0.57185 0.22398 0.35743
0.48282 0.33354 0.45945
0.61645 0.52935 0.49779
0.54734 0.29375 0.33823
0.68047 0.19245 0.26256
0.61697 0.21695 0.27424
0.55133 0.26031 0.36696
0.54324 0.20886 0.48395
0.50166 0.39110 0.20647
0.60897 0.37563 0.51254
0.62914 0.21393 0.44832
0.49475 0.30057 0.61761
0.69813 0.29026 0.35104
0.39890 0.28828 0.38696
0.65071 0.28755 0.54242
0.63405 0.28396 0.38133
0.56321 0.18595 0.37578
0.61228 0.48658 0.47631
0.62944 0.28312 0.36782
0.53666 0.25695 0.40923
0.56212 0.35444 0.56366
0.55898 0.32934 0.46466
0.44972 0.31972 0.49129
0.62179 0.30206 0.40519
0.46129 0.26475 0.61248
0.68716 0.32511 0.38214
0.48605 0.33493 0.38483
0.47754 0.35833 0.39476
0.47134 0.32335 0.43037
0.58122 0.42530 0.56715
0.54113 0.35782 0.42525
0.45045 0.32751 0.50828
0.52217 0.43453 0.32018
0.48455 0.36204 0.31759
0.51098 0.38148 0.55933
0.51484 0.28479 0.31826
0.54901 0.29934 0.31559
0.39159 0.38124 0.28692
0.64016 0.28455 0.37971
0.57572 0.36452 0.46970
0.65214 0.43424 0.37478
0.66846 0.56534 0.39541
0.59817 0.28300 0.23071
0.71009 0.42177 0.35614
0.64405 0.33499 0.43169
0.58743 0.28685 0.57888
0.62169 0.25240 0.44398
0.59030 0.46382 0.53478
0.53030 0.40269 0.40070
0.55312 0.29593 0.48640
0.42949 0.27807 0.45803
0.65752 0.22586 0.41836
0.67712 0.41040 0.42777
0.60434 0.31170 0.44806
0.53328 0.30895 0.48792
0.50237 0.30213 0.52107
0.72507 0.52736 0.40718
0.64135 0.28023 0.33810
0.62368 0.40341 0.42873
0.67496 0.41034 0.27436
0.69429 0.25343 0.37924
0.45994 0.22245 0.58098
0.63237 0.44012 0.33303
0.51581 0.45393 0.49115
0.65936 0.27505 0.32537
0.48541 0.35083 0.40733
0.56208 0.44190 0.59602
0.46735 0.37724 0.40516
0.72616 0.25648 0.33616
0.52507 0.38802 0.41892
0.55537 0.41722 0.39957
0.47292 0.40079 0.39420
0.38868 0.25457 0.65144
0.74894 0.59947 0.31971
0.53946 0.36209 0.45604
0.42607 0.25532 0.60104
0.58796 0.32896 0.26481
0.54275 0.32316 0.58927
0.44558 0.29000 0.51522
0.57409 0.29053 0.42719
0.65504 0.25455 0.29854
0.63783 0.41609 0.40556
0.53062 0.31915 0.38162
0.51929 0.37280 0.44258
0.63780 0.41809 0.38094
0.63658 0.41913 0.33908
0.61789 0.38485 0.35961
0.59022 0.19505 0.42009
0.56909 0.23959 0.36711
0.57298 0.19530 0.52272
0.60802 0.41668 0.36812
0.55624 0.35906 0.52696
0.50128 0.25797 0.58253
0.65702 0.34563 0.41063
0.49173 0.31108 0.59727
0.67098 0.51462 0.46910
0.67581 0.54198 0.38602
0.67827 0.18735 0.28529
0.69223 0.41290 0.40880
0.49770 0.26771 0.52376
0.54236 0.32642 0.35130
0.69733 0.39722 0.45987
0.45910 0.34177 0.66583
0.51331 0.40383 0.27835
0.64255 0.19377 0.39888
0.66268 0.31225 0.32767
0.50942 0.38604 0.38619
0.62071 0.42083 0.28920
0.66800 0.24636 0.33560
0.44885 0.33336 0.30330
0.52022 0.44203 0.49863
0.58251 0.25313 0.40760
0.67159 0.22004 0.29276
0.62591 0.24626 0.38081
0.57560 0.47971 0.36833
0.43725 0.33267 0.38165
0.62482 0.34759 0.48429
0.60329 0.34420 0.55612
0.57768 0.28457 0.37060
0.51622 0.38983 0.51713
0.56263 0.42348 0.53088
0.62377 0.47950 0.39255
0.50281 0.33069 0.35134
0.63337 0.32841 0.37851
0.69963 0.41980 0.43626
0.55570 0.29290 0.41502
0.68760 0.39949 0.29173
0.64022 0.32399 0.28477
0.57852 0.32915 0.41664
0.58852 0.27589 0.29523
0.45162 0.18859 0.57043
0.56033 0.21442 0.47244
0.60507 0.31081 0.43556
0.62997 0.35828 0.42862
0.56356 0.34787 0.46940
0.73977 0.48180 0.35850
0.59891 0.28301 0.29203
0.40582 0.27677 0.60127
0.72259 0.52569 0.52180
0.60667 0.30612 0.37369
0.51222 0.42412 0.35791
0.58384 0.26694 0.45502
0.80084 0.64425 0.30392
0.45381 0.25012 0.64961
0.48144 0.29835 0.34891
0.44965 0.23721 0.49004
0.44356 0.21718 0.51226
0.58036 0.17743 0.44652
0.75476 0.27250 0.33914
0.55994 0.29235 0.31132
0.39425 0.29773 0.61427
0.63753 0.29486 0.38934
0.71983 0.47346 0.36529
0.50852 0.31269 0.26805
0.66811 0.48108 0.31622
0.64465 0.21967 0.34439
0.47219 0.28060 0.53113
0.58841 0.50446 0.54953
0.80510 0.61751 0.32713
0.60513 0.38667 0.48798
0.46571 0.33605 0.43728
0.62786 0.29370 0.34199
0.55779 0.18751 0.46660
0.69957 0.41608 0.38069
0.49348 0.30401 0.43264
0.74612 0.31302 0.30732
0.66694 0.32504 0.32348
0.56929 0.47074 0.46183
0.61407 0.51166 0.35016
0.56806 0.43853 0.35464
0.64027 0.37408 0.34027
0.61775 0.47130 0.36805
0.62554 0.55246 0.49034
0.45414 0.33428 0.36068
0.62191 0.37405 0.52860
0.68167 0.31413 0.52882
0.65365 0.55045 0.44243
0.58533 0.40585 0.58181
0.45498 0.41719 0.54197
0.69030 0.29086 0.48187
0.56917 0.22909 0.35269
0.55077 0.37094 0.42352
0.63339 0.39936 0.50055
0.60154 0.42523 0.42836
0.68353 0.14903 0.33230
0.56439 0.19739 0.37213
0.61725 0.24699 0.51995
0.42139 0.34118 0.48728
0.36779 0.27804 0.57620
0.48029 0.43239 0.45303
0.64568 0.59658 0.36406
0.64705 0.45420 0.39942
0.57073 0.39826 0.48845
0.48725 0.33245 0.72375
0.40272 0.27962 0.41287
0.45854 0.28180 0.63269
0.59469 0.24516 0.46994
0.55811 0.30563 0.24063
0.67262 0.09103 0.31301
0.49011 0.46997 0.40947
0.51500 0.30039 0.62754
0.62319 0.39550 0.43551
0.47512 0.24570 0.62614
0.52951 0.36317 0.49981
0.62989 0.40592 0.35417
0.59870 0.39377 0.56894
0.64848 0.25523 0.35194
0.44296 0.35330 0.54687
0.54737 0.38308 0.36405
0.61612 0.31890 0.50105
0.65814 0.30404 0.26804
0.51261 0.49470 0.56055
0.53799 0.38906 0.47736
0.70976 0.37138 0.41628
0.60961 0.27928 0.69241
0.67113 0.47282 0.49947
0.51860 0.42694 0.59927
0.62823 0.34495 0.42784
0.83779 0.73225 0.35671
0.54415 0.25532 0.48879
0.62567 0.42356 0.36915
0.64097 0.39960 0.53188
0.67874 0.35262 0.35913
0.68247 0.47857 0.49951
0.62816 0.41575 0.30370
0.72143 0.41225 0.39087
0.55893 0.30718 0.44066
0.57465 0.37143 0.31083
0.44405 0.35837 0.50100
0.64527 0.33624 0.34008
0.45781 0.34715 0.37434
0.60396 0.17119 0.46841
0.61936 0.53807 0.34171
0.51089 0.30889 0.54048
0.60084 0.38749 0.49889
0.64352 0.34636 0.38550
0.58233 0.43521 0.53093
0.44625 0.20917 0.54713
0.58543 0.24185 0.60797
0.64299 0.19144 0.40572
0.70025 0.56383 0.41546
0.66963 0.22610 0.29558
0.58152 0.33680 0.41648
0.54016 0.39164 0.32592
0.45456 0.38517 0.36610
0.69713 0.25458 0.31512
0.54521 0.32082 0.47856
0.50929 0.26960 0.36170
0.48827 0.31829 0.57324
0.72276 0.35162 0.35366
0.52358 0.34095 0.28053
0.60181 0.27042 0.33474
0.65086 0.44608 0.35639
0.61669 0.40515 0.28305
0.63419 0.23095 0.32978
0.50583 0.23105 0.50655
0.73112 0.35810 0.32623
0.59074 0.30670 0.31933
0.69220 0.36408 0.37585
0.58916 0.31807 0.46744
0.57057 0.34399 0.35820
0.68490 0.31865 0.47418
0.46232 0.26094 0.58257
0.75101 0.48560 0.35564
0.71996 0.51262 0.50110
0.56982 0.25985 0.29853
0.66279 0.20049 0.34188
0.59180 0.33948 0.59019
0.59853 0.31737 0.48291
0.56251 0.41016 0.60442
0.61027 0.31088 0.32847
0.51493 0.33082 0.40186
0.66495 0.39301 0.33862
0.71222 0.38288 0.36920
0.63058 0.32206 0.33697
0.66721 0.19099 0.41080
0.59797 0.38303 0.45398
0.55508 0.53634 0.31824
0.53185 0.20749 0.50245
0.51701 0.44791 0.40245
0.61545 0.24666 0.40505
0.70288 0.42561 0.32743
0.52500 0.34028 0.39362
0.56593 0.29141 0.37718
0.60601 0.34671 0.47811
0.56592 0.41789 0.26372
0.60767 0.34640 0.52573
0.63671 0.38417 0.46649
0.56199 0.28315 0.50358
0.62620 0.27217 0.33225
0.56745 0.32537 0.58328
0.58112 0.40075 0.45710
0.48273 0.35473 0.56633
0.58762 0.36146 0.65462
0.52661 0.39799 0.40858
0.72843 0.51023 0.29871
0.62478 0.32888 0.36648
0.53718 0.50077 0.33485
0.68982 0.43960 0.39466
0.67917 0.30910 0.44807
0.65221 0.40173 0.52974
0.45889 0.30932 0.49469
0.62907 0.24362 0.50844
0.62350 0.46701 0.45671
0.64333 0.51646 0.35546
0.53157 0.26497 0.45474
0.56392 0.26714 0.58774
0.79579 0.46253 0.29148
0.50790 0.37658 0.40748
0.57474 0.26867 0.40787
0.53187 0.40729 0.36416
0.55815 0.25323 0.49645
0.52994 0.42633 0.48047
0.61661 0.33030 0.43524
0.61286 0.40170 0.67243
0.72861 0.44638 0.28227
0.66969 0.43582 0.40934
0.61544 0.39619 0.48906
0.59472 0.26208 0.27654
0.71768 0.31721 0.36352
0.51072 0.45952 0.34140
0.52066 0.23906 0.45278
0.66323 0.51729 0.36132
0.52554 0.22519 0.49314
0.64361 0.52696 0.39202
0.63093 0.34610 0.47683
0.51461 0.35913 0.45600
0.61297 0.37028 0.65154
0.74454 0.64932 0.46307
0.47936 0.36472 0.43291
0.70572 0.45464 0.42960
0.61205 0.24226 0.38238
0.57915 0.41465 0.36558
0.60859 0.26665 0.40373
0.75214 0.62367 0.35408
0.55328 0.31082 0.47063
0.60701 0.39395 0.51859
0.54235 0.55891 0.29515
0.68350 0.15653 0.40182
0.57717 0.44001 0.48414
0.75841 0.18820 0.31822
0.55615 0.43842 0.53242
0.52972 0.27456 0.53027
0.72732 0.45741 0.46751
0.72817 0.58010 0.30420
0.51064 0.45903 0.24805
0.62674 0.25877 0.29781
0.72601 0.24510 0.32162
0.62496 0.25320 0.32004
0.47677 0.28884 0.43838
0.75826 0.56536 0.35213
0.63499 0.31228 0.32873
0.63582 0.39296 0.33745
0.65455 0.15935 0.32152
0.66826 0.47752 0.43728
0.70093 0.49759 0.30469
0.61720 0.22306 0.50710
0.60308 0.13882 0.39208
0.66381 0.37275 0.54769
0.41313 0.26237 0.61637
0.50385 0.45117 0.51652
0.50193 0.25898 0.66898
0.56600 0.35332 0.60726
0.53934 0.25968 0.48411
0.66974 0.15260 0.32071
0.56242 0.28973 0.43742
0.42575 0.31673 0.56117
0.49884 0.27418 0.37680
0.63161 0.21884 0.36734
0.68638 0.51138 0.46968
0.61499 0.27807 0.47640
0.68740 0.31848 0.44934
0.65269 0.22817 0.31451
0.56547 0.31567 0.46434
0.75138 0.59433 0.31854
0.52601 0.38549 0.54448
0.60328 0.34949 0.40821
0.61896 0.20482 0.46142
0.60018 0.20837 0.36652
0.40353 0.27504 0.58417
0.59995 0.37230 0.51985
0.60701 0.23227 0.43846
0.56844 0.26727 0.33148
0.43472 0.32322 0.39681
0.64183 0.48716 0.59354
0.66594 0.22902 0.27854
0.57203 0.38610 0.48575
0.77176 0.49716 0.34367
0.69544 0.40662 0.32491
0.46797 0.38674 0.52015
0.59425 0.30769 0.58331
0.55478 0.33850 0.33654
0.55074 0.37606 0.45669
0.66242 0.24298 0.30326
0.55430 0.32596 0.28562
0.44179 0.38125 0.21363
0.55677 0.35212 0.44420
0.62940 0.39022 0.53421
0.58519 0.47580 0.31444
0.75504 0.37149 0.29594
0.66311 0.52154 0.42160
0.67507 0.29570 0.28751
0.48163 0.36648 0.25135
0.61311 0.30406 0.54056
0.58119 0.33685 0.30590
0.60186 0.33598 0.37215
0.50466 0.21926 0.42540
0.55195 0.38374 0.43210
0.53093 0.27957 0.36327
0.37890 0.27596 0.63409
0.43614 0.31452 0.41445
0.59185 0.18758 0.35434
0.68726 0.17284 0.32452
0.39071 0.36627 0.23527
0.51625 0.27090 0.41018
0.65897 0.29133 0.27016
0.66718 0.32187 0.39353
0.69099 0.46286 0.43996
0.54522 0.22805 0.54960
0.41850 0.32958 0.37101
0.51504 0.38942 0.48796
0.66283 0.25004 0.25175
0.47927 0.46080 0.23416
0.62750 0.42275 0.49908
0.66831 0.56810 0.46601
0.59116 0.30102 0.30387
0.57953 0.42690 0.57173
0.64849 0.31744 0.49222
0.74258 0.52997 0.33830
0.47603 0.30092 0.37494
0.64039 0.19615 0.28602
0.56666 0.32896 0.29842
0.45975 0.32150 0.30983
0.56515 0.38806 0.41749
0.51193 0.35684 0.45227
0.70849 0.11500 0.32374
0.50673 0.25010 0.45101
0.61391 0.33521 0.41002
0.53544 0.38809 0.44669
0.60091 0.49827 0.37933
0.56674 0.25978 0.42932
0.65323 0.13435 0.34002
0.59237 0.49508 0.34711
0.59001 0.29354 0.34223
0.62063 0.38930 0.50210
0.69776 0.15679 0.30358
0.71071 0.34337 0.32321
0.77761 0.58009 0.32803
0.49394 0.27381 0.49462
0.53670 0.32097 0.65019
0.50872 0.32814 0.48526
0.42232 0.39543 0.36292
0.67788 0.43665 0.41289
0.67150 0.21312 0.45333
0.70571 0.15558 0.34557
0.63847 0.42009 0.44293
0.65331 0.52463 0.45399
0.51367 0.35487 0.40617
0.67742 0.47815 0.48270
0.56499 0.28413 0.52392
0.44411 0.21510 0.53795
0.59756 0.34938 0.46907
0.57169 0.34089 0.44740
0.57399 0.28379 0.37691
0.64745 0.37464 0.48753
0.47982 0.29401 0.40169
0.62637 0.46238 0.59244
0.52390 0.26960 0.24871
0.50918 0.31125 0.47848
0.45784 0.37913 0.42891
0.67504 0.44622 0.39439
0.53630 0.29500 0.43585
0.54507 0.28458 0.63357
0.60407 0.24194 0.56347
0.51160 0.33055 0.65483
0.46911 0.38202 0.57111
0.72472 0.30434 0.30664
0.52263 0.33106 0.32824
0.66430 0.26388 0.33863
0.76297 0.67578 0.29472
0.62182 0.44951 0.46713
0.53201 0.30666 0.39901
0.57279 0.43756 0.47232
0.67914 0.19955 0.42156
0.70379 0.24404 0.31947
0.66308 0.49852 0.53120
0.57958 0.38335 0.54465
0.67723 0.23403 0.37988
0.51716 0.39492 0.39993
0.66962 0.16642 0.27341
0.46014 0.35259 0.42045
0.62739 0.41418 0.30914
0.72859 0.27391 0.28125
0.70910 0.61684 0.37836
0.56066 0.36201 0.55555
0.67388 0.30985 0.26798
0.66641 0.46639 0.52496
0.70975 0.52521 0.33053
0.42227 0.22760 0.57810
0.46638 0.49438 0.24488
0.58793 0.41910 0.44891
0.53356 0.42497 0.40560
0.62938 0.26573 0.24757
0.69614 0.56617 0.42309
0.61389 0.45009 0.34040
0.67654 0.26719 0.26813
0.59151 0.30650 0.24764
0.54390 0.23371 0.45523
0.60635 0.26831 0.40074
0.46217 0.41402 0.35230
0.55947 0.26226 0.38290
0.56929 0.26672 0.30009
0.64656 0.25925 0.33954
0.69393 0.51429 0.36734
0.61950 0.31651 0.30843
0.45352 0.35986 0.50297
0.52702 0.31624 0.54550
0.50772 0.40503 0.61060
0.43842 0.29953 0.35493
0.76282 0.61758 0.35468
0.55518 0.29816 0.29576
0.75903 0.37001 0.28413
0.48516 0.34697 0.49576
0.70810 0.24134 0.37457
0.59365 0.44820 0.43963
0.49907 0.30999 0.43774
0.56640 0.27489 0.44838
0.60331 0.27337 0.31878
0.59504 0.48442 0.27291
0.52981 0.40870 0.49946
0.48231 0.38153 0.33545
0.61872 0.28176 0.40377
0.74702 0.61384 0.42404
0.59376 0.42435 0.30702
0.57786 0.27701 0.53558
0.56453 0.27325 0.46751
0.47488 0.42437 0.39689
0.55402 0.21592 0.50990
0.72607 0.61178 0.51178
0.68381 0.21533 0.28971
0.68860 0.39843 0.34482
0.78181 0.58697 0.31111
0.63254 0.46065 0.48524
0.75058 0.51129 0.42846
0.57801 0.41202 0.37134
0.61995 0.34450 0.63200
0.54021 0.30158 0.38999
0.65815 0.50443 0.45961
0.66062 0.30514 0.28675
0.65665 0.21436 0.23835
0.53018 0.18245 0.52425
0.66958 0.38875 0.45707
0.50027 0.45257 0.38480
0.56130 0.38943 0.29097
0.65309 0.17447 0.33413
0.53377 0.36427 0.42470
0.60709 0.35219 0.46357
0.46902 0.31951 0.49783
0.54899 0.20989 0.55781
0.50830 0.23054 0.60788
0.62490 0.28524 0.32308
0.51303 0.26397 0.49583
0.69873 0.43520 0.44229
0.64403 0.35671 0.37132
0.69958 0.17766 0.36679
0.54012 0.36369 0.38966
0.69547 0.21200 0.27013
0.67405 0.55272 0.49909
0.71827 0.39186 0.34930
0.63124 0.27304 0.39018
0.73067 0.34887 0.36040
0.47169 0.37761 0.63507
0.63993 0.51706 0.40274
0.57942 0.34107 0.40971
0.46762 0.39676 0.30998
0.55309 0.24720 0.59892
0.58204 0.22082 0.42758
0.63580 0.51962 0.47726
0.61114 0.46578 0.48393
0.65253 0.50903 0.44023
0.56697 0.17660 0.37877
0.63392 0.21704 0.38250
0.52069 0.34988 0.36280
0.65792 0.42104 0.29230
0.76966 0.48369 0.39418
0.42226 0.34155 0.38114
0.55592 0.20102 0.38195
0.67792 0.25921 0.36012
0.40339 0.28135 0.58713
0.48863 0.31165 0.47582
0.54864 0.31177 0.60098
0.69436 0.26647 0.29764
0.68135 0.50084 0.55775
0.56527 0.42778 0.50220
0.48456 0.35176 0.31109
0.55811 0.33801 0.66054
0.46547 0.33359 0.56225
0.66014 0.36310 0.38112
0.52392 0.30622 0.70491
0.55251 0.23256 0.37015
0.45400 0.41056 0.36429
0.62205 0.43869 0.58825
0.62674 0.41794 0.48186
0.52918 0.27564 0.35286
0.62164 0.33214 0.53202
0.70564 0.41461 0.47861
0.44184 0.25422 0.51197
0.65710 0.37935 0.36888
0.69005 0.57791 0.42339
0.62256 0.43943 0.36322
0.69982 0.38629 0.34005
0.54065 0.27789 0.29455
0.57250 0.31060 0.58866
0.74969 0.57511 0.41553
0.63172 0.36079 0.41143
0.68334 0.32964 0.29763
0.56690 0.32561 0.53149
0.50217 0.28279 0.46372
0.64757 0.33695 0.33525
0.77523 0.63582 0.39720
0.46490 0.36948 0.39839
0.61764 0.31706 0.33792
0.48021 0.37257 0.49910
0.54298 0.22641 0.38290
0.55165 0.34446 0.49463
0.47938 0.32938 0.41080
0.45898 0.33094 0.23339
0.39326 0.21105 0.61585
0.43380 0.22600 0.56657
0.59944 0.38187 0.37183
0.59221 0.36817 0.39007
0.65647 0.33927 0.42792
0.76913 0.44652 0.34226
0.66000 0.29992 0.28644
0.52917 0.24418 0.56088
0.69115 0.59924 0.46615
0.68882 0.50781 0.53234
0.64400 0.45721 0.41285
0.68671 0.17782 0.34802
0.45391 0.42744 0.30732
0.54739 0.39602 0.62471
0.57837 0.38149 0.52426
0.51785 0.30857 0.43202
0.47424 0.33368 0.27636
0.51174 0.28561 0.55228
0.56884 0.21739 0.41709
0.76935 0.30564 0.32882
0.48593 0.27850 0.59442
0.46826 0.24806 0.66412
0.56444 0.33060 0.35788
0.61649 0.19954 0.47610
0.56695 0.33868 0.58037
0.75042 0.39589 0.31469
0.52275 0.25895 0.33133
0.56167 0.24028 0.60922
0.56804 0.42788 0.31980
0.50009 0.36646 0.46388
0.46934 0.21588 0.54883
0.60497 0.45669 0.43307
0.49567 0.31345 0.30756
0.55708 0.48603 0.42381
0.43906 0.30066 0.43377
0.51191 0.33786 0.33359
0.65231 0.21905 0.37718
0.60845 0.44838 0.57363
0.64730 0.23043 0.45978
0.54987 0.31740 0.27490
0.53090 0.28319 0.59842
0.72248 0.45896 0.42100
0.41601 0.33695 0.57220
0.42931 0.30175 0.62964
0.61076 0.21050 0.38511
