20 11 1000 9855 935
0.60230 0.10564 0.18726
0.24269 0.42804 0.64153
0.25845 0.00634 0.61487
0.85699 0.32006 0.78125
0.07104 0.24697 0.79933
0.70242 0.08387 0.69890
0.96415 0.21627 0.15284
0.23380 0.08605 0.73907
0.23037 0.25082 0.42368
0.13053 0.50533 0.63988
0.19781 0.09236 0.13621
0.33669 0.11641 0.43889
0.39992 0.20143 0.46958
0.31830 0.24249 0.45450
0.39154 0.21438 0.59794
0.40539 0.22889 0.62226
0.45718 0.27979 0.52526
0.48019 0.18008 0.45654
0.41931 0.17515 0.57622
0.32744 0.23266 0.61084
0.40355 0.24811 0.56983
0.48769 0.23735 0.39265
0.36935 0.17990 0.47160
0.33961 0.30814 0.54877
0.36996 0.19760 0.56670
0.31818 0.25546 0.42797
0.35728 0.22839 0.59157
0.36412 0.23773 0.43280
0.36238 0.19145 0.57489
0.40658 0.15595 0.54764
0.32562 0.27042 0.54086
0.29806 0.25256 0.48942
0.39127 0.22324 0.51730
0.34516 0.23793 0.53764
0.59827 0.16181 0.47632
0.44392 0.16194 0.36622
0.40781 0.20518 0.58732
0.33278 0.27353 0.54850
0.50914 0.22848 0.39044
0.45954 0.20761 0.63934
0.44991 0.27062 0.52910
0.27012 0.23046 0.52516
0.28753 0.15437 0.54017
0.29949 0.18079 0.59151
0.30727 0.26861 0.49920
0.36054 0.20044 0.64803
0.36586 0.20154 0.49465
0.47375 0.25862 0.56111
0.43004 0.28201 0.62365
0.54455 0.20228 0.49592
0.45068 0.20858 0.63539
0.40727 0.28556 0.50616
0.49453 0.13981 0.50371
0.33411 0.17835 0.49029
0.53730 0.18247 0.45991
0.57260 0.19377 0.36543
0.44190 0.20475 0.63405
0.44121 0.27790 0.68740
0.45917 0.18880 0.52034
0.49727 0.18434 0.56958
0.35816 0.22549 0.45089
0.37641 0.17126 0.49759
0.27976 0.22968 0.45256
0.44388 0.23204 0.46828
0.38578 0.26495 0.56122
0.24560 0.27235 0.53656
0.41616 0.12903 0.44856
0.50056 0.20821 0.46364
0.32810 0.17999 0.57743
0.38953 0.18577 0.52451
0.55568 0.23149 0.42082
0.42951 0.23082 0.51246
0.42454 0.23123 0.47959
0.35896 0.16932 0.62353
0.33653 0.12178 0.46821
0.30773 0.19210 0.57906
0.42160 0.23471 0.54169
0.49049 0.25377 0.56721
0.54190 0.18756 0.55886
0.36100 0.17876 0.52010
0.26558 0.26051 0.52658
0.26697 0.30968 0.52437
0.37911 0.18682 0.59101
0.38381 0.23267 0.53436
0.30067 0.25319 0.57780
0.39823 0.24148 0.47883
0.53057 0.18007 0.37252
0.50135 0.14493 0.49710
0.53105 0.25893 0.52825
0.35006 0.24003 0.51250
0.45000 0.22038 0.50147
0.42537 0.13115 0.52205
0.34562 0.14388 0.59168
0.28511 0.19235 0.52996
0.39725 0.18326 0.50059
0.50639 0.18918 0.43969
0.39925 0.19271 0.58845
0.31909 0.19753 0.55435
0.54593 0.18195 0.41278
0.37648 0.26381 0.52155
0.44669 0.21401 0.45765
0.49679 0.21064 0.54326
0.47548 0.20655 0.44357
0.33936 0.22178 0.62355
0.34083 0.21184 0.56026
0.36439 0.20580 0.40584
0.47278 0.14116 0.34616
0.28384 0.28316 0.61842
0.43004 0.23551 0.46561
0.47067 0.18295 0.54386
0.54091 0.21937 0.43370
0.39986 0.19187 0.58122
0.37376 0.13901 0.51707
0.27339 0.19836 0.68416
0.33627 0.28951 0.57359
0.39905 0.19479 0.54282
0.29961 0.15642 0.50664
0.39653 0.23033 0.52321
0.29426 0.21041 0.45111
0.31795 0.12120 0.59788
0.35896 0.19040 0.51946
0.36275 0.17848 0.44207
0.37181 0.17437 0.57137
0.33280 0.23516 0.54420
0.48586 0.18168 0.50053
0.43751 0.21103 0.43366
0.43470 0.22261 0.61218
0.36491 0.19766 0.48338
0.23603 0.25719 0.55182
0.55006 0.23837 0.48878
0.48604 0.30796 0.51962
0.60096 0.18427 0.62369
0.48330 0.16482 0.54437
0.43749 0.19231 0.49425
0.44389 0.19188 0.58748
0.27406 0.29683 0.61418
0.46307 0.21266 0.36981
0.42489 0.24311 0.60045
0.34587 0.19846 0.53207
0.25983 0.19916 0.60916
0.42766 0.17404 0.46093
0.34271 0.15585 0.52120
0.39871 0.21405 0.50926
0.36734 0.22570 0.54191
0.25536 0.26560 0.53475
0.59217 0.25834 0.63732
0.70142 0.21881 0.56545
0.41118 0.22006 0.62988
0.41138 0.17282 0.50177
0.38412 0.17427 0.57149
0.32656 0.25487 0.54973
0.31022 0.20566 0.53114
0.56474 0.18578 0.40907
0.35118 0.25624 0.56075
0.39127 0.22499 0.55076
0.55646 0.18043 0.42703
0.44271 0.15451 0.38419
0.37596 0.16638 0.49775
0.37502 0.27670 0.60315
0.48361 0.22299 0.63544
0.44530 0.23515 0.55142
0.34747 0.18945 0.45178
0.42997 0.20032 0.53339
0.30344 0.30144 0.56729
0.43531 0.18591 0.62800
0.45117 0.15457 0.45530
0.28867 0.25838 0.63899
0.38937 0.19304 0.40572
0.57408 0.21668 0.38822
0.60205 0.21176 0.38668
0.43861 0.18961 0.56318
0.36807 0.29247 0.59182
0.54643 0.18204 0.45326
0.42596 0.21196 0.51134
0.56722 0.26510 0.57946
0.38849 0.15978 0.52863
0.30625 0.19748 0.61142
0.33553 0.21704 0.41964
0.48333 0.21466 0.40003
0.37857 0.18578 0.53871
0.43889 0.25508 0.51276
0.35812 0.20255 0.38300
0.45345 0.25165 0.61116
0.34893 0.26162 0.51770
0.33984 0.24476 0.53780
0.36665 0.17226 0.45838
0.33480 0.17837 0.57245
0.66077 0.19815 0.52944
0.51619 0.21509 0.57816
0.41920 0.25066 0.56397
0.48731 0.21500 0.39772
0.32904 0.16201 0.37164
0.33548 0.15816 0.36224
0.47840 0.18638 0.48111
0.37136 0.18276 0.55823
0.41744 0.22306 0.48500
0.58051 0.23522 0.62103
0.55095 0.21842 0.59037
0.38431 0.24533 0.58239
0.44049 0.18649 0.55605
0.33504 0.24774 0.43870
0.54157 0.20672 0.43902
0.52349 0.19552 0.52181
0.43944 0.18318 0.47406
0.37615 0.24981 0.47408
0.37186 0.29773 0.59280
0.49262 0.23406 0.50898
0.27294 0.26844 0.54574
0.37420 0.28793 0.56154
0.28964 0.22970 0.52218
0.33137 0.20512 0.53888
0.27949 0.18909 0.62128
0.46546 0.20054 0.47798
0.50291 0.16611 0.40020
0.42536 0.20737 0.46995
0.44393 0.24770 0.47337
0.43121 0.17375 0.50138
0.31713 0.24922 0.58114
0.40695 0.23373 0.58870
0.42804 0.14097 0.61052
0.41045 0.20596 0.55106
0.33356 0.23914 0.56826
0.49539 0.25140 0.45823
0.33794 0.22062 0.43872
0.37572 0.17891 0.63477
0.36485 0.25476 0.56810
0.34868 0.18927 0.53739
0.32513 0.27752 0.53791
0.31375 0.21511 0.61975
0.28646 0.17545 0.63604
0.35432 0.26965 0.60670
0.25280 0.19232 0.45376
0.57101 0.20153 0.53587
0.31590 0.21822 0.49525
0.34794 0.27651 0.46940
0.50370 0.19725 0.41395
0.41140 0.18403 0.52345
0.31741 0.22233 0.60812
0.46106 0.16017 0.56589
0.29763 0.23839 0.47245
0.37522 0.27583 0.56054
0.44332 0.18368 0.53709
0.27175 0.17578 0.52360
0.46941 0.16876 0.53177
0.39282 0.23921 0.52666
0.28298 0.19680 0.64489
0.48322 0.18418 0.48951
0.46232 0.25422 0.47468
0.31819 0.17483 0.46772
0.37180 0.18138 0.54763
0.39195 0.28375 0.54336
0.42985 0.21472 0.47849
0.30168 0.21260 0.64162
0.51635 0.19514 0.59485
0.28346 0.23199 0.63416
0.31450 0.22056 0.49974
0.28357 0.19165 0.43292
0.50914 0.21030 0.42046
0.48453 0.16990 0.50401
0.42603 0.23525 0.53827
0.51375 0.24682 0.41218
0.43757 0.22956 0.50754
0.50944 0.24923 0.54347
0.53610 0.24900 0.61139
0.30059 0.25611 0.58901
0.40811 0.25022 0.60839
0.34657 0.26988 0.49590
0.44473 0.24439 0.64365
0.32192 0.20997 0.43995
0.34102 0.23566 0.61582
0.42698 0.17946 0.54623
0.28870 0.15299 0.61836
0.44402 0.15870 0.45764
0.40272 0.20190 0.42040
0.38410 0.23759 0.59431
0.41799 0.20431 0.45524
0.43738 0.21720 0.50228
0.53899 0.19614 0.48554
0.48322 0.20928 0.49575
0.42969 0.20116 0.47534
0.45494 0.23311 0.50477
0.65320 0.21834 0.47364
0.29130 0.21371 0.56356
0.33969 0.22861 0.61152
0.43185 0.23936 0.58698
0.35607 0.11465 0.46521
0.56704 0.20447 0.53462
0.38931 0.24243 0.53706
0.59605 0.19892 0.57678
0.24294 0.25207 0.58099
0.43700 0.19037 0.56503
0.47106 0.21081 0.66478
0.30519 0.14392 0.37745
0.33882 0.15587 0.49594
0.41285 0.22920 0.57553
0.33599 0.14848 0.56029
0.46892 0.22714 0.45371
0.45395 0.23387 0.48256
0.45496 0.22355 0.65617
0.31430 0.27275 0.56656
0.27326 0.25212 0.59626
0.33954 0.30011 0.59880
0.28272 0.26612 0.55500
0.27097 0.24710 0.56770
0.46812 0.16823 0.56566
0.37413 0.18007 0.36487
0.42133 0.13296 0.50413
0.54229 0.17630 0.59847
0.54009 0.24692 0.62063
0.41168 0.22822 0.46495
0.39526 0.15882 0.50091
0.40863 0.18346 0.45447
0.33492 0.16317 0.49223
0.49270 0.21185 0.39575
0.45826 0.14980 0.41952
0.42406 0.26874 0.55108
0.44770 0.18812 0.48970
0.59089 0.16507 0.45459
0.37512 0.25705 0.53549
0.44914 0.14668 0.55639
0.45502 0.23142 0.51541
0.43761 0.19977 0.59900
0.35422 0.23756 0.54080
0.39304 0.18263 0.48834
0.27115 0.16992 0.54043
0.48480 0.18888 0.45192
0.36704 0.26683 0.51944
0.28159 0.19565 0.50102
0.44028 0.25000 0.54747
0.35806 0.17667 0.56336
0.33044 0.16278 0.58163
0.26490 0.24846 0.61283
0.53111 0.21352 0.46114
0.41482 0.14556 0.47833
0.46421 0.17797 0.48108
0.51320 0.16369 0.38701
0.41172 0.18501 0.58505
0.33006 0.18500 0.57987
0.52946 0.25878 0.54460
0.52829 0.26306 0.53079
0.22183 0.24256 0.61635
0.39913 0.21918 0.55168
0.51413 0.19200 0.51902
0.50481 0.22678 0.59366
0.51112 0.17786 0.40197
0.37453 0.24231 0.53132
0.60469 0.27287 0.59145
0.44709 0.22911 0.59291
0.47153 0.21214 0.54918
0.49975 0.22775 0.46522
0.52573 0.18891 0.59812
0.32016 0.13822 0.58978
0.42274 0.12679 0.54239
0.40207 0.26490 0.48685
0.47111 0.16831 0.45824
0.27839 0.12056 0.50046
0.40543 0.18349 0.48849
0.39776 0.23018 0.58061
0.36353 0.16782 0.50131
0.39805 0.17392 0.46702
0.49147 0.19754 0.41823
0.44083 0.20189 0.38571
0.38121 0.22986 0.62847
0.33679 0.25513 0.58613
0.33766 0.22933 0.52404
0.41239 0.19026 0.46102
0.50212 0.17039 0.37168
0.46502 0.15763 0.47904
0.48689 0.14324 0.34037
0.40310 0.17436 0.50973
0.39331 0.12770 0.31031
0.32944 0.19521 0.54732
0.43666 0.26629 0.62856
0.38072 0.21292 0.53517
0.32895 0.16363 0.40776
0.46407 0.23958 0.49202
0.35643 0.24097 0.50281
0.22222 0.13603 0.59821
0.54006 0.17272 0.55585
0.41742 0.18502 0.61441
0.32795 0.19178 0.61422
0.33447 0.17922 0.50135
0.37302 0.23355 0.58855
0.38626 0.20634 0.55865
0.34026 0.24929 0.66361
0.31990 0.23812 0.61832
0.51363 0.17589 0.56205
0.33438 0.20720 0.48980
0.44661 0.18458 0.60564
0.48966 0.24580 0.45704
0.27379 0.21755 0.62604
0.29665 0.31716 0.53162
0.23065 0.28169 0.55300
0.47713 0.24015 0.60635
0.30816 0.12437 0.52459
0.34469 0.24271 0.52730
0.38707 0.29031 0.56959
0.44443 0.20231 0.54722
0.49996 0.19045 0.62687
0.50164 0.26388 0.41161
0.37864 0.17874 0.58359
0.48328 0.24428 0.54715
0.37090 0.19168 0.47075
0.45653 0.22732 0.48006
0.56133 0.20569 0.46628
0.36568 0.20407 0.47045
0.56492 0.16270 0.49807
0.34999 0.10935 0.50432
0.54625 0.19819 0.47678
0.32510 0.23501 0.64312
0.26693 0.19898 0.67874
0.28059 0.19764 0.51286
0.37709 0.20519 0.54665
0.46939 0.17871 0.45370
0.39125 0.23574 0.52604
0.50361 0.21160 0.54027
0.57252 0.22735 0.44789
0.28979 0.26944 0.59958
0.43975 0.19906 0.57354
0.42031 0.17078 0.60105
0.63613 0.29069 0.56124
0.30355 0.18767 0.50983
0.34226 0.15642 0.57299
0.38336 0.17441 0.50312
0.35963 0.19771 0.50372
0.35800 0.21592 0.52824
0.39061 0.26776 0.59326
0.44065 0.21194 0.56029
0.39744 0.12866 0.56011
0.43566 0.25631 0.55229
0.36923 0.16555 0.51323
0.35532 0.31565 0.54905
0.36925 0.19713 0.57357
0.39159 0.12556 0.61353
0.49794 0.12436 0.49269
0.37867 0.18998 0.43403
0.25412 0.19020 0.42632
0.42384 0.12900 0.59695
0.38487 0.18399 0.44008
0.39073 0.16937 0.53610
0.40306 0.18513 0.57961
0.31104 0.18555 0.51508
0.47275 0.18770 0.43928
0.40694 0.22339 0.51188
0.33286 0.19631 0.54028
0.35859 0.14481 0.54981
0.43369 0.21157 0.48659
0.38562 0.21348 0.55553
0.22994 0.20339 0.49527
0.45602 0.21973 0.58935
0.51946 0.24735 0.46883
0.36308 0.23924 0.50945
0.43974 0.26503 0.65142
0.35354 0.15509 0.46326
0.48841 0.17779 0.47580
0.30821 0.22506 0.57688
0.33480 0.23962 0.62879
0.49506 0.18461 0.45481
0.68683 0.20160 0.34771
0.56372 0.18151 0.45242
0.44888 0.16465 0.64129
0.40640 0.19273 0.61469
0.55018 0.19672 0.46255
0.33434 0.23928 0.51088
0.35182 0.22416 0.57934
0.38270 0.26184 0.49179
0.32492 0.13790 0.55168
0.40713 0.19893 0.53307
0.40541 0.23243 0.54935
0.30936 0.20053 0.64727
0.35156 0.14241 0.62242
0.27451 0.27769 0.67349
0.37164 0.24513 0.55235
0.32852 0.21182 0.68569
0.36057 0.24599 0.51215
0.49851 0.16955 0.56245
0.44664 0.32608 0.64055
0.54059 0.20932 0.44903
0.42970 0.18859 0.53224
0.53175 0.19089 0.48250
0.30624 0.25109 0.55127
0.45329 0.20094 0.45930
0.46460 0.25659 0.59602
0.32300 0.13344 0.57086
0.30250 0.26503 0.66214
0.39733 0.24025 0.55312
0.43648 0.15616 0.45567
0.24515 0.28413 0.54497
0.32749 0.19605 0.53014
0.48842 0.19427 0.50838
0.52444 0.24833 0.47903
0.42040 0.15062 0.35147
0.24203 0.23446 0.49687
0.34786 0.26062 0.56147
0.41260 0.20836 0.61682
0.43177 0.28041 0.63469
0.43875 0.19329 0.49367
0.39849 0.17892 0.48070
0.35582 0.18296 0.59169
0.65974 0.17951 0.36875
0.30028 0.25274 0.56986
0.41157 0.16911 0.40118
0.30816 0.33065 0.59675
0.36291 0.19646 0.36926
0.51419 0.25941 0.43782
0.37430 0.18424 0.48864
0.34741 0.28819 0.43936
0.29899 0.26247 0.57601
0.53500 0.28783 0.65855
0.33857 0.26139 0.49326
0.36890 0.21223 0.50441
0.42631 0.16850 0.57682
0.29742 0.25816 0.61289
0.35953 0.17627 0.51363
0.48138 0.26472 0.45107
0.38378 0.21079 0.51069
0.46762 0.17260 0.51338
0.42381 0.22619 0.40194
0.37171 0.18102 0.61876
0.53989 0.20142 0.60139
0.54759 0.15450 0.49623
0.51822 0.23389 0.44597
0.48127 0.25922 0.58148
0.41037 0.19438 0.43402
0.31000 0.17602 0.57175
0.47974 0.22781 0.52198
0.43244 0.30297 0.61131
0.35078 0.24176 0.60233
0.47899 0.18250 0.49787
0.41315 0.21668 0.59444
0.48317 0.18649 0.31510
0.48682 0.16519 0.46931
0.56325 0.19626 0.53552
0.24539 0.22545 0.66704
0.30059 0.26393 0.63240
0.43576 0.22786 0.60136
0.45990 0.18799 0.46409
0.49697 0.19931 0.42196
0.55585 0.21561 0.37093
0.37990 0.18300 0.60072
0.43160 0.16023 0.59599
0.29025 0.18457 0.54023
0.26711 0.25050 0.50456
0.39085 0.28645 0.53668
0.51925 0.19325 0.47545
0.39311 0.24044 0.45069
0.49488 0.19955 0.36619
0.40614 0.24793 0.55314
0.35130 0.25665 0.52513
0.31365 0.26244 0.64564
0.39803 0.15045 0.49699
0.39052 0.21003 0.41671
0.57354 0.15471 0.49432
0.36789 0.25251 0.49041
0.46501 0.23545 0.61221
0.41083 0.15035 0.38187
0.55124 0.20661 0.49841
0.33745 0.18500 0.60561
0.32628 0.20825 0.63319
0.30558 0.16953 0.57812
0.44979 0.19045 0.61089
0.42085 0.18151 0.47193
0.36834 0.21415 0.49442
0.59296 0.13642 0.60402
0.61097 0.18027 0.36133
0.44247 0.14560 0.47698
0.44370 0.14910 0.56274
0.45528 0.20808 0.55894
0.44215 0.18546 0.43688
0.50848 0.25983 0.63656
0.51731 0.24852 0.63770
0.39661 0.21968 0.61029
0.39323 0.20390 0.59600
0.43498 0.20208 0.52485
0.49531 0.19131 0.52208
0.28550 0.25515 0.57048
0.42449 0.22550 0.50715
0.28594 0.22360 0.55205
0.34439 0.25784 0.59168
0.37798 0.27315 0.47749
0.34310 0.15840 0.56614
0.47533 0.22982 0.57632
0.52952 0.27785 0.41141
0.44740 0.29699 0.64202
0.52569 0.18167 0.40458
0.53539 0.28535 0.48757
0.34451 0.20575 0.61616
0.30615 0.12845 0.60018
0.42431 0.24419 0.51357
0.37967 0.15455 0.51937
0.31791 0.30168 0.57306
0.53189 0.20027 0.41970
0.64789 0.20681 0.48197
0.34451 0.29142 0.56293
0.43070 0.27106 0.58396
0.27934 0.31272 0.59193
0.36742 0.19983 0.45151
0.32411 0.12317 0.46337
0.31400 0.21791 0.54999
0.29337 0.27018 0.55250
0.39271 0.31123 0.56405
0.51361 0.15808 0.44697
0.35052 0.25211 0.64187
0.33557 0.16699 0.38368
0.43027 0.19791 0.39922
0.46330 0.21479 0.58301
0.37846 0.20885 0.59026
0.47137 0.21078 0.44636
0.39587 0.22359 0.55148
0.40678 0.16539 0.31594
0.45660 0.12455 0.53385
0.41991 0.20183 0.54872
0.47455 0.26942 0.61271
0.43088 0.21239 0.50327
0.47210 0.23247 0.50352
0.39967 0.14925 0.54245
0.50393 0.16845 0.54679
0.53485 0.16212 0.52642
0.51162 0.23446 0.64736
0.31134 0.14345 0.55259
0.40574 0.22651 0.59376
0.34577 0.18345 0.40804
0.44886 0.22468 0.44384
0.48494 0.17831 0.47188
0.45368 0.20395 0.56747
0.42825 0.19256 0.48009
0.39460 0.26395 0.57958
0.33993 0.19124 0.57317
0.28583 0.21851 0.54753
0.39317 0.17910 0.63018
0.48509 0.26610 0.54515
0.61767 0.15615 0.45134
0.44182 0.18588 0.49293
0.35537 0.14358 0.58031
0.42358 0.21349 0.58501
0.32482 0.24804 0.62205
0.42294 0.21384 0.49207
0.38022 0.27352 0.60976
0.47074 0.20755 0.56540
0.40979 0.24745 0.67529
0.42693 0.14985 0.55376
0.34514 0.31530 0.53544
0.45314 0.17710 0.55630
0.39108 0.22355 0.46202
0.24965 0.27088 0.58193
0.48430 0.17091 0.52739
0.27219 0.24438 0.53737
0.32891 0.24259 0.48361
0.40410 0.21764 0.60419
0.45414 0.24044 0.39126
0.33205 0.28214 0.58916
0.31842 0.16612 0.46190
0.53399 0.23371 0.42375
0.51248 0.16002 0.54923
0.44660 0.15065 0.48727
0.26049 0.28812 0.58239
0.28745 0.27192 0.52269
0.44715 0.24286 0.50245
0.36878 0.17444 0.55387
0.39818 0.13293 0.59146
0.34126 0.25633 0.57967
0.38018 0.19133 0.60139
0.50929 0.19348 0.64289
0.39330 0.22647 0.52952
0.31509 0.20780 0.48899
0.50859 0.23534 0.44067
0.45007 0.26171 0.49872
0.43696 0.20663 0.49973
0.46929 0.10855 0.51309
0.49921 0.21206 0.51982
0.41754 0.14396 0.31518
0.45785 0.20192 0.45996
0.41219 0.27017 0.53904
0.37824 0.17790 0.44814
0.41924 0.17673 0.55094
0.33097 0.17921 0.39639
0.35263 0.22290 0.51321
0.45460 0.24426 0.48681
0.38197 0.23789 0.40292
0.49279 0.22793 0.46262
0.43449 0.24965 0.46821
0.49858 0.20569 0.54147
0.64648 0.18248 0.50998
0.30726 0.22477 0.48288
0.46173 0.26801 0.51684
0.24556 0.26319 0.59994
0.34868 0.26453 0.57613
0.51714 0.18928 0.47237
0.31323 0.27869 0.55293
0.57380 0.20337 0.53161
0.44978 0.20143 0.54825
0.23561 0.19757 0.55967
0.43161 0.17347 0.36302
0.51503 0.24736 0.59472
0.35553 0.19413 0.46520
0.47719 0.19691 0.42801
0.44923 0.21587 0.58482
0.50615 0.17684 0.55642
0.42790 0.27221 0.54019
0.31612 0.19578 0.47859
0.23181 0.33788 0.60012
0.44044 0.20646 0.41731
0.42509 0.23074 0.50410
0.49267 0.21097 0.52087
0.46837 0.20623 0.55854
0.28081 0.22869 0.64691
0.38661 0.22705 0.60644
0.36386 0.15917 0.51437
0.55235 0.20698 0.47802
0.32819 0.11406 0.54918
0.27880 0.22868 0.47080
0.42977 0.18746 0.47401
0.34800 0.28778 0.51712
0.32312 0.31544 0.52432
0.28132 0.22187 0.48017
0.36174 0.17633 0.50384
0.45841 0.23727 0.55690
0.40733 0.20688 0.56094
0.39469 0.24124 0.52696
0.44304 0.12398 0.53448
0.41189 0.22935 0.50459
0.53835 0.21176 0.39310
0.43180 0.25845 0.58761
0.45221 0.22773 0.37113
0.39829 0.16164 0.44172
0.48965 0.17078 0.37834
0.39109 0.20088 0.52886
0.44821 0.17811 0.47443
0.42145 0.21289 0.49354
0.53674 0.18618 0.46771
0.50579 0.19281 0.32731
0.59307 0.25374 0.46158
0.54491 0.26823 0.48577
0.56062 0.20076 0.42030
0.48063 0.27524 0.49501
0.59816 0.20397 0.48693
0.46622 0.29568 0.54547
0.30391 0.22360 0.46503
0.55541 0.18808 0.61168
0.40401 0.25141 0.50124
0.24936 0.22364 0.57603
0.44627 0.18289 0.41656
0.30315 0.27938 0.47407
0.46866 0.24784 0.61308
0.39391 0.18055 0.50997
0.28475 0.24520 0.64702
0.46008 0.24708 0.61142
0.61539 0.18707 0.35432
0.40771 0.25274 0.58535
0.46856 0.22681 0.56459
0.29064 0.20684 0.51405
0.31716 0.16129 0.58907
0.45329 0.18091 0.65140
0.47947 0.17592 0.59608
0.43288 0.23902 0.48106
0.37025 0.20343 0.42036
0.48118 0.21088 0.44051
0.39664 0.18212 0.59596
0.54453 0.24017 0.58625
0.34815 0.12658 0.53600
0.42218 0.27288 0.49728
0.39922 0.19672 0.52036
0.31663 0.25010 0.52061
0.34859 0.18584 0.49368
0.37656 0.20856 0.59487
0.51694 0.20160 0.43342
0.28220 0.19638 0.46283
0.42584 0.25282 0.62659
0.43094 0.21477 0.57303
0.40165 0.14067 0.55858
0.38271 0.20142 0.59362
0.29233 0.23178 0.44507
0.43025 0.19785 0.67351
0.59104 0.21597 0.44518
0.24965 0.34774 0.56399
0.36014 0.22085 0.57017
0.40773 0.29736 0.51511
0.46059 0.30675 0.62668
0.41434 0.24607 0.53896
0.39592 0.29198 0.51562
0.38515 0.13888 0.55671
0.41569 0.15688 0.49553
0.51112 0.17364 0.51874
0.27896 0.22615 0.58869
0.42722 0.16527 0.59111
0.38166 0.22570 0.58510
0.35332 0.18749 0.48427
0.57353 0.18442 0.45350
0.36806 0.13948 0.53946
0.44542 0.23669 0.57175
0.36159 0.25216 0.50982
0.27089 0.12109 0.60062
0.27648 0.24650 0.61702
0.48131 0.22128 0.54119
0.57117 0.21439 0.59297
0.33940 0.21005 0.52545
0.27866 0.28007 0.60027
0.32719 0.14803 0.49062
0.31875 0.17484 0.51203
0.50463 0.20128 0.46133
0.36496 0.17930 0.43649
0.39497 0.19675 0.49611
0.45774 0.12911 0.58744
0.34458 0.27515 0.55933
0.31820 0.19041 0.50773
0.40849 0.23770 0.57277
0.48574 0.14203 0.45215
0.41025 0.24534 0.51153
0.35080 0.11207 0.51634
0.32579 0.26852 0.55742
0.51678 0.16324 0.34481
0.46703 0.19974 0.61046
0.27077 0.28287 0.58536
0.34688 0.26981 0.54960
0.33561 0.18275 0.60616
0.31274 0.22199 0.50358
0.32904 0.21020 0.54143
0.24941 0.38924 0.61116
0.35544 0.17536 0.56587
0.30121 0.25198 0.53895
0.28196 0.20758 0.58306
0.33847 0.15466 0.43513
0.44230 0.18035 0.53779
0.50302 0.17736 0.46252
0.31831 0.15478 0.61648
0.28389 0.12563 0.63279
0.41169 0.20224 0.60876
0.48604 0.24466 0.59153
0.41443 0.23559 0.49829
0.25938 0.23015 0.61000
0.47967 0.20308 0.50286
0.41186 0.19760 0.42194
0.34799 0.19792 0.53325
0.45670 0.19684 0.55543
0.64692 0.13664 0.57209
0.42232 0.18862 0.38370
0.31380 0.20549 0.54265
0.34127 0.15716 0.57480
0.49472 0.18071 0.48920
0.42048 0.17027 0.57765
0.36163 0.16459 0.48803
0.34313 0.20564 0.55723
0.46601 0.19699 0.55424
0.26101 0.16505 0.33419
0.39943 0.26776 0.51674
0.49544 0.26072 0.52276
0.53390 0.18415 0.55329
0.40130 0.13575 0.49342
0.40686 0.16725 0.57599
0.40974 0.16627 0.58110
0.42416 0.18284 0.56073
0.38188 0.22493 0.54547
0.51863 0.21354 0.40878
0.29773 0.22606 0.40987
0.38023 0.21825 0.56547
0.59071 0.18882 0.41191
0.50392 0.26218 0.45489
0.43873 0.16859 0.44621
0.50467 0.14534 0.49995
0.47473 0.25634 0.55237
0.52098 0.14854 0.52539
0.49726 0.22215 0.46725
0.28910 0.13847 0.59887
0.47879 0.18495 0.55125
0.47732 0.15008 0.43311
0.37464 0.24680 0.65857
0.29902 0.23484 0.60125
0.31601 0.15553 0.52652
0.28014 0.22096 0.45943
0.50956 0.23763 0.51158
0.43874 0.19907 0.51337
0.42772 0.23278 0.44628
0.36378 0.19760 0.47414
0.39481 0.14667 0.55525
0.38051 0.24714 0.55635
0.50344 0.23505 0.57384
0.35664 0.12485 0.52574
0.52091 0.20708 0.48572
0.32458 0.24596 0.51934
0.41991 0.15909 0.44746
0.41876 0.20034 0.63883
0.49392 0.17826 0.51136
0.34857 0.21955 0.45169
0.28634 0.24502 0.51091
0.34992 0.26175 0.57039
0.33014 0.22618 0.50773
0.29188 0.24081 0.47276
0.43635 0.21109 0.54517
0.50777 0.27153 0.50452
0.39379 0.12840 0.62434
0.50880 0.18120 0.42328
0.27131 0.19036 0.47040
0.37900 0.25779 0.49383
0.36444 0.28156 0.49769
0.41121 0.19238 0.54759
0.47361 0.20822 0.52761
0.34091 0.17233 0.53045
0.54240 0.20031 0.56259
0.29327 0.20816 0.61152
0.61816 0.24707 0.40557
0.32045 0.26447 0.51369
0.26168 0.10917 0.54840
0.34210 0.17576 0.42332
0.57920 0.17373 0.42515
0.50924 0.17780 0.44621
0.52809 0.24452 0.47789
0.34887 0.28787 0.45927
0.31319 0.19079 0.49995
0.53329 0.18424 0.52256
0.49807 0.18315 0.55178
0.36761 0.20278 0.47870
0.25282 0.16374 0.67325
0.40578 0.13433 0.58153
0.44256 0.18418 0.52178
0.46028 0.18932 0.49047
0.57932 0.20416 0.36815
0.34190 0.17591 0.35413
0.36390 0.17977 0.48803
0.50632 0.27552 0.65660
0.36391 0.19097 0.50861
0.43494 0.21529 0.44009
0.37645 0.19539 0.40724
0.31986 0.22777 0.61643
0.34979 0.21793 0.48713
0.44929 0.17216 0.55231
0.29178 0.21574 0.48601
0.42216 0.18799 0.40607
0.45253 0.18278 0.51059
0.37428 0.18027 0.45858
0.40396 0.11128 0.53129
0.67973 0.22931 0.48322
0.37347 0.17618 0.56820
0.33768 0.15630 0.53709
0.44968 0.21138 0.42541
0.49727 0.19991 0.51093
0.34080 0.24886 0.56615
0.35552 0.24811 0.50239
0.39142 0.18854 0.48824
0.35668 0.19832 0.63739
0.37717 0.21303 0.63205
0.53767 0.20383 0.62976
0.42111 0.21299 0.48930
0.34616 0.25760 0.48136
0.32282 0.25452 0.56581
0.41238 0.11931 0.57129
0.44366 0.25209 0.50180
0.54498 0.22120 0.50984
0.46721 0.20985 0.42722
0.40559 0.26496 0.54613
0.34947 0.20515 0.56804
0.40235 0.28030 0.57980
0.37943 0.21722 0.58850
0.38881 0.29865 0.53187
0.39473 0.25731 0.53786
0.47612 0.16728 0.45117
0.42612 0.19557 0.50597
0.30564 0.33089 0.51656
0.43919 0.25218 0.51520
0.51888 0.23191 0.66220
0.34599 0.20541 0.54994
0.31339 0.26829 0.61598
0.42501 0.21307 0.57420
0.44811 0.23164 0.49926
0.40119 0.22905 0.52095
0.34962 0.21074 0.54441
0.42258 0.12147 0.45689
0.29685 0.28057 0.56848
0.44493 0.23738 0.59375
0.31447 0.14077 0.55967
0.49148 0.23410 0.45232
0.37233 0.32625 0.61362
0.50130 0.18945 0.51605
0.37459 0.31291 0.54735
0.32097 0.28996 0.57157
0.39160 0.22142 0.67607
0.48549 0.16289 0.42980
0.45210 0.26838 0.54364
0.47110 0.27911 0.55922
0.46105 0.21465 0.46637
0.51269 0.17527 0.42229
0.42011 0.25284 0.55392
0.32800 0.23376 0.52088
0.35358 0.20731 0.56562
0.43266 0.15250 0.60765
0.27129 0.24536 0.60129
0.32465 0.27176 0.51144
0.56505 0.23500 0.43029
0.50285 0.22090 0.49614
0.54015 0.17939 0.43079
0.57937 0.24344 0.42277
0.37799 0.20013 0.53230
0.31096 0.22361 0.53302
0.56000 0.18326 0.53393
0.41080 0.26335 0.53369
0.56698 0.19641 0.43845
0.40122 0.23455 0.48712
0.35603 0.18056 0.56560
0.31510 0.18940 0.46310
0.32724 0.31912 0.52343
0.34409 0.24187 0.57776
0.29668 0.17491 0.50366
0.55925 0.18574 0.61764
0.36963 0.26953 0.46517
0.46611 0.14813 0.50689
0.27575 0.18065 0.43661
0.54532 0.28960 0.56889
0.41802 0.21719 0.55454
0.36749 0.10740 0.45950
0.38850 0.19142 0.54672
0.32865 0.30716 0.47913
0.37442 0.31592 0.59424
