20 8 1000 53742 149
0.13008 0.19736 0.29609
0.79784 0.59008 0.90560
0.47864 0.28589 0.45359
0.41506 0.01872 0.41052
0.30345 0.33060 0.67207
0.14694 0.21582 0.85059
0.87355 0.76263 0.77008
0.24197 0.87128 0.33416
0.48353 0.43356 0.64735
0.58353 0.41082 0.66014
0.52893 0.63525 0.62785
0.37574 0.42685 0.55480
0.54885 0.48545 0.70166
0.48259 0.41052 0.66664
0.32064 0.39662 0.57786
0.35889 0.30649 0.45246
0.41368 0.50926 0.53139
0.53167 0.41811 0.60370
0.40105 0.34989 0.62748
0.36544 0.37942 0.47723
0.35109 0.36399 0.50989
0.51511 0.42936 0.55512
0.43860 0.34093 0.52693
0.36236 0.36317 0.42986
0.34375 0.32372 0.57720
0.50323 0.45374 0.59822
0.42633 0.40800 0.53935
0.46094 0.57107 0.60767
0.49885 0.55552 0.60570
0.46630 0.39955 0.61172
0.29054 0.30127 0.53544
0.42778 0.35123 0.61869
0.43661 0.35941 0.62597
0.45009 0.56673 0.60633
0.30633 0.61373 0.45777
0.48633 0.34124 0.60079
0.29449 0.19834 0.48488
0.43781 0.36230 0.54057
0.42604 0.41094 0.64586
0.40262 0.39824 0.63389
0.43299 0.43430 0.56415
0.44299 0.41369 0.57596
0.36506 0.42756 0.48330
0.34850 0.44862 0.57971
0.48888 0.43040 0.63409
0.34162 0.35275 0.60122
0.37463 0.62036 0.49404
0.38882 0.47324 0.54612
0.35836 0.37188 0.52920
0.31957 0.21992 0.44015
0.39401 0.51354 0.58937
0.38784 0.47678 0.62994
0.37731 0.29479 0.52039
0.35822 0.33743 0.56775
0.39649 0.39390 0.57158
0.37569 0.44937 0.54012
0.47901 0.42189 0.64741
0.46663 0.42075 0.69079
0.59451 0.57711 0.65696
0.40558 0.41318 0.49885
0.48242 0.56139 0.54684
0.49230 0.49287 0.65979
0.30719 0.43165 0.53260
0.52683 0.42980 0.54342
0.44574 0.41314 0.72115
0.45529 0.43584 0.50897
0.40724 0.33860 0.69807
0.33621 0.37627 0.49458
0.40542 0.47615 0.57157
0.42559 0.36293 0.55183
0.44748 0.33569 0.60459
0.42852 0.37750 0.57709
0.40908 0.36001 0.61973
0.49990 0.40077 0.56518
0.26484 0.31438 0.53428
0.50958 0.43538 0.65150
0.54832 0.39783 0.57406
0.56107 0.56177 0.65120
0.24914 0.33785 0.54037
0.49278 0.53373 0.66213
0.54278 0.47719 0.71497
0.32174 0.32898 0.63414
0.28950 0.26347 0.63974
0.33659 0.28156 0.56034
0.34256 0.51503 0.49007
0.31562 0.28906 0.45299
0.45591 0.35049 0.58881
0.50986 0.41015 0.60645
0.50348 0.33962 0.54204
0.45289 0.33005 0.60481
0.33626 0.33636 0.53701
0.58193 0.56086 0.67130
0.51559 0.40899 0.67483
0.38864 0.39761 0.57544
0.38412 0.48306 0.65371
0.49104 0.52732 0.60341
0.33965 0.44519 0.54634
0.38057 0.32465 0.51283
0.71652 0.61833 0.67578
0.42568 0.42482 0.66776
0.47295 0.50908 0.63748
0.63353 0.66827 0.66326
0.56878 0.43090 0.70600
0.50355 0.48821 0.61483
0.48827 0.42670 0.65099
0.42523 0.52577 0.54334
0.34196 0.30555 0.55114
0.47693 0.39917 0.55388
0.34115 0.31052 0.53465
0.33731 0.36630 0.41965
0.35506 0.27910 0.52357
0.30502 0.36382 0.55725
0.52311 0.54553 0.65366
0.48547 0.36708 0.58563
0.31587 0.26459 0.49628
0.37602 0.33244 0.54098
0.43362 0.36304 0.59637
0.47064 0.31610 0.53112
0.43321 0.36379 0.55040
0.30032 0.29375 0.56846
0.45487 0.29448 0.55635
0.41072 0.39810 0.59613
0.33357 0.29796 0.68517
0.38225 0.37065 0.53921
0.25459 0.32291 0.50329
0.46433 0.41843 0.56051
0.44185 0.27245 0.58623
0.40223 0.36975 0.60417
0.43563 0.47963 0.65166
0.35793 0.32066 0.47291
0.33440 0.29752 0.63127
0.38433 0.25515 0.46962
0.41871 0.43066 0.54698
0.54508 0.57366 0.65162
0.26512 0.34903 0.54955
0.42659 0.46233 0.53122
0.34062 0.45811 0.42667
0.53074 0.34002 0.56818
0.30956 0.42951 0.52016
0.33712 0.27828 0.48073
0.32781 0.46690 0.60665
0.35550 0.32118 0.51839
0.23972 0.30352 0.46519
0.52839 0.43689 0.62255
0.39749 0.25689 0.55152
0.25138 0.47342 0.43586
0.57614 0.51750 0.73032
0.41566 0.40957 0.62878
0.40620 0.31846 0.60187
0.28032 0.24216 0.50560
0.59038 0.46648 0.64122
0.41027 0.69569 0.52419
0.46141 0.28942 0.56681
0.35324 0.24245 0.53400
0.40185 0.38022 0.61635
0.30903 0.31841 0.60506
0.47846 0.43042 0.69964
0.29334 0.33559 0.40163
0.34137 0.38439 0.49591
0.45250 0.51285 0.52808
0.43183 0.51085 0.54332
0.44728 0.30504 0.55687
0.51895 0.46547 0.61828
0.50233 0.43138 0.66845
0.38203 0.33268 0.61014
0.24202 0.23823 0.52484
0.32144 0.58253 0.43700
0.40366 0.35750 0.54965
0.40743 0.46699 0.54229
0.43259 0.35650 0.64864
0.35185 0.53463 0.49690
0.38844 0.26477 0.52883
0.61235 0.54038 0.69589
0.27609 0.31624 0.46230
0.49115 0.40438 0.60894
0.30730 0.53968 0.47825
0.48636 0.48820 0.65510
0.32869 0.30719 0.60224
0.30856 0.35473 0.75154
0.47165 0.46090 0.68281
0.42772 0.36237 0.68324
0.38153 0.51670 0.53138
0.49307 0.44425 0.68347
0.28019 0.46296 0.59542
0.57025 0.50441 0.63660
0.49583 0.37021 0.61720
0.49872 0.52565 0.65805
0.32466 0.32584 0.56283
0.39938 0.38149 0.54878
0.46746 0.40720 0.57085
0.55228 0.42234 0.62127
0.43229 0.41617 0.62832
0.38517 0.46932 0.60324
0.38194 0.39487 0.50522
0.39243 0.64541 0.49145
0.36991 0.33019 0.63101
0.37046 0.33079 0.63239
0.35275 0.43572 0.50603
0.26528 0.30146 0.45158
0.34792 0.42677 0.51129
0.41220 0.39259 0.56599
0.39342 0.33794 0.55097
0.51855 0.42976 0.60526
0.40626 0.34429 0.59270
0.33624 0.35881 0.56993
0.26535 0.31421 0.70154
0.41100 0.39239 0.63003
0.55486 0.43780 0.62164
0.42973 0.67191 0.48867
0.44462 0.47099 0.54733
0.29585 0.32141 0.71345
0.28512 0.52191 0.44978
0.50491 0.47650 0.64398
0.53823 0.53477 0.63995
0.39784 0.32768 0.47192
0.38082 0.36187 0.63283
0.48173 0.47747 0.65033
0.39984 0.37241 0.49104
0.29396 0.43520 0.63395
0.40901 0.25518 0.62950
0.34806 0.32927 0.61142
0.48867 0.46334 0.63614
0.50428 0.39852 0.54163
0.38806 0.32981 0.54404
0.44764 0.42045 0.66354
0.31073 0.31787 0.47806
0.47215 0.43660 0.61252
0.43481 0.49084 0.50111
0.47724 0.37168 0.59695
0.63098 0.59132 0.64587
0.31192 0.36294 0.56281
0.28544 0.31755 0.59088
0.27883 0.39429 0.68586
0.40130 0.50440 0.55087
0.44115 0.50474 0.65664
0.31337 0.42379 0.56248
0.36583 0.34265 0.49615
0.34325 0.28161 0.58481
0.40051 0.37584 0.59839
0.41678 0.45572 0.57550
0.32143 0.33926 0.55025
0.39547 0.31382 0.56888
0.31942 0.31821 0.61468
0.34255 0.44968 0.58514
0.40439 0.33100 0.49716
0.55907 0.45738 0.68115
0.33165 0.46718 0.58206
0.36849 0.40769 0.58669
0.45665 0.48447 0.69897
0.48101 0.39232 0.60405
0.41340 0.40395 0.52072
0.39115 0.39239 0.53748
0.47423 0.43790 0.61007
0.41454 0.34978 0.53143
0.40657 0.51486 0.60505
0.26536 0.34120 0.64425
0.33406 0.33843 0.56448
0.37306 0.56064 0.45445
0.54866 0.40263 0.63214
0.48507 0.37823 0.55588
0.36836 0.29200 0.43577
0.35749 0.35184 0.64541
0.37051 0.38101 0.65012
0.44690 0.36554 0.67412
0.47076 0.41091 0.59243
0.48500 0.39231 0.67644
0.36887 0.43694 0.53525
0.47647 0.47364 0.67685
0.28311 0.24631 0.53815
0.39373 0.49098 0.63533
0.33065 0.43474 0.52690
0.48694 0.44011 0.59754
0.53984 0.59122 0.59098
0.53530 0.47128 0.71148
0.46584 0.40274 0.72756
0.39541 0.37909 0.52759
0.42063 0.24754 0.58118
0.39370 0.34901 0.50869
0.38984 0.48578 0.57095
0.27720 0.28262 0.49759
0.40584 0.36273 0.56227
0.54631 0.43903 0.64792
0.37262 0.38128 0.48669
0.45662 0.43028 0.63766
0.49897 0.47716 0.64930
0.65261 0.55464 0.76473
0.43361 0.48755 0.61436
0.37202 0.36589 0.60015
0.31344 0.25152 0.49393
0.28802 0.25202 0.60119
0.49419 0.50284 0.54193
0.34019 0.23630 0.48893
0.31314 0.42690 0.40517
0.44475 0.51525 0.52949
0.34294 0.33017 0.48662
0.31045 0.45769 0.50219
0.43090 0.31454 0.53841
0.41354 0.35823 0.52131
0.40946 0.21100 0.54132
0.36958 0.30868 0.61792
0.56687 0.47522 0.72961
0.32164 0.31171 0.56626
0.32472 0.31549 0.49663
0.36277 0.54233 0.53875
0.45477 0.48025 0.68680
0.43666 0.43770 0.49733
0.36295 0.45522 0.49658
0.30008 0.43339 0.53562
0.39546 0.41224 0.69290
0.42298 0.33237 0.54245
0.45957 0.33553 0.57579
0.52017 0.36319 0.64728
0.30105 0.39952 0.50539
0.45501 0.53604 0.54904
0.59679 0.47451 0.68507
0.45114 0.30166 0.56930
0.42448 0.34986 0.56387
0.40011 0.45459 0.68976
0.31538 0.30611 0.59750
0.48715 0.37767 0.63539
0.30941 0.43403 0.42503
0.44113 0.41063 0.49039
0.30036 0.35774 0.54575
0.40704 0.33025 0.50965
0.65633 0.64152 0.68870
0.36793 0.60823 0.51411
0.35215 0.66669 0.45780
0.34831 0.25794 0.63228
0.34077 0.44918 0.56766
0.39856 0.22791 0.47217
0.39069 0.44576 0.48694
0.37454 0.41279 0.57034
0.39713 0.40036 0.70268
0.40220 0.35731 0.60105
0.47165 0.30872 0.53518
0.50659 0.46820 0.58286
0.24194 0.52616 0.45430
0.41568 0.49469 0.59031
0.47034 0.45419 0.77410
0.62583 0.63390 0.68745
0.40497 0.49744 0.56813
0.35961 0.58785 0.47284
0.46106 0.46592 0.66939
0.46545 0.27351 0.56314
0.39383 0.47913 0.64994
0.36574 0.39719 0.58461
0.51829 0.51997 0.65532
0.43837 0.36812 0.54338
0.64737 0.57846 0.68497
0.27971 0.41717 0.46858
0.32843 0.34807 0.58774
0.41697 0.28337 0.47987
0.41032 0.41558 0.59013
0.39754 0.23240 0.54515
0.46642 0.39364 0.64005
0.31619 0.30335 0.62133
0.53579 0.45903 0.65390
0.38923 0.36833 0.67174
0.42469 0.38104 0.55638
0.52239 0.37032 0.58104
0.41880 0.31908 0.56719
0.32748 0.38280 0.60386
0.36895 0.28269 0.56022
0.39067 0.19220 0.53722
0.64776 0.57390 0.69713
0.47148 0.60768 0.51305
0.40756 0.48968 0.50085
0.35116 0.26652 0.43362
0.49083 0.37918 0.70383
0.41858 0.50647 0.57606
0.36990 0.41897 0.59819
0.28259 0.23958 0.44868
0.48839 0.41708 0.59951
0.37232 0.39029 0.61186
0.37179 0.27530 0.54724
0.35742 0.47263 0.56347
0.44036 0.53781 0.52589
0.60866 0.56353 0.71232
0.56410 0.54662 0.69233
0.63902 0.59493 0.76766
0.44250 0.44053 0.68573
0.64991 0.53777 0.70451
0.43477 0.52511 0.63362
0.37130 0.39384 0.49655
0.42120 0.46043 0.58279
0.40674 0.35490 0.68260
0.39051 0.33779 0.46164
0.51427 0.39733 0.58356
0.60499 0.43362 0.65973
0.41676 0.40289 0.54052
0.39440 0.33531 0.60690
0.45274 0.36226 0.64330
0.44752 0.34490 0.54315
0.29578 0.27877 0.61040
0.25594 0.27618 0.69814
0.41521 0.46563 0.59717
0.38351 0.41014 0.49500
0.35855 0.65312 0.48882
0.51842 0.48946 0.73722
0.28041 0.61053 0.48482
0.34165 0.32119 0.63436
0.48392 0.45563 0.63500
0.46800 0.35913 0.62851
0.61297 0.51797 0.77207
0.40223 0.38100 0.70183
0.33856 0.39431 0.73416
0.35592 0.42481 0.57259
0.46301 0.43045 0.56987
0.35445 0.44618 0.50478
0.42031 0.29328 0.68969
0.46249 0.49396 0.68480
0.42609 0.19709 0.53460
0.30561 0.29024 0.46729
0.30473 0.23646 0.46525
0.47097 0.40032 0.60511
0.50472 0.40555 0.68175
0.34772 0.25750 0.58232
0.54101 0.48065 0.66048
0.45929 0.47232 0.67147
0.34929 0.33652 0.67739
0.31940 0.39984 0.57483
0.42815 0.23339 0.49684
0.49881 0.39524 0.56447
0.38968 0.35221 0.49774
0.53243 0.49764 0.73286
0.54567 0.44175 0.69746
0.39326 0.35011 0.59590
0.43707 0.57992 0.56623
0.42083 0.47038 0.55605
0.41521 0.34863 0.66059
0.37091 0.41237 0.57374
0.31595 0.21090 0.44975
0.46824 0.35124 0.73126
0.49940 0.48721 0.64467
0.42495 0.33669 0.58905
0.40033 0.44459 0.52505
0.30832 0.30763 0.62497
0.40524 0.43284 0.51625
0.33631 0.38670 0.57307
0.50866 0.44881 0.64728
0.40931 0.38272 0.60850
0.62279 0.51018 0.66314
0.44131 0.32319 0.55484
0.38713 0.44859 0.57629
0.27973 0.39140 0.55806
0.44909 0.47615 0.63337
0.38260 0.37941 0.56864
0.39790 0.27399 0.59741
0.32631 0.35637 0.69759
0.55740 0.48794 0.73882
0.37381 0.33292 0.45387
0.32850 0.46274 0.53176
0.21904 0.31976 0.42496
0.33929 0.38180 0.53918
0.34535 0.50768 0.46165
0.41664 0.44714 0.53069
0.45213 0.48049 0.58537
0.48170 0.38655 0.71786
0.43936 0.39187 0.67920
0.44445 0.44210 0.67802
0.56204 0.44460 0.66937
0.50566 0.36750 0.71133
0.52171 0.38200 0.67084
0.32568 0.53943 0.44485
0.43107 0.23741 0.57529
0.26766 0.24832 0.44128
0.41671 0.52896 0.58040
0.38946 0.40384 0.61330
0.40244 0.38055 0.45638
0.45811 0.42673 0.57694
0.40675 0.70406 0.47047
0.35322 0.36966 0.65465
0.29801 0.43067 0.55954
0.34852 0.39497 0.59573
0.35270 0.25950 0.60016
0.36270 0.38680 0.67494
0.40392 0.30297 0.47591
0.33290 0.31548 0.61369
0.37118 0.43931 0.59276
0.46286 0.36890 0.63156
0.30108 0.31094 0.46947
0.45290 0.35338 0.52372
0.42336 0.51655 0.54134
0.40811 0.15338 0.51289
0.53665 0.44258 0.60605
0.52303 0.42895 0.67198
0.32166 0.28572 0.53299
0.27620 0.65171 0.40833
0.40739 0.28902 0.55833
0.36481 0.38537 0.60721
0.39952 0.40416 0.50675
0.42022 0.37922 0.53342
0.44723 0.61969 0.52050
0.56322 0.50754 0.61671
0.28259 0.45931 0.42799
0.53737 0.52383 0.67527
0.37861 0.43682 0.60024
0.34366 0.30547 0.51054
0.48376 0.41881 0.64432
0.39899 0.44670 0.53226
0.40085 0.36262 0.56060
0.45102 0.36309 0.57369
0.34342 0.23464 0.57524
0.34637 0.32655 0.58989
0.51753 0.46793 0.73567
0.43126 0.43168 0.65871
0.53239 0.42097 0.59955
0.45953 0.29866 0.52348
0.40348 0.38515 0.57137
0.41144 0.46159 0.49316
0.51461 0.32796 0.53597
0.56111 0.42741 0.66025
0.47175 0.42213 0.51854
0.39042 0.41078 0.70351
0.47665 0.41306 0.56641
0.38697 0.40594 0.63122
0.39529 0.35604 0.64309
0.31248 0.20730 0.44121
0.37449 0.34778 0.64426
0.36171 0.48639 0.51603
0.52467 0.58948 0.64517
0.42563 0.39018 0.53767
0.25229 0.26329 0.46980
0.36380 0.34259 0.53105
0.45400 0.37155 0.56946
0.36824 0.36579 0.54345
0.50627 0.32584 0.55431
0.36743 0.34830 0.57908
0.41828 0.26729 0.57117
0.44852 0.59178 0.56634
0.50303 0.38390 0.56024
0.27350 0.56155 0.51546
0.33988 0.31879 0.57054
0.51892 0.28526 0.59131
0.39625 0.44968 0.62471
0.44330 0.38488 0.58316
0.52196 0.39447 0.62874
0.51026 0.40631 0.65006
0.28484 0.36134 0.43252
0.43266 0.30139 0.47098
0.65541 0.60560 0.68365
0.28289 0.25359 0.43958
0.37801 0.32160 0.54144
0.35091 0.36774 0.52649
0.44505 0.38404 0.57812
0.34221 0.30290 0.63768
0.51352 0.44712 0.65786
0.31902 0.32337 0.74390
0.42397 0.38587 0.51580
0.37287 0.28151 0.60680
0.22840 0.36232 0.57917
0.36941 0.30650 0.58820
0.50639 0.46985 0.57593
0.50854 0.33374 0.56156
0.42188 0.38375 0.54952
0.41378 0.42769 0.59858
0.33114 0.49844 0.42758
0.40315 0.46100 0.46393
0.41480 0.41357 0.51962
0.45732 0.31902 0.50590
0.53354 0.38317 0.71821
0.46639 0.43014 0.53746
0.31781 0.48682 0.58155
0.54943 0.50594 0.66791
0.45954 0.37688 0.49678
0.46871 0.35746 0.59474
0.30613 0.51486 0.50665
0.50636 0.43629 0.63513
0.31484 0.37319 0.51135
0.57809 0.48000 0.64732
0.45318 0.33933 0.58150
0.49895 0.49135 0.56653
0.48656 0.32330 0.53068
0.26919 0.29959 0.52189
0.49467 0.45106 0.59653
0.43455 0.42096 0.59513
0.55910 0.47709 0.75617
0.38241 0.35066 0.55066
0.42386 0.47284 0.63161
0.41883 0.45452 0.59323
0.41147 0.39352 0.58107
0.54469 0.43984 0.70523
0.50200 0.68695 0.58231
0.27996 0.29987 0.42547
0.30978 0.44797 0.44803
0.46386 0.51297 0.54358
0.39467 0.32224 0.54477
0.47916 0.45859 0.66489
0.41664 0.22196 0.52293
0.43505 0.44398 0.51409
0.37030 0.30395 0.57383
0.53413 0.49046 0.68042
0.41153 0.25707 0.58880
0.49787 0.32723 0.58743
0.46576 0.38888 0.57964
0.38494 0.44452 0.50630
0.47387 0.37951 0.60319
0.38921 0.38409 0.64741
0.43556 0.29790 0.58988
0.42582 0.32243 0.56045
0.59468 0.57104 0.62677
0.34756 0.29498 0.50867
0.44875 0.41955 0.60237
0.37393 0.32989 0.65406
0.55336 0.50673 0.75696
0.33437 0.45040 0.48177
0.27161 0.47412 0.40027
0.34648 0.37256 0.66827
0.33921 0.34900 0.58927
0.43168 0.28343 0.56633
0.50442 0.47931 0.67121
0.46931 0.59746 0.57905
0.35013 0.44290 0.53122
0.39601 0.52631 0.50360
0.40026 0.40467 0.59404
0.31165 0.32752 0.57724
0.25988 0.58908 0.45651
0.33789 0.44600 0.55219
0.50781 0.45116 0.62637
0.63872 0.52862 0.73260
0.32500 0.31674 0.69846
0.36906 0.47429 0.46711
0.38453 0.31540 0.51780
0.48452 0.36772 0.62175
0.34049 0.48574 0.52838
0.34381 0.32999 0.59075
0.36604 0.47954 0.44138
0.59637 0.51608 0.67512
0.44026 0.35118 0.60574
0.38417 0.56748 0.48574
0.33410 0.54180 0.46703
0.55585 0.36215 0.59828
0.29072 0.26532 0.43609
0.35210 0.38782 0.61420
0.39538 0.35857 0.52072
0.46779 0.44362 0.74594
0.36066 0.64441 0.49516
0.28441 0.40255 0.45642
0.43878 0.31587 0.54077
0.33164 0.44856 0.60750
0.59078 0.61105 0.65443
0.34979 0.30301 0.52364
0.39901 0.35842 0.67298
0.62575 0.66572 0.64307
0.36393 0.26664 0.63762
0.33988 0.47454 0.43790
0.49285 0.50016 0.52033
0.33425 0.33743 0.50412
0.44894 0.30096 0.67121
0.38151 0.42502 0.51243
0.43454 0.37823 0.75582
0.53718 0.39949 0.63862
0.33501 0.38315 0.50084
0.38268 0.43941 0.55335
0.43765 0.22606 0.50783
0.39237 0.32455 0.48727
0.35848 0.31476 0.47789
0.55185 0.52948 0.68640
0.51201 0.36998 0.69878
0.34195 0.31036 0.46369
0.43769 0.27947 0.63933
0.34562 0.60694 0.50781
0.42557 0.23904 0.52470
0.41125 0.29819 0.62267
0.40225 0.41352 0.60945
0.49148 0.38161 0.58135
0.40642 0.41510 0.53031
0.61313 0.53883 0.65722
0.25965 0.24297 0.49892
0.44292 0.47085 0.71787
0.33274 0.37038 0.63408
0.34061 0.50354 0.52441
0.39738 0.41056 0.51739
0.45537 0.34540 0.58887
0.64625 0.51083 0.74767
0.42323 0.52472 0.48973
0.30057 0.28239 0.45513
0.34756 0.37128 0.69593
0.55264 0.36186 0.64051
0.56188 0.61757 0.66119
0.31436 0.27402 0.66262
0.63382 0.58093 0.70597
0.51470 0.50067 0.59142
0.55789 0.41515 0.60825
0.32787 0.25940 0.62430
0.34663 0.40640 0.44298
0.35180 0.40503 0.54009
0.40977 0.50930 0.50423
0.44382 0.26060 0.53623
0.35530 0.30997 0.57315
0.54822 0.44653 0.68960
0.33978 0.51922 0.45744
0.30729 0.50490 0.55158
0.43272 0.47757 0.52734
0.42057 0.23031 0.50103
0.74792 0.65381 0.77427
0.39279 0.53667 0.48482
0.47935 0.42951 0.65022
0.51231 0.40087 0.70273
0.55756 0.49800 0.72883
0.52997 0.45961 0.65364
0.45005 0.44264 0.50195
0.52320 0.38747 0.62069
0.45482 0.39989 0.56078
0.34036 0.34633 0.60256
0.39671 0.45758 0.52448
0.41737 0.28506 0.58778
0.18760 0.23664 0.49715
0.33344 0.54494 0.55342
0.49754 0.35310 0.58541
0.62391 0.52900 0.64856
0.53816 0.41456 0.60910
0.29696 0.36036 0.55137
0.27464 0.50326 0.42915
0.80976 0.65759 0.82320
0.45619 0.44659 0.65996
0.28505 0.24588 0.46257
0.32297 0.31238 0.57149
0.54736 0.42847 0.63782
0.47285 0.36422 0.59803
0.35456 0.31360 0.52134
0.37062 0.40368 0.58445
0.46518 0.36981 0.71398
0.44032 0.47539 0.57077
0.28473 0.27600 0.52302
0.30548 0.26320 0.59758
0.50630 0.29825 0.54331
0.38958 0.38205 0.63822
0.35932 0.32756 0.60492
0.60498 0.45730 0.77765
0.38182 0.40066 0.50628
0.38929 0.26466 0.45461
0.33748 0.37992 0.56822
0.37288 0.45857 0.64646
0.47141 0.30421 0.58880
0.27346 0.30398 0.61639
0.57052 0.46917 0.75438
0.42761 0.38221 0.64141
0.50939 0.55897 0.63520
0.54480 0.43316 0.69299
0.38274 0.55501 0.46285
0.45941 0.44838 0.58450
0.44620 0.36651 0.59650
0.38583 0.54815 0.54746
0.36554 0.37456 0.48953
0.48203 0.41899 0.58570
0.50673 0.45305 0.69173
0.56813 0.55998 0.67656
0.41949 0.35647 0.60143
0.41061 0.30571 0.52548
0.49577 0.43121 0.58105
0.47009 0.43192 0.57609
0.34297 0.35066 0.64851
0.46703 0.39315 0.53138
0.32363 0.48375 0.53356
0.43885 0.48894 0.59550
0.44506 0.43671 0.61756
0.24293 0.33828 0.51327
0.35349 0.33876 0.55568
0.48241 0.56280 0.60873
0.29599 0.39988 0.54775
0.31397 0.26643 0.52177
0.40877 0.28538 0.54759
0.39790 0.25547 0.62379
0.36110 0.52031 0.47772
0.42338 0.47343 0.53992
0.39673 0.52787 0.51649
0.38887 0.65857 0.52903
0.37641 0.44375 0.54628
0.44518 0.39135 0.76583
0.52497 0.36737 0.61117
0.45014 0.47617 0.49803
0.33047 0.34793 0.49631
0.46397 0.40837 0.63587
0.40303 0.29116 0.54536
0.51973 0.51306 0.58731
0.37244 0.54117 0.54490
0.46574 0.35233 0.57815
0.37037 0.32246 0.46048
0.29194 0.38514 0.54090
0.26220 0.40618 0.38043
0.35401 0.40208 0.47310
0.52392 0.46498 0.60593
0.31303 0.36233 0.52046
0.43836 0.45967 0.56564
0.42105 0.32144 0.49450
0.52579 0.44838 0.61551
0.44202 0.47503 0.60668
0.39875 0.47220 0.50823
0.35321 0.36138 0.53199
0.22375 0.29679 0.42009
0.36820 0.37964 0.49028
0.52623 0.46605 0.60493
0.27930 0.32791 0.54308
0.39910 0.23149 0.55463
0.45992 0.38675 0.61722
0.64177 0.58086 0.68870
0.29846 0.24981 0.59215
0.41389 0.30045 0.46846
0.31065 0.35043 0.51235
0.40052 0.31371 0.61129
0.34589 0.38362 0.49636
0.35552 0.45522 0.45106
0.38430 0.43656 0.50612
0.43495 0.33020 0.51435
0.32522 0.25003 0.45046
0.48726 0.39496 0.56630
0.42153 0.34871 0.51695
0.40293 0.40381 0.68500
0.26404 0.48193 0.45578
0.34730 0.41591 0.51052
0.55117 0.49623 0.66707
0.41796 0.35913 0.57011
0.38167 0.30126 0.67741
0.36121 0.34151 0.45941
0.46362 0.42422 0.58166
0.32538 0.34778 0.68320
0.40527 0.54134 0.56674
0.39182 0.21400 0.56440
0.34327 0.46640 0.53951
0.55991 0.46753 0.73262
0.26721 0.28733 0.67993
0.53943 0.49529 0.66257
0.42783 0.36971 0.48307
0.42164 0.22705 0.51735
0.35671 0.27068 0.60154
0.45727 0.41753 0.50533
0.60681 0.50006 0.69735
0.41100 0.53568 0.50300
0.40569 0.27604 0.45873
0.65023 0.51019 0.77762
0.52084 0.28507 0.53525
0.56447 0.51089 0.68176
0.46300 0.39968 0.59069
0.39971 0.41672 0.47882
0.46649 0.43912 0.57556
0.46598 0.44812 0.62379
0.40274 0.38284 0.68106
0.52191 0.41316 0.69598
0.26618 0.36942 0.62064
0.62862 0.50041 0.61333
0.54115 0.39470 0.61892
0.42236 0.43565 0.51304
0.38049 0.34254 0.48154
0.47766 0.38481 0.68210
0.36727 0.33338 0.61065
0.62404 0.47869 0.79737
0.33271 0.39601 0.63568
0.38368 0.43150 0.53045
0.40164 0.39224 0.67276
0.41606 0.31468 0.57379
0.38354 0.39565 0.58086
0.25744 0.42150 0.52629
0.39591 0.27114 0.52714
0.55394 0.37364 0.55661
0.34080 0.46786 0.63732
0.48662 0.48626 0.59284
0.27503 0.48210 0.58443
0.36598 0.35905 0.53513
0.49332 0.51284 0.63988
0.45355 0.44475 0.69527
0.48119 0.35039 0.55500
0.46771 0.29301 0.49453
0.28626 0.38001 0.47348
0.54116 0.47441 0.61455
0.55338 0.51393 0.60705
0.33926 0.33298 0.70625
0.39088 0.41063 0.65785
0.40164 0.47056 0.62160
0.38213 0.35184 0.57799
0.40891 0.48349 0.49542
0.33459 0.29667 0.55251
0.40061 0.48505 0.66090
0.41287 0.50962 0.55274
0.49571 0.47797 0.62491
0.41302 0.46529 0.51692
0.43574 0.43324 0.72215
0.45157 0.38048 0.55533
0.42508 0.38491 0.53083
0.48131 0.49458 0.58603
0.30573 0.29532 0.62846
0.48400 0.38504 0.55077
0.48849 0.40537 0.58483
0.37801 0.32446 0.53469
0.39353 0.31821 0.57230
0.28828 0.40580 0.44208
0.33457 0.42785 0.48772
0.35575 0.38842 0.52257
0.40883 0.32197 0.53752
0.27712 0.33018 0.60241
0.39542 0.23239 0.47167
0.27304 0.40219 0.53014
0.39527 0.41733 0.66807
0.39939 0.24747 0.57196
0.46933 0.36457 0.56263
0.65872 0.63042 0.66492
0.50157 0.36678 0.67519
0.28766 0.41087 0.41070
0.64279 0.51722 0.61496
0.36630 0.21842 0.50266
0.42474 0.43242 0.63001
0.52717 0.29071 0.56868
0.40609 0.48820 0.53620
0.47949 0.37826 0.58324
0.45467 0.26698 0.55557
0.42308 0.38119 0.56770
0.41799 0.21896 0.51565
0.61070 0.49175 0.70133
0.50995 0.53396 0.57789
0.35994 0.46163 0.53548
0.56397 0.48679 0.78561
0.49413 0.49054 0.71675
0.52278 0.36111 0.54203
0.46867 0.42518 0.55233
0.44031 0.47554 0.52865
0.38437 0.35466 0.60192
0.46657 0.36372 0.57740
0.42690 0.31936 0.46476
0.47282 0.39382 0.58807
0.30610 0.39984 0.56426
0.56395 0.51926 0.75938
0.46140 0.28176 0.57165
0.41462 0.46911 0.62482
0.36965 0.41555 0.50129
0.30716 0.22339 0.50872
0.45258 0.46338 0.61572
0.23488 0.43819 0.48740
0.46932 0.40566 0.56879
0.39797 0.23717 0.51894
0.42016 0.41715 0.51450
0.39410 0.38978 0.50086
0.43640 0.43012 0.56853
0.42004 0.26902 0.49489
0.50278 0.32523 0.56866
0.38701 0.32386 0.56583
0.49214 0.37281 0.63466
0.46974 0.41692 0.56750
0.37964 0.38048 0.59382
0.51419 0.39554 0.63579
0.60739 0.50465 0.74664
0.34147 0.32077 0.66513
0.36785 0.32385 0.49286
0.50501 0.32568 0.57454
0.34816 0.43418 0.59622
0.38524 0.45143 0.54122
0.59120 0.49847 0.71852
0.57993 0.46307 0.78643
0.56789 0.53245 0.56341
0.39852 0.34804 0.57118
0.58132 0.51396 0.61689
0.42893 0.42088 0.68601
0.44963 0.40763 0.53664
0.72359 0.64417 0.71633
0.29820 0.31015 0.55979
0.48513 0.47709 0.67292
0.45040 0.35529 0.56005
0.52026 0.52384 0.61878
0.48649 0.32115 0.56452
0.30023 0.36397 0.58712
0.48301 0.40372 0.60228
0.43907 0.28219 0.57685
0.57323 0.45090 0.61752
0.37624 0.39771 0.55948
0.31209 0.45334 0.66910
0.27023 0.46373 0.51307
0.41029 0.46338 0.56858
0.38145 0.52903 0.61277
0.52676 0.43744 0.63076
0.22722 0.46664 0.61571
0.45708 0.46888 0.61066
0.43506 0.36978 0.68468
0.49626 0.39135 0.64491
0.43759 0.50933 0.52165
0.40034 0.38183 0.62603
0.63534 0.57995 0.67805
0.45023 0.35413 0.59836
0.49459 0.40874 0.72650
0.49659 0.34493 0.52519
0.46508 0.33928 0.60192
0.41682 0.45333 0.64271
0.40920 0.19653 0.48155
0.32243 0.27345 0.52660
0.25922 0.39964 0.40030
0.33493 0.35875 0.47777
0.34424 0.44879 0.53513
0.36606 0.29257 0.55918
0.60624 0.59216 0.67942
0.44103 0.36930 0.55041
0.41215 0.25304 0.60386
0.44761 0.39712 0.58368
0.40555 0.24160 0.57326
0.43281 0.34188 0.58095
0.44682 0.49358 0.60356
0.42323 0.40561 0.55668
0.43030 0.52245 0.54045
0.34726 0.35032 0.46566
0.37193 0.29800 0.60920
0.40370 0.45190 0.51266
0.43192 0.38571 0.64237
0.59038 0.53406 0.63918
0.37818 0.27346 0.46649
0.36531 0.26511 0.54097
0.26632 0.29157 0.72396
0.50177 0.41847 0.74360
0.35431 0.41602 0.54746
0.41309 0.24238 0.55119
0.39972 0.57483 0.55552
0.52225 0.59700 0.57510
