20 14 1000 9624 30
0.34007 0.59676 0.42855
0.01722 0.56859 0.25624
0.28018 0.15575 0.54619
0.63299 0.22734 0.38766
0.82682 0.43609 0.60642
0.41964 0.46388 0.82829
0.81281 0.07065 0.36738
0.13423 0.72365 0.55129
0.83536 0.00300 0.72401
0.37219 0.19240 0.39079
0.51202 0.82596 0.34451
0.78732 0.09071 0.35546
0.79671 0.48770 0.98049
0.20463 0.60030 0.95002
0.40425 0.45168 0.56000
0.48677 0.34193 0.60365
0.45410 0.47971 0.59556
0.53128 0.39579 0.58531
0.48649 0.37838 0.51372
0.31491 0.42794 0.51470
0.51788 0.48025 0.56503
0.52558 0.31347 0.55488
0.53132 0.37841 0.53427
0.50846 0.41681 0.55514
0.58133 0.30248 0.49592
0.57897 0.41745 0.58766
0.42729 0.48973 0.58350
0.50853 0.42531 0.53982
0.49883 0.29959 0.50425
0.55322 0.29565 0.51553
0.44420 0.47130 0.53331
0.55243 0.43021 0.46106
0.69557 0.43736 0.59384
0.42200 0.44722 0.62954
0.43857 0.31938 0.49357
0.44150 0.41800 0.54783
0.57814 0.36026 0.50650
0.47393 0.45821 0.55002
0.61988 0.23480 0.51033
0.48273 0.51351 0.59321
0.43290 0.50961 0.63767
0.41977 0.53748 0.48477
0.55140 0.35112 0.64727
0.36183 0.44597 0.55003
0.58669 0.37725 0.63048
0.51158 0.34949 0.58180
0.50281 0.44407 0.58418
0.48493 0.44545 0.61118
0.38151 0.37336 0.61466
0.58861 0.31936 0.50640
0.33484 0.44854 0.50635
0.46689 0.38241 0.46031
0.51922 0.41270 0.52463
0.49086 0.37633 0.54603
0.55780 0.35251 0.59574
0.45014 0.39374 0.60519
0.47254 0.29778 0.52196
0.48962 0.35015 0.50246
0.45031 0.36209 0.59316
0.52647 0.34405 0.56506
0.45545 0.40090 0.59272
0.62012 0.32788 0.55557
0.52894 0.41773 0.63520
0.64014 0.19011 0.48007
0.47298 0.44933 0.42969
0.48941 0.36382 0.57367
0.39915 0.45796 0.67311
0.58078 0.40240 0.62879
0.47192 0.36701 0.54421
0.50753 0.42279 0.48645
0.64691 0.34592 0.57578
0.59043 0.30940 0.46907
0.38857 0.49103 0.53172
0.44026 0.43551 0.56406
0.54945 0.32131 0.52303
0.68959 0.42281 0.56622
0.64930 0.37083 0.60173
0.32650 0.47815 0.47996
0.48983 0.33580 0.51793
0.53153 0.36416 0.53954
0.64042 0.27281 0.55972
0.42252 0.37603 0.59314
0.50976 0.32992 0.51180
0.60538 0.22999 0.56004
0.39108 0.50823 0.56871
0.57119 0.33929 0.57244
0.57722 0.37980 0.52064
0.42027 0.47032 0.69538
0.58029 0.29777 0.45915
0.42458 0.36280 0.66500
0.46089 0.41646 0.58281
0.54016 0.40336 0.54067
0.60476 0.28221 0.60329
0.43569 0.46190 0.64632
0.41821 0.48308 0.58438
0.51604 0.44065 0.57676
0.53144 0.36603 0.53850
0.52020 0.46447 0.64924
0.53010 0.44811 0.57921
0.53897 0.29273 0.45616
0.59326 0.32423 0.54356
0.58985 0.47858 0.54177
0.54128 0.26579 0.47460
0.48459 0.41462 0.56840
0.57798 0.32000 0.51374
0.59710 0.39140 0.59137
0.48310 0.40948 0.58981
0.44970 0.41290 0.59433
0.55135 0.44868 0.63741
0.58876 0.34609 0.50917
0.53418 0.38673 0.52869
0.57234 0.37868 0.56794
0.47312 0.39573 0.58050
0.50389 0.35420 0.58300
0.59351 0.38822 0.58865
0.57049 0.35672 0.47719
0.49525 0.41838 0.52774
0.50964 0.34992 0.55466
0.57153 0.37683 0.63872
0.67578 0.34178 0.60740
0.43183 0.46213 0.55743
0.40353 0.31466 0.49240
0.45945 0.39468 0.61657
0.51879 0.33761 0.58169
0.46674 0.37281 0.58870
0.65776 0.22080 0.65663
0.48853 0.36338 0.52435
0.38191 0.52813 0.50781
0.45681 0.34240 0.59093
0.53963 0.37459 0.51376
0.50760 0.41806 0.58827
0.59634 0.31654 0.63645
0.50170 0.44460 0.50319
0.54180 0.43173 0.51472
0.50269 0.36593 0.57071
0.48668 0.41442 0.65306
0.57225 0.33167 0.63757
0.40398 0.48280 0.73820
0.46613 0.32534 0.53985
0.54021 0.32600 0.60938
0.52872 0.25645 0.53437
0.40134 0.45335 0.58841
0.36125 0.43370 0.55791
0.45369 0.33644 0.47313
0.44177 0.47160 0.65329
0.45187 0.43827 0.55751
0.37150 0.57111 0.52413
0.41394 0.39715 0.47657
0.47291 0.34847 0.50453
0.60896 0.38345 0.48688
0.50990 0.33016 0.58874
0.50216 0.44197 0.51144
0.46371 0.41104 0.60216
0.40253 0.37909 0.54477
0.44788 0.34626 0.48090
0.54763 0.29743 0.50485
0.49506 0.33001 0.65984
0.66914 0.37211 0.54363
0.46923 0.38157 0.57838
0.48547 0.51732 0.54859
0.52065 0.38425 0.56206
0.48363 0.49703 0.66855
0.54540 0.32815 0.52104
0.36107 0.45937 0.47951
0.43807 0.39673 0.50360
0.54811 0.40716 0.57066
0.42517 0.41520 0.61783
0.44677 0.45908 0.57096
0.48247 0.28245 0.42998
0.51739 0.32945 0.50493
0.54936 0.26821 0.46206
0.56129 0.31544 0.57098
0.57199 0.43633 0.73097
0.52640 0.32041 0.49628
0.57143 0.31546 0.56282
0.45914 0.36078 0.61314
0.50263 0.34144 0.62772
0.51606 0.41339 0.57071
0.54427 0.41967 0.53821
0.60554 0.22342 0.48567
0.48765 0.34970 0.55999
0.47885 0.39091 0.56767
0.46526 0.41544 0.53418
0.34468 0.48731 0.59304
0.46705 0.47032 0.49689
0.48527 0.40625 0.46840
0.47452 0.40855 0.54157
0.62266 0.31307 0.58955
0.43132 0.35118 0.46267
0.48037 0.37006 0.63410
0.49868 0.51793 0.47208
0.42870 0.37096 0.52692
0.53189 0.38351 0.59208
0.54218 0.32626 0.50442
0.57433 0.40348 0.66393
0.46080 0.45206 0.49775
0.49844 0.38898 0.57689
0.61418 0.39135 0.57936
0.48153 0.37971 0.58487
0.36369 0.48638 0.52896
0.42255 0.43524 0.51448
0.40542 0.44176 0.60557
0.46954 0.43854 0.46365
0.46993 0.51322 0.62710
0.62740 0.34581 0.67891
0.42037 0.32025 0.45503
0.50437 0.39669 0.54410
0.51094 0.39337 0.58024
0.53068 0.34009 0.50427
0.34860 0.43116 0.47560
0.57542 0.46452 0.54210
0.52129 0.42531 0.57130
0.40205 0.50178 0.43934
0.41480 0.46485 0.47615
0.58903 0.37479 0.57674
0.62064 0.39553 0.59869
0.56421 0.38884 0.53402
0.48318 0.38872 0.49163
0.40138 0.46216 0.48892
0.42153 0.35766 0.49008
0.69961 0.26042 0.49426
0.53587 0.37158 0.61660
0.53819 0.35514 0.54543
0.47873 0.31742 0.43331
0.43174 0.46948 0.46827
0.51976 0.19331 0.51250
0.55225 0.34927 0.64952
0.54935 0.44948 0.51313
0.46824 0.43544 0.55442
0.47502 0.39902 0.49369
0.52486 0.52254 0.52567
0.60556 0.32752 0.57029
0.33772 0.49968 0.48230
0.50167 0.57363 0.51357
0.55815 0.33509 0.46146
0.37569 0.35236 0.52410
0.53866 0.33205 0.57204
0.42472 0.34866 0.43543
0.45745 0.43490 0.41120
0.50451 0.44008 0.47772
0.36022 0.46380 0.51659
0.48521 0.45899 0.49888
0.43078 0.38463 0.52559
0.40713 0.51286 0.52949
0.49886 0.45277 0.58879
0.40391 0.38257 0.47074
0.43674 0.48585 0.49194
0.51980 0.31720 0.54491
0.45497 0.36165 0.44374
0.36783 0.46747 0.60076
0.46232 0.47253 0.52179
0.62386 0.27268 0.59082
0.49151 0.36047 0.55147
0.41544 0.40699 0.48136
0.48790 0.40338 0.59632
0.38819 0.43432 0.58027
0.60451 0.30356 0.55558
0.52887 0.47752 0.56437
0.56946 0.30508 0.59171
0.55659 0.28418 0.53369
0.46214 0.45378 0.51223
0.59385 0.29129 0.52235
0.53718 0.31192 0.50461
0.56656 0.34651 0.56662
0.48727 0.45278 0.56274
0.53132 0.32310 0.55222
0.43431 0.39088 0.51069
0.51528 0.35813 0.50872
0.48343 0.33184 0.62527
0.39778 0.44301 0.54295
0.41285 0.46961 0.59420
0.49663 0.38022 0.58726
0.48525 0.40696 0.51022
0.50738 0.36446 0.57164
0.52712 0.38765 0.53980
0.46114 0.35974 0.48881
0.60805 0.36725 0.46954
0.45526 0.34222 0.47046
0.53344 0.35346 0.54495
0.43154 0.47897 0.63524
0.44581 0.47240 0.64076
0.52595 0.39502 0.57931
0.42160 0.51081 0.66424
0.50677 0.47923 0.63524
0.50885 0.28888 0.51894
0.37992 0.44227 0.58252
0.63218 0.37454 0.50735
0.53643 0.32815 0.56573
0.50912 0.32530 0.47337
0.51688 0.37018 0.50372
0.31242 0.36928 0.53304
0.48391 0.41770 0.60262
0.57115 0.35037 0.48269
0.47241 0.36200 0.66404
0.48013 0.36763 0.61719
0.66725 0.36900 0.67299
0.41723 0.42581 0.49679
0.44675 0.34207 0.50929
0.44111 0.40407 0.48924
0.49718 0.46724 0.70581
0.52140 0.44466 0.58376
0.59523 0.44828 0.50988
0.60697 0.27583 0.60102
0.52734 0.32550 0.61680
0.58430 0.39910 0.49342
0.48878 0.37381 0.60941
0.53984 0.33673 0.50093
0.46904 0.42747 0.52779
0.45827 0.51174 0.61444
0.67211 0.31598 0.49125
0.65636 0.40420 0.58819
0.61936 0.28180 0.51154
0.55281 0.35995 0.57303
0.43709 0.40580 0.50815
0.45210 0.40155 0.59305
0.61448 0.38461 0.50449
0.41281 0.45858 0.53987
0.48063 0.34480 0.53765
0.47860 0.43351 0.63342
0.56325 0.37290 0.70138
0.41143 0.36280 0.57659
0.52383 0.38555 0.57962
0.44962 0.35838 0.55580
0.44218 0.40984 0.48501
0.59380 0.27057 0.49844
0.47985 0.35236 0.48282
0.45955 0.35542 0.51378
0.42291 0.49587 0.54381
0.50265 0.37611 0.57847
0.56346 0.35060 0.52032
0.55541 0.26124 0.45562
0.48157 0.40666 0.50342
0.44625 0.35375 0.60519
0.63888 0.29376 0.53620
0.57800 0.37146 0.54865
0.53331 0.35903 0.57903
0.48522 0.41581 0.56663
0.54569 0.34498 0.55261
0.42935 0.39856 0.62654
0.55267 0.34187 0.57226
0.39381 0.47792 0.52282
0.57489 0.28419 0.50602
0.46061 0.43380 0.54115
0.60782 0.31190 0.53476
0.40154 0.37317 0.49068
0.48841 0.39696 0.54844
0.51454 0.46012 0.50353
0.52639 0.38514 0.58056
0.49297 0.44076 0.58803
0.55604 0.36921 0.49260
0.35324 0.44314 0.54477
0.35649 0.50262 0.61033
0.44239 0.47214 0.49605
0.57126 0.35334 0.46029
0.36968 0.51077 0.50919
0.37357 0.48172 0.56151
0.42433 0.40524 0.46759
0.58723 0.26333 0.63482
0.42425 0.30958 0.48731
0.40812 0.45761 0.51226
0.49208 0.44720 0.58352
0.45382 0.46236 0.52371
0.42213 0.43443 0.65669
0.50752 0.44926 0.59241
0.45039 0.31348 0.53977
0.56117 0.31234 0.54454
0.45680 0.37387 0.49903
0.47870 0.42642 0.52256
0.43460 0.53195 0.54003
0.54807 0.26836 0.49902
0.35554 0.47680 0.58105
0.46127 0.44474 0.54845
0.61282 0.22607 0.53267
0.48877 0.42941 0.65578
0.46605 0.34018 0.46606
0.43061 0.53355 0.63397
0.53798 0.32969 0.57587
0.48211 0.40013 0.53384
0.52965 0.38943 0.50265
0.43277 0.48929 0.47099
0.52349 0.30899 0.64846
0.46134 0.45985 0.54957
0.58014 0.30573 0.53260
0.46480 0.43556 0.51814
0.50821 0.40691 0.49569
0.52850 0.35345 0.60528
0.52527 0.43587 0.71320
0.53226 0.28171 0.57614
0.48800 0.40430 0.57633
0.48885 0.26732 0.48074
0.56088 0.37357 0.52623
0.67587 0.23546 0.47213
0.59800 0.34271 0.56121
0.52205 0.46170 0.47882
0.57277 0.42979 0.64615
0.63215 0.28032 0.66645
0.51245 0.35751 0.53337
0.50080 0.40666 0.51590
0.38994 0.45636 0.55248
0.44644 0.43303 0.56315
0.46727 0.37970 0.56768
0.44399 0.46369 0.63995
0.51821 0.46583 0.55474
0.45823 0.42699 0.66492
0.44774 0.35961 0.51869
0.44640 0.37107 0.60889
0.34913 0.48257 0.51570
0.42142 0.41886 0.56479
0.44289 0.40028 0.59662
0.51441 0.32638 0.51192
0.50942 0.33206 0.56059
0.58166 0.37194 0.65323
0.39936 0.39522 0.46409
0.52989 0.25782 0.62593
0.59017 0.34373 0.50548
0.47309 0.40064 0.55342
0.39597 0.40457 0.59328
0.49139 0.43507 0.64545
0.54764 0.30350 0.49021
0.49162 0.39397 0.58004
0.53590 0.27056 0.59241
0.44672 0.41598 0.51043
0.32148 0.48306 0.46171
0.42792 0.35998 0.44108
0.43481 0.53930 0.49366
0.55223 0.43882 0.60614
0.58351 0.41966 0.63104
0.52388 0.41226 0.53214
0.55386 0.37027 0.62936
0.43342 0.39713 0.53329
0.65614 0.22828 0.47862
0.53197 0.33991 0.51439
0.51481 0.40501 0.54204
0.63813 0.34172 0.59284
0.40404 0.40445 0.44854
0.54076 0.36588 0.53777
0.63813 0.35705 0.66797
0.52671 0.32594 0.58052
0.49766 0.37478 0.55089
0.47246 0.32219 0.49793
0.55628 0.35337 0.55344
0.47356 0.48318 0.55523
0.39798 0.38932 0.45038
0.57908 0.31929 0.60985
0.50848 0.43861 0.58238
0.45869 0.42759 0.69093
0.48321 0.50383 0.52698
0.55916 0.32334 0.45425
0.57923 0.40069 0.44767
0.49742 0.36890 0.55867
0.41973 0.43544 0.56403
0.51798 0.41892 0.56410
0.46980 0.44335 0.53674
0.54869 0.40198 0.55352
0.56389 0.25678 0.59703
0.46021 0.45455 0.56119
0.44403 0.33031 0.47030
0.46118 0.29398 0.56797
0.50462 0.47708 0.49505
0.40650 0.41899 0.54952
0.55635 0.36807 0.56865
0.40798 0.48152 0.56033
0.43428 0.49017 0.61545
0.51467 0.33038 0.55497
0.44073 0.36450 0.57638
0.55950 0.43908 0.50011
0.54847 0.47989 0.60294
0.49162 0.42507 0.60907
0.52768 0.43742 0.57792
0.61162 0.42294 0.58076
0.53523 0.44444 0.58016
0.55105 0.39747 0.51747
0.57068 0.39257 0.66823
0.54290 0.33111 0.54552
0.57330 0.25206 0.50632
0.55210 0.42499 0.62472
0.46057 0.38018 0.50996
0.47722 0.36591 0.59720
0.64378 0.41774 0.50910
0.43869 0.39500 0.60717
0.39952 0.47288 0.62723
0.51279 0.38568 0.51699
0.52920 0.41214 0.51158
0.54246 0.52122 0.55621
0.60518 0.29657 0.54740
0.56472 0.20619 0.55101
0.41808 0.46156 0.52507
0.46621 0.45465 0.58866
0.54176 0.34441 0.58032
0.58031 0.36190 0.65754
0.49753 0.43491 0.69560
0.47456 0.34689 0.48336
0.49618 0.41253 0.57982
0.39459 0.37675 0.68495
0.51839 0.40939 0.49611
0.46102 0.36552 0.50283
0.44459 0.52559 0.46856
0.50306 0.29893 0.52413
0.47596 0.42324 0.58750
0.50936 0.43970 0.57817
0.43124 0.42033 0.51518
0.46899 0.30822 0.57245
0.52909 0.42480 0.58227
0.48862 0.35775 0.64065
0.42704 0.42507 0.53387
0.47162 0.41837 0.53407
0.47545 0.36362 0.57578
0.57934 0.33737 0.50009
0.51856 0.34047 0.55705
0.46495 0.40278 0.49307
0.48324 0.40644 0.67897
0.55841 0.31163 0.46304
0.58425 0.44609 0.62683
0.54993 0.38687 0.54384
0.59405 0.29174 0.48876
0.43232 0.51094 0.51116
0.47620 0.52059 0.53771
0.56939 0.42128 0.66011
0.51579 0.37175 0.65988
0.35671 0.49602 0.59207
0.42033 0.37537 0.49563
0.48809 0.36421 0.62051
0.54188 0.32438 0.59474
0.47699 0.48710 0.49436
0.56755 0.31137 0.52679
0.50307 0.43703 0.61152
0.57598 0.31447 0.50303
0.56855 0.37616 0.62182
0.58862 0.33377 0.56019
0.41956 0.54076 0.53500
0.53651 0.29978 0.54888
0.52956 0.31487 0.53296
0.37351 0.45937 0.50439
0.48671 0.42514 0.47078
0.54236 0.37595 0.59773
0.41120 0.41614 0.63239
0.55607 0.36487 0.54414
0.42786 0.37202 0.46377
0.42113 0.37020 0.58289
0.37673 0.48315 0.57266
0.46571 0.43835 0.49569
0.51879 0.38122 0.55098
0.42722 0.42048 0.58388
0.51950 0.33538 0.65319
0.62977 0.27126 0.58874
0.55294 0.44005 0.56698
0.58253 0.33395 0.52642
0.54750 0.35717 0.58709
0.47021 0.39073 0.57259
0.50874 0.41045 0.58292
0.35798 0.40542 0.51023
0.43160 0.41477 0.48365
0.50942 0.33768 0.55019
0.41941 0.46758 0.58042
0.54687 0.49341 0.60170
0.57706 0.26279 0.47890
0.57946 0.30301 0.58006
0.46244 0.41411 0.55974
0.44571 0.49013 0.47738
0.48166 0.46062 0.51309
0.53480 0.34699 0.58201
0.37916 0.56390 0.60365
0.41421 0.45702 0.54562
0.41449 0.44427 0.64738
0.51647 0.35349 0.43798
0.59573 0.31859 0.60463
0.59353 0.40818 0.53917
0.43535 0.42564 0.54139
0.40797 0.32258 0.44548
0.54065 0.47274 0.68271
0.32759 0.45887 0.51274
0.45044 0.41898 0.61656
0.54411 0.30392 0.57900
0.47741 0.25318 0.48577
0.41303 0.47507 0.57400
0.46795 0.40508 0.55687
0.52148 0.43474 0.58688
0.52770 0.35780 0.47596
0.37890 0.50255 0.52786
0.42585 0.49587 0.63442
0.47937 0.35170 0.63659
0.51377 0.41433 0.54852
0.41887 0.44138 0.60318
0.52824 0.31803 0.59806
0.67039 0.21453 0.50171
0.44358 0.44814 0.60819
0.49158 0.43120 0.60957
0.55171 0.38870 0.49057
0.59745 0.26228 0.52937
0.61183 0.38259 0.61527
0.48307 0.36283 0.54765
0.45164 0.45587 0.56615
0.52742 0.35718 0.57009
0.43905 0.41140 0.53113
0.57401 0.28296 0.46299
0.56786 0.26362 0.53534
0.53498 0.41814 0.49609
0.48394 0.37719 0.49470
0.37058 0.46338 0.51706
0.48125 0.33379 0.48587
0.56572 0.40624 0.61426
0.42263 0.44563 0.53331
0.38622 0.36530 0.59808
0.42935 0.44745 0.47495
0.50493 0.38348 0.54605
0.50889 0.43585 0.60663
0.45220 0.44180 0.65192
0.54652 0.42686 0.56728
0.54754 0.26037 0.48985
0.59206 0.30599 0.47594
0.60264 0.42018 0.53656
0.44862 0.42769 0.53364
0.50929 0.38434 0.54234
0.46317 0.42796 0.56099
0.47730 0.46408 0.58746
0.57080 0.35594 0.55014
0.49989 0.35287 0.59852
0.33822 0.46040 0.57712
0.49165 0.31666 0.60498
0.48635 0.36779 0.52058
0.38552 0.43885 0.53326
0.55347 0.38946 0.61137
0.57205 0.33313 0.61931
0.47732 0.32413 0.48539
0.47924 0.39584 0.62201
0.34438 0.52774 0.45832
0.60415 0.35488 0.46573
0.45369 0.48622 0.56072
0.43111 0.46960 0.55079
0.54380 0.34825 0.54426
0.60090 0.24657 0.65676
0.42578 0.36511 0.57846
0.54984 0.40044 0.55153
0.44607 0.34844 0.56877
0.46981 0.43748 0.54737
0.39783 0.47214 0.58745
0.57638 0.34112 0.55658
0.45915 0.40254 0.58410
0.40981 0.41535 0.64807
0.47719 0.41773 0.57062
0.34403 0.54616 0.55309
0.52158 0.34558 0.51272
0.52075 0.35686 0.56383
0.55894 0.28575 0.59660
0.57859 0.35962 0.54075
0.49452 0.40895 0.52510
0.61161 0.30193 0.59336
0.40491 0.34874 0.52759
0.42030 0.41971 0.46865
0.49484 0.30657 0.58117
0.53419 0.43194 0.62789
0.54504 0.33199 0.58226
0.60850 0.38482 0.51846
0.45045 0.50760 0.59932
0.55618 0.34561 0.58352
0.61321 0.41560 0.62590
0.53725 0.30640 0.50529
0.36254 0.50263 0.44189
0.50211 0.35610 0.45343
0.57660 0.37728 0.58869
0.53309 0.42025 0.51128
0.42455 0.36628 0.58042
0.46121 0.43675 0.56600
0.47164 0.37493 0.57105
0.47976 0.30264 0.54414
0.39167 0.45709 0.54944
0.57319 0.38201 0.61129
0.44322 0.35217 0.52999
0.43589 0.41099 0.50818
0.45349 0.47860 0.51392
0.43898 0.47158 0.61029
0.45451 0.41441 0.62957
0.52436 0.41141 0.50569
0.41337 0.44105 0.55416
0.36030 0.43484 0.52298
0.47777 0.42745 0.53742
0.36374 0.44081 0.47178
0.33385 0.48234 0.57865
0.50243 0.47393 0.60478
0.51495 0.40643 0.59804
0.60433 0.20946 0.56957
0.43546 0.46025 0.58582
0.40730 0.43325 0.58407
0.56537 0.31866 0.56818
0.42930 0.40988 0.55158
0.54801 0.38835 0.59591
0.35592 0.47145 0.52385
0.47859 0.35831 0.53360
0.40127 0.41915 0.49181
0.43772 0.41885 0.46691
0.56383 0.34732 0.44949
0.42092 0.41238 0.53115
0.49808 0.33301 0.57900
0.50680 0.38981 0.68612
0.31962 0.45375 0.58975
0.55001 0.30705 0.52692
0.53221 0.31692 0.48255
0.45085 0.46609 0.51453
0.50951 0.39609 0.67797
0.46373 0.38772 0.52181
0.38428 0.43148 0.59348
0.59502 0.25896 0.47759
0.55091 0.30378 0.51304
0.33375 0.46799 0.52048
0.48931 0.42260 0.53862
0.49496 0.41694 0.50301
0.47955 0.40262 0.58765
0.46179 0.35936 0.52949
0.47838 0.45968 0.64024
0.58710 0.41130 0.56841
0.40818 0.39128 0.54982
0.46706 0.36935 0.44751
0.48962 0.39441 0.52897
0.39291 0.48471 0.49122
0.45861 0.39337 0.65331
0.58808 0.36061 0.65389
0.54100 0.28695 0.46544
0.42339 0.36851 0.53069
0.64440 0.27453 0.55510
0.51812 0.36941 0.58195
0.51441 0.41416 0.58797
0.62049 0.31500 0.51417
0.34511 0.54451 0.55820
0.31478 0.43986 0.44828
0.46898 0.44115 0.45376
0.45432 0.31716 0.46542
0.51519 0.33848 0.66720
0.56925 0.29599 0.53822
0.54495 0.38478 0.52335
0.54152 0.28262 0.53208
0.62703 0.32393 0.53555
0.43714 0.39788 0.50999
0.50546 0.45328 0.47922
0.39743 0.43695 0.61565
0.56433 0.33844 0.68550
0.44125 0.53004 0.47893
0.46297 0.45431 0.63848
0.41491 0.36137 0.53440
0.62614 0.26802 0.55876
0.53399 0.34811 0.58812
0.44349 0.38973 0.48941
0.45375 0.37217 0.54094
0.57325 0.30976 0.54222
0.42455 0.43407 0.51985
0.54375 0.26187 0.51688
0.59062 0.28685 0.56780
0.51152 0.34940 0.55254
0.54861 0.35753 0.44654
0.47123 0.38378 0.56996
0.48477 0.54802 0.55820
0.49610 0.38273 0.51369
0.54660 0.38235 0.48746
0.45912 0.41031 0.50636
0.55230 0.40615 0.62270
0.48918 0.37161 0.50319
0.58189 0.26806 0.59360
0.52376 0.38050 0.56327
0.50481 0.36789 0.59593
0.44648 0.45767 0.62538
0.54130 0.31935 0.49362
0.55747 0.40569 0.54524
0.54964 0.33072 0.48687
0.39749 0.42897 0.45997
0.56113 0.23767 0.50814
0.49585 0.29319 0.51265
0.57265 0.36382 0.64795
0.52373 0.35643 0.49647
0.47128 0.43266 0.54372
0.47949 0.43735 0.58413
0.44311 0.36769 0.54999
0.56883 0.39710 0.56510
0.47761 0.40604 0.62343
0.37380 0.39816 0.56280
0.49432 0.42167 0.51698
0.53667 0.30687 0.67487
0.43033 0.34935 0.59435
0.50644 0.36773 0.56545
0.69870 0.38929 0.69613
0.62007 0.24822 0.42007
0.52065 0.25871 0.43642
0.63241 0.28399 0.58888
0.56313 0.37300 0.52729
0.52898 0.33216 0.59253
0.46906 0.45657 0.44337
0.46964 0.41389 0.47405
0.64815 0.28750 0.48860
0.54971 0.34362 0.55423
0.40590 0.41069 0.50721
0.50996 0.24921 0.50248
0.43477 0.46568 0.54616
0.51770 0.34047 0.55523
0.48636 0.37380 0.56795
0.35478 0.43350 0.55371
0.60370 0.26085 0.44299
0.51167 0.38320 0.63773
0.47003 0.29020 0.49457
0.53666 0.35558 0.49362
0.26429 0.46045 0.50205
0.53814 0.33977 0.62055
0.45860 0.39800 0.62202
0.48469 0.49494 0.59690
0.49610 0.35661 0.50845
0.47540 0.34982 0.53332
0.55888 0.38676 0.59264
0.42068 0.40956 0.52827
0.51602 0.40517 0.56782
0.62088 0.26802 0.56877
0.47702 0.33694 0.53537
0.51808 0.43577 0.56041
0.50664 0.34170 0.52213
0.63581 0.34717 0.50889
0.54857 0.38672 0.65961
0.53807 0.37016 0.57388
0.51835 0.30173 0.58837
0.48499 0.41263 0.43019
0.49675 0.45286 0.76062
0.40084 0.45693 0.64606
0.57457 0.28538 0.53627
0.57065 0.43158 0.51575
0.65140 0.37375 0.67498
0.41671 0.43060 0.62899
0.50489 0.40135 0.53345
0.51617 0.50118 0.54522
0.41639 0.43548 0.50970
0.51831 0.35688 0.64133
0.63667 0.30723 0.54307
0.46397 0.43632 0.60289
0.40853 0.44953 0.60697
0.53727 0.35386 0.62440
0.51360 0.40206 0.51209
0.42014 0.49359 0.54758
0.52302 0.23358 0.48363
0.36826 0.47841 0.54852
0.40176 0.43378 0.57624
0.51387 0.39744 0.58874
0.49142 0.42469 0.59889
0.53391 0.31926 0.62120
0.50596 0.43899 0.67402
0.64415 0.37178 0.58967
0.63122 0.38201 0.61853
0.53223 0.34845 0.56233
0.54041 0.39493 0.64802
0.44679 0.39528 0.52254
0.44231 0.44536 0.47878
0.47813 0.38222 0.56481
0.49314 0.35349 0.53991
0.45498 0.37146 0.45680
0.59924 0.31276 0.54512
0.53924 0.32937 0.62145
0.39777 0.39758 0.43678
0.51007 0.37635 0.49983
0.52882 0.29973 0.54674
0.53749 0.31247 0.53609
0.42170 0.47717 0.52878
0.38528 0.34508 0.53533
0.43088 0.48446 0.52783
0.47160 0.41736 0.51894
0.49580 0.35806 0.50303
0.58966 0.34247 0.56575
0.50409 0.41129 0.53520
0.46005 0.47044 0.53956
0.58734 0.32031 0.60928
0.45333 0.43770 0.52274
0.54044 0.34369 0.49084
0.49755 0.39464 0.53328
0.47459 0.40022 0.60275
0.49268 0.31797 0.53996
0.53756 0.41481 0.56098
0.65720 0.36659 0.58075
0.64774 0.25008 0.43264
0.59713 0.32614 0.50700
0.55492 0.43744 0.58353
0.50139 0.35390 0.50901
0.41903 0.40241 0.50017
0.39484 0.46598 0.49963
0.30576 0.48549 0.49767
0.49816 0.47472 0.54852
0.47398 0.35675 0.52007
0.62777 0.42899 0.53154
0.48721 0.40442 0.59550
0.53653 0.27095 0.55770
0.45760 0.45295 0.64790
0.51582 0.44223 0.54346
0.37966 0.44608 0.58385
0.54912 0.34443 0.51979
0.45284 0.32701 0.48255
0.45301 0.53658 0.53915
0.56645 0.36406 0.53206
0.51973 0.34126 0.50000
0.48389 0.38461 0.52496
0.49616 0.44498 0.55834
0.44383 0.32372 0.51879
0.59842 0.31733 0.56964
0.40650 0.35752 0.48415
0.48732 0.39902 0.71348
0.53738 0.36102 0.50382
0.56688 0.32795 0.52509
0.53340 0.36085 0.50984
0.53403 0.46221 0.60419
0.39017 0.42589 0.43599
0.60951 0.31382 0.48205
0.60454 0.33520 0.61142
0.46617 0.33026 0.60811
0.55291 0.39529 0.51017
0.34186 0.40463 0.62313
0.41194 0.48404 0.61909
0.46823 0.33795 0.47513
0.50678 0.34300 0.52329
0.48558 0.29148 0.45175
0.51828 0.38361 0.58304
0.44367 0.37535 0.49653
0.39994 0.45274 0.53045
0.53082 0.40712 0.60376
0.39095 0.35630 0.50472
0.46744 0.38145 0.57472
0.49040 0.37456 0.59179
0.37543 0.50073 0.56305
0.58764 0.34983 0.59250
0.57389 0.38430 0.60683
0.49228 0.38306 0.65952
0.63536 0.36027 0.66990
0.29096 0.49467 0.51815
0.43137 0.40806 0.55303
0.46823 0.47523 0.60577
0.39625 0.38941 0.59613
0.40480 0.37612 0.47038
0.52714 0.35048 0.56202
0.45498 0.32954 0.57254
0.59766 0.35552 0.62695
0.53717 0.28084 0.48096
0.39508 0.40245 0.57017
0.55754 0.31920 0.46577
0.47991 0.37301 0.58493
0.52972 0.44525 0.61469
0.41364 0.45450 0.62423
0.63363 0.19072 0.49910
0.37029 0.46978 0.57207
0.42789 0.44429 0.67391
0.44450 0.52767 0.53558
0.56195 0.36915 0.54062
0.55801 0.33802 0.58688
0.54620 0.36148 0.59251
0.46488 0.51190 0.64478
0.48431 0.51752 0.48925
0.51859 0.32413 0.55595
0.48782 0.38930 0.55061
0.45203 0.41008 0.60492
0.49429 0.38593 0.58169
0.41340 0.37015 0.44310
0.61301 0.41232 0.61029
0.54705 0.31577 0.51406
0.55472 0.32585 0.53019
0.61376 0.28559 0.48579
0.60196 0.26765 0.49577
0.48503 0.43425 0.52664
0.53920 0.42527 0.55708
0.46981 0.44382 0.61795
0.50130 0.42953 0.50874
0.53795 0.41110 0.70041
0.47718 0.38201 0.57895
0.56105 0.40263 0.63619
0.59290 0.34764 0.52208
0.59818 0.25822 0.53263
0.52527 0.36469 0.53441
0.49129 0.50243 0.51360
0.41750 0.41020 0.56714
0.47231 0.42885 0.53547
0.50654 0.49467 0.56857
0.39950 0.57857 0.53169
0.51961 0.39208 0.59857
0.53400 0.30243 0.53882
0.56130 0.33324 0.56746
0.51864 0.42992 0.57795
0.57038 0.36525 0.56782
0.49152 0.40196 0.54119
0.46217 0.37465 0.56349
0.60968 0.21954 0.59966
0.55753 0.37263 0.63770
0.53438 0.32143 0.51805
0.45689 0.50391 0.59412
0.53436 0.42711 0.50543
0.48766 0.40598 0.58638
0.68231 0.29312 0.51860
0.52603 0.39791 0.55762
0.33301 0.50649 0.66130
0.49363 0.39360 0.50480
0.42256 0.44555 0.53800
0.41081 0.45274 0.49062
0.44785 0.52013 0.63492
0.59928 0.45242 0.50999
0.51247 0.41059 0.60571
0.50521 0.38822 0.58564
0.49214 0.34271 0.52718
0.49097 0.41070 0.51321
0.55192 0.25640 0.47356
0.42849 0.43453 0.55317
0.60425 0.33699 0.64668
0.50908 0.40697 0.45122
0.61445 0.26535 0.63667
0.45832 0.36221 0.60650
0.40392 0.42983 0.51428
0.43880 0.45582 0.59262
0.44648 0.38392 0.50527
0.49548 0.24327 0.47948
0.58334 0.43455 0.57247
0.51932 0.41520 0.58180
0.45642 0.37056 0.57035
0.33715 0.35502 0.46722
0.47548 0.36984 0.47413
0.54588 0.43886 0.71977
0.55029 0.40810 0.50097
0.57847 0.33961 0.55977
0.44158 0.39176 0.51736
0.44817 0.33337 0.56139
