20 20 1000 17463 2003
0.48454 0.90196 0.79268
0.78780 0.91525 0.38046
0.89724 0.57731 0.62687
0.54027 0.35372 0.58065
0.94584 0.13252 0.89818
0.83972 0.12503 0.17525
0.73969 0.86659 0.20717
0.78520 0.65835 0.36637
0.69388 0.71827 0.27470
0.93702 0.90168 0.34085
0.36455 0.70250 0.33894
0.02439 0.33839 0.62302
0.42602 0.16003 0.61509
0.38771 0.71740 0.55153
0.82148 0.70315 0.69774
0.95594 0.65061 0.94795
0.93599 0.73477 0.38109
0.33228 0.40270 0.54033
0.83607 0.54980 0.04682
0.30026 0.04161 0.06485
0.53383 0.41196 0.47645
0.54702 0.57949 0.54171
0.71114 0.53647 0.42514
0.64944 0.54125 0.42471
0.55281 0.62535 0.48240
0.60513 0.52169 0.38939
0.73819 0.51677 0.54896
0.68999 0.54406 0.48039
0.64821 0.55344 0.44803
0.72224 0.61670 0.43952
0.65013 0.59925 0.47238
0.68670 0.51334 0.42520
0.63867 0.68033 0.41424
0.60664 0.55348 0.44089
0.58045 0.44624 0.55720
0.54846 0.51814 0.55091
0.73929 0.67648 0.46262
0.62293 0.55472 0.42147
0.54078 0.52713 0.45644
0.61735 0.52442 0.49884
0.56420 0.49228 0.43809
0.65775 0.57010 0.46387
0.68559 0.63494 0.48846
0.68746 0.52298 0.51904
0.64488 0.66092 0.56583
0.73293 0.55246 0.54370
0.57744 0.44042 0.50650
0.67544 0.49686 0.39708
0.57866 0.53691 0.47652
0.63162 0.54267 0.49371
0.65406 0.59645 0.51950
0.68061 0.44427 0.44207
0.56358 0.52131 0.39605
0.62948 0.52812 0.42513
0.75968 0.61575 0.52090
0.70225 0.53037 0.39885
0.53383 0.48178 0.39932
0.64625 0.61302 0.44607
0.64842 0.50140 0.42784
0.66186 0.56916 0.48010
0.64814 0.67072 0.56985
0.73627 0.56236 0.45872
0.68078 0.61864 0.44868
0.69062 0.60745 0.47035
0.67557 0.61398 0.42264
0.56274 0.56252 0.46366
0.57729 0.51981 0.45132
0.47415 0.49571 0.51191
0.60115 0.61541 0.49474
0.65873 0.58057 0.44270
0.70682 0.44542 0.45942
0.64064 0.48114 0.47114
0.69115 0.60222 0.44919
0.63122 0.54124 0.50219
0.70334 0.57320 0.47890
0.65075 0.62117 0.36281
0.55799 0.40241 0.40367
0.71710 0.54506 0.38434
0.69993 0.63011 0.42689
0.72259 0.58993 0.57028
0.71470 0.68141 0.48601
0.62401 0.56178 0.50199
0.63228 0.55446 0.46682
0.63519 0.58498 0.53192
0.59267 0.58682 0.53533
0.55622 0.48843 0.52412
0.71441 0.54420 0.49287
0.49270 0.48369 0.44397
0.67003 0.64615 0.40915
0.67495 0.60427 0.55686
0.61301 0.56854 0.35961
0.67206 0.49255 0.44048
0.69461 0.66920 0.52777
0.66656 0.61793 0.43558
0.55658 0.50114 0.43723
0.67498 0.61460 0.35349
0.60615 0.56043 0.54160
0.49107 0.52361 0.44268
0.64030 0.55285 0.43279
0.60162 0.55157 0.48090
0.62990 0.50584 0.43754
0.66701 0.54419 0.52195
0.62114 0.53925 0.37069
0.70270 0.57494 0.45580
0.62096 0.56625 0.42322
0.75484 0.63289 0.53080
0.60407 0.55873 0.52698
0.61342 0.58933 0.47368
0.65571 0.48191 0.51072
0.66999 0.56936 0.47505
0.65587 0.46558 0.54839
0.58185 0.53224 0.44145
0.62657 0.60495 0.36466
0.73127 0.51405 0.52316
0.62170 0.49891 0.51138
0.68036 0.66742 0.42410
0.46029 0.45082 0.42796
0.66176 0.59026 0.44889
0.56901 0.61678 0.43846
0.70913 0.44910 0.51540
0.66514 0.51529 0.42627
0.56589 0.58473 0.44511
0.76221 0.65601 0.50541
0.67644 0.56612 0.49183
0.61863 0.52436 0.46944
0.74721 0.57947 0.46140
0.65482 0.52212 0.43918
0.68117 0.62011 0.38199
0.71699 0.65388 0.65043
0.66308 0.61739 0.47661
0.60732 0.48484 0.47138
0.66770 0.60238 0.49044
0.73980 0.53468 0.38139
0.70341 0.60412 0.40007
0.67246 0.58064 0.53252
0.61049 0.57142 0.42955
0.64963 0.51400 0.41083
0.71117 0.49792 0.52545
0.61679 0.59647 0.51741
0.74840 0.61457 0.50777
0.57828 0.61893 0.48945
0.76523 0.66403 0.46216
0.75406 0.61762 0.55364
0.61490 0.49575 0.42721
0.63169 0.58852 0.40876
0.67469 0.53155 0.60023
0.60002 0.53824 0.43188
0.63034 0.53034 0.53329
0.54754 0.37088 0.45243
0.62620 0.58682 0.57038
0.57337 0.64190 0.44003
0.68801 0.67187 0.51477
0.76458 0.61219 0.66548
0.70586 0.55963 0.55785
0.75555 0.64958 0.49819
0.59991 0.44537 0.45702
0.71424 0.56117 0.45452
0.67927 0.64242 0.48996
0.58579 0.55767 0.46976
0.58980 0.43649 0.51459
0.72021 0.62065 0.47588
0.68105 0.53883 0.42961
0.68591 0.57262 0.45082
0.57317 0.58419 0.46968
0.57721 0.45519 0.57811
0.69013 0.53776 0.47579
0.74451 0.69533 0.50152
0.49204 0.44760 0.43071
0.71286 0.54222 0.59901
0.58750 0.50446 0.56777
0.62545 0.59357 0.44074
0.63993 0.60272 0.41151
0.68979 0.63451 0.49534
0.73442 0.50514 0.47602
0.61774 0.58684 0.52254
0.62612 0.61755 0.50161
0.75958 0.56667 0.45900
0.64107 0.50235 0.39659
0.76207 0.63000 0.51739
0.68197 0.60143 0.43632
0.50089 0.48692 0.44726
0.66092 0.46710 0.47292
0.64478 0.56523 0.46654
0.69987 0.54305 0.36883
0.69071 0.61520 0.43272
0.67885 0.52077 0.40871
0.66230 0.62419 0.44632
0.54289 0.47689 0.42851
0.59875 0.54527 0.44973
0.49271 0.54232 0.48965
0.57685 0.54708 0.52282
0.70614 0.63823 0.54331
0.63574 0.61444 0.47312
0.58288 0.56907 0.46259
0.65375 0.64413 0.49662
0.74993 0.67169 0.44938
0.67781 0.63094 0.43203
0.71617 0.63102 0.51238
0.67221 0.61467 0.42478
0.70805 0.60273 0.47877
0.64078 0.61797 0.41837
0.67290 0.44963 0.51220
0.66043 0.62100 0.39825
0.64074 0.54141 0.54797
0.59220 0.56244 0.50059
0.63761 0.61477 0.51362
0.61805 0.48734 0.47121
0.69643 0.45940 0.42542
0.70863 0.65088 0.42835
0.70153 0.61972 0.51297
0.55995 0.55181 0.47660
0.61932 0.53550 0.51086
0.77606 0.60301 0.48111
0.64521 0.54116 0.44916
0.63563 0.59091 0.41626
0.75813 0.58627 0.45419
0.67616 0.60562 0.52523
0.70396 0.59636 0.45055
0.70104 0.63101 0.47621
0.69090 0.64130 0.48303
0.69411 0.62504 0.42243
0.66173 0.51964 0.44471
0.60610 0.54646 0.51431
0.76614 0.60680 0.41282
0.60605 0.55758 0.46806
0.70550 0.57593 0.48697
0.60708 0.54624 0.44455
0.72367 0.60310 0.56083
0.57893 0.59061 0.44572
0.73584 0.62344 0.49948
0.62171 0.62137 0.35664
0.65255 0.46296 0.44648
0.63258 0.69406 0.40361
0.68647 0.51856 0.41747
0.69872 0.66730 0.43747
0.63859 0.51251 0.49341
0.69413 0.52510 0.51499
0.59288 0.59436 0.52670
0.58413 0.48915 0.48941
0.65951 0.59693 0.42435
0.63966 0.57528 0.45825
0.68281 0.68960 0.47192
0.60782 0.56562 0.51647
0.72918 0.62345 0.40006
0.64571 0.62401 0.51371
0.74652 0.62319 0.49002
0.64685 0.44961 0.50990
0.59414 0.51955 0.46435
0.62677 0.57884 0.45017
0.72435 0.63621 0.45318
0.63554 0.58355 0.44168
0.50974 0.53431 0.53525
0.67895 0.60451 0.44872
0.57633 0.60525 0.52363
0.63842 0.55224 0.43859
0.60901 0.46901 0.44024
0.62092 0.59574 0.44518
0.58199 0.57518 0.45327
0.63024 0.56047 0.42717
0.57160 0.52868 0.48399
0.60653 0.49069 0.30623
0.72435 0.50804 0.41231
0.60412 0.66903 0.56218
0.74602 0.66049 0.38298
0.70764 0.69248 0.47550
0.66286 0.56217 0.47239
0.66380 0.52403 0.45933
0.67469 0.54046 0.48002
0.58852 0.47072 0.40835
0.70100 0.63094 0.46481
0.64429 0.60064 0.59080
0.68808 0.56341 0.43970
0.61798 0.47191 0.46040
0.65589 0.60654 0.45663
0.73686 0.65131 0.49362
0.65683 0.57362 0.48130
0.65282 0.50267 0.45573
0.70807 0.65238 0.48824
0.61087 0.57440 0.55775
0.61953 0.51311 0.52865
0.67269 0.57843 0.39876
0.69601 0.68902 0.43573
0.67839 0.56471 0.39015
0.77875 0.57033 0.51026
0.71254 0.61643 0.47172
0.69452 0.57788 0.38796
0.60749 0.56406 0.44530
0.67382 0.57367 0.46383
0.69992 0.61939 0.43476
0.55839 0.55781 0.54148
0.70210 0.61468 0.48306
0.69311 0.47400 0.48456
0.57371 0.50266 0.53883
0.69299 0.63467 0.51086
0.54848 0.42468 0.38611
0.66974 0.64420 0.47082
0.63622 0.56178 0.46120
0.61853 0.50922 0.42778
0.71357 0.52667 0.43567
0.66421 0.52819 0.46819
0.66655 0.54854 0.37833
0.60331 0.49636 0.40604
0.62860 0.53557 0.45985
0.70582 0.52429 0.52942
0.75568 0.56731 0.59664
0.58719 0.53504 0.53580
0.51200 0.59030 0.46686
0.70979 0.57425 0.46176
0.77182 0.65998 0.44603
0.70370 0.59931 0.54496
0.64099 0.57387 0.45560
0.63406 0.47217 0.48772
0.66417 0.53450 0.48272
0.75297 0.56555 0.50899
0.46591 0.51095 0.53218
0.68965 0.60998 0.47410
0.69173 0.57563 0.40404
0.68657 0.53599 0.37672
0.62499 0.58853 0.60430
0.63980 0.51264 0.54915
0.64215 0.58885 0.51320
0.67393 0.59316 0.46197
0.62289 0.60111 0.45899
0.62121 0.60233 0.47220
0.60598 0.32746 0.46401
0.67225 0.58954 0.38081
0.67914 0.58335 0.43773
0.62756 0.59201 0.43950
0.56700 0.47738 0.37047
0.66682 0.62462 0.45292
0.60293 0.47692 0.47221
0.70522 0.52776 0.43094
0.67460 0.61791 0.48581
0.51295 0.47456 0.46156
0.71961 0.53181 0.41365
0.65808 0.57725 0.46350
0.74875 0.55908 0.37284
0.61888 0.52513 0.47282
0.71013 0.53672 0.55292
0.74059 0.61043 0.48519
0.63825 0.62289 0.53083
0.67022 0.59642 0.49696
0.55169 0.54720 0.42374
0.73217 0.52796 0.47350
0.65850 0.71498 0.41378
0.69265 0.58699 0.53442
0.64102 0.57263 0.53733
0.62642 0.51922 0.45282
0.64279 0.51320 0.39958
0.79042 0.58997 0.43846
0.61521 0.55584 0.45845
0.64569 0.58435 0.45538
0.74269 0.65258 0.55015
0.62543 0.58717 0.49188
0.72467 0.60443 0.38118
0.69651 0.58525 0.42024
0.71489 0.65163 0.49272
0.66564 0.51554 0.52498
0.67445 0.59016 0.46874
0.60529 0.50500 0.46918
0.67410 0.56090 0.52904
0.65451 0.43633 0.40882
0.69720 0.56696 0.44888
0.57492 0.48181 0.45937
0.69631 0.52857 0.50531
0.66614 0.48160 0.41240
0.62369 0.58635 0.46460
0.63647 0.53376 0.43150
0.66380 0.49365 0.44805
0.66969 0.58276 0.43202
0.68589 0.62339 0.56415
0.52235 0.56437 0.43018
0.70125 0.54468 0.42264
0.56415 0.57439 0.43231
0.72935 0.67438 0.42372
0.70963 0.59931 0.52311
0.57466 0.52780 0.55569
0.73731 0.69889 0.45170
0.72807 0.57448 0.46356
0.66882 0.65120 0.46277
0.68720 0.55722 0.48325
0.63574 0.62419 0.40381
0.65181 0.54984 0.45460
0.68709 0.50612 0.51560
0.65336 0.60053 0.41797
0.69989 0.55699 0.49320
0.70023 0.61212 0.48617
0.73075 0.61996 0.45376
0.59986 0.62402 0.58939
0.62503 0.54743 0.51224
0.69849 0.63442 0.45344
0.71696 0.59077 0.42571
0.73335 0.65905 0.41877
0.59220 0.53710 0.38924
0.63038 0.60749 0.49958
0.67153 0.59607 0.48701
0.58302 0.55539 0.45953
0.49314 0.52124 0.47107
0.63105 0.58964 0.48262
0.70443 0.52442 0.49862
0.63974 0.56955 0.49446
0.45282 0.48201 0.49716
0.66055 0.61471 0.52263
0.69929 0.57155 0.56362
0.61320 0.48928 0.45566
0.60654 0.45929 0.48034
0.56949 0.51905 0.40912
0.66032 0.54746 0.42328
0.70952 0.61324 0.50501
0.69638 0.55574 0.40828
0.56884 0.51849 0.50284
0.67999 0.63633 0.42314
0.58903 0.52991 0.47003
0.65162 0.67703 0.44153
0.59882 0.58681 0.54507
0.61274 0.53888 0.46435
0.68484 0.65310 0.45267
0.62880 0.57204 0.42539
0.71103 0.51977 0.44060
0.65238 0.47672 0.47657
0.73441 0.51208 0.50035
0.56687 0.60727 0.45952
0.62238 0.50519 0.52053
0.72723 0.59107 0.53052
0.62381 0.53788 0.44599
0.68776 0.57882 0.51493
0.61536 0.55572 0.43707
0.65551 0.54878 0.51983
0.73644 0.51490 0.53260
0.56677 0.51111 0.54726
0.56531 0.53867 0.49871
0.69971 0.57114 0.47814
0.57928 0.56872 0.41752
0.74386 0.50338 0.51140
0.62819 0.58122 0.54758
0.58699 0.49656 0.41999
0.64133 0.63252 0.42149
0.58402 0.56483 0.50496
0.64986 0.62222 0.40665
0.69236 0.47315 0.54026
0.67934 0.58134 0.39389
0.71842 0.56590 0.42131
0.70397 0.54201 0.50154
0.66452 0.46872 0.50069
0.60347 0.60352 0.48071
0.68812 0.54042 0.39265
0.67893 0.53588 0.44018
0.46552 0.44279 0.49634
0.66866 0.63457 0.54134
0.66924 0.58520 0.45638
0.68194 0.59946 0.46902
0.55585 0.45302 0.31850
0.71871 0.47655 0.54756
0.73588 0.60259 0.45082
0.63464 0.60452 0.47285
0.63278 0.52809 0.45805
0.68769 0.62797 0.49064
0.68911 0.54590 0.50735
0.68837 0.59869 0.46153
0.72675 0.64581 0.42377
0.71867 0.52741 0.42326
0.67134 0.43972 0.54220
0.61290 0.58073 0.59555
0.74048 0.64633 0.50176
0.63894 0.63754 0.47384
0.67682 0.60603 0.41436
0.65633 0.49047 0.52634
0.65167 0.53322 0.38970
0.57907 0.49271 0.43608
0.70560 0.55954 0.41118
0.61482 0.56762 0.45393
0.59404 0.48614 0.52610
0.61207 0.45263 0.47247
0.62878 0.56807 0.47664
0.61454 0.50252 0.55747
0.74055 0.68918 0.40870
0.63306 0.55389 0.52166
0.66282 0.63126 0.45118
0.64610 0.61437 0.52645
0.67943 0.62812 0.57239
0.62847 0.59410 0.43008
0.62514 0.48946 0.39623
0.60816 0.54412 0.45847
0.73774 0.54219 0.56921
0.72577 0.58733 0.47925
0.65767 0.50090 0.54307
0.70035 0.57606 0.48653
0.60377 0.56377 0.46461
0.57761 0.47502 0.47566
0.63481 0.62988 0.49196
0.62875 0.51341 0.47575
0.57346 0.51145 0.45914
0.71328 0.59881 0.49371
0.67872 0.62127 0.47123
0.55299 0.49009 0.50833
0.71447 0.60339 0.50296
0.55660 0.58984 0.49543
0.65786 0.65066 0.42201
0.76123 0.67628 0.37734
0.62950 0.57393 0.44725
0.55301 0.51924 0.42021
0.72373 0.67998 0.42214
0.64353 0.59472 0.49176
0.65031 0.60280 0.53588
0.75887 0.54782 0.51584
0.73163 0.55453 0.40132
0.62804 0.52611 0.53695
0.69157 0.53820 0.43774
0.65123 0.63014 0.43006
0.74381 0.58889 0.46484
0.67313 0.55567 0.51232
0.71261 0.57760 0.45760
0.67907 0.50589 0.49104
0.76943 0.61742 0.46282
0.54656 0.52152 0.44085
0.55010 0.50340 0.48431
0.64558 0.66204 0.46279
0.72903 0.63203 0.48458
0.63118 0.52245 0.44408
0.67991 0.49719 0.56661
0.57629 0.52482 0.41887
0.68025 0.61835 0.42981
0.66013 0.54901 0.43710
0.67858 0.64657 0.50649
0.70485 0.59251 0.40880
0.73709 0.46027 0.51823
0.56335 0.51260 0.49777
0.58948 0.48495 0.50527
0.64801 0.49720 0.44545
0.66187 0.63713 0.36868
0.66489 0.66325 0.45758
0.67376 0.61365 0.53000
0.67756 0.49693 0.44579
0.60906 0.51090 0.49878
0.61875 0.62019 0.49465
0.62646 0.47319 0.45552
0.64258 0.63249 0.40264
0.57172 0.55173 0.48799
0.54891 0.62694 0.54581
0.69632 0.53482 0.57670
0.56200 0.50291 0.49129
0.72526 0.68457 0.46884
0.66430 0.65152 0.44688
0.70959 0.53352 0.58194
0.63978 0.53766 0.51337
0.67641 0.59759 0.50590
0.52793 0.55761 0.47810
0.70974 0.60722 0.35948
0.66748 0.47218 0.48524
0.66612 0.57058 0.45056
0.60634 0.56327 0.46998
0.64858 0.58197 0.49900
0.48561 0.52068 0.50175
0.74198 0.66710 0.46395
0.62245 0.54195 0.52466
0.56881 0.48333 0.51640
0.60255 0.46926 0.41523
0.57684 0.52313 0.53052
0.61403 0.47556 0.45379
0.70355 0.64734 0.45288
0.73280 0.58141 0.51230
0.67026 0.56126 0.50012
0.61057 0.54865 0.43264
0.61978 0.53919 0.48557
0.71646 0.66060 0.34263
0.54892 0.48815 0.47863
0.56590 0.44648 0.54537
0.58333 0.54376 0.57971
0.74983 0.66258 0.37537
0.67079 0.63340 0.43091
0.64786 0.51319 0.50422
0.70608 0.48476 0.51942
0.64200 0.66208 0.54750
0.69623 0.62810 0.42582
0.60429 0.52084 0.50120
0.61281 0.61697 0.37725
0.64127 0.60474 0.41448
0.49822 0.47750 0.51122
0.62153 0.62247 0.50644
0.68936 0.50900 0.49209
0.56092 0.56327 0.46596
0.49544 0.42347 0.33911
0.65227 0.45219 0.40510
0.57566 0.55484 0.49025
0.75542 0.63806 0.48260
0.70559 0.53436 0.33853
0.66191 0.60064 0.40435
0.59221 0.43989 0.49896
0.59198 0.57044 0.38897
0.64753 0.39025 0.60176
0.61426 0.63685 0.47959
0.57665 0.52544 0.42699
0.69295 0.54963 0.41310
0.61716 0.53842 0.46969
0.58221 0.58836 0.51773
0.68572 0.54508 0.42498
0.64087 0.52696 0.43685
0.66511 0.42750 0.45427
0.68674 0.73090 0.45953
0.61939 0.60771 0.46711
0.66691 0.60560 0.42494
0.74165 0.64568 0.50182
0.64837 0.58666 0.49650
0.63845 0.56523 0.46364
0.54703 0.51082 0.42279
0.58140 0.47610 0.35596
0.57230 0.52827 0.56198
0.62973 0.62477 0.47554
0.60380 0.62561 0.42557
0.73096 0.62821 0.46447
0.60860 0.51488 0.44502
0.66937 0.55169 0.47732
0.71503 0.54549 0.52400
0.65877 0.56792 0.42625
0.68079 0.55219 0.41847
0.63131 0.54400 0.51749
0.68698 0.48373 0.41353
0.55653 0.48744 0.55137
0.64313 0.50449 0.48757
0.69174 0.59668 0.40274
0.62396 0.55306 0.43585
0.61594 0.48393 0.43173
0.59039 0.59093 0.52040
0.44592 0.60455 0.43844
0.62780 0.51796 0.39629
0.60931 0.58614 0.42157
0.63498 0.53213 0.43173
0.57515 0.57744 0.45594
0.66447 0.59677 0.50513
0.53108 0.45287 0.54448
0.69711 0.68361 0.45917
0.61426 0.54917 0.42848
0.65532 0.57875 0.47775
0.68933 0.50722 0.54672
0.68357 0.62910 0.51143
0.69316 0.65640 0.45747
0.59120 0.59761 0.47535
0.59039 0.55866 0.43828
0.61703 0.57538 0.50742
0.61857 0.62610 0.46907
0.56837 0.55464 0.46490
0.72379 0.42945 0.59077
0.58325 0.48188 0.47956
0.64012 0.61327 0.40632
0.69463 0.67879 0.40116
0.58591 0.55472 0.43356
0.55589 0.53239 0.52367
0.63939 0.53488 0.42688
0.70681 0.59932 0.42964
0.66121 0.52387 0.36404
0.60279 0.43143 0.48821
0.71496 0.56536 0.51016
0.69337 0.48131 0.59199
0.68269 0.55219 0.36779
0.56898 0.60921 0.42285
0.57786 0.50610 0.47365
0.67127 0.61250 0.50323
0.62844 0.54319 0.46005
0.69585 0.64902 0.41458
0.66779 0.57512 0.40719
0.56436 0.46640 0.43266
0.55451 0.67207 0.49761
0.58465 0.52604 0.46119
0.62024 0.51913 0.48160
0.64947 0.60448 0.44996
0.77109 0.59612 0.52258
0.63333 0.55064 0.51665
0.56260 0.52904 0.55864
0.58457 0.54532 0.56148
0.66687 0.56976 0.53410
0.66832 0.59388 0.41032
0.74917 0.55326 0.42287
0.67958 0.54134 0.47161
0.61882 0.56408 0.44936
0.67044 0.33944 0.45287
0.61550 0.46765 0.45362
0.60570 0.47025 0.39555
0.64015 0.63720 0.50937
0.75039 0.56625 0.46922
0.68596 0.56650 0.47213
0.71145 0.61653 0.44892
0.64912 0.58238 0.50270
0.72142 0.61261 0.47245
0.64145 0.67337 0.42856
0.68362 0.59783 0.52130
0.70003 0.57183 0.49335
0.60353 0.65235 0.42055
0.53893 0.42606 0.52021
0.64843 0.52607 0.59762
0.57836 0.62919 0.48771
0.69451 0.51670 0.38088
0.68231 0.62578 0.41652
0.59960 0.54708 0.51992
0.64850 0.63181 0.48007
0.68959 0.49025 0.55419
0.62978 0.57540 0.48414
0.63555 0.50821 0.41765
0.60637 0.55717 0.50618
0.63527 0.50546 0.45745
0.70460 0.53322 0.41629
0.61824 0.46075 0.47139
0.65354 0.57209 0.51376
0.59625 0.52935 0.49454
0.53443 0.54244 0.47659
0.55874 0.51723 0.47283
0.69712 0.49239 0.32228
0.77431 0.56989 0.51636
0.64063 0.62251 0.40514
0.69076 0.67247 0.45285
0.55361 0.41940 0.47249
0.67221 0.65082 0.45416
0.66749 0.62593 0.51167
0.42941 0.41672 0.50995
0.65328 0.62565 0.47647
0.57180 0.57315 0.50982
0.74042 0.60498 0.47965
0.69225 0.55318 0.46080
0.60486 0.64750 0.55126
0.71482 0.58475 0.53545
0.61048 0.60017 0.40693
0.66987 0.54566 0.41125
0.61451 0.58854 0.55598
0.54158 0.50985 0.54828
0.68999 0.60569 0.44212
0.76124 0.50275 0.43697
0.71763 0.66506 0.48039
0.70612 0.58322 0.47084
0.63367 0.61901 0.52019
0.67065 0.55214 0.52656
0.62916 0.52876 0.57076
0.66948 0.61755 0.47794
0.65786 0.59375 0.52014
0.66113 0.57553 0.42340
0.69087 0.57334 0.46717
0.57533 0.56105 0.39012
0.71408 0.62159 0.56167
0.72281 0.54721 0.60102
0.68182 0.48486 0.47153
0.70062 0.51346 0.42137
0.65226 0.57083 0.44821
0.64515 0.61371 0.50056
0.69259 0.51243 0.53759
0.65963 0.50656 0.52671
0.61288 0.52069 0.47224
0.61600 0.51028 0.51916
0.60228 0.48568 0.45853
0.59869 0.63367 0.47046
0.53960 0.58511 0.50065
0.66733 0.69306 0.49016
0.64984 0.52036 0.43701
0.60440 0.62430 0.52956
0.79739 0.48318 0.59585
0.66322 0.57528 0.42167
0.71242 0.60066 0.35107
0.71525 0.55847 0.40431
0.62811 0.52910 0.51008
0.63664 0.64024 0.44670
0.62251 0.55730 0.42403
0.62893 0.56076 0.50784
0.66506 0.59115 0.43713
0.79234 0.48549 0.62600
0.70547 0.66053 0.46680
0.72658 0.64789 0.39321
0.60025 0.55726 0.46930
0.67346 0.63408 0.49356
0.69921 0.59283 0.40722
0.70831 0.59853 0.38567
0.69360 0.55303 0.39687
0.64344 0.63420 0.37686
0.69478 0.49092 0.45939
0.71527 0.58970 0.44662
0.63178 0.52343 0.47596
0.62383 0.55603 0.48751
0.61900 0.55563 0.45307
0.66501 0.61366 0.47659
0.63899 0.53830 0.47938
0.54695 0.51419 0.42118
0.54820 0.54271 0.51980
0.66255 0.59600 0.49103
0.70254 0.64834 0.49889
0.64368 0.62450 0.47376
0.71066 0.53690 0.48133
0.68898 0.60407 0.45290
0.68962 0.58229 0.52941
0.64775 0.57178 0.49623
0.52284 0.65461 0.51448
0.70686 0.50755 0.38102
0.71276 0.63297 0.43115
0.69228 0.66739 0.53872
0.65047 0.52605 0.57111
0.58848 0.59508 0.55386
0.69276 0.54182 0.55161
0.62655 0.51970 0.54745
0.57513 0.52768 0.41417
0.60095 0.52008 0.45323
0.69065 0.65467 0.44732
0.61180 0.55158 0.46509
0.61854 0.56133 0.40338
0.66431 0.63305 0.42297
0.71080 0.42941 0.43557
0.55309 0.51304 0.54373
0.67615 0.63444 0.39640
0.65381 0.51582 0.48076
0.62477 0.57361 0.51297
0.73718 0.57131 0.47721
0.66267 0.55753 0.52846
0.73721 0.59674 0.46411
0.61373 0.48747 0.51878
0.66278 0.52983 0.45066
0.71456 0.62783 0.44477
0.66885 0.54473 0.47416
0.63669 0.47988 0.48484
0.67679 0.63423 0.44374
0.69369 0.61938 0.41125
0.68704 0.58892 0.46437
0.65461 0.59805 0.52703
0.65950 0.57143 0.37500
0.63544 0.58644 0.51982
0.60654 0.53497 0.44693
0.70998 0.53105 0.55021
0.64462 0.51104 0.41734
0.71464 0.59519 0.42715
0.77208 0.51395 0.59976
0.64305 0.62433 0.52215
0.64338 0.60947 0.45482
0.66324 0.51744 0.37414
0.65049 0.45598 0.54102
0.67455 0.43421 0.60952
0.61095 0.54975 0.46851
0.71934 0.51546 0.41612
0.67968 0.64350 0.53463
0.72094 0.59903 0.41177
0.66310 0.54973 0.47448
0.68192 0.44939 0.48411
0.54976 0.48578 0.48171
0.61396 0.47297 0.54051
0.58340 0.53122 0.51488
0.63840 0.58059 0.42130
0.75895 0.61590 0.47735
0.57133 0.39361 0.49775
0.60526 0.63464 0.56769
0.65130 0.55152 0.52603
0.67592 0.52869 0.48002
0.55100 0.46583 0.46640
0.62730 0.55692 0.38698
0.70287 0.61372 0.45961
0.70206 0.55982 0.58212
0.58395 0.61263 0.42413
0.67926 0.56123 0.44245
0.72593 0.61030 0.43762
0.65745 0.52249 0.44785
0.55790 0.52186 0.45990
0.66334 0.48050 0.46859
0.55849 0.58669 0.52094
0.56934 0.54486 0.39789
0.60823 0.50848 0.53370
0.70880 0.58574 0.42953
0.72969 0.59215 0.43161
0.67213 0.46704 0.56912
0.65049 0.49510 0.45006
0.76148 0.65296 0.55785
0.63336 0.57226 0.46591
0.55246 0.50841 0.44812
0.67507 0.50186 0.51952
0.65698 0.56836 0.42793
0.66437 0.52950 0.42810
0.63540 0.51460 0.54506
0.61905 0.47597 0.33779
0.69648 0.61678 0.43914
0.65773 0.49506 0.60640
0.57336 0.49485 0.44681
0.72751 0.59310 0.49178
0.62529 0.62549 0.47015
0.62864 0.40586 0.46259
0.72079 0.63741 0.49985
0.65184 0.51080 0.47272
0.63694 0.52353 0.51872
0.51465 0.69322 0.58316
0.67709 0.55787 0.46286
0.68239 0.46368 0.44752
0.64424 0.59790 0.51517
0.59955 0.51377 0.43858
0.61479 0.58569 0.48300
0.67741 0.50194 0.28861
0.65095 0.57631 0.52216
0.57043 0.57621 0.54797
0.74700 0.64086 0.51204
0.64084 0.59528 0.53371
0.59988 0.49505 0.46496
0.73128 0.49753 0.43212
0.62413 0.52268 0.54172
0.65333 0.61761 0.43856
0.61052 0.55129 0.41368
0.76030 0.46560 0.42004
0.71509 0.66049 0.51375
0.66823 0.55229 0.44043
0.67017 0.54737 0.43732
0.64800 0.59219 0.42852
0.67888 0.55765 0.50456
0.75055 0.59808 0.47498
0.62634 0.59399 0.46023
0.65859 0.49109 0.51710
0.74872 0.58528 0.41136
0.64254 0.59077 0.51964
0.65497 0.62065 0.44092
0.54301 0.51073 0.48999
0.69650 0.43428 0.51196
0.63093 0.60414 0.48832
0.77560 0.57354 0.50489
0.64240 0.55051 0.41621
0.62161 0.55478 0.49259
0.67485 0.60835 0.48628
0.76795 0.64824 0.47639
0.56059 0.52473 0.48451
0.58493 0.54098 0.46854
0.73140 0.50609 0.49375
0.66862 0.56192 0.55837
0.71255 0.58104 0.53657
0.62089 0.57392 0.41252
0.63029 0.59633 0.48390
0.61525 0.37907 0.41465
0.62134 0.58172 0.47952
0.63172 0.52081 0.46270
0.61576 0.52081 0.42191
0.68489 0.53825 0.48271
0.72432 0.53388 0.56496
0.62048 0.58155 0.52711
0.63803 0.51874 0.41061
0.69780 0.56483 0.52368
0.56919 0.43718 0.45829
0.57805 0.65712 0.46953
0.71276 0.69408 0.48317
0.63219 0.50179 0.49706
0.59390 0.50257 0.44495
0.69278 0.63886 0.52553
0.65538 0.57800 0.51843
0.68294 0.61347 0.50138
0.60913 0.51135 0.50305
0.55883 0.56392 0.54261
0.67106 0.56928 0.48705
0.67589 0.51693 0.42862
0.64408 0.50369 0.51591
0.60942 0.53813 0.42083
0.59556 0.52401 0.49114
0.63728 0.51758 0.40525
0.72808 0.46913 0.49912
0.59752 0.54021 0.46591
0.56982 0.61287 0.55424
0.64310 0.48644 0.45104
0.71373 0.52202 0.42257
0.68740 0.53234 0.57749
0.70218 0.45293 0.54772
0.58841 0.52416 0.50315
0.70844 0.52641 0.54712
0.75992 0.58595 0.53258
0.63629 0.52724 0.48539
0.74005 0.63258 0.49415
0.68317 0.47831 0.46507
0.43803 0.52384 0.52781
0.56315 0.47085 0.47876
0.53107 0.48764 0.40913
0.55944 0.44053 0.35772
0.67427 0.58586 0.47425
0.64554 0.61907 0.43508
0.62639 0.52794 0.42648
0.67505 0.55014 0.47944
0.55634 0.47873 0.47286
0.68309 0.52106 0.55883
0.66269 0.59657 0.51254
0.74412 0.68450 0.33215
0.65561 0.55703 0.42438
0.61384 0.47141 0.55901
0.66379 0.55664 0.40796
0.66659 0.55494 0.41254
0.58108 0.57448 0.47182
0.58676 0.55341 0.47761
0.75073 0.57380 0.47054
0.68452 0.61820 0.40508
0.64943 0.57963 0.47650
0.65166 0.55422 0.47342
0.71420 0.53815 0.49784
0.54213 0.49008 0.46062
0.63035 0.52353 0.40926
0.68423 0.59382 0.34507
0.75423 0.56990 0.44550
0.55933 0.43150 0.45723
0.65977 0.59702 0.43277
0.68876 0.65222 0.43732
0.63641 0.56040 0.48589
0.64804 0.60792 0.41672
0.73536 0.57697 0.53647
0.58405 0.51018 0.54985
0.74429 0.63505 0.38115
0.69991 0.60650 0.39450
0.66373 0.59234 0.49960
0.65731 0.55331 0.48457
0.65226 0.54303 0.46452
0.78344 0.54978 0.46970
0.63362 0.50870 0.54802
0.78227 0.58399 0.60134
0.51616 0.58793 0.50638
0.70924 0.63745 0.54088
0.57174 0.50179 0.47432
0.63213 0.58727 0.52669
0.72948 0.61841 0.53494
0.61456 0.48816 0.55513
0.64962 0.60765 0.44231
0.62016 0.54370 0.47233
0.62885 0.65299 0.54670
0.63871 0.51383 0.47578
0.66931 0.59709 0.39675
0.62662 0.57516 0.40061
0.66177 0.57888 0.48053
0.65011 0.50657 0.44820
0.66268 0.52430 0.44030
0.75563 0.55193 0.53817
0.53920 0.51007 0.52936
0.66302 0.47508 0.53273
0.71134 0.64439 0.47124
0.60528 0.57821 0.46893
