20 20 1000 5616 14
0.55864 0.56385 0.24638
0.50629 0.09827 0.39065
0.01761 0.36228 0.56019
0.12626 0.21332 0.93939
0.33292 0.50398 0.81541
0.04186 0.54285 0.50068
0.21268 0.77887 0.76080
0.75076 0.59861 0.43152
0.31816 0.57443 0.16850
0.69800 0.36934 0.31992
0.40718 0.50681 0.63976
0.39392 0.73159 0.49483
0.87635 0.19896 0.47761
0.67760 0.18864 0.33282
0.89537 0.49894 0.92969
0.15305 0.55715 0.43161
0.55031 0.28086 0.96655
0.28217 0.03513 0.17257
0.94725 0.19013 0.66663
0.75963 0.96248 0.08519
0.50181 0.45198 0.55290
0.49933 0.41856 0.45491
0.46020 0.34191 0.53112
0.50686 0.47127 0.45946
0.47356 0.42192 0.58720
0.53910 0.49067 0.43267
0.50004 0.42383 0.57405
0.44337 0.42359 0.48490
0.49143 0.47382 0.55071
0.49564 0.46839 0.55542
0.46514 0.49259 0.54683
0.47703 0.44295 0.57839
0.52282 0.48636 0.49996
0.41972 0.48696 0.48949
0.44612 0.50159 0.57263
0.47370 0.37382 0.54472
0.54098 0.45824 0.58755
0.51693 0.45185 0.48081
0.44358 0.34270 0.57517
0.47849 0.35889 0.53223
0.42258 0.42626 0.56219
0.40187 0.45651 0.50040
0.46116 0.43264 0.47528
0.44344 0.44588 0.58124
0.31314 0.40227 0.49550
0.44907 0.38430 0.44586
0.49518 0.54871 0.43391
0.44231 0.45189 0.54236
0.37070 0.40573 0.51283
0.47067 0.43772 0.46985
0.57801 0.42985 0.58268
0.44997 0.37367 0.48405
0.35275 0.42314 0.50857
0.54705 0.42504 0.55915
0.55192 0.37301 0.48006
0.41242 0.52333 0.59510
0.48345 0.48377 0.62224
0.43910 0.46607 0.47000
0.46186 0.36410 0.43893
0.45575 0.39507 0.48580
0.42353 0.45169 0.53577
0.37764 0.44711 0.54986
0.43844 0.42124 0.49458
0.32840 0.53816 0.62283
0.46403 0.37017 0.52254
0.44598 0.44307 0.54123
0.53459 0.44917 0.55237
0.50506 0.52683 0.44799
0.45133 0.35794 0.43197
0.40325 0.41338 0.50430
0.54392 0.37467 0.50383
0.48182 0.34679 0.62012
0.36628 0.33617 0.48090
0.60689 0.34084 0.51197
0.42547 0.36964 0.58305
0.56911 0.44936 0.49130
0.61637 0.46777 0.43190
0.46526 0.43017 0.48247
0.57734 0.49693 0.49209
0.42329 0.44100 0.54582
0.54024 0.43563 0.54331
0.54269 0.42063 0.51221
0.46730 0.43993 0.55109
0.44638 0.41070 0.51555
0.53451 0.41532 0.53501
0.47006 0.38402 0.54263
0.38268 0.35869 0.64865
0.45449 0.36971 0.58188
0.37854 0.40122 0.47925
0.40776 0.49103 0.54814
0.41993 0.50677 0.48880
0.55894 0.42596 0.50447
0.45113 0.55200 0.50682
0.43973 0.40034 0.52997
0.37754 0.49042 0.57539
0.40380 0.47887 0.54293
0.58472 0.47192 0.43269
0.60359 0.37595 0.58117
0.50647 0.42667 0.62270
0.52843 0.43276 0.49777
0.51589 0.43782 0.56727
0.34772 0.30881 0.47737
0.48492 0.47909 0.49050
0.47946 0.41231 0.63656
0.48250 0.41828 0.54675
0.49586 0.38639 0.54721
0.52557 0.42858 0.50706
0.46165 0.43609 0.50716
0.52811 0.42557 0.48756
0.49870 0.42655 0.52035
0.36985 0.45119 0.46250
0.34209 0.41916 0.60111
0.46765 0.42753 0.51452
0.44328 0.44907 0.46044
0.49467 0.42409 0.49582
0.41077 0.39273 0.44569
0.39546 0.46923 0.48293
0.51978 0.37798 0.49104
0.49074 0.48409 0.54932
0.55898 0.48325 0.43390
0.41074 0.47310 0.51040
0.44948 0.25463 0.36435
0.43956 0.37607 0.50788
0.40153 0.42851 0.47940
0.47706 0.41358 0.48891
0.56149 0.43615 0.43571
0.44235 0.38908 0.51485
0.35902 0.38787 0.55941
0.35783 0.40107 0.56213
0.46714 0.46086 0.44194
0.44437 0.40451 0.54753
0.47305 0.36056 0.53232
0.47939 0.41508 0.54563
0.57751 0.38840 0.53368
0.32072 0.39700 0.52285
0.51391 0.45068 0.57471
0.50331 0.40239 0.56273
0.50389 0.41662 0.51875
0.45902 0.48448 0.52835
0.48373 0.45922 0.51854
0.60261 0.45046 0.56721
0.60861 0.41516 0.62738
0.39744 0.37712 0.51095
0.53827 0.43783 0.47213
0.43782 0.38783 0.58047
0.44720 0.45189 0.49073
0.44572 0.39931 0.62984
0.40452 0.48385 0.47448
0.52135 0.48878 0.44675
0.45165 0.40735 0.54209
0.59783 0.45365 0.46878
0.50525 0.43438 0.57037
0.49596 0.48615 0.51398
0.40467 0.41616 0.53465
0.48012 0.43956 0.48326
0.56525 0.46040 0.55642
0.47027 0.32551 0.51226
0.49026 0.46550 0.57717
0.50835 0.44140 0.47986
0.50392 0.45994 0.45306
0.36476 0.49458 0.61527
0.42480 0.38478 0.60322
0.49689 0.56354 0.41712
0.42331 0.42994 0.64615
0.51925 0.45336 0.46391
0.43365 0.33426 0.55723
0.42291 0.47322 0.47389
0.50415 0.48193 0.57595
0.48620 0.53438 0.36416
0.41148 0.51126 0.53412
0.46148 0.48291 0.52504
0.38947 0.48843 0.52586
0.44147 0.46537 0.50323
0.56705 0.36841 0.47895
0.42500 0.47840 0.45389
0.50175 0.43476 0.49553
0.44393 0.42099 0.48970
0.55276 0.44276 0.47708
0.50370 0.38443 0.49410
0.56725 0.47313 0.43533
0.51493 0.46305 0.45451
0.40284 0.39623 0.63464
0.48632 0.41299 0.59108
0.45170 0.48698 0.55374
0.44322 0.41586 0.56035
0.48969 0.46851 0.57592
0.51199 0.47061 0.48689
0.51746 0.39960 0.57464
0.44179 0.42704 0.52317
0.39372 0.47676 0.52722
0.50952 0.34171 0.47923
0.43928 0.43967 0.55374
0.51063 0.62353 0.50794
0.38931 0.35539 0.53108
0.43333 0.56001 0.49424
0.43235 0.44142 0.50897
0.33466 0.40844 0.50312
0.53960 0.38526 0.41371
0.49025 0.40092 0.47981
0.45240 0.43762 0.51906
0.40062 0.47795 0.48028
0.45274 0.38936 0.51658
0.51300 0.48772 0.52407
0.41854 0.35748 0.49232
0.49331 0.38521 0.49737
0.48145 0.38005 0.52445
0.53188 0.52814 0.42134
0.43214 0.39498 0.53298
0.45607 0.43498 0.53989
0.50133 0.42890 0.57729
0.46457 0.38864 0.53889
0.50597 0.48291 0.50785
0.47378 0.43813 0.50631
0.51941 0.52291 0.52899
0.43725 0.37476 0.55781
0.50635 0.51272 0.45985
0.53869 0.44003 0.56126
0.53919 0.50088 0.38273
0.57237 0.48975 0.39163
0.35752 0.41047 0.58428
0.42889 0.37766 0.56183
0.46601 0.42928 0.43179
0.47431 0.46264 0.46837
0.48649 0.45002 0.42759
0.37596 0.48069 0.51658
0.48562 0.39832 0.51663
0.40010 0.51366 0.56352
0.51347 0.33188 0.48697
0.50043 0.47442 0.47879
0.39897 0.37919 0.51322
0.48764 0.52764 0.40042
0.39926 0.37230 0.56173
0.37893 0.46428 0.53553
0.49235 0.43688 0.50086
0.43963 0.43901 0.62106
0.49464 0.46169 0.48421
0.38022 0.41279 0.46777
0.47980 0.47903 0.47830
0.47494 0.42173 0.52369
0.48331 0.48998 0.49754
0.53992 0.40377 0.62952
0.51573 0.51342 0.43024
0.55727 0.39917 0.55907
0.36079 0.53326 0.50992
0.43739 0.47672 0.45621
0.44350 0.43068 0.55636
0.49466 0.46133 0.55664
0.57346 0.39922 0.56121
0.41136 0.37783 0.61989
0.63400 0.46473 0.58212
0.54237 0.43570 0.43115
0.50087 0.42732 0.51420
0.43518 0.47647 0.54139
0.49539 0.43856 0.58292
0.43040 0.39007 0.53389
0.41446 0.39571 0.46163
0.48606 0.44417 0.53322
0.47695 0.41293 0.52394
0.53479 0.42868 0.48344
0.52346 0.48009 0.52637
0.46943 0.41103 0.51091
0.52585 0.53936 0.53906
0.45430 0.45239 0.51017
0.48644 0.42103 0.45261
0.46988 0.49472 0.56393
0.49413 0.38616 0.49398
0.42379 0.40305 0.43091
0.40702 0.46760 0.59195
0.52504 0.49579 0.41687
0.60180 0.40683 0.57324
0.56120 0.47676 0.59366
0.48827 0.48730 0.56551
0.57950 0.39116 0.52794
0.37886 0.46199 0.45608
0.38730 0.53018 0.48018
0.58601 0.45572 0.50407
0.52550 0.49351 0.53200
0.38321 0.36714 0.64051
0.49175 0.42533 0.50151
0.46891 0.47573 0.63463
0.45806 0.37477 0.46680
0.44166 0.46326 0.57457
0.45944 0.42601 0.49599
0.49832 0.29415 0.48653
0.55118 0.40795 0.52262
0.42351 0.54124 0.47888
0.49268 0.40430 0.46725
0.44597 0.43527 0.46045
0.49981 0.39453 0.46416
0.47420 0.45218 0.53206
0.45949 0.45375 0.52470
0.47659 0.35432 0.60149
0.45997 0.44068 0.58275
0.44754 0.38381 0.47300
0.47556 0.43155 0.68991
0.38191 0.47931 0.52325
0.56388 0.42262 0.54068
0.43496 0.46731 0.57634
0.57759 0.44500 0.50872
0.45475 0.50470 0.51530
0.51769 0.47489 0.49100
0.48369 0.51050 0.51500
0.43460 0.37342 0.54990
0.46770 0.46294 0.54083
0.51897 0.33889 0.45607
0.54510 0.42287 0.51187
0.38008 0.52656 0.52143
0.42189 0.42136 0.48636
0.51010 0.46379 0.55960
0.47623 0.39611 0.56320
0.53534 0.39377 0.44301
0.44624 0.48303 0.49148
0.43960 0.39723 0.47663
0.36303 0.43439 0.56460
0.47967 0.44630 0.48166
0.46288 0.48602 0.56175
0.54277 0.50339 0.45815
0.50965 0.43978 0.51212
0.46212 0.51970 0.55322
0.40597 0.43878 0.46813
0.53047 0.52824 0.51874
0.41599 0.43550 0.56360
0.38786 0.38320 0.52218
0.47540 0.39779 0.57418
0.43823 0.40983 0.55790
0.53047 0.39946 0.62072
0.34253 0.39529 0.63141
0.50860 0.50083 0.51698
0.49226 0.43016 0.64460
0.42077 0.43383 0.51612
0.53156 0.39226 0.58243
0.54533 0.38851 0.49149
0.46969 0.41854 0.48377
0.51759 0.52138 0.50547
0.48766 0.42479 0.51595
0.46881 0.55716 0.40283
0.44474 0.37735 0.46182
0.30783 0.50995 0.56306
0.45117 0.40538 0.49411
0.50371 0.43643 0.55352
0.46302 0.43510 0.62027
0.42996 0.42333 0.57397
0.40439 0.42988 0.49113
0.43831 0.44764 0.57471
0.44610 0.39479 0.48652
0.40948 0.42813 0.57461
0.58808 0.41688 0.54710
0.37592 0.43560 0.62754
0.45294 0.48750 0.44757
0.43463 0.50373 0.50015
0.41215 0.51091 0.47846
0.35240 0.40292 0.62416
0.45792 0.47015 0.52269
0.40632 0.40937 0.56353
0.41422 0.52964 0.51399
0.43117 0.36999 0.49156
0.42902 0.45740 0.51504
0.55629 0.47507 0.52714
0.48994 0.45200 0.43957
0.49296 0.52898 0.54896
0.45655 0.52513 0.46549
0.46576 0.45238 0.43545
0.49186 0.40033 0.50032
0.40495 0.50146 0.53118
0.49166 0.42225 0.40261
0.47520 0.41636 0.50308
0.47444 0.41877 0.54919
0.46908 0.45069 0.48877
0.42954 0.48304 0.56679
0.44442 0.49793 0.53466
0.48023 0.38226 0.47289
0.58651 0.44458 0.55313
0.46465 0.49548 0.53009
0.52458 0.38602 0.53424
0.54587 0.43556 0.52051
0.45104 0.36022 0.53810
0.35285 0.42233 0.62161
0.58817 0.46500 0.51791
0.48117 0.45585 0.54860
0.44921 0.39214 0.51768
0.38587 0.46598 0.55657
0.48940 0.36802 0.50099
0.50250 0.45599 0.57164
0.47728 0.43742 0.50236
0.53522 0.48931 0.52259
0.52906 0.44784 0.59322
0.44221 0.50087 0.52776
0.38103 0.41748 0.48502
0.46418 0.34933 0.54293
0.46552 0.34794 0.51761
0.45345 0.50340 0.52876
0.57127 0.35416 0.50450
0.37797 0.35129 0.44162
0.45723 0.41553 0.61088
0.43341 0.40902 0.42041
0.59682 0.50136 0.52733
0.57509 0.45180 0.58426
0.47954 0.44298 0.46832
0.50419 0.47420 0.52184
0.48017 0.43245 0.49388
0.43475 0.45685 0.60324
0.52358 0.56377 0.47383
0.45465 0.42743 0.49933
0.48068 0.46597 0.48872
0.42104 0.38703 0.43875
0.47717 0.34665 0.53868
0.47568 0.40834 0.51964
0.49166 0.42212 0.55149
0.36784 0.41810 0.51470
0.49208 0.44100 0.53647
0.42499 0.37790 0.60688
0.41021 0.55961 0.53360
0.36238 0.42049 0.60770
0.43925 0.47055 0.54575
0.49098 0.47359 0.48576
0.40841 0.40057 0.41096
0.44366 0.42871 0.44218
0.41410 0.36122 0.48477
0.48123 0.41043 0.59945
0.44452 0.33978 0.60606
0.53339 0.35888 0.49219
0.48258 0.39463 0.52984
0.46484 0.43248 0.48571
0.54627 0.41961 0.44942
0.44680 0.43420 0.56011
0.44377 0.40396 0.56627
0.48434 0.44222 0.54906
0.56951 0.43177 0.63182
0.49430 0.39746 0.50788
0.51293 0.35333 0.47837
0.57452 0.34241 0.38106
0.53026 0.45568 0.50028
0.46412 0.36149 0.49224
0.50768 0.44986 0.39502
0.50766 0.52600 0.49068
0.57168 0.50918 0.48682
0.50744 0.37753 0.55889
0.40045 0.43430 0.55441
0.53565 0.42655 0.43147
0.49327 0.41543 0.49652
0.38633 0.40671 0.51264
0.64563 0.47838 0.56639
0.43882 0.42471 0.48069
0.43918 0.42179 0.56191
0.44492 0.47460 0.52022
0.47164 0.45931 0.49616
0.56600 0.43192 0.46222
0.52247 0.46737 0.47424
0.37074 0.53964 0.50339
0.54076 0.42352 0.53398
0.42135 0.49645 0.51040
0.42023 0.48145 0.47643
0.50193 0.43507 0.41861
0.53191 0.42274 0.53440
0.45291 0.44949 0.61458
0.45130 0.32376 0.61501
0.45249 0.44454 0.60905
0.45964 0.39908 0.48463
0.42383 0.45051 0.49107
0.58688 0.46931 0.57919
0.42133 0.49228 0.65081
0.54514 0.37252 0.60131
0.37433 0.46611 0.58754
0.48704 0.46008 0.49169
0.46817 0.43246 0.52037
0.36897 0.43662 0.48907
0.53071 0.47859 0.47044
0.44278 0.37965 0.59288
0.46740 0.35907 0.56333
0.41888 0.38663 0.44347
0.51313 0.48211 0.35190
0.52028 0.37041 0.48757
0.45897 0.42283 0.61666
0.51144 0.41781 0.48380
0.58939 0.48172 0.46482
0.43339 0.42862 0.48940
0.43700 0.40489 0.56004
0.31969 0.42858 0.64531
0.42963 0.44926 0.41988
0.42566 0.42315 0.44038
0.47137 0.31861 0.50978
0.35773 0.47043 0.51072
0.44763 0.42317 0.50446
0.51091 0.47430 0.58153
0.57850 0.42837 0.50281
0.46484 0.42728 0.52375
0.55910 0.42572 0.51750
0.45334 0.52038 0.46566
0.56213 0.50526 0.51236
0.53939 0.41179 0.56629
0.50952 0.40932 0.48134
0.41330 0.53916 0.49794
0.40911 0.51457 0.47156
0.49132 0.44941 0.46562
0.42537 0.43356 0.43852
0.43081 0.46599 0.56548
0.44038 0.34902 0.43224
0.48301 0.45976 0.54898
0.57699 0.44359 0.57447
0.49533 0.31589 0.56810
0.47784 0.33727 0.54857
0.47688 0.37936 0.47267
0.42740 0.46446 0.49595
0.62874 0.47509 0.50085
0.44719 0.42074 0.43680
0.41386 0.56378 0.56368
0.48449 0.44318 0.50216
0.46963 0.43707 0.48131
0.43870 0.49308 0.53368
0.52689 0.44612 0.44857
0.47311 0.36853 0.50343
0.43117 0.46180 0.53748
0.43407 0.47898 0.52423
0.49389 0.36695 0.52237
0.38694 0.47576 0.53797
0.48326 0.38425 0.52844
0.57179 0.35826 0.46954
0.57090 0.46205 0.56268
0.47719 0.50094 0.53879
0.44247 0.51610 0.47316
0.47083 0.45603 0.51812
0.42755 0.48266 0.59420
0.48823 0.54099 0.46608
0.57216 0.48768 0.37047
0.48024 0.39956 0.48100
0.41245 0.46363 0.51517
0.57577 0.39007 0.41966
0.50652 0.48961 0.50910
0.49015 0.46676 0.47536
0.49151 0.37514 0.57437
0.45904 0.44615 0.45026
0.44487 0.38305 0.51347
0.55483 0.43615 0.48127
0.45458 0.44719 0.47778
0.34977 0.41327 0.56376
0.44872 0.47014 0.50092
0.50949 0.54864 0.44322
0.54177 0.50894 0.37569
0.48038 0.39448 0.53618
0.42343 0.47827 0.59619
0.44740 0.39931 0.55274
0.51849 0.43461 0.53413
0.42789 0.37943 0.47541
0.44562 0.48814 0.48285
0.60243 0.36477 0.55108
0.50517 0.35927 0.49591
0.39925 0.49133 0.50099
0.47746 0.48529 0.49476
0.37701 0.49915 0.44921
0.51387 0.45611 0.53129
0.45127 0.38129 0.58644
0.51136 0.50273 0.44725
0.41802 0.51117 0.44397
0.36919 0.34632 0.48619
0.44907 0.45210 0.49332
0.42044 0.50059 0.59067
0.54114 0.38011 0.51136
0.45216 0.42030 0.63753
0.44039 0.36579 0.47608
0.34130 0.47658 0.38366
0.42085 0.36423 0.64497
0.54434 0.44050 0.56136
0.43651 0.41274 0.65156
0.43036 0.38873 0.54599
0.45591 0.41705 0.44257
0.40993 0.38469 0.49121
0.34871 0.46990 0.56871
0.46804 0.42900 0.54344
0.49418 0.44466 0.55889
0.46465 0.55112 0.43911
0.57605 0.45133 0.54434
0.51121 0.38666 0.50103
0.46495 0.43604 0.53270
0.41860 0.35285 0.48753
0.40372 0.49540 0.47409
0.45063 0.53041 0.47762
0.44055 0.40791 0.54557
0.42677 0.38023 0.61320
0.50599 0.44232 0.49413
0.42880 0.48482 0.58281
0.44377 0.42318 0.52635
0.50209 0.42836 0.52088
0.44674 0.43421 0.61438
0.38572 0.47760 0.47457
0.50880 0.40455 0.50277
0.47135 0.43670 0.56571
0.44376 0.37289 0.45835
0.33747 0.38280 0.49642
0.48603 0.52309 0.37585
0.52563 0.43592 0.47547
0.38976 0.44657 0.45869
0.45949 0.34841 0.47540
0.40637 0.43005 0.53482
0.56687 0.42575 0.59912
0.42082 0.43962 0.60546
0.50613 0.41889 0.53276
0.51035 0.46898 0.53508
0.53204 0.43387 0.46531
0.52159 0.41323 0.44919
0.50929 0.44090 0.47551
0.45083 0.51606 0.57703
0.41137 0.50154 0.49871
0.34575 0.48321 0.54516
0.46423 0.32173 0.46600
0.44562 0.40990 0.43829
0.53002 0.42965 0.47634
0.47735 0.48639 0.49761
0.48051 0.38893 0.56335
0.60289 0.51046 0.61587
0.47647 0.42191 0.61944
0.50832 0.49904 0.67290
0.41481 0.49077 0.63507
0.48660 0.47266 0.59324
0.37951 0.36637 0.60005
0.51497 0.43905 0.52440
0.43099 0.38417 0.52823
0.47333 0.44747 0.49963
0.50137 0.42263 0.58969
0.47251 0.42017 0.52835
0.50260 0.43765 0.54390
0.44383 0.52598 0.51232
0.50917 0.45023 0.56164
0.54869 0.36603 0.48518
0.45754 0.51041 0.57874
0.45516 0.46192 0.56640
0.60356 0.48534 0.46638
0.39440 0.43506 0.56083
0.43053 0.37062 0.51639
0.46542 0.46899 0.59441
0.51938 0.35293 0.60258
0.50880 0.44356 0.52682
0.46807 0.36310 0.53223
0.44649 0.47026 0.49293
0.42071 0.49921 0.51658
0.48681 0.43071 0.54356
0.63871 0.42031 0.52872
0.53197 0.49398 0.40423
0.52809 0.44079 0.44172
0.51589 0.44762 0.43134
0.59223 0.40967 0.54532
0.51521 0.54175 0.48600
0.43740 0.48332 0.47034
0.40730 0.45482 0.54478
0.41951 0.35462 0.51356
0.50107 0.37554 0.51770
0.48906 0.39044 0.52674
0.42933 0.50295 0.45860
0.48887 0.34069 0.58104
0.40067 0.39575 0.53277
0.49767 0.50593 0.51920
0.53626 0.43655 0.52350
0.42040 0.45160 0.46269
0.55889 0.48825 0.51311
0.49239 0.50236 0.54296
0.48823 0.38672 0.48092
0.36578 0.42745 0.50727
0.49367 0.53719 0.46712
0.44623 0.38540 0.46969
0.57005 0.40409 0.51288
0.51422 0.36627 0.52295
0.42445 0.44638 0.48963
0.52484 0.45957 0.37921
0.58574 0.42312 0.44580
0.43587 0.41900 0.66531
0.40989 0.41126 0.53725
0.54897 0.40351 0.45522
0.40315 0.39267 0.53245
0.45581 0.38416 0.49441
0.45565 0.44402 0.44568
0.53245 0.45912 0.50075
0.42621 0.34413 0.50721
0.55559 0.51618 0.61002
0.47679 0.55388 0.47030
0.50633 0.40371 0.53595
0.40350 0.44338 0.63959
0.52932 0.37200 0.57549
0.46646 0.49847 0.38458
0.41794 0.45259 0.41303
0.42518 0.53056 0.45722
0.51249 0.51957 0.43839
0.49820 0.42884 0.42795
0.43279 0.47979 0.58075
0.54657 0.34127 0.71806
0.37184 0.43426 0.54039
0.56814 0.38562 0.56223
0.55602 0.40277 0.43952
0.43907 0.48357 0.52324
0.40199 0.51377 0.51972
0.55504 0.39861 0.50348
0.54809 0.36834 0.60928
0.53620 0.47225 0.47609
0.49605 0.43322 0.51216
0.34907 0.39210 0.55769
0.41760 0.42409 0.49387
0.42075 0.38904 0.54596
0.39809 0.44352 0.57512
0.46517 0.47096 0.53522
0.46432 0.48384 0.49914
0.49822 0.47100 0.44740
0.59361 0.44343 0.61808
0.36569 0.44139 0.57516
0.57373 0.42061 0.46327
0.44589 0.39980 0.56226
0.51424 0.40948 0.57033
0.42263 0.54909 0.51707
0.45217 0.37258 0.48413
0.33497 0.37437 0.55248
0.33084 0.42901 0.51142
0.36489 0.41402 0.53084
0.46609 0.47236 0.50064
0.43172 0.43802 0.50719
0.45989 0.40175 0.50515
0.45980 0.40447 0.57437
0.37559 0.41431 0.46260
0.40745 0.45783 0.53444
0.37909 0.47368 0.59838
0.51328 0.39876 0.59250
0.46944 0.44159 0.47110
0.40895 0.47370 0.51069
0.48425 0.45295 0.49076
0.34490 0.37402 0.61036
0.50488 0.31223 0.55289
0.60176 0.44422 0.51929
0.45586 0.39613 0.56910
0.45754 0.48421 0.45338
0.52909 0.44557 0.47595
0.46485 0.43606 0.54871
0.47569 0.58114 0.51738
0.56519 0.47106 0.47390
0.51389 0.48647 0.40745
0.55136 0.45633 0.62700
0.43096 0.45759 0.47660
0.52924 0.45632 0.50146
0.55899 0.39036 0.49207
0.54907 0.43026 0.54783
0.62877 0.39045 0.65685
0.44959 0.45805 0.52426
0.47687 0.44997 0.52118
0.48973 0.44461 0.57466
0.54456 0.41600 0.49239
0.54230 0.35569 0.58542
0.45158 0.49213 0.53306
0.41807 0.44360 0.48907
0.39916 0.45838 0.57578
0.52719 0.42702 0.47283
0.38913 0.46514 0.52991
0.53056 0.36180 0.50922
0.46011 0.39748 0.45095
0.39355 0.35388 0.47032
0.43252 0.51028 0.62387
0.48089 0.46360 0.53297
0.46179 0.41557 0.54022
0.44819 0.41200 0.50658
0.56729 0.41977 0.53471
0.43952 0.41986 0.49741
0.49993 0.46137 0.48233
0.44202 0.55969 0.48932
0.49868 0.46276 0.60131
0.39808 0.51500 0.49383
0.47529 0.46714 0.53888
0.47267 0.48401 0.54863
0.43369 0.50679 0.54795
0.45377 0.46884 0.55134
0.43019 0.34970 0.54091
0.53871 0.46841 0.47156
0.50690 0.46220 0.54873
0.45069 0.47728 0.51919
0.47080 0.45345 0.54191
0.51598 0.40941 0.43108
0.48247 0.35454 0.51491
0.47166 0.37912 0.50691
0.46018 0.48297 0.50578
0.39609 0.42626 0.54167
0.46514 0.43080 0.50623
0.56347 0.46047 0.45373
0.56100 0.40320 0.44601
0.54383 0.55866 0.44795
0.58761 0.40151 0.65368
0.56214 0.45005 0.48794
0.48433 0.42157 0.44527
0.52328 0.45674 0.50590
0.50008 0.41710 0.48896
0.44037 0.46322 0.55004
0.52891 0.34091 0.45837
0.49566 0.44440 0.59066
0.48981 0.52212 0.47559
0.43736 0.33656 0.59870
0.44004 0.40599 0.60234
0.52800 0.40926 0.42362
0.54551 0.40706 0.46450
0.55545 0.43310 0.59081
0.45902 0.40004 0.50673
0.47746 0.41894 0.55790
0.55285 0.53824 0.43754
0.48939 0.45613 0.51664
0.51562 0.36310 0.55197
0.44469 0.43152 0.61717
0.44872 0.41575 0.54711
0.40819 0.52002 0.44516
0.44060 0.46188 0.53100
0.37963 0.51389 0.47375
0.34884 0.49274 0.53507
0.57188 0.31864 0.44909
0.45236 0.37027 0.53921
0.41872 0.52443 0.55759
0.37397 0.43993 0.43862
0.35925 0.39214 0.61662
0.37243 0.38236 0.61479
0.49632 0.51877 0.39634
0.33790 0.53290 0.58904
0.39972 0.47431 0.49445
0.40156 0.43882 0.51975
0.48462 0.38302 0.58401
0.61297 0.40811 0.59624
0.47935 0.39018 0.49161
0.44250 0.39356 0.52750
0.55493 0.37771 0.59912
0.54146 0.49624 0.36903
0.41349 0.49424 0.47169
0.48081 0.36869 0.40803
0.46662 0.47008 0.44179
0.48812 0.37607 0.49898
0.50899 0.41121 0.48359
0.59728 0.37741 0.55108
0.49491 0.50195 0.58767
0.49344 0.45036 0.58308
0.51909 0.40557 0.50248
0.47033 0.43020 0.53722
0.55647 0.48693 0.51329
0.48892 0.42439 0.55163
0.45268 0.50161 0.57150
0.44807 0.41875 0.49629
0.52246 0.36048 0.46967
0.47903 0.48635 0.45641
0.54207 0.45410 0.54087
0.38773 0.50240 0.53743
0.50786 0.47861 0.50125
0.48857 0.43455 0.58712
0.42276 0.35151 0.61212
0.43788 0.48776 0.43407
0.51795 0.40774 0.63475
0.42506 0.43076 0.52925
0.50336 0.38366 0.49745
0.44903 0.40461 0.48189
0.39041 0.56660 0.46500
0.48834 0.36893 0.54600
0.57132 0.35383 0.55624
0.50368 0.33038 0.53502
0.44223 0.39885 0.59214
0.39889 0.38436 0.50847
0.36701 0.49451 0.50017
0.48080 0.37956 0.54471
0.44304 0.41025 0.54872
0.40281 0.49100 0.48846
0.55702 0.45669 0.43088
0.48634 0.44693 0.60723
0.42931 0.47343 0.54505
0.49236 0.37618 0.44600
0.42417 0.43755 0.56303
0.51857 0.38361 0.46061
0.57036 0.36817 0.58403
0.41043 0.38328 0.61235
0.57415 0.44605 0.57113
0.40894 0.44414 0.55265
0.52699 0.41594 0.55396
0.38842 0.49188 0.51685
0.43615 0.44862 0.59005
0.53917 0.52070 0.49871
0.46688 0.45743 0.52678
0.60695 0.40701 0.50909
0.42354 0.47446 0.45200
0.47928 0.41756 0.56521
0.56505 0.40666 0.56188
0.45661 0.37357 0.45501
0.39911 0.47188 0.42943
0.42632 0.42436 0.57335
0.46347 0.45767 0.46474
0.52352 0.44674 0.48515
0.50759 0.51517 0.40619
0.38249 0.49668 0.51736
0.42897 0.49132 0.51781
0.51447 0.45632 0.45519
0.43406 0.44853 0.52992
0.50039 0.45799 0.50987
0.53656 0.46102 0.55645
0.49403 0.48527 0.58487
0.44446 0.40095 0.57631
0.51181 0.32944 0.49878
0.54725 0.48864 0.49068
0.47012 0.56055 0.54276
0.56490 0.29760 0.50021
0.50341 0.54143 0.58327
0.54856 0.34664 0.54855
0.49197 0.36327 0.58229
0.57223 0.49668 0.57913
0.40915 0.47261 0.52856
0.44747 0.41101 0.42182
0.44038 0.43330 0.45034
0.42061 0.47947 0.48763
0.45553 0.41864 0.49424
0.46872 0.41386 0.44843
0.48282 0.39815 0.44116
0.44726 0.47893 0.49096
0.39948 0.45542 0.52199
0.45654 0.51620 0.45196
0.58066 0.37158 0.59653
0.38710 0.40685 0.50631
0.46772 0.40653 0.56051
0.38268 0.50664 0.58649
0.43899 0.42140 0.52594
0.52272 0.46037 0.53398
0.52041 0.46201 0.59442
0.54882 0.35346 0.54873
0.46181 0.45628 0.40882
0.51818 0.42838 0.43130
0.45783 0.51054 0.47848
0.39179 0.49257 0.46690
0.43506 0.41426 0.38502
0.31586 0.47955 0.50221
0.41726 0.40502 0.52478
0.57344 0.48031 0.51797
0.47765 0.41937 0.54653
0.48925 0.46583 0.42649
0.36372 0.48080 0.52880
0.49883 0.42910 0.48147
0.56239 0.49163 0.56929
0.52602 0.38216 0.56997
0.43534 0.39998 0.52404
0.60310 0.41850 0.58550
0.49356 0.32630 0.54930
0.39363 0.40275 0.68048
0.49699 0.45644 0.50915
0.41151 0.32895 0.44769
0.48993 0.36018 0.57887
0.42148 0.35544 0.57276
0.52245 0.44449 0.54084
0.34795 0.43419 0.46458
0.59830 0.37540 0.56200
0.49396 0.39967 0.62153
0.48294 0.51849 0.53953
0.49239 0.42307 0.53201
0.36551 0.45133 0.42985
0.52359 0.43144 0.50907
0.60071 0.41185 0.47151
0.54380 0.45722 0.50533
0.55988 0.43735 0.50957
0.45698 0.42713 0.58231
0.52089 0.44854 0.62764
0.58288 0.39571 0.49769
0.58035 0.47337 0.56496
0.45445 0.43609 0.45939
0.42895 0.49262 0.53976
0.33628 0.47555 0.57348
0.58602 0.44960 0.40950
0.45611 0.45236 0.49842
0.39595 0.44810 0.44158
0.51189 0.54990 0.56241
0.49364 0.45273 0.43354
0.33300 0.44753 0.52116
0.56114 0.51334 0.44550
0.44572 0.42931 0.50245
0.52000 0.51107 0.48633
0.48648 0.39690 0.50677
0.47729 0.44986 0.51223
0.44453 0.43334 0.55410
0.46438 0.36546 0.47857
0.48237 0.49105 0.53563
0.42951 0.43423 0.43392
0.54760 0.51202 0.55929
0.53288 0.50370 0.59360
0.48772 0.37718 0.58289
0.48924 0.42446 0.49366
0.43705 0.47934 0.58452
0.41912 0.46269 0.56506
0.53434 0.44556 0.48203
0.44424 0.40340 0.54807
0.42631 0.38176 0.50154
0.46661 0.46170 0.59969
0.54571 0.44058 0.54939
0.46055 0.37434 0.49202
0.41045 0.47191 0.47081
0.53000 0.51212 0.49724
0.37674 0.39022 0.49670
0.45062 0.41065 0.55582
0.45651 0.36089 0.56751
0.43668 0.44596 0.52990
0.52602 0.46146 0.47956
0.44110 0.49386 0.48865
0.38231 0.43302 0.66288
0.33613 0.44937 0.49470
0.54469 0.43811 0.62088
0.53533 0.49066 0.57259
0.45158 0.42795 0.52452
0.49732 0.42626 0.48426
0.54727 0.39782 0.59404
0.38289 0.45243 0.53837
0.48481 0.44585 0.49085
0.42080 0.41524 0.49844
0.44196 0.48384 0.59227
0.61297 0.49810 0.60684
0.46827 0.38228 0.44594
0.55133 0.40710 0.52332
0.57438 0.35591 0.49767
0.45118 0.40015 0.49757
0.45774 0.43933 0.53280
0.34264 0.37790 0.49596
0.52056 0.37632 0.51584
0.59128 0.48177 0.52463
0.32764 0.45536 0.56237
0.37404 0.40655 0.50602
0.42006 0.51758 0.51066
0.49203 0.35750 0.48530
0.43345 0.41752 0.43106
0.48676 0.44028 0.52439
0.49350 0.36735 0.49470
0.50702 0.47516 0.63099
0.48777 0.37254 0.57106
0.46955 0.39530 0.66801
0.53293 0.41366 0.42151
0.32920 0.42838 0.49271
